points 
 2 
 1 
Tumour[19065]CD810NNCodensity
-1.4186 -0.8414 0.1456
-1.4134 -0.7697 0.1140
-1.4153 -0.6520 0.1226
-1.4181 -0.5933 0.1165
-1.4124 -0.5622 0.1174
-1.4184 -0.2783 0.3257
-1.4184 0.0334 0.3194
-1.3852 -0.8566 0.1314
-1.4128 -0.6881 0.1218
-1.4107 -0.5325 0.1353
-1.4106 -1.2799 0.3165
-1.4024 -0.8170 0.1192
-1.4088 -0.1122 0.3528
-1.4040 0.8585 0.2367
-1.4099 -1.2999 0.3323
-1.3920 0.7097 0.2253
-1.3729 -1.1916 0.2694
-1.3833 -0.6972 0.1078
-1.3867 -0.5548 0.1129
-1.3898 -0.4776 0.1631
-1.3814 -0.7918 0.1005
-1.3833 -0.7616 0.0990
-1.3818 -0.6140 0.1033
-1.3835 -0.5907 0.1061
-1.3825 -1.2552 0.2781
-1.3796 -0.0669 0.3174
-1.3791 0.5308 0.3883
-1.3767 0.8624 0.2223
-1.3804 -0.3805 0.2353
-1.3751 -1.2155 0.2650
-1.3596 -0.9360 0.1981
-1.3643 0.7303 0.1975
-1.3701 1.0077 0.2835
-1.3613 -0.7429 0.0992
-1.3523 -0.7179 0.1064
-1.3506 0.9752 0.2626
-1.3490 -0.4939 0.1535
-1.3482 0.7645 0.1916
-1.3365 -0.6549 0.1258
-1.3120 -0.6365 0.1552
-1.3208 1.0139 0.2686
-1.3197 -0.8385 0.1289
-1.3169 0.0274 0.2287
-1.3135 1.1358 0.3161
-1.3119 -0.7514 0.1290
-1.3003 -0.8914 0.1566
-1.2977 -0.7841 0.1370
-1.3003 -0.3958 0.2160
-1.2928 0.7125 0.1961
-1.2930 0.6383 0.2375
-1.2850 -0.8513 0.1477
-1.2742 0.1036 0.1795
-1.2763 0.1398 0.1925
-1.2723 0.6909 0.2092
-1.2557 -1.0224 0.2469
-1.2666 -0.4890 0.1895
-1.2691 0.8031 0.2180
-1.2596 -0.2727 0.2764
-1.2519 1.1374 0.2728
-1.2467 0.1248 0.1637
-1.2276 -0.9170 0.2020
-1.2433 -0.5059 0.1993
-1.2465 -1.0501 0.2570
-1.2303 -0.5523 0.2104
-1.2215 0.1238 0.1503
-1.2239 -0.3071 0.2558
-1.2098 -0.7218 0.2180
-1.1936 -0.8879 0.2242
-1.1613 0.0813 0.1453
-1.1662 0.1341 0.1417
-1.1668 -0.7357 0.2626
-1.1564 -1.2687 0.1505
-1.1610 -1.2449 0.1395
-1.1589 -0.2819 0.2483
-1.1492 -1.1417 0.1723
-1.1509 0.5576 0.3625
-1.1385 -0.5267 0.2784
-1.1397 0.0498 0.1681
-1.1384 0.7979 0.2548
-1.1299 -1.2197 0.1060
-1.1320 0.1531 0.1567
-1.1313 1.0807 0.2088
-1.1291 1.1744 0.2278
-1.1135 -1.1577 0.1352
-1.1131 -0.3654 0.2619
-1.1081 -1.2257 0.0955
-1.1053 1.1273 0.1866
-1.0955 0.1069 0.1527
-1.1006 0.7610 0.2541
-1.0848 -1.2396 0.0941
-1.0750 -1.2090 0.0961
-1.0704 -1.2650 0.1102
-1.0645 -1.0684 0.1944
-1.0649 0.0389 0.1927
-1.0554 0.1218 0.1771
-1.0615 0.7491 0.2712
-1.0518 -0.1451 0.2029
-1.0395 -1.2201 0.0950
-1.0508 -0.2233 0.1983
-1.0453 1.1363 0.1704
-1.0254 -1.1804 0.1056
-1.0457 -0.0799 0.2239
-1.0458 1.0899 0.1534
-1.0352 -1.2594 0.1083
-1.0439 0.1430 0.1921
-1.0361 0.8876 0.2602
-1.0241 0.9296 0.2466
-1.0196 -1.1244 0.1304
-1.0196 -0.4174 0.3100
-1.0211 0.6869 0.3264
-1.0187 1.0731 0.1538
-0.9981 -1.2277 0.1086
-1.0065 -0.1773 0.1648
-0.9984 1.1099 0.1577
-0.9987 -1.1299 0.1268
-0.9999 -0.2232 0.1754
-0.9842 -1.1853 0.1062
-0.9719 1.0742 0.1651
-0.9740 -0.9691 0.2190
-0.9697 -1.3176 0.1783
-0.9654 -1.2510 0.1247
-0.9694 -1.1379 0.1244
-0.9650 -0.2473 0.1813
-0.9283 -1.1791 0.1238
-0.9613 -0.5149 0.3980
-0.9547 0.9383 0.2542
-0.9446 -0.9570 0.2245
-0.9369 1.0881 0.1761
-0.9352 -0.0175 0.2439
-0.9301 -1.0414 0.1502
-0.9259 -0.1199 0.1739
-0.9189 -1.2671 0.1448
-0.9126 0.1503 0.2360
-0.9037 -1.0550 0.1425
-0.8961 -0.1996 0.1609
-0.9016 -0.1479 0.1644
-0.8812 -1.1646 0.1253
-0.8913 -1.0945 0.1308
-0.8793 -1.2145 0.1367
-0.8763 1.0823 0.2137
-0.8735 -1.0186 0.1664
-0.8587 -1.1289 0.1306
-0.8733 0.1238 0.2400
-0.8629 -1.3179 0.2182
-0.8554 -0.1445 0.1984
-0.8528 -0.2267 0.1857
-0.8326 0.0714 0.2636
-0.8359 1.1712 0.2885
-0.8311 -1.2213 0.1609
-0.8264 -1.1087 0.1557
-0.8232 -0.2425 0.2025
-0.8207 0.4499 0.3254
-0.8126 1.0603 0.2592
-0.8036 -1.1827 0.1776
-0.8087 0.2310 0.2671
-0.7990 0.5357 0.2824
-0.7983 0.6513 0.2450
-0.7947 0.1417 0.2443
-0.7804 0.2778 0.2779
-0.7768 -0.3287 0.2304
-0.7740 -0.9516 0.2776
-0.7755 0.6376 0.2285
-0.7486 -0.9966 0.2701
-0.7470 0.7692 0.2714
-0.7514 -0.3702 0.2417
-0.7466 -0.3737 0.2418
-0.7441 0.6630 0.2139
-0.7083 -0.3765 0.2495
-0.6952 1.0932 0.2992
-0.6932 0.4057 0.3234
-0.6773 0.6196 0.2173
-0.6475 -0.0034 0.2149
-0.6546 1.0099 0.2845
-0.6502 -0.7589 0.3302
-0.6532 -0.2115 0.3203
-0.6506 0.8839 0.2907
-0.6499 0.0463 0.1896
-0.6412 -0.5422 0.2651
-0.6418 0.2954 0.3083
-0.6332 -0.6797 0.2870
-0.6197 0.0323 0.1790
-0.6253 -0.0438 0.2387
-0.6216 0.1174 0.1987
-0.6179 -0.5273 0.2573
-0.6123 0.6847 0.2358
-0.6139 0.7430 0.2375
-0.6124 0.5920 0.2683
-0.6010 0.1843 0.2426
-0.5994 1.0559 0.2633
-0.5848 -0.4964 0.2610
-0.5763 -0.8214 0.3423
-0.5612 0.7441 0.2736
-0.5607 0.0594 0.1672
-0.5405 -0.5608 0.2654
-0.5369 -1.0612 0.3823
-0.5287 0.9977 0.2404
-0.5116 0.0791 0.1833
-0.5059 0.0811 0.1873
-0.4965 0.8941 0.2485
-0.4881 -0.7461 0.2922
-0.4864 1.1668 0.3245
-0.4689 -0.6414 0.2597
-0.4677 -1.0904 0.4281
-0.4687 0.2981 0.3165
-0.4630 -0.3576 0.2452
-0.4522 0.0430 0.2357
-0.4343 1.0400 0.2368
-0.4333 -1.0895 0.4567
-0.4318 1.1724 0.3300
-0.4287 -0.2973 0.2095
-0.4271 -0.3344 0.2070
-0.4140 0.9778 0.2134
-0.4156 0.2254 0.2413
-0.4009 -0.6804 0.2480
-0.3986 -0.2129 0.2285
-0.3926 0.8962 0.1981
-0.3830 0.0995 0.2131
-0.3829 -1.0276 0.4502
-0.3484 0.8467 0.2078
-0.3452 -0.2776 0.1721
-0.3399 0.9558 0.2143
-0.3380 -0.7054 0.2287
-0.3288 0.2320 0.1810
-0.3276 0.9071 0.1931
-0.3200 -0.2968 0.1724
-0.3263 -0.2756 0.1735
-0.3235 0.6514 0.3193
-0.3246 -0.2796 0.1722
-0.3179 -0.0860 0.2756
-0.3148 0.1399 0.1756
-0.2942 -0.6012 0.1545
-0.2936 -0.4790 0.2120
-0.2881 0.2042 0.1478
-0.2821 -0.4195 0.2188
-0.2862 0.7678 0.2338
-0.2860 0.8743 0.2082
-0.2731 -0.6019 0.1343
-0.2666 0.0283 0.2119
-0.2578 -0.5659 0.1357
-0.2546 0.0669 0.1914
-0.2562 0.4253 0.2381
-0.2473 0.2721 0.1509
-0.2438 0.2008 0.1249
-0.2406 1.1355 0.3462
-0.2280 -0.0799 0.2894
-0.2210 0.2284 0.1212
-0.2287 0.7940 0.2297
-0.2284 -0.6051 0.1102
-0.2289 0.6639 0.2548
-0.2289 1.1076 0.3303
-0.2221 0.1640 0.1406
-0.2135 -0.6429 0.1215
-0.2127 -0.5743 0.1183
-0.2024 0.0281 0.2257
-0.1979 -0.6907 0.1722
-0.1871 0.2639 0.1323
-0.1822 -0.5860 0.1221
-0.1833 0.4032 0.1685
-0.1828 -0.3952 0.1804
-0.1833 0.5964 0.2434
-0.1809 0.1950 0.1366
-0.1758 0.3810 0.1604
-0.1740 0.4950 0.2139
-0.1685 -0.3795 0.1777
-0.1675 -0.6531 0.1443
-0.1592 -0.6052 0.1339
-0.1516 0.3076 0.1527
-0.1492 0.9090 0.2802
-0.1456 -0.2561 0.2491
-0.1478 0.4415 0.1788
-0.1413 -0.4568 0.1786
-0.1405 0.1492 0.1969
-0.1446 0.2418 0.1485
-0.1381 -0.4997 0.1827
-0.1270 -0.4170 0.1750
-0.1223 0.3190 0.1597
-0.1189 0.9826 0.3348
-0.0990 0.7550 0.2171
-0.0628 -0.6496 0.2398
-0.0603 -0.3754 0.1835
-0.0635 -0.3321 0.1866
-0.0524 0.7160 0.1887
-0.0648 0.7681 0.2179
-0.0635 0.5608 0.1962
-0.0480 0.3798 0.1728
-0.0442 0.6055 0.1837
-0.0425 -0.0391 0.3652
-0.0443 0.3883 0.1757
-0.0308 -0.3115 0.2119
-0.0277 -0.9971 0.2978
-0.0241 0.5764 0.1866
-0.0097 0.3473 0.1952
-0.0047 -1.0195 0.2789
-0.0059 -0.3068 0.2324
-0.0049 0.4133 0.1969
-0.0020 -0.1674 0.3179
0.0087 0.6955 0.1713
0.0311 0.7502 0.2094
0.0370 0.5307 0.2003
0.0450 0.6932 0.1876
0.0437 0.2618 0.2253
0.0511 0.5591 0.2010
0.0584 0.1918 0.2463
0.0682 -0.6779 0.2569
0.0723 -0.7339 0.2618
0.0785 -0.4907 0.2419
0.0761 -0.5310 0.2412
0.1077 -0.9990 0.1635
0.0769 1.1467 0.4291
0.1197 0.3598 0.2400
0.1141 0.4914 0.2494
0.1194 -0.9538 0.1343
0.1243 0.7195 0.2564
0.1378 -0.9723 0.1307
0.1286 -0.5573 0.2126
0.1750 -0.9150 0.1114
0.1422 -0.8802 0.1362
0.1425 0.2574 0.1832
0.1551 -0.9483 0.1114
0.1557 -0.8168 0.1474
0.1692 -0.4268 0.1857
0.1734 -0.9762 0.1284
0.1898 -0.4097 0.1810
0.1795 -0.3417 0.1802
0.1809 1.1228 0.3480
0.1856 0.1017 0.1444
0.1911 0.2329 0.1510
0.1920 -0.9473 0.1164
0.2068 0.0311 0.1506
0.1994 -0.8280 0.0993
0.2025 0.2069 0.1331
0.2022 0.8215 0.2260
0.2097 -0.6170 0.2043
0.2073 0.8476 0.2201
0.2154 -0.0588 0.1375
0.2148 0.1451 0.1147
0.2127 -0.2650 0.1584
0.2149 0.0819 0.1284
0.2226 0.2388 0.1380
0.2270 -0.4356 0.1889
0.2220 -0.3535 0.1612
0.2215 -0.2208 0.1436
0.2239 -0.1789 0.1403
0.2233 -0.1044 0.1325
0.2232 0.5313 0.3094
0.2327 -0.7923 0.0889
0.2307 -0.0279 0.1299
0.2302 1.0536 0.2756
0.2311 -0.6045 0.1930
0.2575 -0.8291 0.0707
0.2356 -0.8790 0.1060
0.2341 0.1685 0.1138
0.2389 1.1175 0.3101
0.2504 -0.8574 0.0851
0.2500 -0.6397 0.1899
0.2473 -0.8041 0.0740
0.2499 -0.8088 0.0712
0.2551 -0.2459 0.1308
0.2596 0.8878 0.1811
0.2630 -0.0611 0.1116
0.2631 0.1246 0.0977
0.2556 -0.8075 0.0716
0.2659 -0.9009 0.1316
0.2699 0.0973 0.1048
0.2742 -0.8064 0.0827
0.2731 -0.0315 0.1140
0.2851 -0.4051 0.1940
0.2801 -0.1252 0.1225
0.2886 0.1372 0.0958
0.2942 -0.1567 0.1239
0.2866 -0.0793 0.1132
0.2931 0.2457 0.1353
0.2960 0.0962 0.1047
0.2997 0.8384 0.1521
0.2974 -0.2397 0.1188
0.3007 0.9936 0.2270
0.3049 -0.7357 0.1489
0.2997 0.3017 0.1709
0.3303 -0.2753 0.1240
0.3095 -0.1840 0.1165
0.3152 -0.5318 0.1676
0.3149 0.8618 0.1464
0.3151 -0.5841 0.1508
0.3204 0.1514 0.1073
0.3207 0.2426 0.1360
0.3211 0.0156 0.1377
0.3233 -0.8423 0.1115
0.3343 0.2950 0.1655
0.3331 -0.2135 0.1074
0.3356 0.1700 0.1220
0.3482 -0.0062 0.1476
0.3494 0.6014 0.2624
0.3432 0.8127 0.1569
0.3497 -0.0320 0.1443
0.3450 -0.8574 0.1266
0.3443 0.0934 0.1175
0.3549 0.1192 0.1213
0.3577 -0.5322 0.1475
0.3671 -0.7953 0.1218
0.3620 -0.3246 0.1499
0.3687 0.7607 0.2009
0.3686 -0.0928 0.1515
0.3716 0.6358 0.2579
0.3705 -0.6782 0.1631
0.3773 -0.2315 0.1079
0.3763 0.9034 0.1330
0.3763 -0.8346 0.1262
0.3773 -0.7656 0.1319
0.3812 -0.2837 0.1238
0.3829 -0.1955 0.1167
0.3849 -0.1390 0.1381
0.3886 -0.5775 0.1140
0.3944 0.3976 0.2373
0.3936 0.4483 0.2439
0.3952 -0.2467 0.1183
0.4067 -0.8389 0.1349
0.4008 -0.7066 0.1582
0.3982 0.2911 0.1828
0.4032 0.8846 0.1173
0.4072 -0.5459 0.1118
0.4055 0.9362 0.1504
0.4138 -0.5671 0.1054
0.4106 0.2214 0.1634
0.4195 0.1007 0.1557
0.4256 0.8414 0.1245
0.4278 0.8811 0.1092
0.4357 -0.3596 0.1666
0.4314 -0.1823 0.1488
0.4350 -0.5792 0.1062
0.4550 0.8953 0.1114
0.4430 -0.6124 0.1225
0.4464 1.1389 0.2765
0.4527 -0.8303 0.1571
0.4544 -0.3827 0.1875
0.4528 0.5775 0.2061
0.4685 -0.7764 0.1540
0.4547 -0.3142 0.1571
0.4582 0.1593 0.1548
0.4664 -0.1454 0.1823
0.4683 -0.6837 0.1646
0.4725 -0.5385 0.1156
0.4672 1.1190 0.2461
0.4731 0.5502 0.1971
0.4873 -0.5689 0.1081
0.4822 -0.7914 0.1652
0.4834 0.0826 0.1828
0.4913 -0.4265 0.1874
0.4882 0.2237 0.2066
0.4890 0.8360 0.1251
0.5010 0.4543 0.2234
0.5040 0.1556 0.1877
0.5004 0.8483 0.1184
0.5030 0.9183 0.1395
0.5080 1.0001 0.1952
0.5071 -0.5491 0.1130
0.5133 -0.0236 0.2293
0.5093 0.0987 0.1910
0.5178 -0.2936 0.2111
0.5204 0.8567 0.1236
0.5364 -0.5723 0.1152
0.5466 0.5845 0.1840
0.5533 -0.6710 0.1591
0.5706 -0.4918 0.1270
0.5546 -0.5575 0.1137
0.5648 0.7023 0.1975
0.5654 -0.1721 0.2131
0.5684 1.1060 0.1734
0.5762 0.5170 0.1817
0.5861 0.5659 0.1726
0.5734 0.7887 0.1419
0.5736 -0.6999 0.1825
0.5791 1.0092 0.1547
0.5786 0.8758 0.1449
0.5849 -0.5642 0.1289
0.5899 0.7562 0.1513
0.5953 -0.4658 0.1407
0.5918 -0.1085 0.1776
0.6007 0.8360 0.1366
0.5953 1.1210 0.1801
0.5957 -0.6072 0.1484
0.6025 -0.6959 0.1960
0.6058 -0.4946 0.1318
0.6063 -0.1262 0.1785
0.6103 0.9965 0.1510
0.6361 -0.0019 0.1580
0.6159 0.7197 0.1649
0.6203 1.1007 0.1671
0.6327 0.4401 0.2387
0.6357 -0.4600 0.1376
0.6552 0.5437 0.1723
0.6474 -0.4403 0.1485
0.6459 1.0379 0.1543
0.6564 0.8846 0.1508
0.6674 0.9613 0.1620
0.6662 1.0047 0.1623
0.6721 -0.0006 0.1312
0.6726 0.1659 0.2884
0.6750 0.8370 0.1481
0.6818 -0.1542 0.1634
0.6770 0.7357 0.1456
0.6825 0.8960 0.1617
0.6798 -0.2961 0.2134
0.6884 0.8024 0.1454
0.6810 0.5934 0.1718
0.6842 -0.0344 0.1157
0.6964 0.5626 0.1667
0.7032 -0.0263 0.1037
0.7045 1.1664 0.2086
0.7179 -0.0434 0.1073
0.7114 -0.1074 0.1353
0.7157 -0.4314 0.1594
0.7228 -0.0008 0.1103
0.7242 -0.6298 0.2384
0.7217 -0.4419 0.1606
0.7428 0.0047 0.1182
0.7329 0.6946 0.1432
0.7360 -0.8029 0.2950
0.7341 -0.4680 0.1702
0.7413 0.7337 0.1219
0.7399 -0.1415 0.1435
0.7546 -0.5108 0.1879
0.7527 -0.2793 0.1476
0.7597 -0.1184 0.1309
0.7549 1.1045 0.1654
0.7568 0.6911 0.1356
0.7797 -0.2131 0.1321
0.7672 0.0431 0.1623
0.7662 0.7640 0.1154
0.7755 1.1669 0.2058
0.7789 0.5282 0.1526
0.7877 0.8134 0.1522
0.7825 0.4812 0.1587
0.7869 -0.2441 0.1267
0.7911 -0.3473 0.1717
0.7851 0.5733 0.1608
0.7955 -0.2873 0.1345
0.7965 0.7855 0.1300
0.7964 0.6063 0.1572
0.8037 0.4290 0.1444
0.8018 1.0706 0.1523
0.8030 -0.0430 0.1347
0.8122 -0.2629 0.1251
0.8094 0.2926 0.1432
0.8155 0.7531 0.1169
0.8218 -0.1309 0.1042
0.8191 -0.5899 0.1834
0.8245 1.0415 0.1460
0.8328 0.1969 0.1384
0.8280 0.7171 0.1206
0.8275 1.0653 0.1461
0.8285 1.1609 0.2044
0.8349 0.4612 0.1292
0.8308 0.3768 0.1250
0.8385 0.3166 0.1249
0.8551 -0.5810 0.1681
0.8396 0.0121 0.1603
0.8721 0.3992 0.1068
0.8470 -0.1032 0.0885
0.8494 -0.0741 0.1014
0.8532 1.0286 0.1420
0.8515 -0.2401 0.1336
0.8573 -0.1284 0.0928
0.8590 0.2502 0.1074
0.8560 0.3474 0.1189
0.8589 0.6848 0.1325
0.8536 0.9861 0.1368
0.8537 -0.6845 0.1798
0.8551 0.2249 0.1114
0.8615 -0.1689 0.1184
0.8667 0.7394 0.1268
0.8668 -0.7885 0.2114
0.8692 -0.2983 0.1542
0.8709 0.4761 0.1292
0.8675 0.9190 0.1533
0.8714 -0.1468 0.1022
0.8728 0.8945 0.1585
0.8736 -0.1052 0.0901
0.8741 0.5939 0.1732
0.8874 -0.0719 0.1057
0.8800 -0.8074 0.2295
0.8918 0.1954 0.1065
0.8847 0.6651 0.1364
0.8885 0.2235 0.1076
0.8917 0.2534 0.1163
0.8914 0.3461 0.1201
0.8951 -0.7961 0.2194
0.9137 0.4734 0.1167
0.8911 0.8998 0.1571
0.8956 -0.5875 0.1553
0.9034 0.1720 0.1104
0.9054 0.0016 0.1415
0.9094 -0.7672 0.2029
0.9096 0.9428 0.1492
0.9181 0.4321 0.0959
0.9217 -0.6441 0.1554
0.9204 -0.0735 0.1145
0.9245 0.3928 0.0992
0.9272 0.7490 0.1383
0.9442 -0.5818 0.1486
0.9301 1.0012 0.1658
0.9295 0.1351 0.1157
0.9347 0.6840 0.1352
0.9397 0.4258 0.0945
0.9458 0.0661 0.1082
0.9463 0.8284 0.1713
0.9509 -0.6500 0.1694
0.9466 -0.3432 0.1815
0.9514 0.1582 0.1147
0.9487 0.3876 0.1085
0.9479 0.7689 0.1544
0.9566 -0.5397 0.1591
0.9485 -0.2653 0.1641
0.9572 -0.1502 0.1458
0.9500 0.0964 0.1030
0.9660 -0.0483 0.1012
0.9573 -0.2238 0.1562
0.9623 0.4982 0.1294
0.9707 0.6495 0.1484
0.9642 1.0505 0.2078
0.9744 -0.3793 0.1751
0.9702 0.4488 0.1026
0.9728 0.0419 0.1012
0.9819 0.0554 0.0952
0.9780 0.3883 0.1156
0.9793 0.1462 0.1110
0.9903 -0.0754 0.0940
0.9899 0.6880 0.1574
0.9911 1.1708 0.2937
0.9983 0.5814 0.1419
1.0120 -0.4776 0.1696
0.9990 0.0871 0.0945
1.0021 0.5342 0.1295
1.0020 1.1407 0.2809
1.0102 -0.6002 0.1888
1.0039 -0.1511 0.1457
0.9985 -0.0458 0.0805
0.9994 -0.0512 0.0806
1.0058 -0.0433 0.0790
1.0134 0.5970 0.1447
1.0285 0.0365 0.0944
1.0192 0.0655 0.0927
1.0229 0.4569 0.1099
1.0234 0.7902 0.2145
1.0326 -0.0354 0.0831
1.0264 -0.2475 0.1308
1.0367 -0.4687 0.1727
1.0325 0.8918 0.2433
1.0336 -0.5026 0.1825
1.0340 0.1560 0.1248
1.0398 0.1863 0.1549
1.0358 0.4300 0.1150
1.0408 0.0080 0.0972
1.0478 0.3566 0.1559
1.0557 -0.3651 0.1541
1.0568 -0.2182 0.1358
1.0620 0.4508 0.1244
1.0624 0.0522 0.1168
1.0566 0.1640 0.1459
1.0577 -0.1154 0.1401
1.0668 0.3158 0.2068
1.0546 -0.3891 0.1601
1.0645 -0.0289 0.1066
1.0624 0.5271 0.1345
1.0596 -0.0645 0.1088
1.0702 0.0964 0.1295
1.0709 -0.2873 0.1395
1.0712 -0.2512 0.1384
1.0707 -0.2347 0.1392
1.0709 0.4112 0.1394
1.0706 0.5021 0.1357
1.0706 0.5992 0.1791
1.0726 -0.3352 0.1522
