points 
 2 
 1 
Tumour[19065]CD6810NNCodensity
-1.1422 -0.9917 0.3865
-1.1429 -0.7950 0.4489
-1.1410 -0.4493 0.3646
-1.1394 0.2570 0.1493
-1.1402 0.3256 0.1436
-1.1420 0.4324 0.2236
-1.1412 0.7170 0.2633
-1.1383 1.0671 0.2650
-1.1321 0.2815 0.1328
-1.1306 1.0367 0.2599
-1.1169 0.7448 0.2456
-1.1236 0.3568 0.1458
-1.1037 -0.5605 0.3045
-1.1029 1.0326 0.2365
-1.1011 0.2098 0.1486
-1.0962 1.0704 0.2211
-1.0824 0.3761 0.1485
-1.0926 -1.1518 0.3427
-1.0646 1.0938 0.2081
-1.0657 0.6933 0.1870
-1.0734 0.2023 0.1438
-1.0573 -0.5731 0.2653
-1.0649 -1.2111 0.3734
-1.0625 0.3048 0.1191
-1.0604 0.2637 0.1241
-1.0617 0.5558 0.2394
-1.0461 0.3266 0.1242
-1.0486 0.5837 0.2236
-1.0483 -0.0692 0.3458
-1.0424 0.1612 0.1675
-1.0157 -0.6025 0.2657
-1.0112 0.3002 0.1323
-1.0203 -1.1114 0.2620
-1.0064 0.1827 0.1397
-1.0183 0.4865 0.2285
-1.0087 0.6713 0.1761
-1.0131 0.7857 0.2200
-1.0021 -0.5511 0.2416
-0.9990 1.2280 0.3114
-0.9958 -0.5726 0.2458
-0.9858 0.3586 0.1598
-0.9908 -1.1508 0.2750
-0.9842 -0.2215 0.2940
-0.9678 0.7381 0.1768
-0.9652 0.2525 0.1368
-0.9661 -1.0225 0.2442
-0.9651 -0.5481 0.2512
-0.9675 -0.2143 0.2770
-0.9237 1.0352 0.2000
-0.9648 1.0833 0.2071
-0.9598 0.1348 0.1649
-0.9468 0.2148 0.1334
-0.9501 0.3290 0.1596
-0.9400 0.7696 0.2046
-0.9341 1.0736 0.2069
-0.9207 0.4213 0.2086
-0.9210 0.6312 0.1834
-0.9285 -1.0367 0.2303
-0.9292 0.0711 0.2092
-0.9248 0.7087 0.1709
-0.9240 0.2288 0.1452
-0.9046 0.1975 0.1578
-0.8927 1.2312 0.3218
-0.8985 -0.0779 0.2267
-0.8714 0.6389 0.1678
-0.8717 0.1794 0.1835
-0.8586 -1.0226 0.2075
-0.8516 -0.3944 0.2382
-0.8621 0.9323 0.1853
-0.8587 -0.3625 0.2158
-0.8544 1.0391 0.1596
-0.8495 0.6701 0.1658
-0.8497 0.3944 0.1916
-0.8417 -0.9958 0.1949
-0.8366 -0.0252 0.1860
-0.8381 0.0450 0.1915
-0.8298 0.4804 0.2112
-0.8301 0.3418 0.1961
-0.8127 1.0242 0.1453
-0.8253 -0.3018 0.1719
-0.8176 0.6153 0.1481
-0.8204 -0.8492 0.2287
-0.8056 -0.0278 0.1793
-0.8073 0.9121 0.1595
-0.8016 -0.2398 0.1533
-0.8014 0.0734 0.2106
-0.7952 -0.2724 0.1478
-0.7935 -1.0033 0.1790
-0.7903 -0.1045 0.1739
-0.7868 -0.9143 0.1803
-0.7778 0.9599 0.1314
-0.7815 0.6217 0.1393
-0.7739 -0.1454 0.1646
-0.7718 1.0289 0.1494
-0.7704 0.9969 0.1366
-0.7570 0.6385 0.1524
-0.7576 1.0879 0.1883
-0.7630 -0.2634 0.1408
-0.7514 -0.4578 0.2981
-0.7573 0.3918 0.1513
-0.7620 0.8882 0.1604
-0.7473 -0.2903 0.1573
-0.7401 -0.8385 0.1671
-0.7451 -0.1271 0.1593
-0.7470 0.3666 0.1516
-0.7458 0.5788 0.1376
-0.7467 -1.0175 0.1698
-0.7416 0.9283 0.1399
-0.7346 0.0748 0.2305
-0.7278 0.6072 0.1453
-0.7215 -0.2787 0.1687
-0.7159 -0.7855 0.1730
-0.7115 0.5725 0.1443
-0.7106 0.4584 0.1581
-0.7009 0.8926 0.1436
-0.7023 -0.8894 0.1486
-0.6982 -0.1522 0.1633
-0.7031 0.3118 0.1479
-0.7026 0.3735 0.1447
-0.6919 0.2231 0.1611
-0.6921 -0.1998 0.1660
-0.6908 -1.0834 0.2163
-0.6784 -0.7708 0.1726
-0.6889 0.4907 0.1524
-0.6840 0.5747 0.1589
-0.6860 1.1358 0.2385
-0.6673 1.0732 0.1885
-0.6701 -0.9882 0.1483
-0.6675 -0.8833 0.1509
-0.6695 0.3370 0.1530
-0.6617 -1.0231 0.1641
-0.6624 -0.7142 0.1925
-0.6548 0.8983 0.1252
-0.6568 -0.0833 0.1967
-0.6583 -1.2072 0.3661
-0.6606 0.2715 0.1452
-0.6531 -0.9614 0.1464
-0.6513 -0.8343 0.1582
-0.6557 0.2362 0.1512
-0.6466 0.1981 0.1722
-0.6372 0.4297 0.1483
-0.6359 0.8693 0.1354
-0.6285 0.9198 0.1229
-0.6341 -0.1062 0.2064
-0.6306 0.2132 0.1724
-0.6284 0.1559 0.2096
-0.6237 -0.9291 0.1476
-0.6237 0.4687 0.1589
-0.6181 -0.5607 0.2447
-0.6144 1.0566 0.1978
-0.6082 -0.6587 0.1932
-0.6078 1.0056 0.1688
-0.6074 -0.0156 0.2547
-0.6027 -0.7470 0.1957
-0.5921 0.9213 0.1279
-0.5961 0.8843 0.1294
-0.5943 -0.6229 0.2029
-0.5878 0.4747 0.1934
-0.5880 0.4424 0.1906
-0.5669 0.8850 0.1420
-0.5598 -0.9916 0.1748
-0.5513 0.8960 0.1503
-0.5534 1.0470 0.2247
-0.5486 -1.0133 0.1969
-0.5371 -0.6289 0.2058
-0.5358 -0.5691 0.2260
-0.5298 -0.9563 0.1872
-0.5210 -0.8765 0.2092
-0.5015 -0.8648 0.2345
-0.4959 -0.0842 0.2371
-0.4627 0.8744 0.2422
-0.4637 -0.0490 0.2230
-0.4578 -0.4813 0.2920
-0.4266 -0.6247 0.2402
-0.4260 -1.2283 0.4260
-0.4038 -0.1552 0.2096
-0.3743 0.6855 0.2730
-0.3823 0.8753 0.2420
-0.3797 -0.1784 0.2110
-0.3697 -0.6004 0.2648
-0.3616 -0.0378 0.1650
-0.3590 -0.2831 0.2275
-0.3596 -0.3595 0.2639
-0.3538 1.1132 0.3642
-0.3562 -0.1081 0.1849
-0.3515 0.0470 0.1504
-0.3410 -0.6861 0.3040
-0.3260 0.0265 0.1293
-0.3216 0.0610 0.1339
-0.3253 0.7072 0.2164
-0.3113 -0.0118 0.1431
-0.3142 -0.3598 0.2519
-0.3130 0.0903 0.1531
-0.2906 0.8828 0.1648
-0.2982 -0.1293 0.2072
-0.2835 0.7172 0.1905
-0.2994 -0.6483 0.3025
-0.2877 -1.1635 0.3162
-0.2819 1.0558 0.2634
-0.2822 0.0546 0.1219
-0.2710 0.8419 0.1610
-0.2714 -0.3321 0.2308
-0.2585 0.6938 0.2104
-0.2562 -0.2614 0.2126
-0.2436 0.8652 0.1423
-0.2423 0.9162 0.1344
-0.2402 -1.1712 0.2639
-0.2337 0.0646 0.1381
-0.2261 0.7128 0.2057
-0.2204 0.9242 0.1300
-0.2265 -1.1453 0.2552
-0.2055 0.8775 0.1366
-0.2177 -0.5976 0.3150
-0.2095 0.0672 0.1538
-0.2106 0.0278 0.1458
-0.1987 0.9370 0.1386
-0.1910 0.9941 0.1787
-0.1805 0.4938 0.3708
-0.1825 0.7388 0.2221
-0.1779 -0.1350 0.2253
-0.1698 -0.2978 0.2345
-0.1577 0.0219 0.1696
-0.1376 -0.0890 0.2061
-0.1372 0.8923 0.1667
-0.1347 -0.2167 0.2620
-0.1247 0.0036 0.1769
-0.1186 -0.0389 0.1899
-0.1086 1.0790 0.2415
-0.0912 -1.2248 0.1771
-0.1022 -0.7661 0.2398
-0.0989 -0.4093 0.2485
-0.0919 -1.1806 0.1498
-0.0898 0.9356 0.1683
-0.0719 -1.1220 0.1557
-0.0807 -0.3953 0.2410
-0.0768 -0.6911 0.2398
-0.0677 -1.1649 0.1282
-0.0650 0.2492 0.3961
-0.0654 1.0218 0.1893
-0.0580 -1.0582 0.2275
-0.0610 -0.8395 0.2169
-0.0589 -0.4229 0.2558
-0.0479 -0.8203 0.1940
-0.0474 0.9146 0.1961
-0.0350 0.5679 0.2281
-0.0208 -0.3915 0.2476
-0.0363 0.9788 0.1865
-0.0260 -0.6655 0.2358
-0.0291 -1.1655 0.1121
-0.0274 1.0339 0.2224
-0.0237 -0.0228 0.2266
-0.0259 0.4797 0.2931
-0.0096 -1.1891 0.1112
-0.0087 0.0966 0.2633
0.0099 -1.2080 0.1233
0.0198 0.5918 0.2005
0.0180 -1.1639 0.1175
0.0155 0.7570 0.2500
0.0329 -0.7104 0.1778
0.0338 0.0882 0.2701
0.0382 -0.8536 0.1578
0.0382 0.7321 0.2318
0.0393 -1.2055 0.1246
0.0423 0.5483 0.2186
0.0433 0.6387 0.1949
0.0453 0.9116 0.2403
0.0510 -0.4928 0.2722
0.0583 -0.7481 0.1418
0.0669 -1.1788 0.1184
0.0645 -0.8363 0.1328
0.0850 -0.2875 0.2854
0.0887 -0.0697 0.2196
0.0871 0.5826 0.2082
0.0978 0.6319 0.2054
0.1011 -1.1523 0.1408
0.0990 -0.8417 0.1150
0.1077 -0.8081 0.1007
0.1171 -0.7692 0.1088
0.1132 -0.7197 0.1484
0.1068 -0.2696 0.2747
0.1155 -1.1690 0.1480
0.1282 -0.8300 0.1021
0.1346 -1.1839 0.1689
0.1315 0.0125 0.2231
0.1442 -0.0388 0.1845
0.1471 -0.7455 0.1264
0.1422 -1.1358 0.1891
0.1462 0.8637 0.2292
0.1591 -0.7900 0.1023
0.1637 -0.8504 0.1145
0.1635 0.7824 0.2094
0.1718 -0.1627 0.1636
0.1967 -0.8308 0.1091
0.1819 -0.5173 0.2212
0.1914 -0.4819 0.2216
0.2078 -0.1353 0.1309
0.2011 -0.1097 0.1249
0.2074 -0.8633 0.1299
0.2092 -0.4180 0.2426
0.2208 -0.8007 0.1113
0.2207 0.8091 0.1798
0.2319 -0.0886 0.1267
0.2330 -0.7824 0.1184
0.2347 -0.7019 0.1624
0.2321 -0.1637 0.1494
0.2372 0.8441 0.1798
0.2582 -0.8816 0.1795
0.2456 -0.4616 0.2180
0.2534 0.0455 0.2477
0.2537 -0.1344 0.1277
0.2552 0.5820 0.1951
0.2563 0.8370 0.1703
0.2632 -0.0971 0.1266
0.2755 -0.7594 0.1471
0.2818 -0.0692 0.1452
0.2782 -0.7945 0.1448
0.2917 0.3417 0.2053
0.2943 0.3690 0.2064
0.2970 0.7361 0.1904
0.2986 -0.5309 0.1864
0.3063 -1.2135 0.2534
0.3178 0.2361 0.2332
0.3012 0.8104 0.1691
0.3055 -0.6487 0.1939
0.3091 0.5913 0.1372
0.3088 -0.6966 0.1860
0.3093 -0.5475 0.1884
0.3130 0.2828 0.2084
0.3173 0.1734 0.2800
0.3168 -1.1401 0.2237
0.3162 -0.6116 0.1996
0.3237 0.5713 0.1298
0.3262 0.8869 0.2225
0.3269 0.4752 0.1833
0.3392 -1.2096 0.2607
0.3355 0.6865 0.1660
0.3409 0.5794 0.1225
0.3570 -0.0687 0.1955
0.3584 0.3350 0.1931
0.3554 -1.1032 0.2165
0.3567 0.4878 0.1783
0.3842 1.2529 0.5794
0.3626 -0.4778 0.2371
0.3654 0.6007 0.1262
0.3667 -0.1515 0.2191
0.3760 0.7968 0.1827
0.3805 0.2685 0.2202
0.3849 0.5933 0.1373
0.3857 -0.0824 0.2262
0.3925 -1.0962 0.2109
0.4067 0.6347 0.1447
0.4165 0.6805 0.1618
0.4152 -1.0195 0.2339
0.4204 0.4204 0.2431
0.4315 -1.1161 0.2183
0.4467 -0.9033 0.2966
0.4467 0.8112 0.1864
0.4785 0.8226 0.1864
0.4842 -0.5025 0.2004
0.4845 0.6921 0.1699
0.4886 0.7397 0.1752
0.4954 -0.6986 0.2568
0.4983 -1.0108 0.2527
0.5172 -0.2847 0.2787
0.5176 0.6328 0.1698
0.5174 1.1575 0.3639
0.5351 0.2333 0.3586
0.5220 0.5783 0.2077
0.5328 0.9009 0.2069
0.5320 1.0276 0.2937
0.5298 -0.4783 0.1734
0.5396 -1.0439 0.2483
0.5436 -0.5559 0.1666
0.5447 -0.4094 0.2049
0.5540 -0.8085 0.3168
0.5527 0.8369 0.1858
0.5622 -0.1925 0.2994
0.5615 -0.7230 0.2607
0.5656 -0.5928 0.1722
0.5666 -0.5037 0.1554
0.5683 0.6582 0.1905
0.5792 -0.5506 0.1554
0.5971 -0.3295 0.2142
0.5937 0.8370 0.1871
0.6136 -0.6811 0.2314
0.6153 0.6736 0.2165
0.6231 0.6215 0.2368
0.6317 -1.2142 0.2951
0.6379 0.9580 0.1850
0.6363 0.8228 0.1932
0.6441 -0.4468 0.2002
0.6471 -1.1225 0.2299
0.6569 -0.5326 0.1954
0.6609 -0.2947 0.2271
0.6730 -1.1918 0.2745
0.6844 -0.2827 0.2451
0.6741 0.1510 0.4752
0.6895 -1.0996 0.2256
0.6811 0.9650 0.1712
0.6899 -1.1512 0.2450
0.6844 0.4198 0.3479
0.6888 0.8575 0.1705
0.6946 0.0651 0.4859
0.6943 1.1766 0.2772
0.7062 -0.5462 0.2364
0.7075 0.9876 0.1593
0.7252 -0.3499 0.2512
0.7210 -1.0139 0.2426
0.7196 0.4882 0.3054
0.7291 -0.1943 0.3352
0.7366 0.9445 0.1575
0.7309 1.1566 0.2419
0.7433 1.0150 0.1517
0.7422 1.0979 0.1906
0.7513 0.8539 0.1703
0.7609 0.8126 0.1836
0.7803 0.5459 0.3041
0.7818 1.0593 0.1657
0.7840 -0.7409 0.2703
0.7890 0.7559 0.2345
0.8013 0.7996 0.1948
0.8140 -0.9540 0.1598
0.8177 0.9711 0.1498
0.8196 -0.8835 0.1491
0.8456 -0.9487 0.1351
0.8404 -1.0424 0.2276
0.8586 0.9876 0.1535
0.8486 1.0229 0.1627
0.8573 -0.5213 0.2004
0.8592 -0.4703 0.1945
0.8752 -0.9081 0.1041
0.8695 -0.4387 0.2058
0.8772 -0.8438 0.1161
0.8721 -0.8153 0.1371
0.8745 -0.7238 0.2349
0.8712 0.4516 0.3322
0.8734 0.8575 0.1759
0.8793 0.9067 0.1610
0.8887 1.2135 0.2970
0.8798 -0.5047 0.1862
0.8779 0.4297 0.3404
0.9036 -0.9452 0.1205
0.9065 -0.8586 0.0986
0.8918 0.9400 0.1545
0.9369 -0.8220 0.1355
0.9020 1.1063 0.2236
0.9080 -0.9050 0.0977
0.9062 -0.5471 0.1912
0.9337 -0.9353 0.1135
0.9316 -0.3202 0.2963
0.9335 0.1997 0.4565
0.9345 0.9421 0.1649
0.9455 -0.8769 0.0991
0.9559 -0.8593 0.1126
0.9537 -0.4047 0.2273
0.9615 0.8311 0.2493
0.9709 -0.5357 0.1850
0.9722 0.6359 0.3341
0.9755 1.1245 0.2479
0.9861 -0.9275 0.1423
0.9988 -0.6003 0.2098
1.0060 -0.9147 0.1552
1.0077 0.9629 0.2243
1.0068 0.9996 0.2220
1.0387 0.2848 0.3999
1.0444 0.6321 0.3840
1.0576 0.1162 0.4476
1.0590 -0.5660 0.1828
1.0593 1.2601 0.3399
1.0712 0.5789 0.4092
1.0704 -0.2582 0.3973
1.0858 -0.5712 0.1798
1.0886 -0.4011 0.2570
1.0989 1.2111 0.2951
1.1051 -0.7336 0.1735
1.1154 -0.6886 0.1688
1.1172 -0.5126 0.1942
1.1259 -0.9233 0.2240
1.1267 1.0961 0.2686
1.1317 -0.5515 0.1864
1.1341 -0.4672 0.2339
1.1350 -0.7709 0.1583
1.1378 -0.7935 0.1651
1.1428 -0.7257 0.1565
1.1546 -0.7593 0.1552
1.1735 -0.9283 0.2343
1.1766 1.1622 0.2573
1.2003 -1.1904 0.5083
1.2047 -1.0232 0.3083
1.2106 -0.8268 0.2069
1.2185 -0.6588 0.1909
1.2263 -1.0341 0.3318
1.2473 1.0330 0.3057
1.2466 -0.0672 0.5271
1.2500 -0.6113 0.2326
1.2864 1.0941 0.2878
1.2889 0.2741 0.2925
1.2953 0.2470 0.2911
1.2991 0.3601 0.3321
1.3031 -0.7158 0.2454
1.3059 -0.6706 0.2590
1.3145 0.0484 0.4324
1.3118 0.2984 0.3072
1.3249 0.2121 0.3171
1.3261 0.3350 0.3273
1.3284 1.2251 0.3270
1.3306 1.2504 0.3511
1.3328 1.1886 0.3152
1.3479 0.6570 0.5715
1.3485 0.9439 0.4421
