points 
 2 
 1 
Tumour[19065]CD810NNCodensity
-1.3556 0.4278 0.5398
-1.2972 0.4122 0.4702
-1.1059 0.2331 0.5076
-1.0531 0.7039 0.1575
-1.0650 0.7631 0.2225
-1.0629 0.5515 0.1351
-1.0581 -0.2902 0.4851
-1.0416 0.5205 0.1440
-1.0436 0.6408 0.1227
-1.0298 0.5928 0.1056
-1.0341 0.6198 0.1114
-1.0265 0.5572 0.1080
-1.0133 0.6750 0.1208
-0.9989 0.4872 0.1843
-0.9962 0.5771 0.1102
-0.9886 0.5408 0.1277
-0.9689 -0.2716 0.3771
-0.9706 0.6921 0.1204
-0.9449 0.6398 0.1231
-0.9531 0.7403 0.1413
-0.9395 0.6761 0.1127
-0.9212 -0.8274 0.5227
-0.9109 -0.2722 0.3333
-0.9112 0.6346 0.1356
-0.9058 0.0698 0.4517
-0.8968 0.7346 0.1096
-0.8892 -0.8726 0.5403
-0.8940 -0.8109 0.4875
-0.8785 -0.7498 0.4558
-0.8776 0.6384 0.1508
-0.8708 -0.3307 0.3211
-0.8772 0.7092 0.1068
-0.8757 0.0517 0.4314
-0.8663 0.7281 0.1103
-0.8643 0.7746 0.1467
-0.8395 0.7354 0.1347
-0.8334 0.7693 0.1635
-0.8278 -0.0849 0.3420
-0.8119 -0.1147 0.3333
-0.7419 -0.5137 0.3444
-0.7360 -0.2926 0.2880
-0.7002 0.0769 0.4367
-0.6990 0.4874 0.3367
-0.6933 -0.5386 0.3369
-0.6775 -0.3091 0.2759
-0.6761 0.3840 0.3663
-0.6465 0.5819 0.3003
-0.6268 -0.8734 0.5212
-0.6303 -0.3743 0.2320
-0.6162 -0.5489 0.3010
-0.5915 0.6591 0.3060
-0.5827 0.2318 0.3474
-0.5833 -0.3047 0.2259
-0.5726 0.4351 0.2654
-0.5568 -0.3523 0.1985
-0.4907 -0.4389 0.2003
-0.5030 0.5232 0.1858
-0.4849 -0.2970 0.1910
-0.4558 -0.4685 0.2171
-0.4538 0.1942 0.2284
-0.4604 0.4810 0.1839
-0.4625 -0.3967 0.1547
-0.4590 -0.6733 0.3837
-0.4329 -0.3305 0.1462
-0.4452 0.5806 0.1452
-0.4321 0.5989 0.1479
-0.4330 0.4885 0.1722
-0.4300 0.5453 0.1373
-0.4251 -0.6298 0.3505
-0.4285 0.6586 0.2043
-0.4029 0.1977 0.1822
-0.4021 0.2436 0.1683
-0.3917 -0.3487 0.1383
-0.3706 0.2717 0.1482
-0.3773 -0.3170 0.1675
-0.3736 -0.3722 0.1478
-0.3618 0.5391 0.1524
-0.3565 0.5614 0.1435
-0.3248 0.3205 0.1288
-0.3553 -0.3841 0.1646
-0.3495 -0.3463 0.1670
-0.3372 0.1729 0.1752
-0.3227 0.6311 0.1486
-0.3180 0.2744 0.1247
-0.3210 0.3760 0.1520
-0.3071 0.5954 0.1438
-0.2993 0.7377 0.2123
-0.2972 0.1465 0.2053
-0.2848 0.2901 0.1126
-0.2830 -0.6881 0.3688
-0.2745 0.3912 0.1265
-0.2685 0.6296 0.1265
-0.2716 0.2288 0.1479
-0.2629 0.0447 0.3176
-0.2613 0.3155 0.1052
-0.2533 0.6057 0.1290
-0.2463 0.3765 0.1125
-0.2452 -0.1057 0.2348
-0.2334 0.2793 0.1260
-0.2091 0.4089 0.1123
-0.2322 0.6254 0.1148
-0.2333 0.4427 0.1453
-0.2259 0.3074 0.1181
-0.2116 0.3629 0.1096
-0.2063 0.7058 0.1211
-0.1874 0.6271 0.1167
-0.1991 0.6407 0.1066
-0.1980 0.7303 0.1355
-0.1878 -0.3528 0.3013
-0.1620 0.3400 0.1267
-0.1777 -0.1398 0.1446
-0.1712 0.4370 0.1138
-0.1598 -0.5191 0.3491
-0.1583 -0.1851 0.1470
-0.1633 0.6760 0.1026
-0.1607 0.4125 0.1029
-0.1541 -0.1437 0.1216
-0.1471 0.6558 0.1117
-0.1518 -0.7463 0.3203
-0.1490 0.7300 0.1211
-0.1264 -0.1454 0.1070
-0.1321 0.2928 0.1654
-0.1239 0.4212 0.1019
-0.1139 0.4837 0.1313
-0.1265 0.6912 0.1150
-0.1097 -0.5881 0.3139
-0.1076 -0.1137 0.1098
-0.1089 0.4021 0.1062
-0.1119 0.2407 0.2264
-0.1049 0.3715 0.1224
-0.1012 -0.7724 0.3310
-0.0946 0.4480 0.1029
-0.1012 0.7276 0.1330
-0.0829 -0.1439 0.1022
-0.0891 -0.1059 0.1143
-0.0754 0.6162 0.1781
-0.0735 0.7634 0.1772
-0.0427 -0.6088 0.3094
-0.0608 -0.1654 0.1170
-0.0603 -0.1128 0.1212
-0.0524 0.4271 0.1059
-0.0504 0.4822 0.1125
-0.0532 0.7474 0.1816
-0.0423 -0.2794 0.1986
-0.0463 -0.2349 0.1649
-0.0277 0.4486 0.1080
-0.0261 0.5061 0.1303
-0.0270 0.6281 0.2026
-0.0246 0.3681 0.1542
-0.0153 -0.1168 0.1446
-0.0089 -0.7633 0.3188
-0.0011 0.3878 0.1541
0.0068 0.5113 0.1448
0.0166 -0.3280 0.2179
0.0095 0.4735 0.1290
0.0183 -0.8190 0.3661
0.0206 -0.1712 0.1470
0.0334 -0.2100 0.1507
0.0770 0.5108 0.1967
0.0615 -0.7480 0.3200
0.0716 -0.4440 0.3254
0.0710 -0.1841 0.1741
0.0713 0.2335 0.3174
0.0809 -0.2390 0.1711
0.0761 -1.6116 0.5302
0.1234 -0.2975 0.2177
0.1510 -0.2416 0.2266
0.1537 0.3314 0.2934
0.1506 0.6646 0.1717
0.1752 0.5388 0.1720
0.1784 0.5722 0.1427
0.1945 0.6604 0.1272
0.2213 -0.5006 0.3151
0.2231 0.1992 0.2973
0.2271 -1.7158 0.3158
0.2211 0.6070 0.1160
0.2331 0.6895 0.1206
0.2289 0.6608 0.1135
0.2289 0.5579 0.1502
0.2335 0.6318 0.1139
0.2452 -0.5733 0.2290
0.2445 -0.2187 0.3395
0.2494 -1.7054 0.2867
0.2593 -1.6785 0.2711
0.2723 -0.6793 0.1614
0.2658 0.1893 0.2811
0.2727 0.7134 0.1159
0.2795 0.3927 0.2546
0.2751 0.5557 0.1772
0.3052 -0.6632 0.1260
0.3002 -0.6893 0.1362
0.2973 0.7072 0.1076
0.3201 0.6997 0.1127
0.3333 -0.7129 0.1423
0.3241 0.2095 0.2625
0.3373 0.6564 0.1427
0.3305 -1.6112 0.2408
0.3327 -0.6633 0.1146
0.3309 0.7378 0.1389
0.3499 -0.6885 0.1205
0.3496 0.7281 0.1458
0.3607 0.1400 0.2964
0.3632 0.4075 0.2463
0.3662 0.7107 0.1590
0.3753 0.3816 0.2462
0.3842 -0.6852 0.1312
0.3818 -0.6513 0.1270
0.3921 -1.6507 0.1914
0.4144 -0.5834 0.1849
0.4247 0.4214 0.2762
0.4341 -1.6693 0.1745
0.4320 0.3896 0.2706
0.4332 0.2179 0.2681
0.4441 -0.5976 0.1784
0.4512 -1.6297 0.1553
0.4698 -0.2359 0.3232
0.4826 -1.6412 0.1373
0.4891 0.0200 0.3165
0.4920 -0.6315 0.1649
0.4915 -0.7235 0.2097
0.4975 -0.1788 0.2667
0.5100 -1.6180 0.1305
0.5291 -0.6252 0.1699
0.5215 -1.6918 0.1570
0.5273 -0.1682 0.2491
0.5430 -1.6677 0.1362
0.5499 0.1345 0.2511
0.5611 -0.2130 0.2517
0.5597 -1.5766 0.1440
0.5785 -0.6908 0.1895
0.5774 0.2581 0.2730
0.5729 0.0657 0.2725
0.5885 -0.6462 0.1684
0.5886 -1.5512 0.1714
0.5916 -1.6353 0.1342
0.6049 -1.6015 0.1406
0.6137 0.1894 0.2527
0.6125 -0.6155 0.1775
0.6235 -1.6254 0.1518
0.6319 0.2395 0.2629
0.6397 -0.1968 0.2243
0.6484 0.5303 0.2054
0.6583 -0.6238 0.1841
0.6475 -0.1940 0.2244
0.6493 -1.7203 0.2479
0.6746 0.4989 0.1793
0.6639 -0.1164 0.2469
0.6717 -1.5173 0.2723
0.7040 -0.7479 0.2658
0.6763 0.4585 0.1983
0.7000 0.5242 0.1617
0.7038 0.1476 0.2666
0.7062 -0.6251 0.1949
0.7008 -0.5592 0.2348
0.7066 -0.0410 0.3013
0.7096 0.4373 0.2048
0.7254 0.5061 0.1592
0.7475 0.5639 0.1639
0.7821 0.5721 0.1768
0.7969 -0.7417 0.3163
0.7927 -0.5680 0.2654
0.7978 -0.2526 0.3139
0.8130 0.2715 0.3099
0.8142 -0.1228 0.2973
0.8242 0.1474 0.3118
0.8240 0.5819 0.2117
0.8308 -0.2914 0.3407
0.8377 0.5698 0.2212
0.8531 -0.6289 0.3048
0.8725 0.7115 0.3522
0.8744 0.2140 0.3105
0.8834 -0.4586 0.3576
0.9669 -0.0372 0.2975
0.9852 0.1854 0.2809
1.0022 -0.4429 0.4069
1.0044 -0.1947 0.3225
1.0179 -0.0642 0.2973
1.0251 0.5678 0.3996
1.0386 0.7624 0.5289
1.0445 -0.0686 0.3043
1.0435 0.2642 0.3196
1.0622 0.2056 0.3007
1.0750 -0.0266 0.3091
1.1178 -0.6353 0.5820
1.1334 -0.3090 0.4593
1.1337 0.2382 0.3656
1.1336 0.4712 0.4780
1.1366 0.1030 0.3307
