points 
 2 
 1 
Tumour[19065]CD6810NNCodensity
-1.0030 -0.3252 0.2020
-0.9985 0.0238 0.2802
-1.0048 0.2190 0.2473
-0.9764 -0.1923 0.1594
-0.9878 -0.2903 0.1599
-0.9889 0.9370 0.2965
-0.9896 0.6240 0.1574
-0.9863 -0.8406 0.1601
-0.9679 -0.0330 0.2324
-0.9723 -0.9415 0.1991
-0.9678 -0.8024 0.1519
-0.9622 -0.2921 0.1437
-0.9697 -0.2499 0.1332
-0.9677 0.6389 0.1323
-0.9610 -0.9024 0.1542
-0.9463 -0.9330 0.1764
-0.9516 0.3040 0.1627
-0.9315 -0.8554 0.1279
-0.9525 0.4676 0.1293
-0.9468 0.7480 0.1650
-0.9408 0.3899 0.1264
-0.9256 -0.7626 0.1283
-0.9172 0.5635 0.1116
-0.9298 0.5324 0.1153
-0.9317 0.6910 0.1148
-0.9273 0.6662 0.1062
-0.9228 0.4998 0.1098
-0.9218 -0.1535 0.1511
-0.9128 0.4353 0.1092
-0.9097 0.6109 0.1027
-0.9184 0.3682 0.1237
-0.9080 -0.1741 0.1305
-0.9131 0.4806 0.1071
-0.9074 0.0258 0.2035
-0.9008 0.1938 0.1513
-0.8982 -0.7427 0.1200
-0.8844 0.2217 0.1360
-0.9017 0.3838 0.1187
-0.8995 0.9190 0.1940
-0.8674 -0.9193 0.1879
-0.8984 0.4047 0.1142
-0.8962 -0.2610 0.1267
-0.8913 -0.2029 0.1209
-0.8918 -0.7912 0.1218
-0.8890 -0.6746 0.1370
-0.8906 -0.2783 0.1375
-0.8715 -0.1510 0.1472
-0.8914 0.5948 0.1003
-0.8857 0.6364 0.0996
-0.8700 -0.8357 0.1422
-0.8817 0.3415 0.1378
-0.8735 0.9779 0.2328
-0.8790 0.7142 0.1095
-0.8756 0.8334 0.1515
-0.8721 0.2659 0.1411
-0.8603 -0.7366 0.1263
-0.8544 -0.2666 0.1443
-0.8631 0.1705 0.1387
-0.8703 0.6798 0.1021
-0.8687 -0.6827 0.1297
-0.8662 -0.4380 0.1679
-0.8572 -0.4768 0.1376
-0.8628 -0.3900 0.1886
-0.8542 -0.5612 0.1213
-0.8611 0.5164 0.1041
-0.8361 0.8024 0.1343
-0.8608 0.8683 0.1508
-0.8580 -0.5950 0.1220
-0.8522 -0.8070 0.1460
-0.8361 -0.6220 0.1186
-0.8537 0.7462 0.1215
-0.8499 0.1272 0.1529
-0.8508 0.2498 0.1355
-0.8494 0.5636 0.0939
-0.8512 0.7101 0.1120
-0.8385 0.0579 0.1512
-0.8438 0.4953 0.1204
-0.8371 -0.5456 0.1102
-0.8399 -0.6915 0.1367
-0.8333 0.5244 0.1050
-0.8395 0.6283 0.0899
-0.8312 0.8588 0.1390
-0.8292 -0.1190 0.1862
-0.8159 -0.5790 0.1037
-0.8339 0.5952 0.0836
-0.8245 -0.0267 0.1840
-0.8190 -0.4582 0.1304
-0.8064 -0.2319 0.1469
-0.7748 -0.1951 0.1734
-0.8056 0.6040 0.0863
-0.8016 0.2332 0.1400
-0.8037 0.5740 0.0867
-0.7905 -0.5127 0.1086
-0.7987 0.7177 0.1264
-0.8008 0.6307 0.1000
-0.7916 0.1664 0.1320
-0.7754 -0.4520 0.1330
-0.7868 0.6178 0.1003
-0.7726 -0.5476 0.1022
-0.7596 -0.2673 0.1556
-0.7813 0.7675 0.1346
-0.7695 -0.5924 0.1073
-0.7797 0.0372 0.1270
-0.7704 0.5191 0.1334
-0.7686 0.0986 0.1171
-0.7732 0.5587 0.1063
-0.7623 0.8724 0.1284
-0.7644 0.3741 0.1931
-0.7535 0.0186 0.1347
-0.7680 0.9001 0.1452
-0.7563 0.2192 0.1430
-0.7534 0.3477 0.1818
-0.7340 -0.5335 0.1006
-0.7382 -0.9026 0.2771
-0.7347 0.0482 0.1197
-0.7369 0.1137 0.1251
-0.7367 0.7284 0.1231
-0.7353 -0.6940 0.1923
-0.7343 -0.4875 0.1082
-0.7371 0.0755 0.1149
-0.7368 0.1731 0.1332
-0.7303 -0.6153 0.1222
-0.7275 -0.5749 0.1024
-0.7159 -0.2716 0.1499
-0.7254 0.6051 0.1297
-0.7228 0.9092 0.1524
-0.7113 0.8620 0.1182
-0.7151 0.8290 0.1156
-0.7051 -0.5964 0.1150
-0.7115 0.7022 0.1235
-0.7033 0.2876 0.1555
-0.7062 0.7506 0.1034
-0.6955 -0.4955 0.1069
-0.6957 -0.4661 0.1057
-0.6877 -0.3169 0.1333
-0.6700 -0.3573 0.1300
-0.6900 0.7333 0.1080
-0.6865 0.0344 0.1401
-0.6875 0.4343 0.1759
-0.6860 -0.4056 0.1191
-0.6900 0.5870 0.1294
-0.6912 0.8354 0.1111
-0.6879 -0.2842 0.1432
-0.6864 0.4996 0.1502
-0.6618 -0.5940 0.1297
-0.6716 -0.4388 0.1090
-0.6689 0.7700 0.1016
-0.6748 0.1924 0.1307
-0.6622 0.2214 0.1242
-0.6713 -0.5288 0.1131
-0.6534 -0.2705 0.1496
-0.6637 0.2751 0.1462
-0.6671 0.3907 0.1750
-0.6465 -0.1260 0.2319
-0.6507 0.5764 0.1212
-0.6446 0.8213 0.1164
-0.6482 -0.4100 0.1247
-0.6441 0.1906 0.1308
-0.6466 0.7344 0.1132
-0.6409 -0.4854 0.1306
-0.6466 0.6482 0.1303
-0.6484 0.8857 0.1515
-0.6372 0.7675 0.1150
-0.6418 -0.8594 0.2999
-0.6417 0.0900 0.1550
-0.6291 -0.3817 0.1391
-0.6295 0.0178 0.1732
-0.6268 0.6157 0.1162
-0.6237 -0.8793 0.3128
-0.6226 -0.6342 0.1419
-0.6176 0.5316 0.1366
-0.6126 0.2289 0.1364
-0.6191 0.4619 0.1561
-0.6151 0.5646 0.1249
-0.6092 -0.5706 0.1382
-0.6015 0.0511 0.1725
-0.6003 0.8301 0.1488
-0.5830 -0.6874 0.1542
-0.5844 -0.1263 0.2024
-0.5905 0.6648 0.1158
-0.5781 0.7108 0.1303
-0.5794 0.2440 0.1538
-0.5686 -0.2327 0.1695
-0.5666 0.5879 0.1201
-0.5529 -0.6051 0.1174
-0.5675 -0.2840 0.1508
-0.5658 0.2169 0.1501
-0.5534 0.1334 0.1674
-0.5581 0.4355 0.1535
-0.5458 0.6828 0.1224
-0.5489 0.3595 0.1774
-0.5531 -0.6461 0.1159
-0.5420 0.7679 0.1551
-0.5433 -0.6742 0.1281
-0.5364 -0.3724 0.1562
-0.5412 -0.2894 0.1574
-0.5368 -0.1815 0.1899
-0.5473 0.6506 0.1138
-0.5203 -0.0470 0.1843
-0.5313 -0.0015 0.1795
-0.5334 0.4760 0.1496
-0.5343 0.6280 0.1185
-0.5290 -0.5707 0.1380
-0.5205 -0.3096 0.1625
-0.5250 -0.5486 0.1513
-0.5227 0.3730 0.1564
-0.5185 -0.4301 0.1674
-0.5083 -0.6594 0.1211
-0.5039 0.1464 0.1436
-0.5125 0.6135 0.1360
-0.5088 0.8628 0.2250
-0.4853 -0.3785 0.1618
-0.4916 -0.6848 0.1371
-0.4940 -0.0243 0.1806
-0.4918 0.5477 0.1579
-0.4855 0.7705 0.1762
-0.4697 -0.4417 0.1409
-0.4799 -0.5543 0.1526
-0.4618 0.4194 0.1270
-0.4675 0.4849 0.1499
-0.4473 -0.6726 0.1381
-0.4642 0.7043 0.1565
-0.4609 0.4340 0.1320
-0.4561 -0.1325 0.2355
-0.4511 0.1858 0.1117
-0.4467 -0.8114 0.1939
-0.4384 0.1132 0.1208
-0.4473 0.1628 0.1108
-0.4460 0.2099 0.1185
-0.4416 0.0833 0.1357
-0.4409 -0.4776 0.1198
-0.4318 -0.8913 0.2467
-0.4245 -0.6373 0.1436
-0.4270 0.3602 0.1428
-0.4257 0.5482 0.1752
-0.4166 0.0224 0.1671
-0.4175 0.2194 0.1182
-0.4186 0.3374 0.1520
-0.4159 0.3842 0.1396
-0.4070 0.2524 0.1376
-0.3945 -0.4914 0.0967
-0.3979 0.1607 0.1092
-0.3981 -0.4656 0.1014
-0.3999 0.0544 0.1459
-0.3970 -0.7800 0.1412
-0.3926 -0.4361 0.1207
-0.3950 0.6918 0.1419
-0.3930 0.8258 0.1888
-0.3849 -0.7001 0.1120
-0.3861 -0.5260 0.1125
-0.3802 -0.7250 0.1118
-0.3751 0.2432 0.1479
-0.3691 -0.5048 0.0982
-0.3716 0.4351 0.1338
-0.3708 0.6862 0.1309
-0.3578 -0.6817 0.1063
-0.3551 0.1642 0.1346
-0.3677 0.6309 0.1447
-0.3665 0.7243 0.1316
-0.3604 -0.4713 0.0992
-0.3552 0.1194 0.1350
-0.3436 0.4271 0.1441
-0.3520 0.8299 0.1790
-0.3486 -0.7961 0.1435
-0.3483 0.1016 0.1392
-0.3388 -0.7345 0.1016
-0.3455 -0.6282 0.1263
-0.3454 0.5049 0.1360
-0.3295 -0.5095 0.1145
-0.3284 -0.6891 0.1023
-0.3309 -0.5797 0.1447
-0.3163 -0.4649 0.1170
-0.3256 0.6583 0.1312
-0.3267 -0.7754 0.1252
-0.3168 -0.0921 0.1816
-0.3216 0.4824 0.1261
-0.3248 0.5027 0.1255
-0.3232 0.6870 0.1270
-0.3207 -0.9232 0.2569
-0.3077 -0.6200 0.1364
-0.3145 0.7984 0.1451
-0.2873 -0.6861 0.1166
-0.3009 -0.9358 0.2770
-0.2965 -0.0395 0.1612
-0.2977 0.0412 0.1647
-0.2886 0.7183 0.1437
-0.2771 -0.0907 0.1496
-0.2852 0.6084 0.1354
-0.2862 0.8085 0.1395
-0.2820 -0.7383 0.1231
-0.2782 0.4667 0.1277
-0.2789 0.5751 0.1215
-0.2793 -0.4184 0.1542
-0.2592 -0.4930 0.1318
-0.2689 -0.3961 0.1743
-0.2510 -0.6515 0.1410
-0.2390 -0.1228 0.1498
-0.2492 0.0332 0.1590
-0.2382 -0.7315 0.1398
-0.2396 0.5476 0.0946
-0.2351 0.5172 0.1041
-0.2393 0.7716 0.1300
-0.2323 -0.1677 0.1899
-0.2326 0.1834 0.1586
-0.2254 -0.5538 0.1286
-0.2289 0.8890 0.1456
-0.2253 0.8398 0.1223
-0.2181 0.5229 0.0991
-0.2216 -0.3374 0.2555
-0.2092 -0.1068 0.1395
-0.2222 0.5449 0.0934
-0.2155 -0.4965 0.1228
-0.2078 0.4440 0.1562
-0.2176 0.2373 0.1459
-0.2116 -0.0484 0.1446
-0.2068 0.1494 0.1488
-0.2111 0.5969 0.1143
-0.1941 -0.5196 0.1015
-0.2005 0.0289 0.1515
-0.1933 0.2820 0.1558
-0.1967 -0.7393 0.1383
-0.1970 0.9271 0.1710
-0.1992 0.8291 0.1188
-0.1947 0.5651 0.1015
-0.1951 0.0556 0.1485
-0.1940 0.9009 0.1482
-0.1890 0.5979 0.1216
-0.1885 -0.6536 0.1390
-0.1844 0.7769 0.1209
-0.1747 -0.5626 0.1049
-0.1760 -0.4863 0.1136
-0.1707 0.2657 0.1287
-0.1650 -0.1132 0.1608
-0.1770 0.7308 0.1317
-0.1648 0.6963 0.1398
-0.1616 -0.5884 0.1152
-0.1609 0.8318 0.1308
-0.1547 0.2266 0.1071
-0.1621 0.2037 0.1081
-0.1450 -0.5068 0.0959
-0.1429 -0.7137 0.1123
-0.1505 0.7420 0.1249
-0.1357 -0.5625 0.1051
-0.1372 0.0487 0.1474
-0.1291 0.1137 0.1287
-0.1460 0.4971 0.1178
-0.1343 0.1331 0.1202
-0.1301 0.9569 0.1990
-0.1379 -0.7916 0.1167
-0.1382 -0.6429 0.1274
-0.1217 -0.1069 0.1798
-0.1345 0.4853 0.1247
-0.1294 0.6673 0.1389
-0.1245 -0.8159 0.1235
-0.1244 -0.7537 0.1031
-0.1204 0.2316 0.1012
-0.1205 0.4526 0.1437
-0.0936 0.1436 0.1113
-0.0947 -0.8541 0.1388
-0.1037 -0.7253 0.1061
-0.1008 -0.5410 0.1069
-0.1122 -0.4887 0.1167
-0.1057 -0.0409 0.1576
-0.1104 0.5636 0.1490
-0.1098 0.7960 0.1326
-0.1074 -0.8888 0.1720
-0.1025 -0.7783 0.1043
-0.1006 0.1813 0.0927
-0.1047 0.5384 0.1449
-0.1048 -0.5221 0.1015
-0.0853 0.2783 0.1257
-0.0993 -0.6919 0.1140
-0.0808 0.4467 0.1507
-0.0859 -0.6531 0.1332
-0.0850 0.2080 0.0912
-0.0761 0.0149 0.1566
-0.0716 0.6609 0.1503
-0.0701 0.6880 0.1327
-0.0595 -0.7940 0.1272
-0.0686 -0.4994 0.1239
-0.0635 -0.0319 0.1560
-0.0671 0.1988 0.0972
-0.0629 0.8720 0.1645
-0.0617 0.9668 0.2315
-0.0431 -0.7372 0.1234
-0.0501 0.1519 0.1233
-0.0587 0.4030 0.1738
-0.0549 0.7652 0.1202
-0.0485 0.2544 0.1029
-0.0393 -0.6590 0.1365
-0.0482 -0.4011 0.2300
-0.0476 0.6852 0.1406
-0.0494 0.8294 0.1405
-0.0420 0.2169 0.0998
-0.0249 -0.5383 0.1160
-0.0178 -0.8967 0.1715
-0.0225 0.0769 0.1764
-0.0319 0.7770 0.1201
-0.0173 -0.9209 0.1982
-0.0192 0.2830 0.1126
-0.0192 0.7579 0.1255
-0.0119 0.0054 0.1497
-0.0046 -0.5949 0.1173
-0.0067 0.4821 0.1606
0.0075 -0.7027 0.1436
-0.0077 -0.5686 0.1125
0.0053 -0.5119 0.1266
-0.0005 0.2993 0.1247
0.0265 0.2146 0.1238
0.0127 0.2375 0.1120
0.0231 -0.0848 0.1654
0.0071 -0.8681 0.1680
0.0062 0.7739 0.1341
0.0106 -0.7598 0.1497
0.0267 -0.5566 0.0991
0.0235 0.3483 0.1666
0.0246 0.4959 0.1714
0.0312 -0.0358 0.1355
0.0273 0.8420 0.1469
0.0413 -0.5820 0.1021
0.0382 0.2623 0.1136
0.0433 -0.8184 0.1773
0.0463 -0.6378 0.1359
0.0445 0.4460 0.1789
0.0563 -0.7281 0.1613
0.0557 0.4823 0.1715
0.0640 0.6692 0.1922
0.0652 0.9155 0.1889
0.0701 -0.0391 0.1346
0.0774 -0.4945 0.1268
0.0888 -0.5782 0.1021
0.0805 -0.0661 0.1447
0.0806 0.8193 0.1568
0.0927 -0.0365 0.1303
0.0854 -0.5461 0.0963
0.0983 0.2037 0.1119
0.1041 0.1728 0.1303
0.0966 0.2781 0.1273
0.1129 -0.5617 0.0996
0.1011 -0.0063 0.1411
0.1018 0.9673 0.2540
0.1069 -0.4803 0.1462
0.1076 0.2463 0.1108
0.1066 0.7627 0.1563
0.1126 0.5574 0.1773
0.1170 0.5940 0.1854
0.1144 0.8521 0.1713
0.1266 -0.5181 0.1168
0.1300 0.2325 0.1056
0.1332 -0.7141 0.1605
0.1314 -0.5979 0.1130
0.1378 0.3098 0.1653
0.1536 -0.5605 0.1136
0.1445 0.1707 0.1142
0.1593 -0.0068 0.1410
0.1471 0.9131 0.2239
0.1547 0.7018 0.1579
0.1584 -0.6596 0.1381
0.1648 0.7552 0.1562
0.1637 0.5068 0.1977
0.1752 0.1729 0.1094
0.1889 0.2099 0.1098
0.1788 -0.7185 0.1472
0.1740 0.7131 0.1538
0.1806 0.1040 0.1530
0.1925 0.2579 0.1335
0.2009 -0.6955 0.1362
0.1980 -0.6095 0.1434
0.1986 0.5032 0.2103
0.2036 -0.5709 0.1462
0.2034 0.0085 0.1550
0.2128 -0.0373 0.1605
0.2082 0.6071 0.1817
0.2115 -0.0728 0.1797
0.2266 0.2276 0.1179
0.2162 -0.2382 0.2418
0.2223 0.7191 0.1699
0.2268 -0.7400 0.1428
0.2249 0.0472 0.1608
0.2181 0.1551 0.1217
0.2366 -0.4524 0.2226
0.2686 0.1972 0.1173
0.2475 0.7982 0.2032
0.2535 -0.8509 0.2240
0.2456 -0.2174 0.1937
0.2536 0.1555 0.1285
0.2610 -0.7437 0.1461
0.2665 -0.5237 0.1940
0.2706 -0.2138 0.1743
0.2810 0.7358 0.1904
0.2822 -0.1840 0.1540
0.2768 0.5670 0.1920
0.2845 -0.6709 0.1733
0.2870 0.2367 0.1291
0.3014 0.2690 0.1560
0.3125 -0.5952 0.2211
0.3025 -0.8181 0.1939
0.3009 -0.7493 0.1712
0.3097 -0.8379 0.2110
0.3167 -0.1653 0.1363
0.3142 0.1464 0.1473
0.3212 -0.4476 0.2654
0.3157 0.0617 0.1691
0.3237 0.6022 0.1894
0.3208 -0.0726 0.1291
0.3265 -0.0003 0.1447
0.3452 0.1972 0.1336
0.3410 -0.0539 0.1226
0.3476 0.4598 0.2379
0.3570 0.5781 0.1944
0.3563 -0.0984 0.1067
0.3562 0.7569 0.2540
0.3635 0.0422 0.1619
0.3624 0.2507 0.1566
0.3745 -0.0675 0.1146
0.3679 0.6568 0.2156
0.3777 -0.1581 0.1246
0.3978 -0.1181 0.1145
0.3849 0.1629 0.1337
0.3919 -0.0474 0.1337
0.3882 0.5050 0.2167
0.3922 0.3222 0.2373
0.3988 -0.1463 0.1212
0.4158 -0.1758 0.1470
0.4240 0.5089 0.2252
0.4252 0.0883 0.1438
0.4282 0.1763 0.1341
0.4301 0.1577 0.1268
0.4508 0.1288 0.1340
0.4601 -0.5165 0.2025
0.4701 -0.8503 0.2682
0.4705 -0.4636 0.1993
0.4808 -0.1935 0.1666
0.4767 -0.9046 0.3048
0.4781 -0.5313 0.1940
0.4820 0.1739 0.1717
0.4861 0.1020 0.1621
0.4863 -0.8154 0.2750
0.4991 -0.2739 0.1865
0.4973 0.0312 0.1988
0.4975 -0.9201 0.3368
0.5197 -0.1551 0.1855
0.5222 0.6106 0.3050
0.5234 0.7814 0.3379
0.5335 -0.5063 0.1552
0.5477 -0.3062 0.1550
0.5522 -0.0038 0.2228
0.5473 0.8822 0.3563
0.5511 -0.6638 0.2299
0.5563 -0.1750 0.1850
0.5562 -0.4631 0.1457
0.5548 -0.2806 0.1565
0.5602 -0.6072 0.1795
0.5647 0.4549 0.2254
0.5721 -0.3935 0.1276
0.5828 0.3645 0.1916
0.5852 0.4029 0.2018
0.5908 -0.3887 0.1129
0.6070 -0.3272 0.1252
0.6033 0.3488 0.1854
0.6048 -0.5767 0.1507
0.6155 -0.4009 0.1050
0.6193 0.3793 0.1886
0.6175 -0.0514 0.2066
0.6253 -0.3573 0.1146
0.6396 -0.4650 0.1198
0.6389 -0.1118 0.1838
0.6423 0.3788 0.1944
0.6538 -0.2370 0.1450
0.6465 -0.6253 0.1549
0.6467 -0.5187 0.1383
0.6536 -0.5020 0.1348
0.6611 -0.0284 0.2208
0.6545 -0.4353 0.1138
0.6592 0.8475 0.2830
0.6674 -0.4050 0.1151
0.6892 -0.6446 0.1661
0.6724 -0.5470 0.1508
0.6699 0.3126 0.1957
0.6777 -0.3458 0.1306
0.6794 -0.2623 0.1304
0.6834 0.2123 0.2485
0.6965 -0.1557 0.1586
0.6973 -0.2460 0.1231
0.7133 -0.4029 0.1363
0.7071 -0.1942 0.1391
0.7088 0.9565 0.3404
0.7122 -0.6743 0.2027
0.7315 0.6773 0.3007
0.7381 -0.6226 0.1895
0.7357 -0.2239 0.1310
0.7480 -0.0393 0.2366
0.7490 -0.3519 0.1661
0.7597 0.7850 0.2660
0.7642 -0.2540 0.1468
0.7620 0.0698 0.2778
0.7639 0.2831 0.2393
0.7659 -0.2173 0.1436
0.7675 0.8827 0.2733
0.7669 0.9002 0.2827
0.7792 -0.4147 0.1950
0.7819 0.2173 0.2457
0.7870 -0.6413 0.2422
0.8008 0.6008 0.2744
0.7972 -0.4565 0.2221
0.8196 0.1191 0.2706
0.8473 0.2339 0.2548
0.8635 0.6530 0.2271
0.8585 0.9340 0.3611
0.8613 -0.1379 0.1637
0.8708 -0.2213 0.1611
0.8893 -0.2215 0.1567
0.9081 0.5869 0.2069
0.9012 -0.1122 0.1592
0.9054 -0.1424 0.1374
0.9119 0.6333 0.2087
0.9289 -0.9398 0.5131
0.9467 -0.2075 0.1430
0.9436 -0.1504 0.1300
0.9552 0.5789 0.1930
0.9513 -0.6988 0.3554
0.9525 0.2512 0.2788
0.9591 -0.1201 0.1489
0.9666 0.7003 0.2607
0.9764 0.5530 0.1987
0.9795 -0.5449 0.2883
0.9895 -0.3325 0.1647
1.0078 -0.2261 0.1473
1.0013 -0.0742 0.1905
1.0029 0.1141 0.2320
1.0181 -0.3734 0.1570
1.0290 0.2022 0.2338
1.0253 0.5032 0.2366
1.0456 -0.3572 0.1324
1.0437 -0.2570 0.1295
1.0442 0.0805 0.2037
1.0557 0.1828 0.2147
1.0627 -0.3431 0.1250
1.0572 -0.2001 0.1482
1.0636 0.4916 0.2552
1.0744 -0.0675 0.2042
1.0713 -0.2973 0.1235
1.0842 0.7578 0.3631
1.0851 -0.2372 0.1361
1.0925 -0.4163 0.1569
1.1104 -0.6218 0.2007
1.0958 -0.1050 0.1920
1.0989 -0.3604 0.1403
1.1084 -0.2333 0.1377
1.1132 -0.4586 0.1746
1.1144 0.1145 0.1732
1.1263 -0.8062 0.2649
1.1289 0.5212 0.2646
1.1336 -0.5813 0.1691
1.1463 0.0591 0.1756
1.1414 -0.4771 0.1829
1.1411 0.5781 0.2582
1.1495 -0.8729 0.2904
1.1621 -0.2133 0.1610
1.1591 -0.5382 0.1614
1.1778 0.0286 0.1741
1.1707 -0.7839 0.2301
1.1695 -0.0237 0.1922
1.1801 -0.3237 0.1654
1.1854 0.1048 0.1675
1.1912 0.1871 0.2270
1.1998 -0.6092 0.1538
1.2041 -0.6452 0.1663
1.2010 -0.5476 0.1594
1.1996 -0.2900 0.1587
1.2118 -0.8419 0.2356
1.2066 -0.2429 0.1681
1.2246 -0.0810 0.2106
1.2297 -0.1462 0.2055
1.2412 -0.6695 0.1906
1.2535 0.0987 0.1766
1.2389 0.5585 0.3147
1.2483 -0.3106 0.1557
1.2608 -0.6590 0.1983
1.2962 -0.1163 0.2307
1.2895 0.0972 0.1849
1.2996 -0.9401 0.2712
1.2885 0.7015 0.3913
1.2907 -0.5453 0.2235
1.2972 0.0705 0.1883
1.3010 -0.3517 0.1507
1.3130 0.4952 0.3457
1.3201 -0.3164 0.1357
1.3193 -0.3745 0.1623
1.3498 -0.2549 0.1448
1.3474 -0.3114 0.1279
1.3546 -0.8017 0.2364
1.3571 -0.9000 0.2477
1.3752 -0.2251 0.1493
1.3771 -0.9192 0.2756
1.3818 0.2590 0.2945
1.3874 -0.4215 0.2028
1.4030 -0.2831 0.1288
1.3947 0.0649 0.1870
1.3975 0.0904 0.1795
1.3895 0.7621 0.4808
1.4045 -0.2025 0.1600
1.4207 -0.7912 0.2905
1.4187 -0.8638 0.2840
1.4215 -0.3378 0.1497
1.4281 -0.0110 0.2334
1.4315 0.1203 0.1942
1.4329 -0.5306 0.3311
1.4454 0.9508 0.7296
1.4499 -0.3337 0.1709
1.4445 0.1584 0.2207
1.4521 -0.1667 0.1959
1.4605 -0.2701 0.1550
1.4618 -0.0610 0.2560
1.4621 0.4525 0.4150
1.4842 0.1859 0.2785
1.4823 0.4464 0.4282
1.4864 -0.2156 0.1919
