points 
 2 
 1 
Tumour[19065]CD810NNCodensity
-1.2513 -1.0986 0.2458
-1.2455 -0.9275 0.1756
-1.2475 -0.6000 0.2398
-1.2449 -0.2860 0.2158
-1.2485 -0.0882 0.1425
-1.2422 0.0824 0.1887
-1.2521 0.6308 0.3198
-1.2332 -0.1501 0.1440
-1.2382 -0.0139 0.1524
-1.2400 0.2152 0.2467
-1.2410 0.7568 0.2464
-1.2329 -0.5000 0.2495
-1.2238 -0.0740 0.1264
-1.2286 -0.9625 0.1468
-1.2262 -0.6965 0.2328
-1.2253 -0.5414 0.2279
-1.2227 0.8032 0.2199
-1.2231 -0.9218 0.1597
-1.1961 -0.1780 0.1330
-1.2249 0.2112 0.2308
-1.2250 0.8746 0.2410
-1.2195 0.7844 0.2176
-1.2150 -1.0028 0.1481
-1.2126 -0.3707 0.2273
-1.2080 0.0582 0.1556
-1.2040 -0.9367 0.1385
-1.2061 -0.2634 0.1752
-1.2036 -0.0374 0.1360
-1.1800 -0.1381 0.1165
-1.1873 -0.6789 0.1922
-1.1878 0.0728 0.1500
-1.1966 1.0997 0.2057
-1.1691 -0.0180 0.1481
-1.1849 0.2813 0.2706
-1.1576 -0.9490 0.1324
-1.1762 -0.5880 0.2001
-1.1698 0.4964 0.3113
-1.1763 0.8118 0.2024
-1.1752 1.1284 0.1825
-1.1676 1.0069 0.2139
-1.1620 -0.1663 0.1288
-1.1625 0.4596 0.3153
-1.1607 -1.0317 0.1484
-1.1601 -0.1023 0.1249
-1.1530 -1.1479 0.1924
-1.1491 1.1246 0.1589
-1.1409 -0.1394 0.1356
-1.1405 -1.2419 0.2338
-1.1091 -0.9992 0.1351
-1.1298 -0.3251 0.1835
-1.1212 0.0625 0.1247
-1.1235 -0.2840 0.1711
-1.1124 -1.0654 0.1385
-1.1078 -0.9014 0.1798
-1.0971 0.0819 0.1050
-1.1034 1.0870 0.1513
-1.0910 -0.1871 0.1691
-1.0988 -0.6548 0.1679
-1.1040 0.9817 0.2056
-1.0838 -0.6889 0.1431
-1.0880 -0.3615 0.1955
-1.0787 0.0582 0.1101
-1.0869 0.1375 0.1137
-1.0882 0.6853 0.2517
-1.0882 1.2099 0.1688
-1.0846 -0.7563 0.1354
-1.0848 -0.4612 0.2218
-1.0766 0.8163 0.2023
-1.0823 1.1156 0.1331
-1.0719 -0.9667 0.1574
-1.0676 -1.0850 0.1239
-1.0675 0.1122 0.0910
-1.0663 -1.0445 0.1214
-1.0668 -1.2184 0.1564
-1.0656 0.1923 0.1631
-1.0558 -0.7889 0.1268
-1.0602 -0.4464 0.2287
-1.0602 -1.1559 0.1442
-1.0530 -0.7370 0.1121
-1.0420 0.0913 0.0950
-1.0541 0.1493 0.1167
-1.0446 0.0623 0.1106
-1.0478 -0.6940 0.1348
-1.0446 0.9121 0.2059
-1.0430 -0.2426 0.1744
-1.0376 0.2702 0.2484
-1.0429 1.1149 0.1245
-1.0285 -1.0374 0.1292
-1.0382 -0.8671 0.1640
-1.0266 -0.7198 0.1172
-1.0344 1.1894 0.1283
-1.0320 0.5345 0.1910
-1.0154 -1.2250 0.1329
-1.0109 -1.0834 0.1216
-1.0150 -1.1196 0.1252
-1.0057 -0.7637 0.1084
-1.0195 0.9201 0.2091
-1.0113 0.8024 0.2274
-1.0138 1.1637 0.1123
-1.0196 1.1865 0.1234
-1.0160 0.1219 0.1214
-1.0141 -1.2686 0.1618
-1.0036 0.0587 0.1435
-1.0062 0.7474 0.2341
-1.0050 -0.4839 0.2462
-1.0016 -0.2607 0.1769
-0.9936 1.1378 0.1179
-0.9880 -1.2354 0.1281
-0.9944 1.0312 0.1823
-0.9888 -0.8081 0.1078
-0.9831 0.5910 0.1560
-0.9764 -1.0691 0.1373
-0.9699 -1.1922 0.1269
-0.9744 -0.7809 0.1084
-0.9732 1.1017 0.1334
-0.9682 -0.2149 0.1864
-0.9719 0.4938 0.1653
-0.9627 -1.1312 0.1454
-0.9625 0.5368 0.1306
-0.9526 -0.7982 0.1023
-0.9612 1.1924 0.1360
-0.9544 -0.2787 0.1910
-0.9495 0.8866 0.2384
-0.9393 0.5967 0.1340
-0.9232 -1.2108 0.1167
-0.9382 -0.9781 0.1772
-0.9379 -0.8254 0.0962
-0.9318 -0.0305 0.2069
-0.9326 -0.5965 0.2573
-0.9357 -0.8728 0.1120
-0.9267 -0.1819 0.1916
-0.9315 0.5067 0.1382
-0.9313 -0.8793 0.1174
-0.9288 -0.8552 0.1017
-0.9242 -0.5072 0.2429
-0.9124 -1.2616 0.1339
-0.9154 -1.0350 0.1880
-0.9137 1.1336 0.1225
-0.9173 1.0486 0.1517
-0.9147 -0.7795 0.1315
-0.8988 -0.8655 0.1195
-0.9077 0.1736 0.2312
-0.9076 0.5000 0.1485
-0.8979 0.5743 0.1298
-0.8987 -1.2450 0.1265
-0.8863 1.1817 0.1360
-0.8916 0.2967 0.3155
-0.8947 0.5967 0.1421
-0.8692 -0.2651 0.1896
-0.8729 0.0369 0.1978
-0.8784 0.0817 0.2017
-0.8798 0.6666 0.1905
-0.8735 1.1122 0.1181
-0.8749 -1.2108 0.1371
-0.8698 1.0709 0.1286
-0.8696 1.1611 0.1239
-0.8700 -1.2483 0.1491
-0.8635 -0.0395 0.1960
-0.8563 -0.0801 0.1983
-0.8529 -0.9529 0.1666
-0.8540 -0.2943 0.1950
-0.8535 1.2041 0.1559
-0.8541 -0.6969 0.1994
-0.8480 -0.4189 0.1996
-0.8476 -0.1390 0.1929
-0.8456 0.5602 0.1760
-0.8483 1.0275 0.1492
-0.8431 -1.1877 0.1580
-0.8375 -0.8468 0.1644
-0.8213 0.0782 0.2228
-0.8267 1.0429 0.1349
-0.8171 -0.4339 0.1859
-0.8186 -0.3533 0.1934
-0.8071 1.1454 0.1201
-0.8098 -0.9510 0.1785
-0.8022 0.4287 0.2713
-0.8028 0.7228 0.1997
-0.7996 -0.7714 0.1862
-0.7896 1.1195 0.1162
-0.7897 0.9749 0.1669
-0.7832 -0.6708 0.1952
-0.7848 -0.4353 0.1837
-0.7739 -0.9870 0.1592
-0.7808 0.7894 0.1956
-0.7642 1.1339 0.1193
-0.7600 -1.0375 0.1419
-0.7639 -0.7359 0.1884
-0.7732 0.6918 0.1824
-0.7617 1.0094 0.1334
-0.7556 -1.1941 0.1722
-0.7624 -0.1160 0.2179
-0.7503 -0.5301 0.2060
-0.7477 -1.1171 0.1458
-0.7532 -0.2337 0.2095
-0.7392 1.1510 0.1219
-0.7458 -0.6924 0.1814
-0.7432 0.6776 0.1802
-0.7392 1.1053 0.1103
-0.7314 -1.1992 0.1653
-0.7297 -0.1703 0.2187
-0.7271 -1.0341 0.1213
-0.7234 0.1923 0.3221
-0.7261 1.0866 0.1111
-0.7196 0.8272 0.1581
-0.7097 -0.3655 0.2077
-0.7119 1.0565 0.1152
-0.6990 1.0144 0.1161
-0.7071 0.6283 0.2026
-0.6939 0.8987 0.1415
-0.6992 -1.0942 0.1214
-0.7043 -1.0511 0.1150
-0.6989 0.8462 0.1395
-0.7009 0.4536 0.2822
-0.6993 -1.0005 0.1298
-0.6932 0.9707 0.1357
-0.6883 -0.4515 0.1733
-0.6911 -0.1529 0.2238
-0.6793 -1.2823 0.2017
-0.6802 -0.4751 0.1670
-0.6771 1.1559 0.1229
-0.6814 -1.1482 0.1361
-0.6755 0.9969 0.1259
-0.6717 -0.6949 0.1965
-0.6673 0.8201 0.1331
-0.6692 1.1910 0.1494
-0.6724 0.0410 0.2735
-0.6670 0.0986 0.2937
-0.6624 0.8841 0.1340
-0.6628 -0.7293 0.2193
-0.6591 -0.5757 0.1737
-0.6543 1.0745 0.1153
-0.6498 -0.9795 0.1584
-0.6516 -1.1029 0.1370
-0.6348 1.1030 0.1259
-0.6371 -1.0231 0.1445
-0.6410 0.8418 0.1244
-0.6341 1.1684 0.1378
-0.6242 -0.5647 0.1738
-0.6292 -0.6059 0.1839
-0.6422 0.6970 0.1485
-0.6352 0.7005 0.1459
-0.6248 -0.9508 0.2081
-0.6214 -1.1081 0.1498
-0.6238 1.0586 0.1239
-0.6186 -1.2176 0.1250
-0.6204 1.0207 0.1289
-0.6200 -1.2527 0.1360
-0.6185 -0.2779 0.2132
-0.6109 1.2042 0.1701
-0.6113 0.6418 0.1554
-0.6011 0.7647 0.1264
-0.6024 -1.2014 0.1147
-0.5974 0.4080 0.2022
-0.5902 -0.5169 0.1677
-0.5879 -0.4106 0.1674
-0.5906 0.5044 0.1820
-0.5736 0.8191 0.1211
-0.5584 1.0903 0.1515
-0.5790 -0.4850 0.1639
-0.5803 0.8848 0.1497
-0.5740 -1.1830 0.1060
-0.5737 0.7487 0.1169
-0.5560 -1.2056 0.0837
-0.5680 0.6018 0.1583
-0.5592 -0.2123 0.1792
-0.5449 1.0444 0.1561
-0.5529 -0.1004 0.1615
-0.5419 -0.1553 0.1615
-0.5455 0.7365 0.1068
-0.5462 1.1646 0.1752
-0.5406 -1.2726 0.1134
-0.5413 0.6626 0.1332
-0.5420 0.8035 0.1095
-0.5337 0.5645 0.1430
-0.5356 0.8756 0.1409
-0.5282 -0.3838 0.1416
-0.5295 -0.0187 0.1750
-0.5171 0.4712 0.1274
-0.5336 0.9954 0.1652
-0.5237 0.0798 0.2404
-0.5235 -1.2263 0.0701
-0.5179 -1.2418 0.0791
-0.5199 -1.2151 0.0721
-0.5181 -0.3528 0.1416
-0.5102 0.3437 0.1427
-0.5188 -1.2228 0.0699
-0.5078 -0.6687 0.2595
-0.5138 -0.3160 0.1500
-0.5090 -0.2250 0.1738
-0.5033 0.3881 0.1270
-0.5022 0.7309 0.0925
-0.5158 -1.2272 0.0715
-0.5063 -1.1380 0.1470
-0.5038 -0.4701 0.1871
-0.4983 0.7654 0.0853
-0.4986 -0.1250 0.1288
-0.4969 -0.3907 0.1464
-0.4844 0.2878 0.1162
-0.4958 0.6502 0.1405
-0.4983 0.8760 0.1379
-0.5018 1.1991 0.2227
-0.4929 0.8079 0.1107
-0.4855 -0.0307 0.1466
-0.4941 0.4354 0.1159
-0.4858 0.2541 0.1183
-0.4846 0.7052 0.1038
-0.4685 -0.6904 0.2607
-0.4769 -0.0866 0.1161
-0.4748 -0.3067 0.1739
-0.4703 0.4258 0.1121
-0.4687 0.4961 0.1221
-0.4811 0.5353 0.1316
-0.4765 0.7645 0.0857
-0.4711 -0.1223 0.1233
-0.4709 0.2332 0.1177
-0.4767 0.5321 0.1319
-0.4710 0.9300 0.1537
-0.4721 0.7609 0.0863
-0.4656 -1.1845 0.1287
-0.4577 0.3683 0.1259
-0.4605 -0.8368 0.2855
-0.4604 -0.3841 0.1651
-0.4577 -1.2501 0.1250
-0.4534 0.2551 0.0975
-0.4487 0.6313 0.1597
-0.4532 0.7403 0.0994
-0.4513 0.9988 0.1652
-0.4476 1.0559 0.1699
-0.4429 -1.0712 0.2528
-0.4374 0.4214 0.1286
-0.4401 -1.2816 0.1695
-0.4330 0.2371 0.0969
-0.4308 -0.0568 0.1313
-0.4341 0.9197 0.1592
-0.4131 -0.0291 0.1429
-0.4272 0.2981 0.1098
-0.4173 -0.1115 0.1152
-0.4167 0.7617 0.1126
-0.4177 1.1102 0.1743
-0.4074 0.5446 0.1746
-0.4049 0.2716 0.0988
-0.4092 0.4197 0.1542
-0.4052 0.9053 0.1686
-0.4081 0.2194 0.1142
-0.3933 0.8085 0.1500
-0.3956 0.0964 0.1535
-0.3909 -0.1302 0.1120
-0.3569 0.6620 0.1746
-0.3766 -0.1509 0.1066
-0.3741 0.0946 0.1310
-0.3773 1.1258 0.1689
-0.3677 0.7167 0.1453
-0.3746 0.2455 0.1167
-0.3592 0.0540 0.1140
-0.3684 0.7543 0.1392
-0.3576 0.3118 0.1428
-0.3657 1.0889 0.1549
-0.3609 -0.5584 0.1765
-0.3550 -0.4326 0.1664
-0.3462 0.2376 0.1314
-0.3494 -0.1345 0.0973
-0.3366 0.1187 0.1228
-0.3473 -0.1682 0.0987
-0.3436 0.0253 0.1046
-0.3406 -0.2012 0.1184
-0.3367 0.9682 0.2115
-0.3284 1.1044 0.1457
-0.3298 -0.6808 0.1581
-0.3204 0.1537 0.1284
-0.3299 -0.8208 0.1284
-0.3249 -0.7833 0.1212
-0.3236 -0.7244 0.1405
-0.3241 -0.5513 0.1383
-0.3210 -0.0864 0.1082
-0.3196 -0.0338 0.0952
-0.3186 0.0058 0.0919
-0.3208 0.5653 0.2267
-0.3108 -0.9596 0.1793
-0.3151 -0.1678 0.0974
-0.3189 -0.0585 0.1038
-0.3126 0.7416 0.1713
-0.3157 0.0305 0.1004
-0.3125 -0.2012 0.1145
-0.3115 -1.1365 0.2216
-0.3087 -0.6186 0.1377
-0.2993 0.4677 0.1897
-0.3056 -0.4066 0.1440
-0.2983 0.3278 0.1439
-0.3011 0.8787 0.2278
-0.2978 -1.0719 0.1746
-0.3024 -0.8030 0.1002
-0.2985 0.0177 0.0944
-0.2882 1.1298 0.1378
-0.2949 -0.5977 0.1231
-0.2961 -0.4453 0.1202
-0.2861 -1.0138 0.1502
-0.2867 -0.4194 0.1286
-0.2863 -0.4548 0.1156
-0.2817 -0.7999 0.0939
-0.2770 -0.2436 0.1557
-0.2754 -0.1521 0.1071
-0.2796 -0.0659 0.1029
-0.2763 -0.0280 0.0948
-0.2814 0.3707 0.1353
-0.2804 0.3748 0.1352
-0.2786 0.4058 0.1500
-0.2679 0.1754 0.1110
-0.2618 -0.1104 0.1131
-0.2741 0.1504 0.1135
-0.2737 0.2248 0.1273
-0.2675 0.1046 0.1220
-0.2684 1.0997 0.1303
-0.2611 -0.8326 0.0833
-0.2588 -0.5172 0.1101
-0.2526 0.6572 0.2341
-0.2567 0.7761 0.2086
-0.2529 1.1457 0.1391
-0.2444 -1.0306 0.1268
-0.2570 -0.8647 0.0929
-0.2434 -0.8128 0.0854
-0.2573 -0.7554 0.1088
-0.2471 -0.7126 0.1181
-0.2556 -0.8730 0.0995
-0.2500 -0.5160 0.1101
-0.2432 0.2349 0.1289
-0.2488 -0.6537 0.1215
-0.2362 -0.5794 0.1005
-0.2363 -1.2418 0.2615
-0.2435 -0.1379 0.1245
-0.2369 0.0222 0.1243
-0.2352 -1.2173 0.2462
-0.2421 -0.4471 0.1329
-0.2383 -0.0228 0.1238
-0.2355 -0.3395 0.1805
-0.2133 -0.6726 0.1130
-0.2351 -0.9922 0.1248
-0.2319 0.2058 0.1193
-0.2280 0.4096 0.1615
-0.2086 -0.7313 0.1089
-0.2213 0.2833 0.1385
-0.1872 0.3689 0.1502
-0.2185 -0.8660 0.0869
-0.2161 0.0618 0.1199
-0.2204 1.0946 0.1219
-0.2240 -0.5523 0.0981
-0.1998 -0.5981 0.1026
-0.2139 -0.1606 0.1328
-0.2116 0.1276 0.1076
-0.2016 -0.9791 0.1342
-0.2169 -0.5491 0.0973
-0.1942 -0.7661 0.1046
-0.2049 1.1094 0.1189
-0.2051 -1.0496 0.1408
-0.2077 -0.8322 0.0814
-0.1788 -0.8060 0.1025
-0.2058 -0.8409 0.0822
-0.1832 -0.9216 0.1424
-0.1792 -0.8618 0.1057
-0.1994 -0.3273 0.1875
-0.1832 1.1206 0.1205
-0.1620 1.1575 0.1434
-0.1890 0.1349 0.1089
-0.1817 -1.0369 0.1415
-0.1884 -0.2356 0.1629
-0.1852 0.0858 0.1058
-0.1783 0.2951 0.1367
-0.1797 -0.6539 0.1057
-0.1698 -0.5675 0.1037
-0.1736 -0.1825 0.1503
-0.1587 0.2007 0.1537
-0.1750 1.0505 0.1412
-0.1611 -0.7184 0.1052
-0.1636 -0.6090 0.1080
-0.1567 -1.0390 0.1574
-0.1536 -1.2486 0.2141
-0.1422 -0.7570 0.1056
-0.1404 -0.6709 0.1057
-0.1528 -0.5112 0.1247
-0.1156 1.0606 0.1286
-0.1512 0.3152 0.1364
-0.1519 0.0896 0.1049
-0.1451 0.7587 0.2650
-0.1457 1.0115 0.1641
-0.1427 -0.1852 0.1593
-0.1466 0.0878 0.1048
-0.1351 0.1423 0.1327
-0.1327 -0.5126 0.1255
-0.1132 0.2995 0.1430
-0.1179 -0.6289 0.1132
-0.1177 0.7206 0.2767
-0.1149 -0.6881 0.1092
-0.1118 -0.7912 0.1098
-0.1164 0.0607 0.1134
-0.1057 -0.7481 0.1091
-0.0987 -0.8488 0.1350
-0.1091 -0.3232 0.1427
-0.1004 -0.4479 0.1230
-0.0998 -0.1357 0.1852
-0.1051 -0.5384 0.1255
-0.0998 1.1670 0.1661
-0.0889 -0.8033 0.1137
-0.0856 0.3365 0.1636
-0.0983 1.1388 0.1422
-0.0920 0.0143 0.1372
-0.0788 -1.2781 0.1719
-0.0924 -0.4197 0.1237
-0.0775 -0.9581 0.2060
-0.0857 0.2865 0.1582
-0.0825 1.0811 0.1257
-0.0754 -0.4866 0.1146
-0.0770 0.0385 0.1152
-0.0811 -0.6151 0.1303
-0.0735 1.0074 0.1308
-0.0743 -0.3597 0.1150
-0.0712 -0.6628 0.1293
-0.0694 -0.3011 0.1327
-0.0696 0.7436 0.2717
-0.0519 -1.2773 0.1522
-0.0583 -1.0762 0.2193
-0.0607 -0.8762 0.1737
-0.0534 -0.7359 0.1178
-0.0484 -1.2489 0.1389
-0.0518 -0.2370 0.1500
-0.0491 -0.2023 0.1542
-0.0487 0.3201 0.1831
-0.0556 -0.3748 0.1111
-0.0509 0.0693 0.1125
-0.0496 -0.8062 0.1301
-0.0510 -0.4306 0.1158
-0.0421 -0.3515 0.1134
-0.0424 -0.2771 0.1351
-0.0336 1.0060 0.1194
-0.0428 0.0930 0.1301
-0.0368 -0.4862 0.1139
-0.0373 1.0926 0.1257
-0.0254 1.0443 0.1141
-0.0208 -1.1112 0.2159
-0.0240 0.0743 0.1271
0.0039 -1.2762 0.1374
-0.0258 -0.7261 0.1412
-0.0186 -0.5617 0.1094
-0.0175 0.0099 0.1330
-0.0021 -1.2529 0.1288
-0.0032 -0.5957 0.1185
-0.0157 0.9833 0.1242
-0.0047 -1.2082 0.1368
-0.0102 -0.7452 0.1561
-0.0106 -0.1784 0.1631
-0.0031 -1.1775 0.1577
-0.0052 -0.5150 0.1060
0.0126 1.0077 0.1189
0.0077 1.1179 0.1641
0.0126 -0.5645 0.1004
0.0162 -0.3645 0.1346
0.0193 -0.1331 0.1748
0.0185 0.0156 0.1467
0.0225 0.8295 0.2102
0.0214 -0.4663 0.1382
0.0224 0.3440 0.2365
0.0235 -0.5124 0.1120
0.0323 -0.5522 0.0984
0.0392 0.9729 0.1115
0.0488 -0.6034 0.1190
0.0314 0.0295 0.1585
0.0317 1.1057 0.1708
0.0399 -0.3724 0.1541
0.0439 0.9469 0.1119
0.0774 -1.2386 0.1373
0.0585 -0.3144 0.1680
0.0539 0.6962 0.2217
0.0593 -0.0364 0.1969
0.0620 0.9516 0.1058
0.0634 -0.2922 0.1703
0.0661 -0.9805 0.2746
0.0901 -1.2742 0.1498
0.0798 -0.1732 0.1594
0.0889 0.9347 0.0969
0.0789 -0.6118 0.1369
0.0943 -0.5654 0.1377
0.0914 -0.1374 0.1774
0.0946 0.9026 0.1026
0.0986 -0.8425 0.2247
0.1237 -1.2309 0.1345
0.1049 -0.5985 0.1533
0.1116 0.6558 0.1894
0.1188 0.9512 0.1012
0.1079 0.3104 0.2535
0.1126 0.3544 0.2589
0.1131 0.5172 0.2492
0.1162 0.7264 0.1865
0.1160 0.9078 0.0945
0.1215 -0.2228 0.1752
0.1426 -1.2801 0.1521
0.1292 -0.1798 0.1775
0.1358 -1.1389 0.1794
0.1352 0.6326 0.1818
0.1335 0.8681 0.1178
0.1314 1.0285 0.1651
0.1382 -0.7154 0.1994
0.1397 0.5180 0.2435
0.1330 0.6081 0.1931
0.1373 1.1581 0.2840
0.1442 -0.8610 0.2392
0.1735 -1.2583 0.1316
0.1536 1.0046 0.1389
0.1578 0.8970 0.0942
0.1726 -1.2229 0.1184
0.1719 0.1532 0.2228
0.1667 0.9116 0.0924
0.1740 -0.7367 0.1972
0.1844 -1.0707 0.2113
0.1880 -0.7590 0.1952
0.1860 -0.1927 0.2050
0.1911 0.9610 0.1109
0.1892 -0.4859 0.2484
0.1877 0.8060 0.1451
0.1953 0.0925 0.2273
0.1945 0.9340 0.0986
0.2139 -1.2043 0.1204
0.2020 0.2171 0.2150
0.2152 0.8633 0.1024
0.2231 0.9145 0.1014
0.2100 -1.1732 0.1263
0.2109 0.1607 0.2135
0.2185 0.6918 0.1979
0.2201 0.8176 0.1299
0.2518 -1.2375 0.1477
0.2422 0.8800 0.1035
0.2369 0.9679 0.1416
0.2463 -1.1754 0.1211
0.2373 -0.8222 0.1969
0.2351 -0.2932 0.1725
0.2459 0.4119 0.2964
0.2584 0.2073 0.2277
0.2443 0.7350 0.1942
0.2619 0.8428 0.1154
0.2576 -0.3331 0.1502
0.2598 0.0900 0.2340
0.2611 -1.1216 0.1302
0.2657 -0.7315 0.2195
0.2679 -0.4230 0.1499
0.2834 -0.3257 0.1400
0.2896 -0.4040 0.1315
0.2947 0.8709 0.1150
0.2993 1.0944 0.2392
0.3026 -1.1940 0.1398
0.3025 -0.2984 0.1616
0.3048 -0.2538 0.1991
0.2990 -0.0165 0.2923
0.2988 0.5906 0.2356
0.3077 -1.1009 0.1235
0.3011 0.8917 0.1205
0.3204 -1.1551 0.1240
0.3313 -1.1267 0.1218
0.3221 -0.8089 0.2149
0.3260 -0.3793 0.1307
0.3218 0.2505 0.2653
0.3262 -1.0806 0.1331
0.3379 -0.4472 0.1493
0.3376 0.8454 0.1351
0.3313 0.9076 0.1398
0.3396 1.0839 0.2362
0.3357 -0.6314 0.2743
0.3387 -0.9247 0.2028
0.3463 -0.8348 0.2188
0.3637 -1.0680 0.1388
0.3498 -0.4271 0.1451
0.3569 0.9794 0.1942
0.3606 -0.4801 0.1793
0.3735 0.8061 0.1594
0.3723 0.7755 0.1813
0.3767 -1.0995 0.1384
0.3812 -0.4348 0.1734
0.3850 -0.0122 0.2954
0.3793 -0.9213 0.1793
0.3795 0.6592 0.1997
0.3867 1.1148 0.2496
0.3890 0.6026 0.1726
0.3999 -0.5945 0.2575
0.4022 -0.9451 0.1616
0.4081 0.4514 0.2338
0.4098 0.5564 0.1567
0.4077 1.1942 0.3083
0.4303 -1.0461 0.1354
0.4302 -0.1005 0.2905
0.4280 0.5864 0.1472
0.4263 0.8936 0.1430
0.4413 -1.0206 0.1257
0.4376 0.3367 0.2464
0.4382 0.8029 0.1709
0.4479 -1.2799 0.2986
0.4551 -0.2333 0.2964
0.4638 0.5243 0.1689
0.4551 -0.1825 0.3041
0.4602 0.0472 0.3176
0.4693 0.8764 0.1338
0.4745 0.9105 0.1296
0.4771 0.9530 0.1378
0.4733 -0.6034 0.2989
0.4820 -1.0310 0.1196
0.4804 0.2495 0.2273
0.4771 0.6145 0.1624
0.4887 -0.9968 0.1087
0.4968 -0.9666 0.1168
0.4976 -0.8755 0.2100
0.5088 -1.0366 0.1237
0.5037 0.8771 0.1329
0.5027 1.0241 0.1888
0.5200 0.9339 0.1306
0.5105 0.9870 0.1514
0.5233 0.5399 0.1750
0.5103 -1.2853 0.3209
0.5242 -0.9861 0.1204
0.5091 0.5594 0.1604
0.5246 -0.9315 0.1561
0.5281 0.3056 0.1761
0.5800 1.0158 0.1661
0.5635 -1.0194 0.1372
0.5472 0.3681 0.1994
0.5455 0.8365 0.1525
0.5495 -0.5658 0.3305
0.5816 1.1652 0.2122
0.5571 0.6191 0.1799
0.5757 1.2041 0.2398
0.5705 0.2648 0.1596
0.5720 0.7942 0.1547
0.5740 -1.2848 0.3113
0.5792 0.0266 0.3275
0.6180 0.9525 0.1584
0.5999 0.2731 0.1531
0.6181 0.7984 0.1247
0.6036 0.7577 0.1490
0.6131 -1.0706 0.1614
0.6259 0.6121 0.1680
0.6259 0.9036 0.1501
0.6303 0.4342 0.2594
0.6216 0.2982 0.1591
0.6332 -1.0273 0.1564
0.6355 0.6436 0.1572
0.6461 1.1133 0.1708
0.6397 -1.1851 0.2146
0.6633 1.0462 0.1797
0.6467 0.2123 0.2004
0.6615 0.9980 0.1771
0.6649 0.8529 0.1201
0.6657 1.2045 0.1817
0.6574 0.3007 0.1765
0.6728 0.5959 0.1434
0.6542 0.7662 0.1221
0.7080 1.1548 0.1551
0.6605 -0.0800 0.2896
0.6615 0.2464 0.1813
0.6698 -1.0940 0.1496
0.6637 0.8122 0.1120
0.6716 -1.0051 0.1661
0.6783 0.7151 0.1502
0.6692 0.9127 0.1508
0.6800 -0.6588 0.3830
0.7025 -1.0568 0.1464
0.6991 -0.7549 0.3652
0.6932 1.2086 0.1740
0.7199 0.6493 0.1070
0.7077 -1.1804 0.2051
0.7020 -0.4159 0.3575
0.7080 0.8117 0.1149
0.7137 0.8521 0.1317
0.7217 -0.3918 0.3435
0.7253 0.8210 0.1257
0.7277 -1.1144 0.1639
0.7307 -0.7802 0.3579
0.7380 0.6135 0.0879
0.7402 1.0805 0.1721
0.7449 0.7663 0.1357
0.7610 0.5654 0.1025
0.7559 -1.0380 0.1591
0.7554 0.0168 0.2440
0.7654 0.5984 0.0801
0.7593 -0.9898 0.1878
0.7656 -1.1995 0.2411
0.7615 -0.1441 0.2439
0.7589 0.6349 0.0739
0.7644 0.6625 0.0818
0.7620 0.6403 0.0730
0.7791 1.1831 0.1370
0.7820 0.5393 0.1145
0.7841 0.7534 0.1493
0.7823 -0.3816 0.3194
0.7880 0.7008 0.1087
0.7959 0.5904 0.0914
0.7949 -0.0400 0.2039
0.8009 0.6285 0.0872
0.8115 0.2457 0.1340
0.8036 0.2266 0.1452
0.8049 0.6711 0.0974
0.8018 1.0722 0.1838
0.8101 0.5510 0.1138
0.8050 1.1889 0.1369
0.8201 -0.1038 0.1912
0.8156 0.1889 0.1531
0.8189 0.4480 0.1488
0.8216 1.1504 0.1282
0.8259 -1.0194 0.1805
0.8185 -0.0702 0.1869
0.8241 0.4744 0.1350
0.8226 0.6729 0.1144
0.8253 1.1742 0.1297
0.8277 0.0117 0.2225
0.8334 0.5146 0.1265
0.8461 0.2841 0.1209
0.8490 -1.0625 0.1761
0.8550 0.4492 0.1377
0.8571 0.2185 0.1078
0.8575 1.1121 0.1561
0.8636 1.1895 0.1425
0.8741 0.2371 0.1015
0.8831 0.3247 0.1228
0.8794 -0.1962 0.2245
0.8832 0.3648 0.1337
0.8869 0.4058 0.1388
0.8895 -1.0662 0.1769
0.8975 0.2702 0.1048
0.8967 -0.4280 0.2835
0.9110 0.2056 0.1112
0.9212 1.2017 0.1489
0.9183 0.5615 0.1466
0.9168 0.1467 0.1426
0.9225 0.6246 0.1794
0.9239 -0.9894 0.1918
0.9305 -1.2528 0.2780
0.9304 0.2942 0.1174
0.9226 0.4640 0.1455
0.9296 -0.1151 0.1705
0.9443 0.1368 0.1344
0.9416 -0.3856 0.2764
0.9380 0.2474 0.1161
0.9462 1.1696 0.1394
0.9478 -0.8876 0.2722
0.9468 0.5219 0.1349
0.9706 -1.0896 0.1637
0.9504 -1.0392 0.1743
0.9524 0.2039 0.1168
0.9534 0.3724 0.1389
0.9558 -0.3080 0.2541
0.9629 -0.1524 0.1582
0.9771 0.0735 0.1485
0.9562 0.3309 0.1342
0.9637 0.5644 0.1267
0.9830 1.1523 0.1262
0.9790 -1.1229 0.1622
0.9899 -0.7250 0.2813
0.9927 0.1924 0.1214
0.9891 -0.8958 0.2621
0.9915 1.0563 0.1472
0.9975 -0.0369 0.1363
1.0232 0.1162 0.1195
1.0032 0.4329 0.1490
0.9947 0.5509 0.1163
0.9968 1.2040 0.1373
1.0037 0.4912 0.1365
1.0018 0.9964 0.1712
1.0304 -0.1045 0.1168
1.0231 0.5687 0.1106
1.0066 -0.1360 0.1281
1.0163 1.1866 0.1264
1.0127 -0.0070 0.1323
1.0132 0.0867 0.1277
1.0228 -0.0514 0.1210
1.0266 0.3002 0.1483
1.0361 0.3973 0.1356
1.0290 -0.0247 0.1251
1.0226 0.7558 0.2770
1.0253 1.2081 0.1432
1.0346 1.0210 0.1383
1.0296 -1.1544 0.1526
1.0284 -1.1171 0.1630
1.0283 0.2046 0.1168
1.0340 -0.1845 0.1583
1.0462 0.1456 0.1151
1.0662 0.4993 0.1395
1.0384 1.0802 0.1279
1.0725 1.1163 0.1405
1.0377 -0.4883 0.2152
1.0460 -0.1602 0.1407
1.0330 1.0535 0.1298
1.0447 1.1885 0.1383
1.0461 0.5997 0.1161
1.0608 -1.1882 0.1451
1.0647 0.9488 0.1728
1.0825 1.0556 0.1413
1.0598 -0.5708 0.1874
1.0600 0.6199 0.1278
1.0777 -0.5541 0.1697
1.0800 0.1198 0.1174
1.0689 0.3549 0.1181
1.1184 0.4338 0.1318
1.0718 0.5823 0.1070
1.0649 0.2293 0.0993
1.0736 -1.1661 0.1451
1.0769 0.0714 0.1225
1.1673 1.0505 0.2029
1.0815 -0.4405 0.2112
1.0850 -0.1012 0.1426
1.0789 0.2252 0.0941
1.0806 0.3761 0.1119
1.1037 0.8850 0.1857
1.0851 -0.2301 0.1824
1.0937 0.5617 0.1114
1.0877 -0.7502 0.2102
1.0951 -1.2087 0.1366
1.0900 -0.6975 0.1920
1.0961 -0.0619 0.1411
1.0971 0.0549 0.1298
1.1066 0.6166 0.1307
1.0993 0.2018 0.0932
1.1078 0.2711 0.1126
1.1167 -0.0012 0.1351
1.1051 0.2325 0.0934
1.1161 0.1861 0.1026
1.1188 -0.7855 0.2053
1.1410 0.1122 0.1144
1.1365 0.9499 0.1688
1.1471 1.1615 0.2008
1.1371 -1.2512 0.1601
1.1247 0.3475 0.1096
1.1217 0.3762 0.1084
1.1306 -0.9940 0.2588
1.1435 0.5528 0.1327
1.1421 0.8582 0.1909
1.1334 0.2664 0.1143
1.1346 -1.2845 0.1899
1.1501 0.1826 0.1132
1.1347 0.3852 0.1096
1.1475 0.5004 0.1422
1.1601 0.0547 0.1082
1.2048 0.6593 0.2191
1.1888 0.7989 0.2270
1.1865 0.8971 0.1859
1.1469 -0.5320 0.1442
1.1516 0.6213 0.1503
1.1514 -0.5628 0.1295
1.1476 -1.2090 0.1547
1.1563 0.3415 0.1179
1.1558 -0.9798 0.2743
1.1694 -0.2499 0.1099
1.1688 -0.0180 0.1265
1.1651 -1.2742 0.1989
1.2067 0.9533 0.2047
1.2014 0.5185 0.1512
1.1777 -0.5956 0.1235
1.1829 -0.3214 0.1164
1.1824 0.2181 0.1193
1.2036 0.4519 0.1288
1.1876 -0.4701 0.1541
1.1901 -1.2193 0.1929
1.1889 -0.7110 0.1488
1.1821 -0.6341 0.1216
1.1824 -0.2205 0.1086
1.1943 -0.8719 0.2470
1.1970 -0.6148 0.1197
1.2093 -0.0262 0.1286
1.1977 0.0182 0.1123
1.1935 0.0784 0.0941
1.2088 -0.3858 0.1297
1.2005 1.1935 0.2793
1.1984 -0.2424 0.0939
1.2022 -0.3510 0.1201
1.2059 -0.2943 0.0955
1.2034 0.1280 0.1047
1.2260 -0.1711 0.1332
1.2160 -0.1193 0.1515
1.2084 0.1182 0.1022
1.2094 -0.2108 0.1055
1.2176 0.2108 0.1355
1.2181 0.4122 0.1270
1.2194 -0.6265 0.1260
1.2130 0.1015 0.0994
1.2245 0.3625 0.1263
1.2218 0.0474 0.1083
1.2328 0.8448 0.2406
1.2182 0.2944 0.1346
1.2330 -1.0391 0.3097
1.2268 -0.4909 0.1580
1.2340 -0.3417 0.1205
1.2324 -0.0653 0.1535
1.2301 0.0821 0.1104
1.2367 -0.7963 0.2219
1.2372 -0.6906 0.1550
1.2361 -0.2213 0.1111
1.2313 -0.0866 0.1570
1.2368 0.4438 0.1435
1.2364 0.2393 0.1529
1.2364 -0.7339 0.1764
1.2358 -0.6040 0.1405
1.2381 0.3947 0.1356
1.2395 -0.4578 0.1646
1.2385 -0.4164 0.1479
1.2384 -0.2962 0.1071
1.2394 -0.2674 0.1033
1.2402 0.5473 0.1870
1.2405 0.3026 0.1468
