points 
 2 
 1 
Tumour[19065]FoxP310NNCodensity
-1.1529 0.1750 0.2794
-1.1247 0.1796 0.2505
-1.1263 0.2078 0.2649
-1.1212 -0.0538 0.4037
-1.1171 0.2050 0.2572
-1.1023 0.1744 0.2411
-1.0436 0.1270 0.2509
-1.0416 0.0719 0.2782
-0.9931 -0.4977 0.3243
-0.9865 -0.5407 0.3517
-0.9811 -0.3358 0.3009
-0.9630 0.0533 0.3322
-0.9474 -0.4030 0.2549
-0.8938 -0.3534 0.2341
-0.8925 -0.4878 0.2627
-0.8819 0.6574 0.6573
-0.8615 1.1485 0.7833
-0.8496 -0.2855 0.2400
-0.8192 1.2063 0.8170
-0.7994 0.3162 0.3987
-0.7939 0.3510 0.4165
-0.7848 -0.2915 0.2237
-0.7834 -0.2783 0.2313
-0.7479 -0.5764 0.3320
-0.7381 -0.4333 0.2460
-0.7229 0.1066 0.3764
-0.7064 -0.5356 0.3140
-0.6986 -0.2793 0.2588
-0.6850 -0.2200 0.2725
-0.6825 0.4167 0.4634
-0.6665 -0.3949 0.2746
-0.6486 0.2069 0.3512
-0.6472 0.2673 0.3714
-0.6454 -0.5518 0.3773
-0.6473 0.8844 0.4661
-0.6027 0.9418 0.4702
-0.5885 0.8291 0.4641
-0.5901 -0.1098 0.3344
-0.5835 -0.0813 0.3372
-0.5664 0.9691 0.4882
-0.5390 0.0694 0.3560
-0.5348 -0.0897 0.3680
-0.4542 0.9385 0.5338
-0.4446 0.1683 0.3996
-0.3755 0.6618 0.5312
-0.3041 0.2708 0.4993
-0.3009 0.5118 0.5537
-0.2949 0.1944 0.5006
-0.2898 0.5734 0.5770
-0.2846 -0.2841 0.5812
-0.1931 -0.1085 0.5728
-0.1648 -0.6017 0.8453
-0.0597 -0.1392 0.6977
0.2855 -0.3457 0.5289
0.3483 -0.5856 0.4268
0.3983 -0.4517 0.3830
0.4127 -0.5646 0.3707
0.4264 -0.5087 0.3565
0.4404 -0.5726 0.3744
0.4519 -0.5404 0.3603
0.6225 0.0669 0.5691
0.6656 0.0853 0.5180
0.6786 -0.5261 0.4938
0.6972 0.0920 0.4906
0.7085 -0.2489 0.5578
0.7746 -0.4591 0.5668
0.9689 -0.0978 0.2949
1.0097 0.0125 0.2389
1.0152 0.0708 0.2596
1.0180 0.1556 0.3207
1.0462 -0.0124 0.2068
1.0602 -0.0107 0.2032
1.1176 -0.0685 0.1839
1.1340 -0.1996 0.2174
1.1681 -0.1223 0.1442
1.1733 -0.1515 0.1517
1.1800 -0.3539 0.4000
1.1870 -0.1253 0.1334
1.1916 0.2719 0.3836
1.2141 0.1403 0.2431
1.2189 0.4577 0.6460
1.2228 0.0405 0.1676
1.2262 0.1251 0.2309
1.2310 -0.0938 0.1284
1.2394 -0.1964 0.1955
1.2460 -0.1203 0.1373
1.2514 -0.0103 0.1333
1.2720 -0.0094 0.1332
1.2728 0.0227 0.1450
1.2808 -0.0456 0.1331
1.2976 -0.0961 0.1619
1.3151 0.0250 0.1764
