points 
 2 
 1 
Tumour[19065]FoxP310NNCodensity
-1.1375 -0.1484 0.6284
-1.0219 -0.6263 0.8973
-0.9901 0.1059 0.5078
-0.8995 0.6590 0.6118
-0.8930 0.6925 0.6320
-0.8818 -0.1345 0.3508
-0.8648 -0.2819 0.4653
-0.8589 -0.2164 0.3943
-0.8034 0.1092 0.3265
-0.7826 -0.6489 0.7902
-0.7824 0.6655 0.5475
-0.7580 -0.1740 0.3467
-0.7546 0.0609 0.2965
-0.7267 -0.1065 0.3141
-0.7135 0.0901 0.2945
-0.7108 0.7530 0.6133
-0.6465 0.5431 0.4745
-0.6438 0.2653 0.3541
-0.6424 0.0363 0.2934
-0.6268 0.2245 0.3246
-0.6156 0.2406 0.3325
-0.4955 -0.0709 0.3301
-0.4768 0.6797 0.6344
-0.4706 -0.0313 0.3159
-0.4645 -0.0989 0.3578
-0.4323 0.2167 0.3651
-0.3742 1.3287 0.5296
-0.3544 -0.0053 0.3730
-0.3460 0.1119 0.3606
-0.3246 -0.3831 0.6092
-0.3221 1.2814 0.4493
-0.3208 0.3706 0.5476
-0.3161 -0.8512 0.5781
-0.2972 -0.7099 0.5487
-0.2929 0.0583 0.3983
-0.2040 -0.3856 0.6120
-0.1872 1.1726 0.3531
-0.1628 1.3842 0.3504
-0.1070 -0.8967 0.3622
-0.1008 1.1882 0.2894
-0.0742 1.1674 0.3025
-0.0531 -1.0280 0.3915
-0.0329 1.2248 0.2503
-0.0315 1.2354 0.2451
-0.0136 -0.6149 0.4219
0.0183 -0.8665 0.2539
0.0175 1.4346 0.3148
0.0337 -0.6956 0.3313
0.0330 -0.0049 0.6079
0.0368 1.4132 0.2947
0.0423 -0.9397 0.2416
0.0521 0.0178 0.6081
0.0657 -0.9291 0.2257
0.0839 1.2907 0.2868
0.0852 1.3694 0.2925
0.1237 1.4027 0.3542
0.1451 -0.6276 0.3002
0.1506 -0.8623 0.1791
0.1562 0.1622 0.6369
0.1810 -0.9092 0.1813
0.1909 -0.8640 0.1656
0.2013 -0.7963 0.1766
0.2138 -0.4946 0.3965
0.2208 -1.0150 0.3012
0.2401 -0.8641 0.1622
0.2596 -0.7681 0.1735
0.2637 0.2338 0.6459
0.2742 -0.8867 0.1890
0.2821 -0.7318 0.2019
0.2826 -0.6133 0.2931
0.2890 0.4280 0.7739
0.2936 -0.7856 0.1807
0.3569 -0.7591 0.2561
0.4044 -0.5171 0.3966
0.4101 -0.3454 0.4244
0.4119 0.5878 0.9225
0.5606 -0.1141 0.3192
0.5647 -0.2414 0.3209
0.6238 -0.6646 0.4900
0.6355 -0.2112 0.2853
0.6368 -0.2898 0.3173
0.6507 -0.3604 0.3478
0.6640 -0.5730 0.4578
0.6678 -0.4817 0.4112
0.7009 0.0109 0.2264
0.7200 -0.0586 0.2275
0.7192 0.0108 0.2173
0.7256 -0.0889 0.2469
0.7450 -0.0132 0.2163
0.7891 0.1279 0.2461
0.7986 0.0792 0.2220
0.8030 0.1232 0.2409
0.9395 0.2262 0.3354
0.9717 0.0737 0.3197
0.9748 0.1471 0.3126
1.0563 0.2899 0.4461
1.1055 0.0992 0.4463
1.1365 0.3914 0.6305
