points 
 2 
 1 
Tumour[19065]CD810NNCodensity
-1.0638 -0.9293 0.1682
-1.0655 -0.6902 0.1729
-1.0539 -0.6057 0.1277
-1.0679 -0.5483 0.0925
-1.0645 -0.4973 0.0971
-1.0639 -0.4681 0.1147
-1.0652 -0.4073 0.1655
-1.0681 -0.0967 0.2913
-1.0649 -0.0251 0.2468
-1.0683 0.0982 0.2279
-1.0664 1.1817 0.2614
-1.0565 -0.5238 0.0817
-1.0540 0.0206 0.2235
-1.0532 1.0968 0.2886
-1.0594 -0.5274 0.0821
-1.0469 -0.5724 0.0987
-1.0357 0.0816 0.2030
-1.0362 1.1946 0.2256
-1.0384 -0.9496 0.1450
-1.0359 -0.8585 0.1719
-1.0361 -0.5509 0.0832
-1.0243 -0.9324 0.1263
-1.0212 -0.4383 0.1222
-1.0105 0.0866 0.2009
-1.0076 -0.4971 0.0981
-1.0073 -0.9636 0.1387
-1.0091 0.1174 0.2105
-1.0041 1.2098 0.1996
-1.0014 -0.6939 0.1175
-1.0013 -0.8731 0.1436
-0.9984 -0.5523 0.1021
-0.9842 -0.3479 0.1456
-0.9972 -0.9200 0.1174
-0.9891 -0.6541 0.1161
-0.9822 -0.4219 0.1173
-0.9749 0.0071 0.2284
-0.9679 -0.5267 0.1159
-0.9655 -0.6962 0.1008
-0.9540 -0.4581 0.1062
-0.9683 -0.6891 0.0990
-0.9668 -0.6862 0.0996
-0.9636 -0.2889 0.1460
-0.9563 1.2094 0.1873
-0.9604 1.2901 0.2053
-0.9624 -0.6906 0.1000
-0.9585 -0.2854 0.1426
-0.9519 -0.9638 0.1504
-0.9498 -0.5118 0.1189
-0.9368 0.2926 0.2251
-0.9282 -0.4180 0.1258
-0.9405 1.2636 0.1895
-0.9322 -0.3523 0.1287
-0.9347 0.2503 0.2234
-0.9258 -0.7509 0.1442
-0.9245 -0.4463 0.1188
-0.9158 -0.4694 0.1286
-0.9145 -0.9392 0.1534
-0.9034 -0.8878 0.1536
-0.9007 -0.2926 0.1107
-0.8858 -0.2694 0.1166
-0.8862 -0.1555 0.1986
-0.8739 -0.7024 0.1556
-0.8586 -0.3162 0.1238
-0.8656 -0.2895 0.1123
-0.8691 1.2264 0.2133
-0.8605 -0.7305 0.1621
-0.8668 0.2375 0.1972
-0.8676 1.0266 0.2838
-0.8591 -0.8762 0.1625
-0.8566 -0.8301 0.1671
-0.8589 -0.2342 0.1323
-0.8498 0.3220 0.1548
-0.8462 1.3230 0.2158
-0.8475 1.3487 0.2288
-0.8334 -0.8974 0.1740
-0.8444 1.0407 0.2668
-0.8417 -0.3462 0.1562
-0.8330 -0.1259 0.2057
-0.8340 1.0891 0.2373
-0.8215 0.3640 0.1694
-0.8168 0.2921 0.1456
-0.8058 -0.7431 0.1824
-0.8001 0.3262 0.1418
-0.7938 -0.2571 0.1399
-0.7971 -0.1857 0.1501
-0.7952 1.3644 0.2400
-0.7794 0.3101 0.1444
-0.7735 -0.2411 0.1518
-0.7791 0.3383 0.1479
-0.7710 -0.8947 0.1835
-0.7541 -0.9358 0.2060
-0.7529 -0.1927 0.1694
-0.7518 0.5432 0.2709
-0.7399 -0.7427 0.1698
-0.7496 1.0790 0.2154
-0.7377 0.0805 0.3348
-0.7360 1.4956 0.3516
-0.7075 -0.1686 0.2103
-0.7072 1.1705 0.1453
-0.7034 -0.7162 0.1642
-0.6980 0.3961 0.1699
-0.6994 1.2727 0.1631
-0.6963 1.2543 0.1479
-0.6893 -0.8000 0.1371
-0.6909 1.1018 0.1922
-0.6817 0.2527 0.2119
-0.6735 -0.0389 0.2882
-0.6712 -0.8227 0.1354
-0.6688 -0.7561 0.1232
-0.6673 -0.0904 0.2677
-0.6662 0.5087 0.1541
-0.6743 1.2153 0.1172
-0.6728 1.2211 0.1170
-0.6678 1.5086 0.3685
-0.6512 -0.8987 0.1569
-0.6478 0.3510 0.1457
-0.6364 -0.9508 0.1877
-0.6396 -0.7929 0.1149
-0.6130 0.3968 0.1078
-0.6395 0.2633 0.2124
-0.6411 0.4369 0.1167
-0.6374 1.1387 0.1629
-0.6288 -0.8359 0.1235
-0.6360 1.2332 0.1233
-0.6143 1.2372 0.1385
-0.6091 -0.7081 0.1423
-0.6110 0.4756 0.0969
-0.6105 0.5348 0.1258
-0.5636 0.5206 0.0970
-0.5908 0.3468 0.1371
-0.6019 0.4493 0.0957
-0.5978 1.1847 0.1549
-0.5798 -0.9127 0.1402
-0.5914 -0.7221 0.1267
-0.5866 0.4292 0.0932
-0.5772 -0.8063 0.1137
-0.5780 0.4774 0.0886
-0.5709 -0.7667 0.1071
-0.5758 0.0822 0.2683
-0.5757 0.5821 0.1292
-0.5671 -0.7369 0.1152
-0.5486 -0.8615 0.1325
-0.5580 0.3633 0.1296
-0.5456 0.4479 0.0897
-0.5506 1.5287 0.4487
-0.5403 -0.7869 0.1110
-0.5370 0.3827 0.1229
-0.5380 0.5775 0.1052
-0.5356 0.6507 0.1104
-0.5310 -0.9554 0.1695
-0.5322 0.4911 0.0840
-0.5334 -0.9267 0.1463
-0.5345 1.2574 0.2360
-0.5128 0.5290 0.0941
-0.5206 0.4744 0.0869
-0.5108 0.6265 0.0885
-0.5157 0.4318 0.1069
-0.5103 -0.7926 0.1178
-0.5083 -0.5669 0.2506
-0.4809 -0.9579 0.1958
-0.5033 0.4985 0.0929
-0.5035 0.5849 0.0954
-0.5054 0.6911 0.1159
-0.4930 -0.6594 0.1684
-0.4835 -0.7879 0.1293
-0.4900 -0.7069 0.1396
-0.4842 0.1664 0.1821
-0.4815 0.6075 0.0893
-0.4862 0.6826 0.1042
-0.4876 -0.9082 0.1620
-0.4851 0.6462 0.0853
-0.4836 0.5103 0.1045
-0.4785 0.1378 0.1990
-0.4612 0.5857 0.0992
-0.4701 0.2944 0.1370
-0.4641 0.2130 0.1664
-0.4650 0.7147 0.1207
-0.4587 0.0617 0.2823
-0.4594 0.6600 0.1001
-0.4484 -0.7812 0.1536
-0.4510 0.4104 0.1418
-0.4536 0.7823 0.1390
-0.4441 -0.7201 0.1424
-0.4480 0.3166 0.1250
-0.4397 0.2551 0.1512
-0.4432 0.2922 0.1350
-0.4350 0.5421 0.1353
-0.4336 0.3386 0.1302
-0.4260 0.3990 0.1449
-0.4274 0.5988 0.1291
-0.4272 0.8768 0.1652
-0.4114 -0.6194 0.1436
-0.4122 0.7493 0.1382
-0.4127 0.7972 0.1381
-0.4148 0.9293 0.1988
-0.4057 0.1303 0.2329
-0.4024 -0.6445 0.1278
-0.4049 0.8417 0.1420
-0.3935 0.8584 0.1434
-0.3888 -0.2485 0.2854
-0.3914 0.7637 0.1492
-0.3699 -0.7733 0.1572
-0.3704 0.3640 0.1510
-0.3698 1.2766 0.3786
-0.3588 -0.6909 0.1157
-0.3610 -0.5973 0.1302
-0.3420 -0.6532 0.1100
-0.3436 0.4359 0.1343
-0.3433 0.4875 0.1469
-0.3403 1.3213 0.3970
-0.3389 -0.9128 0.1379
-0.3382 -0.9385 0.1462
-0.3366 0.4631 0.1364
-0.3250 -0.8662 0.1352
-0.3305 -0.6011 0.1219
-0.3271 -0.6916 0.1225
-0.3152 -0.8289 0.1479
-0.3168 -0.5002 0.1524
-0.3179 -0.1863 0.2520
-0.3133 -0.7332 0.1406
-0.3146 -0.6788 0.1236
-0.3133 0.5010 0.1694
-0.3103 0.4398 0.1396
-0.2845 -0.5817 0.1196
-0.3035 0.9045 0.1600
-0.3006 0.9479 0.1673
-0.2952 -0.3153 0.1737
-0.2889 -0.9352 0.1100
-0.2695 -0.4703 0.1266
-0.2852 -0.3802 0.1554
-0.2816 -0.5201 0.1180
-0.2846 -0.2488 0.1820
-0.2662 0.9256 0.1745
-0.2776 -0.8809 0.1120
-0.2632 -0.9160 0.1029
-0.2727 -0.5476 0.1118
-0.2704 0.9040 0.1783
-0.2706 0.3424 0.2108
-0.2706 0.3292 0.2243
-0.2631 -0.9598 0.1232
-0.2566 0.4748 0.1920
-0.2411 -0.4059 0.1200
-0.2470 0.9830 0.1862
-0.2409 -0.7771 0.1272
-0.2429 -0.5988 0.1241
-0.2416 -0.1863 0.2147
-0.2243 -0.8984 0.1075
-0.2115 -0.5545 0.1010
-0.2335 1.0137 0.1876
-0.2273 -0.9530 0.1252
-0.2255 -0.4441 0.1186
-0.2130 -0.7547 0.1150
-0.2104 -0.7961 0.1036
-0.2102 -0.4683 0.1167
-0.2011 -0.3786 0.1054
-0.1965 -0.5867 0.1000
-0.2052 -0.3303 0.1087
-0.1988 -0.5231 0.1068
-0.1988 -0.3488 0.1032
-0.1763 -0.8040 0.0920
-0.1855 -0.7614 0.0984
-0.1845 -0.3032 0.1035
-0.1862 -0.9647 0.1422
-0.1899 -0.8729 0.1054
-0.1813 1.1158 0.1773
-0.1749 1.0613 0.1894
-0.1783 -0.8345 0.0961
-0.1620 -0.4388 0.1194
-0.1696 -0.5520 0.0862
-0.1419 -0.7799 0.0986
-0.1625 -0.8585 0.0954
-0.1608 -0.7238 0.1127
-0.1605 -0.6697 0.1216
-0.1535 -0.8812 0.1007
-0.1496 -0.6290 0.1000
-0.1505 -0.3843 0.1102
-0.1531 1.1366 0.1559
-0.1526 -0.5977 0.0865
-0.1490 -0.2889 0.0990
-0.1480 -0.5512 0.0821
-0.1382 -0.3514 0.0938
-0.1424 -0.3195 0.0879
-0.1432 -0.2441 0.1269
-0.1396 -0.4854 0.1083
-0.1361 1.1837 0.1534
-0.1291 -0.6914 0.1201
-0.1247 -0.5211 0.0965
-0.1217 -0.2853 0.1009
-0.1236 -0.8960 0.1132
-0.1161 -0.7617 0.1138
-0.0915 -0.6688 0.1254
-0.1202 -0.6011 0.0845
-0.1244 -0.5606 0.0841
-0.1239 0.5121 0.3521
-0.1199 -0.9275 0.1311
-0.1075 -0.8122 0.1082
-0.1163 -0.4749 0.1225
-0.1015 -0.3274 0.1023
-0.1086 1.2635 0.1877
-0.0997 1.0654 0.2071
-0.1040 1.1360 0.1513
-0.0890 -0.2282 0.1156
-0.0976 -0.6075 0.0898
-0.0944 -0.5665 0.0900
-0.1022 1.2366 0.1642
-0.0916 -0.8423 0.1193
-0.0581 -0.4959 0.1181
-0.0846 -0.3576 0.1159
-0.0906 -0.1990 0.1271
-0.0871 -0.0915 0.1898
-0.0680 -0.3970 0.1327
-0.0710 -0.7964 0.1330
-0.0708 -0.6083 0.0996
-0.0702 1.2286 0.1590
-0.0618 -0.1459 0.1377
-0.0578 -0.2170 0.1149
-0.0520 -0.3059 0.1309
-0.0533 1.1960 0.1576
-0.0475 -0.9313 0.1350
-0.0095 -0.4356 0.1195
-0.0451 -0.5894 0.1036
-0.0412 -0.9064 0.1322
-0.0265 -0.7589 0.1409
-0.0291 -0.5408 0.1035
-0.0317 -0.1929 0.1185
-0.0238 -0.0210 0.2501
-0.0256 1.3699 0.2711
-0.0204 -0.9341 0.1355
-0.0142 -0.5165 0.0997
-0.0145 -0.2849 0.1531
-0.0138 -0.0919 0.1642
-0.0136 -0.4065 0.1346
-0.0092 -0.6043 0.1084
-0.0041 -0.1993 0.1262
0.0119 -0.6590 0.1208
-0.0077 -0.4766 0.1017
-0.0064 -0.9638 0.1583
0.0110 -0.7586 0.1250
0.0142 -0.5994 0.1076
0.0028 1.4975 0.4040
0.0190 -0.6986 0.1199
0.0302 -0.5024 0.0968
0.0211 -0.1508 0.1422
0.0319 1.1768 0.2224
0.0290 -0.7814 0.1267
0.0382 1.2431 0.2071
0.0493 -0.3986 0.1439
0.0316 -0.5413 0.0983
0.0312 -0.4729 0.1053
0.0388 0.7965 0.4696
0.0367 -0.9426 0.1420
0.0433 0.5233 0.4837
0.0527 -0.6321 0.1131
0.0723 -0.6001 0.1184
0.0569 -0.5234 0.1025
0.0529 -0.2088 0.1515
0.0678 -0.6782 0.1087
0.0743 -0.1116 0.1656
0.0666 0.8741 0.4595
0.0634 -0.9091 0.1271
0.0768 -0.7697 0.1169
0.0763 -0.8350 0.1252
0.0853 1.2573 0.2289
0.0930 -0.5618 0.1305
0.0774 -0.7168 0.1100
0.0943 -0.7284 0.1169
0.0871 -0.9158 0.1281
0.0921 -0.5133 0.1351
0.1022 -0.2315 0.1635
0.1026 -0.8342 0.1154
0.1046 -0.3451 0.1613
0.1234 -0.4003 0.1530
0.1315 1.3208 0.2413
0.1258 -0.3742 0.1607
0.1292 -0.8513 0.1178
0.1288 -0.1382 0.1475
0.1371 -0.9092 0.1236
0.1360 -0.6615 0.1051
0.1447 -0.7945 0.1251
0.1357 -0.6774 0.1066
0.1387 -0.3323 0.1707
0.1439 -0.1402 0.1495
0.1489 -0.6474 0.1124
0.1558 -0.8959 0.1228
0.1520 0.1089 0.1591
0.1542 -0.4288 0.1754
0.1663 -0.0933 0.1707
0.1671 -0.2230 0.1718
0.1764 -0.7919 0.1286
0.1904 -0.9510 0.1400
0.1808 0.0693 0.1156
0.1801 -0.6762 0.1010
0.1863 -0.1893 0.1586
0.1960 -0.7594 0.1213
0.1944 0.1165 0.1204
0.1872 -0.6737 0.0995
0.2060 0.0410 0.1098
0.1984 1.3482 0.2630
0.2078 0.0765 0.0969
0.2128 1.3855 0.2850
0.2217 -0.9161 0.1289
0.2216 -0.6327 0.1157
0.2288 -0.9549 0.1519
0.2226 0.0907 0.0969
0.2224 1.3523 0.2783
0.2299 0.3517 0.2291
0.2385 -0.7398 0.1234
0.2346 -0.6667 0.1150
0.2372 0.0415 0.1095
0.2335 0.7418 0.4134
0.2380 -0.9269 0.1402
0.2414 -0.7678 0.1372
0.2538 -0.6067 0.1206
0.2452 -0.8302 0.1571
0.2512 -0.7086 0.1289
0.2515 -0.1137 0.1582
0.2519 0.0937 0.1108
0.2509 0.0113 0.1345
0.2645 -0.5035 0.1167
0.2574 -0.0329 0.1575
0.2639 -0.9313 0.1621
0.2794 -0.5636 0.1050
0.2781 1.4504 0.3729
0.2840 -0.6003 0.1122
0.2872 -0.3852 0.1280
0.2823 -0.3216 0.1427
0.2813 -0.2161 0.1493
0.2884 0.1744 0.1414
0.2877 0.1351 0.1292
0.2856 -0.0772 0.1569
0.2963 -0.4912 0.0927
0.3001 -0.4470 0.0996
0.3074 -0.2220 0.1445
0.3021 -0.1586 0.1470
0.3186 -0.3027 0.1239
0.3081 -0.5909 0.1127
0.3130 -0.5180 0.0873
0.3136 -0.4768 0.0884
0.3118 0.1976 0.1359
0.3125 0.4766 0.1997
0.3243 0.3361 0.1175
0.3146 0.3546 0.1259
0.3158 -0.5556 0.0975
0.3245 -0.4074 0.1040
0.3248 0.7520 0.3961
0.3313 -0.3286 0.1187
0.3262 0.2947 0.1238
0.3337 -0.4873 0.0884
0.3362 -0.2088 0.1544
0.3539 0.3857 0.1142
0.3499 -0.1205 0.1478
0.3459 0.2073 0.1251
0.3634 -0.2975 0.1410
0.3526 0.1432 0.1281
0.3517 0.2810 0.1181
0.3470 -0.3941 0.1081
0.3547 -0.5052 0.1022
0.3690 -0.0658 0.1491
0.3598 0.1086 0.1463
0.3595 -0.6044 0.1574
0.3644 -0.4221 0.1054
0.3744 0.3475 0.0970
0.3834 0.4702 0.1358
0.3776 -0.9628 0.2442
0.3694 -0.3478 0.1189
0.3811 0.2371 0.1260
0.3962 0.2965 0.1179
0.3915 -0.5014 0.1186
0.3925 -0.4337 0.1106
0.3972 -0.0066 0.1567
0.3886 0.4105 0.1107
0.3919 0.0948 0.1430
0.4095 0.3618 0.1022
0.4029 -0.0987 0.1707
0.4008 1.1773 0.3277
0.4144 -0.0522 0.1674
0.4166 0.3901 0.1011
0.4153 0.5313 0.1589
0.4182 0.5693 0.1994
0.4324 0.1900 0.1190
0.4233 -0.9647 0.2707
0.4276 -0.4586 0.1334
0.4322 0.0031 0.1585
0.4279 0.9961 0.4053
0.4333 0.4183 0.1105
0.4373 0.2298 0.1212
0.4594 0.4597 0.1207
0.4332 -0.4625 0.1385
0.4511 0.1322 0.1147
0.4425 1.0974 0.3432
0.4412 0.3419 0.1134
0.4452 0.5096 0.1383
0.4505 -0.3550 0.1864
0.4578 -0.7793 0.3340
0.4779 0.2674 0.1166
0.4622 0.8464 0.4294
0.4796 0.1831 0.0927
0.4695 0.0582 0.1370
0.4716 -0.9489 0.2889
0.4793 0.1418 0.0995
0.4801 1.1616 0.2945
0.4801 0.0834 0.1214
0.4960 0.2209 0.0925
0.4911 0.3989 0.1144
0.4971 0.3505 0.1146
0.5069 0.5105 0.1369
0.5169 0.4420 0.1199
0.5100 0.1275 0.0968
0.5351 0.2924 0.0907
0.5192 0.2020 0.0850
0.5180 0.3227 0.0983
0.5225 1.3021 0.2122
0.5223 -0.5199 0.2708
0.5328 1.3607 0.1919
0.5305 0.1004 0.1090
0.5337 0.2260 0.0860
0.5488 0.1660 0.0886
0.5362 0.1893 0.0838
0.5411 0.2561 0.0897
0.5482 -0.9219 0.2973
0.5456 0.3465 0.0918
0.5604 0.4134 0.1155
0.5548 0.4473 0.1248
0.5601 0.5240 0.1342
0.5640 0.2859 0.0843
0.5622 1.3453 0.1793
0.5669 0.1078 0.1151
0.5739 0.1850 0.0910
0.5737 0.3496 0.0895
0.5737 1.3997 0.1719
0.5816 0.4858 0.1252
0.5807 0.3079 0.0812
0.5784 1.4674 0.2171
0.5897 0.1456 0.1048
0.5939 0.2273 0.0913
0.5983 0.3543 0.0904
0.6057 0.1970 0.1002
0.6017 0.0842 0.1512
0.5992 0.5396 0.1214
0.5987 1.2320 0.2660
0.5987 1.4130 0.1729
0.6293 0.3776 0.1041
0.6015 0.2630 0.0846
0.6098 1.3299 0.1926
0.6071 0.2659 0.0862
0.6492 0.2493 0.1017
0.6149 0.3421 0.0879
0.6325 0.5448 0.1184
0.6289 0.5870 0.1299
0.6341 0.2939 0.0914
0.6336 -0.8729 0.3290
0.6350 1.4996 0.2526
0.6490 0.3339 0.0954
0.6506 0.4591 0.1522
0.6518 0.5741 0.1185
0.6594 0.4109 0.1303
0.6611 0.1613 0.1355
0.6754 0.5547 0.1271
0.6776 0.1400 0.1538
0.6813 0.2131 0.1260
0.6758 0.9524 0.3278
0.6773 1.4933 0.2709
0.6871 0.2902 0.1111
0.6896 -0.8299 0.3685
0.6837 0.3481 0.1065
0.6880 -0.8946 0.3438
0.6980 0.5754 0.1469
0.7016 0.6549 0.2088
0.7114 0.2617 0.1401
0.7167 0.3474 0.1223
0.7396 0.3758 0.1385
0.7117 0.6315 0.1951
0.7173 -0.2867 0.3802
0.7664 -0.9623 0.4023
0.7656 0.8429 0.2518
0.7693 0.1137 0.2175
0.7855 0.4525 0.2055
0.7812 1.3864 0.3386
0.7885 0.1530 0.2025
0.7890 0.3473 0.1753
0.8098 0.3719 0.1980
0.7929 -0.3159 0.3200
0.8095 0.8041 0.2579
0.8137 1.1489 0.2238
0.8251 0.9148 0.1948
0.8334 0.7896 0.2753
0.8402 -0.3761 0.3113
0.8380 0.9949 0.1775
0.8426 0.1698 0.2247
0.8484 1.0617 0.1633
0.8641 -0.3575 0.2835
0.8627 0.9743 0.1816
0.8795 1.0899 0.1541
0.8798 0.5162 0.3273
0.8949 1.0216 0.1653
0.8921 0.9441 0.1982
0.9050 1.1517 0.1666
0.9104 0.1272 0.2687
0.9164 1.1242 0.1649
0.9252 -0.3376 0.2604
0.9262 -0.2751 0.2517
0.9303 1.2078 0.1837
0.9395 0.1197 0.2964
0.9406 -0.0490 0.3744
0.9480 -0.2606 0.2579
0.9507 1.1761 0.1794
0.9708 -0.8633 0.3627
0.9776 1.2922 0.2161
0.9905 0.1622 0.3476
0.9892 1.2541 0.2094
1.0033 1.3159 0.2220
1.0227 -0.9287 0.3593
1.0335 1.4185 0.2812
1.0400 -0.2595 0.2871
1.0422 1.0009 0.3158
1.0459 -0.8772 0.3145
1.0635 1.3697 0.2621
1.0997 1.4474 0.3340
1.1063 1.4891 0.3858
1.1405 -0.3340 0.3049
1.1486 -0.8073 0.2416
1.1551 -0.6813 0.2533
1.1698 -0.7076 0.2407
1.1887 -0.6033 0.2893
1.1857 -0.1878 0.3607
1.1961 -0.3273 0.3169
1.1978 -0.7700 0.2387
1.2026 -0.5756 0.2960
1.2375 -0.5233 0.3143
1.2484 -0.8503 0.2588
1.2584 0.0136 0.1762
1.2665 0.8600 0.5017
1.2739 -0.8543 0.2746
1.2818 1.2182 0.5172
1.2804 0.1401 0.1821
1.2916 0.0553 0.1154
1.3033 -0.3786 0.3676
1.3022 0.0898 0.1159
1.3207 -0.9507 0.3835
1.3423 0.8226 0.5438
1.3392 0.0307 0.0917
1.3396 0.0378 0.0881
1.3441 0.0297 0.0924
1.3441 0.0341 0.0893
1.3597 0.0914 0.1047
1.3606 -0.3227 0.4299
1.3859 -0.9018 0.4179
1.3867 0.1220 0.1472
1.3935 0.0770 0.1206
1.4122 0.9013 0.5938
1.4241 0.5709 0.6737
1.4255 0.0478 0.1635
1.4246 0.7860 0.6347
