points 
 2 
 1 
Tumour[19065]CD6810NNCodensity
-1.3760 -0.2243 0.1865
-1.3820 0.5077 0.2558
-1.3787 0.6154 0.1633
-1.3800 -0.2966 0.2115
-1.3708 -0.6216 0.3335
-1.3694 -0.6612 0.3436
-1.3705 -0.1890 0.1902
-1.3701 0.1091 0.2933
-1.3700 0.8659 0.2158
-1.3537 0.6409 0.1352
-1.3579 0.7434 0.1602
-1.3433 0.1167 0.2659
-1.3446 1.1431 0.3273
-1.3507 0.5490 0.2004
-1.3458 0.7159 0.1378
-1.3422 0.8663 0.1948
-1.3455 -1.2484 0.4640
-1.3371 -0.1977 0.1623
-1.3397 0.6606 0.1250
-1.3394 0.9146 0.2124
-1.3237 -0.1513 0.1894
-1.3265 0.0933 0.2573
-1.3268 0.1443 0.2588
-1.3226 0.7920 0.1702
-1.3068 -0.2003 0.1595
-1.3091 0.6176 0.1455
-1.2976 1.0294 0.2427
-1.2819 -0.2317 0.1642
-1.2973 0.6642 0.1254
-1.2843 -0.5716 0.2521
-1.2712 0.6935 0.1318
-1.2676 -0.2829 0.1747
-1.2512 -0.3711 0.2010
-1.2546 -0.3208 0.1934
-1.2516 0.2559 0.2392
-1.2509 -0.4542 0.2115
-1.2293 -0.4229 0.1982
-1.2552 0.8980 0.1792
-1.2516 0.7304 0.1472
-1.2383 0.4076 0.1942
-1.2361 1.1437 0.2296
-1.2356 -1.0749 0.2573
-1.2321 -0.9990 0.2553
-1.2177 1.2106 0.2685
-1.2225 -0.7768 0.2771
-1.2152 -0.8218 0.2765
-1.2158 0.6988 0.1676
-1.2164 -0.9569 0.2493
-1.2156 -0.0238 0.2740
-1.2128 0.4789 0.2199
-1.2133 -0.0545 0.2733
-1.2078 0.3861 0.1777
-1.2053 0.9177 0.1833
-1.1990 -1.0424 0.2300
-1.1906 0.7802 0.2037
-1.1872 -0.5071 0.1849
-1.1805 -0.4803 0.1828
-1.1781 0.9838 0.1971
-1.1899 0.4087 0.1780
-1.1837 0.9280 0.1876
-1.1780 0.4407 0.1974
-1.1624 0.0950 0.2638
-1.1741 0.3493 0.1697
-1.1651 0.6821 0.2321
-1.1606 1.2071 0.2525
-1.1546 0.2712 0.1906
-1.1468 1.1214 0.2037
-1.1450 -0.6522 0.2330
-1.1391 0.9625 0.2069
-1.1351 1.1470 0.2145
-1.1274 -0.7187 0.2530
-1.1043 -0.8930 0.2455
-1.1175 0.2000 0.2337
-1.1170 0.2745 0.1949
-1.0941 -1.1898 0.2009
-1.0966 -1.1384 0.1817
-1.0603 -0.4536 0.1724
-1.0929 -0.5538 0.1630
-1.0894 -1.1066 0.1842
-1.0768 -0.3548 0.2013
-1.0886 -0.5944 0.1829
-1.0860 0.8537 0.2534
-1.0683 0.0259 0.2185
-1.0751 -0.5115 0.1586
-1.0636 -1.2343 0.2253
-1.0589 -0.2411 0.1897
-1.0578 -1.1917 0.1851
-1.0598 1.0329 0.2352
-1.0640 -1.0670 0.2088
-1.0585 -0.8372 0.2442
-1.0431 -0.2059 0.1925
-1.0422 -0.3046 0.1829
-1.0467 0.2972 0.2356
-1.0433 1.1211 0.2414
-1.0304 -0.2753 0.1756
-1.0297 -0.3674 0.1905
-1.0281 -0.1078 0.2002
-1.0196 0.2537 0.2643
-1.0234 0.5068 0.2992
-1.0248 -0.4974 0.1567
-1.0189 -0.1325 0.1979
-1.0064 -0.0198 0.1769
-1.0129 0.4435 0.2803
-1.0066 -0.5094 0.1524
-0.9836 0.0183 0.1650
-0.9958 0.5909 0.3635
-0.9783 -0.8979 0.2081
-0.9863 -0.6193 0.1855
-0.9491 -0.5376 0.1402
-0.9629 -0.8405 0.2157
-0.9629 -0.0569 0.1780
-0.9647 0.0576 0.1794
-0.9612 -1.1265 0.1723
-0.9497 0.9191 0.1709
-0.9354 -0.2225 0.1993
-0.9435 1.2118 0.3140
-0.9307 0.8810 0.1599
-0.9383 -1.0964 0.1705
-0.9290 -1.1366 0.1777
-0.9242 -0.6426 0.1663
-0.9245 -1.1721 0.1880
-0.9204 1.0518 0.2206
-0.9097 -0.8973 0.1756
-0.9070 -0.5296 0.1321
-0.9020 0.1181 0.2178
-0.9054 0.9217 0.1323
-0.9095 0.0646 0.1770
-0.8965 -0.9841 0.1756
-0.8865 -0.4487 0.1448
-0.8832 -0.5535 0.1306
-0.8973 -0.8726 0.1785
-0.8863 -0.4835 0.1384
-0.8933 -0.3012 0.1795
-0.9002 0.8952 0.1304
-0.8898 -0.3774 0.1608
-0.8905 -0.9595 0.1744
-0.8877 0.0792 0.1931
-0.8671 0.8604 0.1459
-0.8818 1.0792 0.2441
-0.8718 -0.6025 0.1337
-0.8682 -0.4211 0.1517
-0.8688 -0.2513 0.1969
-0.8665 -1.2798 0.2731
-0.8635 -0.3455 0.1571
-0.8714 -0.0251 0.1953
-0.8603 0.9848 0.1683
-0.8498 -0.6949 0.1878
-0.8637 -0.5690 0.1377
-0.8574 -0.6298 0.1451
-0.8598 0.9182 0.1247
-0.8525 -1.0958 0.1615
-0.8410 -0.1139 0.2335
-0.8328 -1.0639 0.1591
-0.8324 -1.0297 0.1580
-0.8221 0.8676 0.1501
-0.8236 -0.4190 0.1720
-0.8213 -1.2616 0.2529
-0.8214 -0.0797 0.2368
-0.8174 0.4463 0.3200
-0.8056 -0.7274 0.1948
-0.7902 -0.8390 0.1682
-0.7929 0.9164 0.1594
-0.7802 -0.3253 0.1850
-0.7821 -0.8681 0.1569
-0.7798 -0.6591 0.1769
-0.7837 0.1421 0.2727
-0.7759 1.2008 0.2222
-0.7773 0.8770 0.1835
-0.7690 -1.1195 0.1759
-0.7684 0.2541 0.2990
-0.7622 -0.9485 0.1580
-0.7582 -0.8764 0.1498
-0.7532 -0.2980 0.1976
-0.7578 -0.2125 0.2126
-0.7504 1.2098 0.2147
-0.7411 -1.0418 0.1422
-0.7462 -0.9863 0.1558
-0.7515 0.2935 0.2936
-0.7379 0.6179 0.2914
-0.7306 0.9687 0.2125
-0.7288 1.1450 0.1775
-0.7249 -1.2284 0.1928
-0.7140 -0.8644 0.1534
-0.7056 -0.7585 0.2040
-0.7047 1.2103 0.1920
-0.6974 -0.2268 0.2200
-0.6987 0.4437 0.2560
-0.6995 0.5088 0.2560
-0.6931 -0.6682 0.2068
-0.6941 -0.6048 0.2152
-0.6896 -0.0332 0.2892
-0.6912 0.7044 0.2783
-0.6778 -0.9120 0.1549
-0.6831 1.0267 0.1991
-0.6750 -1.0833 0.1006
-0.6743 -0.5706 0.2407
-0.6703 0.2626 0.2943
-0.6702 -1.1307 0.1253
-0.6712 -1.0429 0.1005
-0.6644 -0.8609 0.1821
-0.6608 -1.2436 0.1492
-0.6577 -1.0932 0.0943
-0.6586 -1.0251 0.1028
-0.6554 1.1266 0.1506
-0.6549 1.2116 0.1820
-0.6521 1.0368 0.1848
-0.6449 -0.9657 0.1466
-0.6465 -0.2435 0.2095
-0.6463 -0.0819 0.2562
-0.6309 -1.2544 0.1443
-0.6438 1.0994 0.1513
-0.6227 -1.1797 0.1263
-0.6413 -1.0666 0.0852
-0.6329 0.7343 0.2572
-0.6164 -1.2777 0.1640
-0.6131 -1.0836 0.0951
-0.6107 -1.0278 0.1079
-0.6059 -1.0003 0.1330
-0.6036 -1.1253 0.1103
-0.6035 0.6199 0.2169
-0.5938 -1.2166 0.1348
-0.5847 -1.2734 0.1681
-0.5855 -1.0930 0.1157
-0.5877 -0.3466 0.2410
-0.5787 0.4402 0.2154
-0.5790 1.0829 0.1519
-0.5713 -1.1672 0.1403
-0.5775 -0.6732 0.2118
-0.5799 -0.5877 0.2183
-0.5685 1.1305 0.1342
-0.5672 0.4893 0.2142
-0.5582 -0.2384 0.1818
-0.5367 1.1524 0.1153
-0.5462 0.6240 0.2049
-0.5254 -0.2005 0.1789
-0.5344 0.3408 0.2248
-0.5257 -0.0044 0.2603
-0.5261 0.4010 0.2046
-0.5286 1.1919 0.1233
-0.5158 -0.5656 0.2324
-0.5147 -0.1625 0.1854
-0.5194 1.0674 0.1723
-0.5145 -1.0818 0.1616
-0.5123 -0.3296 0.2096
-0.4876 0.0287 0.2915
-0.5077 0.5952 0.1950
-0.5055 0.7747 0.2418
-0.5030 -0.3567 0.2235
-0.4921 -0.4837 0.2619
-0.4878 0.3471 0.2205
-0.4946 0.8778 0.2853
-0.5047 1.1653 0.0973
-0.4928 -0.7539 0.2305
-0.4879 -0.1212 0.1914
-0.4798 -0.1575 0.1833
-0.4871 0.6622 0.2002
-0.4813 0.8261 0.2567
-0.4852 1.2004 0.1067
-0.4795 -1.1567 0.1825
-0.4788 1.1645 0.0931
-0.4659 -1.1006 0.1761
-0.4594 -1.2655 0.2420
-0.4620 -0.7267 0.2135
-0.4572 0.3702 0.2105
-0.4620 1.2106 0.1170
-0.4619 -0.6310 0.2106
-0.4572 -0.7599 0.2149
-0.4485 1.1431 0.1025
-0.4436 1.1821 0.1007
-0.4168 1.1454 0.1040
-0.4280 -0.2263 0.1868
-0.4200 0.5427 0.1866
-0.4153 -1.1064 0.1781
-0.4176 -0.9233 0.1587
-0.4147 -0.6453 0.2239
-0.4073 1.0381 0.1728
-0.4086 0.3050 0.2620
-0.4092 -0.9079 0.1609
-0.4074 0.6782 0.1963
-0.4036 0.5614 0.1713
-0.3856 -0.2899 0.2104
-0.3877 1.1175 0.1063
-0.3869 1.1437 0.1056
-0.3855 -1.0225 0.1259
-0.3858 -0.0579 0.2492
-0.3754 -1.0570 0.1377
-0.3770 0.5458 0.1688
-0.3702 -0.2303 0.2272
-0.3723 0.4475 0.2093
-0.3535 -0.9970 0.1040
-0.3578 -0.9705 0.1003
-0.3570 1.1249 0.1133
-0.3563 -1.2725 0.2687
-0.3505 0.0281 0.2737
-0.3366 0.6726 0.1549
-0.3473 1.0821 0.1299
-0.3467 -0.9455 0.1056
-0.3430 -0.3579 0.2111
-0.3269 -1.0421 0.1296
-0.3176 -0.9116 0.1387
-0.3129 -1.0040 0.1198
-0.3230 -0.9556 0.1129
-0.3260 -0.8639 0.1693
-0.3289 -0.4245 0.2109
-0.3268 1.1311 0.1318
-0.3127 0.7902 0.1417
-0.3191 0.8253 0.1399
-0.3197 0.9839 0.1534
-0.3067 -0.7963 0.2297
-0.3061 -1.2149 0.2282
-0.3096 0.6879 0.1406
-0.3047 1.1456 0.1561
-0.3099 0.9637 0.1433
-0.3023 -0.5718 0.2566
-0.3037 0.9239 0.1269
-0.2965 0.6006 0.1422
-0.3013 1.0042 0.1625
-0.2990 0.8609 0.1208
-0.2968 -0.3730 0.1878
-0.2842 -0.7406 0.2528
-0.2867 0.5170 0.1587
-0.2793 -0.4891 0.1990
-0.2816 0.8156 0.1287
-0.2728 -1.2539 0.2533
-0.2773 0.5801 0.1428
-0.2750 0.7059 0.1354
-0.2793 0.7495 0.1383
-0.2699 0.8869 0.1166
-0.2638 -1.0699 0.1915
-0.2511 0.6849 0.1339
-0.2518 1.1855 0.2366
-0.2482 0.8760 0.1282
-0.2569 0.9133 0.1275
-0.2415 0.3242 0.1820
-0.2439 0.4748 0.1640
-0.2450 0.5702 0.1458
-0.2454 0.3753 0.1685
-0.2409 0.4294 0.1647
-0.2310 0.3960 0.1637
-0.2245 0.1441 0.1875
-0.2224 0.1891 0.1818
-0.2205 0.0029 0.1521
-0.2144 -0.0374 0.1295
-0.2065 -0.1006 0.1335
-0.2055 0.6303 0.1456
-0.2040 -0.1953 0.1717
-0.1933 -0.3546 0.1637
-0.1995 -0.1519 0.1475
-0.1888 -1.2459 0.2404
-0.1938 -0.4005 0.1562
-0.1913 -0.4388 0.1644
-0.1851 0.7064 0.1877
-0.1829 -1.1972 0.2136
-0.1813 0.5622 0.1731
-0.1800 -0.4763 0.1839
-0.1780 -0.0134 0.1051
-0.1740 -0.5555 0.2169
-0.1769 0.2998 0.1702
-0.1716 0.8526 0.2094
-0.1714 -1.0791 0.1712
-0.1648 0.2754 0.1741
-0.1685 0.6333 0.1723
-0.1686 -0.3015 0.1672
-0.1631 0.1695 0.1434
-0.1671 0.3853 0.1867
-0.1584 -0.3921 0.1673
-0.1610 -0.1179 0.1219
-0.1493 -1.0050 0.1505
-0.1480 -0.1731 0.1417
-0.1485 -0.7281 0.2037
-0.1505 -0.2321 0.1589
-0.1500 0.2035 0.1581
-0.1436 -0.0216 0.0947
-0.1317 -0.0837 0.1155
-0.1420 -0.0617 0.1034
-0.1410 0.0015 0.0966
-0.1364 -0.6215 0.2228
-0.1233 0.0956 0.1114
-0.1349 0.1338 0.1271
-0.1244 -0.9508 0.1480
-0.1243 -0.0253 0.1014
-0.1249 -0.7087 0.2019
-0.1242 -0.3086 0.1645
-0.1182 0.0246 0.0949
-0.1177 -1.1349 0.1642
-0.1119 -1.0257 0.1177
-0.1106 -0.8095 0.2103
-0.1145 -0.7405 0.2042
-0.1072 0.0692 0.0972
-0.0951 0.1223 0.1214
-0.1081 1.1259 0.3165
-0.0860 0.5230 0.2152
-0.0955 0.9852 0.2364
-0.0884 0.0400 0.0968
-0.0761 0.0714 0.1021
-0.0735 -0.1221 0.1690
-0.0762 -0.8885 0.1698
-0.0763 -1.0763 0.1099
-0.0725 -1.0360 0.1050
-0.0602 0.0389 0.1161
-0.0621 0.7873 0.2275
-0.0601 -1.0072 0.1063
-0.0608 -0.9300 0.1368
-0.0592 -0.2242 0.1866
-0.0590 -1.1399 0.1526
-0.0581 -0.9652 0.1175
-0.0541 -1.0685 0.1034
-0.0503 -0.6476 0.2204
-0.0461 0.3094 0.2493
-0.0506 -0.2834 0.1833
-0.0365 0.5135 0.2232
-0.0397 0.6677 0.2048
-0.0466 -0.5011 0.2136
-0.0200 0.0820 0.1431
-0.0341 -1.2618 0.2529
-0.0423 -0.9538 0.1294
-0.0369 0.5880 0.2001
-0.0224 -1.0643 0.1058
-0.0214 -0.3524 0.1776
-0.0102 0.6523 0.1937
-0.0016 -1.0847 0.1118
-0.0048 0.9616 0.1676
-0.0067 1.0336 0.1952
0.0124 -0.3780 0.1730
0.0141 -0.4381 0.1793
0.0082 -0.1426 0.2363
0.0084 0.9173 0.1621
0.0186 0.1131 0.1631
0.0204 -1.0515 0.1206
0.0237 -0.7295 0.2508
0.0209 0.9608 0.1564
0.0250 -0.4836 0.1932
0.0418 0.8344 0.1590
0.0309 -0.0514 0.2433
0.0318 0.4662 0.2119
0.0360 -1.1445 0.1525
0.0341 -0.8824 0.1935
0.0334 -0.3230 0.1765
0.0419 -1.1901 0.1824
0.0448 -1.0593 0.1319
0.0478 0.8892 0.1629
0.0503 -0.5437 0.2278
0.0526 0.1589 0.1647
0.0534 0.9933 0.1703
0.0675 -0.9475 0.1755
0.0652 0.7771 0.1449
0.0870 0.3202 0.1831
0.0691 0.8206 0.1534
0.0729 0.3591 0.1883
0.0769 0.7339 0.1287
0.0830 -1.2551 0.2501
0.0837 -1.0945 0.1590
0.0833 0.1339 0.1520
0.1068 -0.3619 0.1707
0.0920 0.6994 0.1250
0.0987 -0.2859 0.1833
0.1026 0.5025 0.1773
0.0963 0.7560 0.1348
0.0960 -0.7292 0.2743
0.1074 0.2138 0.1629
0.1022 0.2778 0.1784
0.1148 0.1657 0.1439
0.0955 0.6461 0.1452
0.0997 1.1141 0.2120
0.1012 -1.0478 0.1680
0.1241 0.1213 0.1482
0.1184 0.7203 0.1316
0.1132 1.0291 0.1842
0.1263 -0.4678 0.1765
0.1252 -0.9010 0.1990
0.1241 0.5998 0.1650
0.1357 0.6462 0.1426
0.1402 -0.8618 0.2121
0.1464 -0.2995 0.1726
0.1625 -0.4872 0.1771
0.1448 0.4516 0.1355
0.1687 0.4654 0.1251
0.1521 1.1298 0.1961
0.1610 0.6660 0.1484
0.1580 -1.2318 0.2562
0.1585 -0.9274 0.2009
0.1629 -0.1795 0.1892
0.1715 0.9171 0.2060
0.1704 0.3922 0.1306
0.1728 -0.2087 0.1876
0.1861 -0.1165 0.2011
0.1817 0.4121 0.1225
0.1885 -0.1781 0.1881
0.1792 -1.0261 0.2218
0.1912 0.0227 0.1902
0.1870 1.1000 0.1845
0.1916 -0.3823 0.1599
0.1846 0.1132 0.1473
0.1968 0.1500 0.1465
0.2127 0.4300 0.1184
0.1979 0.8523 0.2080
0.2078 -0.5264 0.1880
0.1969 0.3289 0.1390
0.1922 0.5354 0.1539
0.2003 -0.0486 0.2015
0.2009 1.0431 0.2065
0.2058 0.8832 0.2142
0.2072 1.1915 0.1956
0.2230 -0.3951 0.1626
0.2204 0.2925 0.1363
0.2198 -0.8115 0.2323
0.2279 0.5642 0.1755
0.2305 -0.6112 0.2340
0.2263 -0.3094 0.1824
0.2245 0.3159 0.1288
0.2267 0.4786 0.1287
0.2364 -0.4583 0.1725
0.2458 0.0562 0.1588
0.2364 0.1949 0.1441
0.2436 1.1982 0.1810
0.2520 0.1220 0.1395
0.2544 0.6676 0.2130
0.2626 -0.4185 0.1772
0.2570 0.3786 0.1307
0.2642 -1.2063 0.2633
0.2593 0.4666 0.1428
0.2829 -0.5681 0.1906
0.2682 -1.2795 0.2974
0.2688 0.2464 0.1191
0.2775 -0.0946 0.2104
0.2853 1.1851 0.1612
0.2899 -0.9926 0.2217
0.2904 -0.7756 0.1865
0.2853 0.2262 0.1165
0.2972 0.3713 0.1461
0.3077 0.0610 0.1529
0.2970 0.3184 0.1171
0.3001 0.8526 0.1715
0.3066 0.1502 0.1349
0.3258 0.2117 0.1173
0.3165 0.2944 0.1081
0.3188 -0.0441 0.1882
0.3318 0.6254 0.2055
0.3216 1.0076 0.1977
0.3253 1.1251 0.1492
0.3408 1.1957 0.1569
0.3269 0.4935 0.1912
0.3325 -0.2601 0.2161
0.3384 0.2585 0.1024
0.3307 -0.3072 0.2049
0.3559 0.3278 0.1322
0.3383 -0.6251 0.1446
0.3501 -1.0628 0.1712
0.3458 0.1176 0.1510
0.3550 0.8325 0.1473
0.3504 0.8657 0.1468
0.3464 0.0804 0.1475
0.3521 -0.8407 0.1315
0.3621 -0.3771 0.1977
0.3597 -0.9232 0.1760
0.3580 0.2214 0.1171
0.3652 1.2088 0.1711
0.3704 -0.8849 0.1490
0.3662 -0.7686 0.1233
0.3632 1.1171 0.1417
0.3716 -0.2168 0.1998
0.3688 0.5946 0.2015
0.3715 1.0552 0.1689
0.3726 0.2694 0.1111
0.3752 -0.7259 0.1218
0.3777 -0.6877 0.1111
0.3798 0.7161 0.1897
0.3721 0.8867 0.1417
0.3770 -1.2436 0.2114
0.3820 1.1603 0.1431
0.3873 -0.8704 0.1380
0.3847 0.8488 0.1384
0.4041 -0.8363 0.1200
0.3911 -0.6257 0.1004
0.3902 0.2957 0.1297
0.3971 -0.8053 0.1139
0.4068 0.4056 0.2057
0.3946 -1.0746 0.1314
0.3931 -0.6458 0.1007
0.4078 -0.5865 0.0951
0.3933 0.0055 0.1411
0.3934 0.9184 0.1552
0.4090 -1.1382 0.1398
0.4239 0.7845 0.1640
0.4110 -1.0216 0.1490
0.4057 -0.5526 0.1060
0.4171 0.0472 0.1244
0.4144 1.0671 0.1652
0.4086 -0.1712 0.1833
0.4089 -0.0227 0.1501
0.4148 0.5419 0.1939
0.4113 -0.4330 0.1595
0.4073 -0.4908 0.1290
0.4094 -0.4673 0.1402
0.4283 -0.7445 0.1006
0.4140 -0.5218 0.1136
0.4153 0.7515 0.1765
0.4191 0.9861 0.1796
0.4245 -0.1160 0.1747
0.4272 -0.7092 0.0967
0.4434 -0.8001 0.1194
0.4298 -1.2798 0.2200
0.4277 0.1992 0.1304
0.4341 -1.0740 0.1069
0.4355 -0.6313 0.0937
0.4434 -1.0526 0.1146
0.4429 -0.5692 0.0936
0.4492 0.0175 0.1176
0.4419 0.2379 0.1392
0.4546 0.0587 0.1112
0.4513 0.2030 0.1378
0.4567 -1.1062 0.1063
0.4436 -0.5910 0.0890
0.4625 0.1679 0.1340
0.4597 0.5344 0.1800
0.4631 0.6965 0.2024
0.4524 -0.6983 0.0886
0.4612 -1.1861 0.1472
0.4617 -1.1342 0.1169
0.4557 -0.6809 0.0907
0.4809 -0.5527 0.1144
0.4618 1.1609 0.1780
0.4700 -0.6363 0.1042
0.4686 0.0888 0.1110
0.4702 0.1140 0.1141
0.4894 -0.7707 0.1104
0.4826 -0.7332 0.0899
0.4768 0.9120 0.1704
0.4907 1.1344 0.1656
0.4956 0.1262 0.1259
0.5020 -1.0816 0.1125
0.5083 -0.1412 0.1604
0.5035 0.4897 0.1529
0.4846 0.3251 0.2074
0.5041 -0.1822 0.1638
0.4912 -0.2570 0.1904
0.5008 -0.7146 0.0985
0.5021 -0.3943 0.1789
0.5044 -0.0217 0.1393
0.4984 -0.4714 0.1288
0.5096 -1.2517 0.1851
0.5076 -0.6767 0.1142
0.5058 -0.5853 0.1183
0.5220 0.0535 0.1242
0.5047 -0.2352 0.1808
0.5065 -0.3242 0.2154
0.5178 -1.0285 0.1417
0.5098 -0.8161 0.1409
0.5223 -0.8557 0.1685
0.5104 -0.7360 0.1069
0.5198 -0.1010 0.1647
0.5353 0.0901 0.1429
0.5255 -0.0557 0.1591
0.5277 0.0092 0.1405
0.5311 -0.4853 0.1227
0.5291 -1.1967 0.1580
0.5310 -0.9006 0.1941
0.5254 -0.4640 0.1383
0.5422 0.8655 0.1653
0.5268 -1.1078 0.1188
0.5328 0.5551 0.1658
0.5378 0.4580 0.1470
0.5350 1.0266 0.1478
0.5390 -1.0703 0.1256
0.5490 0.8232 0.1652
0.5595 1.1238 0.1240
0.5462 -0.5130 0.1122
0.5418 0.7588 0.1556
0.5460 0.9458 0.1478
0.5565 -0.5682 0.1187
0.5756 0.4407 0.1400
0.5665 0.9247 0.1424
0.5569 1.0920 0.1180
0.5621 -1.2723 0.2259
0.5564 -0.9662 0.2000
0.5624 0.7659 0.1516
0.5786 -1.1290 0.1579
0.5814 0.4809 0.1289
0.5757 0.5484 0.1589
0.5908 1.0665 0.1052
0.5787 -0.5460 0.1149
0.5980 1.0346 0.1166
0.5889 -0.5714 0.1261
0.6012 0.7132 0.1475
0.6091 1.0040 0.1206
0.5991 1.1020 0.1042
0.6043 1.1374 0.1274
0.5973 -1.0865 0.1765
0.6177 -0.5288 0.1359
0.6095 0.2986 0.1365
0.6206 0.9670 0.1222
0.6274 0.3662 0.1367
0.6267 -0.1768 0.2042
0.6182 0.4881 0.1395
0.6246 0.7499 0.1350
0.6274 -0.7882 0.2163
0.6339 0.5101 0.1543
0.6346 0.7146 0.1377
0.6356 0.2521 0.1374
0.6438 0.9224 0.1357
0.6400 0.3256 0.1173
0.6388 -1.2223 0.2421
0.6343 -0.5980 0.1630
0.6529 0.6691 0.1584
0.6416 1.1520 0.1510
0.6488 -0.8491 0.2188
0.6399 0.2745 0.1208
0.6438 0.4098 0.1377
0.6642 0.7105 0.1361
0.6516 -0.1139 0.1970
0.6599 1.0547 0.1389
0.6646 0.2314 0.1339
0.6713 0.8564 0.1588
0.6553 1.1121 0.1353
0.6683 -0.0741 0.2029
0.6722 -0.0229 0.2015
0.6753 -0.8838 0.2309
0.6835 -0.4232 0.2077
0.6778 0.3769 0.1338
0.6825 0.2882 0.1123
0.6761 0.9375 0.1395
0.6798 0.9695 0.1443
0.6782 -0.2363 0.2315
0.6978 0.0741 0.2144
0.6961 -0.5321 0.1790
0.7004 0.1326 0.2072
0.6973 -0.5740 0.1863
0.7077 0.8519 0.1517
0.7117 -0.0126 0.2139
0.7156 0.2808 0.1188
0.7149 0.4008 0.1552
0.7244 0.7700 0.1223
0.7149 0.5612 0.1805
0.7203 0.6064 0.1738
0.7215 1.1980 0.2584
0.7320 -0.4139 0.1794
0.7405 0.7326 0.1120
0.7408 0.8526 0.1546
0.7516 -0.6679 0.2269
0.7482 0.3838 0.1599
0.7577 -0.2268 0.1921
0.7557 0.2734 0.1216
0.7695 0.7108 0.1038
0.7601 0.2093 0.1403
0.7622 0.2532 0.1229
0.7641 -0.4454 0.1679
0.7613 0.7833 0.1067
0.7654 0.9909 0.2168
0.7757 0.4985 0.1560
0.7841 0.5592 0.1539
0.7743 -0.9219 0.2911
0.7959 -0.2871 0.1720
0.7849 0.7390 0.0892
0.7978 0.4481 0.1480
0.7958 0.6728 0.1164
0.7917 -0.3498 0.1574
0.7947 0.2913 0.1435
0.7895 0.7830 0.1075
0.7966 -0.4302 0.1539
0.7944 -1.2541 0.3512
0.8038 0.0196 0.2178
0.8133 0.2586 0.1545
0.8004 -0.8964 0.2854
0.8040 -0.1787 0.1747
0.8216 0.5027 0.1503
0.8047 0.1870 0.1741
0.8261 0.6472 0.1247
0.8193 -1.2340 0.3430
0.8154 0.7644 0.1033
0.8182 -0.8011 0.2482
0.8209 -0.6948 0.2435
0.8239 -0.6483 0.2309
0.8230 0.7227 0.0915
0.8289 -0.1845 0.1612
0.8400 0.4594 0.1470
0.8333 1.0640 0.2210
0.8385 0.0820 0.2059
0.8420 -0.4117 0.1309
0.8413 -0.5937 0.2260
0.8600 0.6101 0.1289
0.8551 0.6742 0.1097
0.8404 0.7371 0.0990
0.8548 0.3779 0.1653
0.8550 -0.3844 0.1242
0.8555 -0.1367 0.1645
0.8612 0.4161 0.1520
0.8697 1.1104 0.2037
0.8700 0.8617 0.2155
0.8812 -0.2658 0.1527
0.8818 -0.1038 0.1638
0.8730 0.7111 0.1099
0.8843 -0.3349 0.1208
0.9002 0.5577 0.1244
0.8955 -0.4311 0.1241
0.9117 0.5926 0.1126
0.9132 0.6262 0.1155
0.8942 -1.1019 0.2831
0.9094 -0.3458 0.1234
0.8995 0.7329 0.1254
0.9077 -0.0642 0.1705
0.9039 1.0978 0.1746
0.9278 0.0980 0.1332
0.9079 1.0413 0.1711
0.9181 -0.2995 0.1495
0.9337 -0.4077 0.1276
0.9311 -0.2064 0.1675
0.9351 -0.3557 0.1340
0.9426 0.5421 0.1063
0.9283 -0.4665 0.1407
0.9335 0.0612 0.1349
0.9374 -0.1742 0.1594
0.9377 0.3694 0.1150
0.9497 0.4987 0.1154
0.9333 0.7170 0.1407
0.9432 -1.2433 0.3203
0.9509 -0.4703 0.1479
0.9474 0.1816 0.1235
0.9401 0.2216 0.1342
0.9574 0.4353 0.1125
0.9521 0.6010 0.0982
0.9409 0.7933 0.1849
0.9475 -0.5139 0.1670
0.9708 0.0933 0.1041
0.9639 0.6742 0.1369
0.9714 0.9784 0.1659
0.9763 0.0280 0.1199
0.9641 -0.7127 0.2243
0.9634 0.1998 0.1142
0.9607 0.2947 0.1226
0.9730 0.3333 0.1016
0.9750 -0.1170 0.1596
0.9694 -0.8214 0.2308
0.9873 -0.0315 0.1490
0.9687 0.3790 0.0938
0.9864 0.4842 0.0994
0.9877 0.1693 0.1102
0.9835 0.5655 0.0946
0.9805 1.2073 0.2651
0.9926 -1.0455 0.2343
0.9832 1.0946 0.1524
0.9962 0.5219 0.0955
0.9831 -0.5261 0.1736
0.9833 0.6168 0.1024
1.0023 0.4553 0.1015
0.9840 0.3749 0.0902
0.9968 0.4191 0.0974
0.9913 -0.0608 0.1577
0.9944 0.0656 0.1038
0.9971 1.0155 0.1419
1.0007 0.3378 0.0934
0.9986 1.1253 0.1733
1.0015 0.2203 0.1033
1.0036 0.1245 0.1133
1.0120 0.6231 0.1099
1.0092 0.9705 0.1634
1.0227 0.2948 0.0997
1.0133 0.5835 0.0943
1.0279 0.0790 0.1203
1.0284 0.5412 0.0993
1.0193 0.0264 0.1298
1.0305 0.3730 0.0985
1.0365 -1.0622 0.2227
1.0226 -0.5783 0.1994
1.0323 0.2138 0.1136
1.0265 -0.6287 0.2142
1.0247 -0.1427 0.1890
1.0223 0.2565 0.1051
1.0358 0.4227 0.1081
1.0406 0.5065 0.1005
1.0295 0.9266 0.2004
1.0410 1.0849 0.1725
1.0372 0.9501 0.1886
1.0434 0.1105 0.1340
1.0497 -1.1080 0.2382
1.0490 -0.9593 0.2223
1.0652 -0.8150 0.2094
1.0446 0.7813 0.2477
1.0614 0.3423 0.1091
1.0569 -0.6513 0.2328
1.0719 -0.3576 0.2264
1.0566 0.2554 0.1171
1.0550 -0.8777 0.2094
1.0540 -0.7225 0.2162
1.0776 -0.4064 0.2212
1.0601 0.2947 0.1105
1.0530 0.5919 0.1120
1.0669 0.5004 0.1114
1.0620 -0.2578 0.2324
1.0728 -1.1699 0.2916
1.0702 -1.1430 0.2672
1.0720 -0.4364 0.2136
1.0874 0.4561 0.1288
1.0788 1.0713 0.2036
1.0906 0.4025 0.1370
1.0785 0.6080 0.1372
1.0910 0.3369 0.1331
1.0876 -0.8588 0.2168
1.0938 0.5034 0.1350
1.0915 -0.8805 0.2235
1.0965 0.6541 0.1903
1.1001 -0.1862 0.2686
1.0991 0.1818 0.1777
