points 
 2 
 1 
Tumour[19065]FoxP310NNCodensity
-1.1432 0.6132 0.3762
-1.1265 -0.7592 0.7055
-1.1249 -0.0800 0.3831
-1.1088 0.5301 0.3721
-1.1118 0.5054 0.3911
-1.1087 0.9277 0.3858
-1.0990 -0.0883 0.3541
-1.0970 -0.7577 0.6645
-1.0697 0.6044 0.3343
-1.0633 0.5225 0.3610
-1.0467 0.7244 0.3388
-1.0205 -0.0702 0.2813
-1.0118 -0.1089 0.3048
-1.0071 0.8640 0.3236
-1.0028 -0.7653 0.5609
-0.9980 0.0459 0.2755
-0.9996 1.1173 0.3558
-0.9962 1.2280 0.4706
-0.9926 0.0860 0.2993
-0.9886 0.9732 0.3004
-0.9204 1.0723 0.3004
-0.9094 1.0464 0.2938
-0.9031 0.9177 0.3200
-0.8977 0.1065 0.2755
-0.8829 0.1160 0.2754
-0.8746 -0.7337 0.4659
-0.8476 0.3939 0.3946
-0.8271 -0.0559 0.2623
-0.7977 0.8400 0.4203
-0.7897 0.2702 0.3282
-0.7877 0.6100 0.4942
-0.7639 0.2506 0.3154
-0.7562 -0.0729 0.2525
-0.7411 -0.0429 0.2295
-0.7378 0.2116 0.3039
-0.7321 -0.5698 0.4694
-0.7218 1.2224 0.5265
-0.7003 -0.0502 0.2129
-0.6905 -0.6797 0.3822
-0.6801 0.0001 0.2096
-0.6611 1.0834 0.5083
-0.6451 -0.0143 0.2061
-0.6385 0.3130 0.3619
-0.6017 -1.0220 0.2445
-0.5954 -1.1639 0.2441
-0.5865 -0.7329 0.3136
-0.5865 -0.6670 0.3209
-0.5517 -0.1315 0.3166
-0.5489 0.0320 0.2336
-0.5482 -0.0140 0.2286
-0.5457 -1.1682 0.2057
-0.5390 -1.1797 0.2167
-0.5227 -0.0047 0.2423
-0.5166 -0.7773 0.2877
-0.4989 -0.9954 0.2076
-0.4907 -1.0873 0.1454
-0.4869 -1.0742 0.1470
-0.4823 -1.0508 0.1600
-0.4705 -1.1047 0.1591
-0.4697 0.5244 0.2776
-0.4675 -0.8902 0.2721
-0.4552 -1.1127 0.1768
-0.4501 0.1698 0.1720
-0.4389 0.1231 0.1914
-0.4333 0.4881 0.2234
-0.4275 0.2204 0.1612
-0.4196 -0.5704 0.2569
-0.4061 0.1993 0.1425
-0.4057 0.2485 0.1708
-0.4030 0.5301 0.2115
-0.3967 -0.6690 0.2482
-0.3910 0.1770 0.1445
-0.3919 0.4744 0.1930
-0.3756 -0.8248 0.2296
-0.3670 -0.4223 0.2777
-0.3562 0.2573 0.1765
-0.3534 0.2295 0.1573
-0.3321 -0.5078 0.1940
-0.3355 -0.5225 0.1915
-0.3305 0.5176 0.1670
-0.3282 -0.7007 0.2093
-0.3226 0.4822 0.1654
-0.3187 -0.4774 0.2058
-0.3181 1.2382 0.5629
-0.3101 -0.9067 0.1870
-0.3060 0.1795 0.1945
-0.3032 0.0850 0.2659
-0.3063 1.2414 0.5546
-0.3022 0.5174 0.1693
-0.2889 -0.8033 0.1733
-0.2695 -0.9203 0.1593
-0.2646 0.5035 0.1778
-0.2519 -0.7053 0.1670
-0.2550 0.4295 0.2011
-0.2537 -0.9758 0.1847
-0.2516 -0.6027 0.1914
-0.2523 -0.4548 0.2244
-0.2366 -0.7799 0.1615
-0.2299 1.2470 0.5253
-0.2216 -0.9210 0.1395
-0.2177 -0.6497 0.1670
-0.2047 -0.8216 0.1441
-0.2036 -0.2377 0.3758
-0.2023 -0.9438 0.1490
-0.1992 -0.8079 0.1454
-0.1930 0.3276 0.2402
-0.1864 -1.0856 0.2707
-0.1855 -0.5196 0.2174
-0.1722 1.2421 0.5218
-0.1697 -0.3683 0.2791
-0.1652 -0.9034 0.1497
-0.1644 0.5196 0.1993
-0.1620 -0.8698 0.1494
-0.1616 -0.7152 0.1584
-0.1599 -0.6707 0.1609
-0.1533 -1.0394 0.2241
-0.1458 0.4610 0.1833
-0.1425 0.3036 0.2305
-0.1414 0.2652 0.2345
-0.1239 -0.6334 0.1843
-0.1222 -0.5983 0.1973
-0.1169 -0.8691 0.1899
-0.1198 -0.1772 0.3745
-0.1091 -0.7379 0.1960
-0.1115 0.1403 0.2218
-0.1112 0.5231 0.2089
-0.1011 0.3988 0.1926
-0.0900 -1.0753 0.3053
-0.0815 0.1465 0.2160
-0.0750 0.1155 0.2352
-0.0715 0.5483 0.2255
-0.0715 0.7211 0.4366
-0.0507 -0.4501 0.2014
-0.0399 0.4327 0.1779
-0.0348 0.1389 0.2086
-0.0247 0.4200 0.1776
-0.0226 1.2899 0.5362
-0.0194 0.1238 0.2173
-0.0215 -0.1309 0.3558
-0.0201 -0.4434 0.1852
-0.0200 -0.4094 0.1915
0.0269 -0.5563 0.2021
0.0293 -0.5683 0.2106
0.0299 -0.6304 0.2596
0.0433 0.2486 0.2136
0.0556 0.4314 0.1788
0.0571 0.3562 0.1792
0.0606 -0.1103 0.3426
0.0616 -0.3332 0.2223
0.0669 -0.4935 0.1898
0.0674 -0.4085 0.1765
0.0834 -0.4001 0.1846
0.0850 0.4813 0.2057
0.0880 0.4100 0.1735
0.0924 0.5036 0.2279
0.1054 0.2688 0.1625
0.1099 0.2573 0.1592
0.1093 1.2252 0.5256
0.1144 1.2117 0.5267
0.1265 -0.9619 0.4526
0.1357 -0.3580 0.2242
0.1490 0.1541 0.1730
0.1585 -0.2639 0.2361
0.1716 0.1391 0.1790
0.1802 0.3456 0.1558
0.1838 0.2000 0.1355
0.1961 0.2356 0.1312
0.1955 0.3499 0.1508
0.2019 0.2219 0.1320
0.2119 0.1543 0.1692
0.2170 -0.2063 0.2330
0.2320 -0.1910 0.2411
0.2374 0.3089 0.1274
0.2628 0.2749 0.1441
0.2579 0.3480 0.1363
0.2620 0.4240 0.1947
0.2815 -0.2927 0.2690
0.2825 0.4773 0.2609
0.2871 0.3362 0.1481
0.2895 -0.0795 0.3140
0.2946 1.3048 0.6600
0.3032 0.0836 0.2993
0.3080 -0.9083 0.5037
0.3108 0.3332 0.1726
0.3187 -0.9641 0.4949
0.3362 -0.2187 0.2739
0.3461 -0.2043 0.2787
0.3989 -1.0454 0.5236
0.4269 -1.0950 0.5423
0.4324 1.2178 0.6621
0.4357 0.8924 0.5478
0.4734 -1.0946 0.5573
0.5464 -0.1889 0.3878
0.5491 -0.3050 0.4334
0.5563 0.9245 0.4627
0.5699 0.8004 0.3608
0.6156 0.3992 0.2112
0.6252 -0.1916 0.4658
0.6308 0.4850 0.1736
0.6454 0.4587 0.1639
0.6472 0.3921 0.1902
0.6619 0.5337 0.1599
0.6618 0.5724 0.1724
0.6876 -0.1554 0.5567
0.7010 0.6400 0.1910
0.7045 0.4480 0.1646
0.7120 0.6134 0.1797
0.7146 0.6616 0.2073
0.7152 0.5613 0.1741
0.7402 0.3520 0.1904
0.7434 -1.0991 0.6080
0.7477 0.3740 0.1779
0.7602 0.7187 0.2569
0.7890 0.7854 0.2958
0.8117 0.3582 0.2250
0.8196 0.3778 0.2254
0.8547 0.3536 0.2809
0.8696 0.9741 0.3684
0.8803 -1.1650 0.5975
0.9029 0.8416 0.3096
0.9163 0.8965 0.3131
0.9407 0.9746 0.3641
0.9798 -1.1447 0.5806
0.9942 0.9523 0.3478
1.0813 -0.6034 0.4450
1.0874 0.5208 0.3842
1.1032 -0.6511 0.4593
1.1145 -1.1810 0.5997
1.1236 -0.6005 0.4119
1.1269 0.8402 0.3365
1.1569 -0.5805 0.3945
1.1668 0.6653 0.2959
1.1734 0.7122 0.3051
1.1898 0.4342 0.4090
1.2041 -0.2198 0.3863
1.2055 0.8015 0.3477
1.2169 -0.5763 0.4038
1.2300 -0.9444 0.5374
1.2286 -0.1218 0.4107
1.2296 0.0357 0.4777
1.2333 0.4313 0.4218
1.2472 -1.1654 0.6350
1.2469 -0.2297 0.3810
1.2483 -0.0603 0.4429
1.2540 -0.0207 0.4609
1.2581 -0.5350 0.4182
1.2688 -1.1583 0.6471
1.2791 0.5394 0.3625
1.3021 0.7064 0.3510
1.3057 0.6512 0.3435
1.3138 -0.1823 0.4161
