points 
 2 
 1 
Tumour[19065]CD6810NNCodensity
-1.2567 -1.0749 0.4008
-1.2510 -1.0002 0.4149
-1.2573 -0.5394 0.3144
-1.2570 -0.3723 0.2475
-1.2504 -0.2683 0.2134
-1.2490 0.2966 0.1903
-1.2517 0.3314 0.1694
-1.2552 0.3909 0.1611
-1.2472 0.4671 0.1866
-1.2506 0.5019 0.1971
-1.2554 0.5384 0.2124
-1.2403 0.2644 0.2254
-1.2292 0.5215 0.1996
-1.2331 1.0457 0.5283
-1.2318 -0.5188 0.2797
-1.2278 0.3743 0.1566
-1.2224 -0.1767 0.2262
-1.2208 -0.2278 0.1947
-1.2122 0.2934 0.1906
-1.2100 0.6264 0.2581
-1.1971 -1.2349 0.3867
-1.2006 -0.2724 0.1702
-1.1954 0.3400 0.1707
-1.1893 0.6620 0.2715
-1.1775 -0.0098 0.3494
-1.1695 0.6821 0.2835
-1.1555 -1.2149 0.3455
-1.1478 -0.3820 0.1886
-1.1459 -0.2678 0.1549
-1.1369 -1.0550 0.3222
-1.1250 -1.2876 0.4054
-1.1267 -0.6228 0.3176
-1.1207 -0.4775 0.2226
-1.1137 -0.6586 0.3378
-1.1005 -0.2290 0.1421
-1.0895 -0.4609 0.2102
-1.0933 0.9480 0.3661
-1.0912 0.8066 0.3673
-1.0855 -0.3270 0.1406
-1.0784 -0.1660 0.1612
-1.0579 -0.3480 0.1432
-1.0580 0.3033 0.3039
-1.0583 -0.2827 0.1261
-1.0510 -0.2376 0.1292
-1.0517 -0.1578 0.1595
-1.0481 0.8205 0.3745
-1.0377 -0.3283 0.1361
-1.0302 -0.9886 0.3059
-1.0366 -1.1515 0.3270
-1.0338 -0.1942 0.1459
-1.0316 -0.1289 0.1695
-1.0069 0.5180 0.3746
-0.9913 -0.3504 0.1512
-0.9846 -0.0254 0.1522
-0.9840 -0.8622 0.2166
-0.9786 -0.2680 0.1720
-0.9751 -0.4707 0.2160
-0.9550 -0.3830 0.1710
-0.9492 -0.0256 0.1147
-0.9410 -0.8462 0.1683
-0.9371 -0.0834 0.1360
-0.9334 -0.0509 0.1091
-0.9325 1.1571 0.2965
-0.9284 -0.4406 0.2185
-0.9321 -0.0006 0.1128
-0.9212 1.0157 0.2673
-0.9236 1.1142 0.2551
-0.9086 0.2973 0.2740
-0.9124 1.1039 0.2434
-0.9073 -0.0473 0.1023
-0.9066 -0.4139 0.2209
-0.9013 -0.8381 0.1332
-0.8995 0.0218 0.1144
-0.8914 -1.2459 0.4124
-0.8836 -0.6738 0.2460
-0.8754 -0.8994 0.1577
-0.8728 0.0387 0.1208
-0.8760 -0.8347 0.1250
-0.8701 0.3391 0.2217
-0.8761 -0.0759 0.1344
-0.8654 -0.8701 0.1339
-0.8588 -0.7766 0.1371
-0.8451 0.3144 0.2210
-0.8374 -0.0324 0.1258
-0.8334 -0.7469 0.1563
-0.8339 -0.0056 0.1154
-0.8342 0.0176 0.1151
-0.8354 1.0431 0.2187
-0.8275 -1.2178 0.3791
-0.8232 0.9875 0.2522
-0.8257 -0.7144 0.1915
-0.8273 0.0579 0.1415
-0.8155 0.3497 0.1907
-0.8127 -0.9306 0.2007
-0.8228 -0.8505 0.1442
-0.8184 -0.2726 0.3304
-0.8164 0.4717 0.2208
-0.8090 0.5671 0.2836
-0.8040 -0.7425 0.1806
-0.7836 0.0488 0.1605
-0.7576 0.6713 0.2614
-0.7516 0.4054 0.1805
-0.7459 0.5268 0.2475
-0.7484 1.1330 0.2466
-0.7470 0.0812 0.1991
-0.7407 0.3769 0.1857
-0.7481 1.1539 0.2638
-0.7208 -1.0169 0.2295
-0.7223 -0.0599 0.2216
-0.7214 0.7739 0.2403
-0.7142 -0.8937 0.2427
-0.7063 -0.4457 0.2247
-0.7081 0.3655 0.2139
-0.6882 0.3880 0.2302
-0.6892 0.7636 0.2098
-0.6876 0.9968 0.2373
-0.6783 -0.5108 0.2346
-0.6719 0.6827 0.2179
-0.6843 1.0853 0.2397
-0.6781 -1.0676 0.2073
-0.6588 -0.4393 0.2016
-0.6670 0.1568 0.2254
-0.6593 -0.4793 0.2073
-0.6461 -0.0109 0.2205
-0.6456 -1.1074 0.1913
-0.6348 -0.5010 0.2249
-0.6408 0.9282 0.2324
-0.6434 -1.0409 0.1901
-0.6272 -1.1412 0.1967
-0.6179 -0.9410 0.2516
-0.6142 -0.4391 0.2078
-0.6079 0.9857 0.2237
-0.6055 0.7290 0.1906
-0.5977 -0.1333 0.3017
-0.5959 -0.0117 0.2262
-0.5930 0.7847 0.1825
-0.5917 0.1452 0.1726
-0.5830 -0.3614 0.2500
-0.5788 0.0508 0.2067
-0.5706 0.7232 0.2032
-0.5724 0.2031 0.1825
-0.5576 0.1571 0.1534
-0.5463 0.7681 0.1990
-0.5494 -1.1767 0.1698
-0.5402 -0.9589 0.2393
-0.5368 0.1569 0.1504
-0.5272 0.9695 0.2029
-0.5328 -1.2035 0.1685
-0.5334 -1.1072 0.1732
-0.5289 1.1167 0.2509
-0.5313 -0.1086 0.2901
-0.5201 0.8300 0.2045
-0.5107 -0.5174 0.2922
-0.5147 0.8925 0.2030
-0.4984 0.2201 0.1666
-0.5054 -0.3431 0.2743
-0.4994 -1.2554 0.1647
-0.5012 -1.1042 0.1649
-0.4838 1.0111 0.2092
-0.4920 0.1592 0.1542
-0.4840 1.1375 0.2660
-0.4743 -1.2869 0.1678
-0.4550 -1.2299 0.1404
-0.4534 1.1579 0.2882
-0.4483 0.5863 0.3935
-0.4474 0.3681 0.2988
-0.4295 -0.8518 0.2766
-0.4309 -1.0283 0.1565
-0.4289 -1.1000 0.1398
-0.4215 0.1578 0.1442
-0.4268 0.1935 0.1364
-0.4136 -0.7321 0.2850
-0.4102 -1.0631 0.1394
-0.4190 -1.2915 0.1590
-0.4186 -0.9881 0.1834
-0.4204 0.9113 0.2343
-0.3926 -1.2301 0.1417
-0.4011 -1.1293 0.1453
-0.4121 -0.1469 0.2472
-0.4023 -1.3167 0.1826
-0.4051 1.0179 0.2307
-0.4022 -1.1751 0.1487
-0.3766 -1.0214 0.1739
-0.3753 -0.3222 0.1698
-0.3842 0.2665 0.1577
-0.3816 -0.7282 0.2539
-0.3751 0.7670 0.3151
-0.3494 -0.2448 0.1427
-0.3681 0.1936 0.1043
-0.3558 -1.1513 0.1689
-0.3476 -0.1703 0.1874
-0.3479 0.2113 0.1057
-0.3432 0.1434 0.1124
-0.3435 0.2732 0.1647
-0.3446 -1.2627 0.1635
-0.3392 -0.3807 0.1924
-0.3416 -0.3012 0.1366
-0.3468 0.8948 0.2763
-0.3409 0.1812 0.1011
-0.3274 -0.7123 0.2125
-0.3149 -1.0039 0.2267
-0.3033 -0.2275 0.1314
-0.3179 0.1963 0.1076
-0.3061 -0.2894 0.1245
-0.3038 0.1467 0.1083
-0.2949 0.0848 0.1577
-0.3023 1.1361 0.3126
-0.2831 -0.3241 0.1405
-0.2791 0.1431 0.1162
-0.2727 -1.2821 0.2018
-0.2763 -0.7403 0.1816
-0.2682 -0.2228 0.1410
-0.2757 -0.4057 0.2212
-0.2701 -1.2307 0.1797
-0.2671 0.0339 0.2347
-0.2583 0.3456 0.2212
-0.2556 -0.1920 0.1678
-0.2505 1.0470 0.2840
-0.2484 0.1636 0.1411
-0.2437 -0.3019 0.1588
-0.2277 -0.7896 0.1883
-0.2266 -0.7019 0.1654
-0.2160 -0.9295 0.2896
-0.2192 0.1636 0.1672
-0.2172 -0.8207 0.2098
-0.2063 -0.1681 0.2289
-0.1976 0.2821 0.1616
-0.2057 -1.2144 0.1764
-0.1973 -1.1864 0.1824
-0.1856 0.3494 0.1601
-0.1800 -0.6778 0.1685
-0.1621 -1.2031 0.1776
-0.1535 0.3179 0.1275
-0.1647 0.8910 0.3529
-0.1646 1.1024 0.3250
-0.1512 0.2528 0.1452
-0.1514 -0.7042 0.1649
-0.1434 -0.6692 0.1794
-0.1321 -1.1953 0.1763
-0.1398 -0.3138 0.2744
-0.1357 -0.5073 0.3236
-0.1306 0.9577 0.3203
-0.1239 -0.9500 0.3447
-0.1159 -0.7326 0.1899
-0.1164 0.2530 0.1324
-0.0951 -0.6914 0.1944
-0.1084 1.0925 0.3398
-0.0966 -1.1993 0.1825
-0.0939 0.3774 0.1215
-0.0905 0.1822 0.1666
-0.0856 0.2678 0.1240
-0.0925 0.3581 0.1123
-0.0820 0.3263 0.1115
-0.0647 -1.1693 0.2004
-0.0590 0.4172 0.1445
-0.0570 0.3492 0.1114
-0.0599 -1.3174 0.2450
-0.0496 0.1894 0.1503
-0.0422 0.3885 0.1195
-0.0215 1.1236 0.3946
-0.0230 0.2323 0.1370
-0.0192 -0.1446 0.3926
-0.0165 0.3047 0.1290
-0.0044 -0.0642 0.3913
-0.0063 0.1223 0.2303
0.0038 0.4249 0.1507
0.0075 0.1641 0.1912
0.0166 -1.2652 0.1941
0.0155 -0.6328 0.2503
0.0226 0.2703 0.1604
0.0308 -1.2018 0.1854
0.0310 0.3050 0.1565
0.0267 0.4032 0.1470
0.0515 -0.6340 0.2677
0.0443 0.8362 0.3159
0.0509 -0.6118 0.2729
0.0588 -1.3062 0.2350
0.0806 -1.0754 0.2465
0.0844 0.4412 0.1602
0.0828 -1.2123 0.1920
0.0851 0.4964 0.1450
0.0859 0.5375 0.1562
0.1043 0.3682 0.1986
0.1260 -1.2841 0.2567
0.1048 0.5244 0.1416
0.1127 0.9185 0.2790
0.1189 -1.0914 0.2388
0.1241 0.6869 0.1896
0.1349 -0.8960 0.3216
0.1477 0.5969 0.1399
0.1389 -1.1917 0.2261
0.1339 0.5344 0.1334
0.1595 0.8798 0.2246
0.1851 0.4819 0.1637
0.1792 -0.9703 0.2778
0.1806 0.5509 0.1355
0.1863 0.6580 0.1235
0.1818 -1.0184 0.2623
0.1840 -0.8402 0.3253
0.1905 -0.6482 0.2943
0.1923 0.6998 0.1292
0.1997 -0.2245 0.3711
0.2020 -0.4247 0.2974
0.2119 0.6369 0.1188
0.2284 -0.5900 0.2780
0.2255 0.5834 0.1393
0.2193 0.9580 0.2206
0.2539 0.6798 0.1131
0.2319 0.7067 0.1124
0.2299 0.7467 0.1265
0.2447 0.3460 0.2883
0.2406 0.4129 0.2225
0.2544 0.7754 0.1282
0.2546 0.0669 0.4339
0.2645 0.6005 0.1416
0.2770 0.8971 0.1652
0.2782 0.4297 0.2400
0.2760 1.0248 0.2245
0.2999 0.7133 0.1194
0.3056 0.6395 0.1388
0.2956 0.7493 0.1154
0.3116 0.8238 0.1260
0.3091 0.7749 0.1161
0.3075 0.8708 0.1424
0.3143 0.9284 0.1535
0.3154 -0.7720 0.3376
0.3179 -0.4354 0.1862
0.3219 -0.4897 0.1967
0.3283 -1.1385 0.2690
0.3270 0.6210 0.1531
0.3306 -0.2856 0.2292
0.3545 0.7614 0.1278
0.3539 -0.4025 0.1513
0.3730 -0.9394 0.2782
0.3766 -1.1002 0.2156
0.3713 0.8367 0.1258
0.3732 -0.3999 0.1409
0.3766 -0.3669 0.1509
0.3852 0.8099 0.1283
0.3816 1.0939 0.2279
0.3932 0.6942 0.1562
0.3907 1.0419 0.1724
0.3996 -0.6161 0.2381
0.4056 -0.2412 0.2415
0.4007 0.9328 0.1166
0.4039 0.9553 0.1217
0.4137 0.5061 0.2503
0.4040 0.6074 0.1693
0.4112 -0.5930 0.2170
0.4240 -0.1256 0.2769
0.4107 0.8993 0.1149
0.4262 0.6551 0.1625
0.4221 0.9860 0.1305
0.4150 -1.0189 0.2014
0.4223 -0.5593 0.1858
0.4237 -0.3262 0.1689
0.4314 0.7757 0.1427
0.4213 0.8663 0.1208
0.4519 -1.1130 0.1587
0.4376 -0.0716 0.2721
0.4316 0.9400 0.1162
0.4347 -0.5361 0.1726
0.4614 0.5945 0.1736
0.4403 0.0495 0.2700
0.4436 -1.2260 0.2551
0.4538 -0.4393 0.1341
0.4641 -0.4641 0.1495
0.4779 1.0360 0.1507
0.4726 -0.3997 0.1405
0.4848 0.7474 0.1681
0.4739 0.9174 0.1224
0.4819 -0.4263 0.1453
0.4828 0.1670 0.3284
0.4847 0.8091 0.1373
0.4872 -0.9463 0.2200
0.4926 -1.1393 0.1569
0.5102 0.6280 0.1659
0.4950 -1.0906 0.1476
0.5066 0.8857 0.1332
0.4997 -0.3990 0.1599
0.4988 0.8340 0.1322
0.5140 1.0125 0.1478
0.5284 -1.0908 0.1500
0.5303 -0.9499 0.2154
0.5348 -0.1052 0.2356
0.5344 0.1140 0.2601
0.5409 0.5989 0.1869
0.5405 1.0405 0.1467
0.5801 -0.3269 0.2032
0.5487 0.8050 0.1734
0.5452 0.9165 0.1651
0.5520 1.0631 0.1515
0.5593 -1.1333 0.1828
0.5590 -1.0842 0.1691
0.5542 -0.9050 0.2540
0.5672 -0.1907 0.1923
0.5724 0.6560 0.1805
0.5873 1.0479 0.1347
0.5932 0.6180 0.1934
0.5901 -1.1123 0.1940
0.5943 0.0019 0.2306
0.5950 0.0554 0.2240
0.5939 0.8728 0.1989
0.5964 -0.2479 0.1530
0.5995 0.0278 0.2237
0.6217 -0.2719 0.1424
0.6198 -0.7698 0.2882
0.6520 -0.5715 0.3076
0.6343 0.6771 0.1858
0.6323 1.0864 0.1319
0.6427 1.0378 0.1259
0.6481 -0.2111 0.1124
0.6483 0.1682 0.2972
0.6580 -0.9329 0.2452
0.6604 1.0188 0.1388
0.6765 -0.6777 0.2845
0.6642 1.0574 0.1214
0.6711 1.1532 0.1742
0.6680 -0.2157 0.1026
0.7048 -0.2496 0.1061
0.6884 -0.2010 0.0994
0.6958 0.9870 0.1668
0.6993 0.6792 0.1597
0.7071 -0.2900 0.1434
0.7045 -0.6290 0.2829
0.7186 1.1018 0.1355
0.7084 1.1465 0.1630
0.7172 -0.2171 0.0936
0.7176 -0.1664 0.1135
0.7194 0.8902 0.2142
0.7335 0.6529 0.1280
0.7248 -0.1884 0.0978
0.7321 -1.0357 0.2341
0.7335 -0.1370 0.1506
0.7584 0.6182 0.1114
0.7477 -1.1529 0.2950
0.7474 0.0156 0.2040
0.7563 0.5543 0.1378
0.7492 0.6971 0.1424
0.7483 1.0494 0.1593
0.7549 -1.0104 0.2284
0.7647 -0.2766 0.1399
0.7814 0.6780 0.1230
0.7619 0.8909 0.1948
0.7733 -0.8203 0.2257
0.7745 1.1092 0.1752
0.7717 -0.7940 0.2335
0.7704 0.5775 0.1123
0.7835 -0.2012 0.1243
0.7920 -0.9820 0.2187
0.7847 -0.4339 0.3031
0.7955 -0.5415 0.3233
0.7933 -0.2277 0.1273
0.7961 0.5630 0.1091
0.7925 0.6053 0.1040
0.8005 -0.0176 0.1897
0.8048 1.1612 0.2231
0.8000 -1.2991 0.4077
0.8023 0.0266 0.1853
0.8275 -0.2369 0.1386
0.8162 -0.0017 0.1830
0.8278 0.7429 0.1454
0.8184 -0.7983 0.2414
0.8247 -0.9411 0.2189
0.8340 0.6933 0.1327
0.8288 -0.8964 0.2129
0.8331 0.5576 0.1112
0.8269 0.8705 0.1581
0.8421 0.9192 0.1589
0.8410 0.1128 0.2171
0.8540 0.5363 0.1365
0.8488 0.0427 0.1834
0.8470 0.5958 0.1143
0.8539 1.0086 0.1724
0.8592 0.4768 0.2105
0.8645 0.6568 0.1366
0.8744 0.7363 0.1274
0.8649 0.7858 0.1329
0.8512 0.8597 0.1500
0.8634 0.1581 0.2614
0.8836 0.6045 0.1459
0.8753 -0.2645 0.1356
0.9074 1.0257 0.1693
0.8948 -0.2111 0.1269
0.8929 -0.5988 0.3354
0.9055 0.7705 0.1165
0.8974 0.9402 0.1656
0.8992 -1.3128 0.4374
0.9260 0.8209 0.1269
0.9104 1.0699 0.1814
0.9180 0.9710 0.1671
0.9215 -1.1112 0.3345
0.9233 -0.1940 0.1382
0.9255 -0.2217 0.1246
0.9294 -0.2736 0.1409
0.9321 -0.0824 0.2290
0.9468 0.7918 0.1114
0.9422 0.1436 0.2804
0.9485 -0.3214 0.1982
0.9449 0.6922 0.1576
0.9538 -0.2144 0.1391
0.9574 -0.0202 0.2542
0.9624 1.0900 0.2022
0.9688 -1.2136 0.3822
0.9718 0.7678 0.1173
0.9825 0.8113 0.1240
0.9750 -0.7929 0.2540
0.9752 1.0603 0.1852
0.9833 -0.2549 0.1616
0.9802 0.7411 0.1320
0.9860 0.3435 0.4101
0.9896 -0.8421 0.2620
1.0197 0.8168 0.1366
1.0164 0.8633 0.1616
1.0096 -0.4896 0.3572
1.0505 0.7010 0.1986
1.0523 -0.8094 0.2734
1.0668 -0.7610 0.2773
1.0757 0.8446 0.1818
1.0832 1.0380 0.2069
1.0839 -0.1859 0.2253
1.0823 0.9320 0.2148
1.0834 1.0791 0.2160
1.0962 -0.7413 0.2897
1.0945 0.0589 0.3881
1.1198 -0.6331 0.3313
1.1201 0.7860 0.2036
1.1277 -0.2164 0.2539
1.1383 1.0150 0.2365
1.1388 -0.1666 0.2773
1.1388 0.6538 0.2850
1.1397 0.5030 0.4229
1.1599 -1.2573 0.5553
1.1772 1.0445 0.2787
1.1834 1.1734 0.3788
1.1933 -0.1946 0.3321
1.1928 -0.9029 0.4425
1.1986 0.7578 0.2983
1.2179 -0.3998 0.3985
1.2223 -1.2124 0.5931
1.2221 -0.5300 0.4479
