points 
 2 
 1 
Tumour[19065]FoxP310NNCodensity
-0.9926 0.6408 0.4190
-0.9853 0.9671 0.3348
-0.9708 0.9764 0.3276
-0.9694 1.0129 0.3568
-0.9481 0.6243 0.3852
-0.9428 0.7912 0.3364
-0.9183 -0.5084 0.3507
-0.9146 0.8500 0.3059
-0.9000 -0.6413 0.3339
-0.8849 -0.3139 0.4716
-0.8760 -0.4792 0.3287
-0.8527 0.4864 0.3168
-0.8451 -0.6506 0.2818
-0.8335 0.1633 0.3470
-0.8324 0.2539 0.3202
-0.8251 0.5153 0.2992
-0.8159 0.9237 0.3130
-0.8115 1.0762 0.3892
-0.7959 -0.6241 0.2450
-0.7917 0.9764 0.3269
-0.7800 0.3748 0.2759
-0.7316 -0.6521 0.2315
-0.7187 -0.3130 0.3644
-0.7185 0.2213 0.2387
-0.7151 -0.6579 0.2311
-0.7136 0.2376 0.2399
-0.6987 -1.3988 0.8543
-0.6794 0.5368 0.2449
-0.6809 -1.3755 0.8112
-0.6796 0.2249 0.2378
-0.6791 0.4318 0.2540
-0.6605 0.5593 0.2490
-0.6540 -0.6127 0.2248
-0.6402 -0.7069 0.2523
-0.6266 0.0076 0.3464
-0.6060 0.9461 0.3923
-0.6052 -0.3546 0.2874
-0.5996 0.5841 0.2567
-0.5823 0.1591 0.2611
-0.5743 0.5043 0.2483
-0.5707 0.0762 0.2927
-0.5702 0.0891 0.2818
-0.5649 -0.3890 0.2655
-0.5630 0.1056 0.2796
-0.5610 -0.5714 0.2401
-0.5595 0.4162 0.2909
-0.5501 -0.6997 0.2600
-0.5519 -0.3852 0.2717
-0.5482 0.7748 0.3902
-0.5451 -0.5281 0.2414
-0.5339 -0.5019 0.2479
-0.5279 -0.3483 0.3224
-0.5078 0.5770 0.2756
-0.4964 -0.7587 0.2971
-0.4723 -1.0357 0.3617
-0.4659 1.0163 0.4049
-0.4638 0.9787 0.3891
-0.4423 -0.8334 0.2837
-0.4266 1.0304 0.4218
-0.4215 -0.9702 0.2820
-0.4158 0.4923 0.3425
-0.4088 -0.8756 0.2641
-0.3851 -1.0824 0.3448
-0.3793 0.6174 0.3115
-0.3140 -0.8357 0.2601
-0.3013 -1.1092 0.3709
-0.2847 0.8224 0.2977
-0.2750 -0.9078 0.2394
-0.2482 0.7011 0.2186
-0.2379 0.8566 0.3113
-0.2308 0.5979 0.2660
-0.2026 -0.8428 0.2762
-0.1952 0.7311 0.2074
-0.1919 0.6538 0.2141
-0.1793 -0.8291 0.2996
-0.1665 0.6613 0.2157
-0.1600 -0.9304 0.2802
-0.1558 -0.9502 0.2888
-0.1499 0.8577 0.2965
-0.1082 0.6485 0.2349
-0.0613 1.0548 0.5000
-0.0399 0.6865 0.2580
0.0085 0.9697 0.4216
0.0102 -0.8998 0.4244
0.0252 0.5565 0.3284
0.0701 -1.0066 0.4607
0.0716 0.7699 0.3019
0.0735 0.7126 0.2733
0.1077 -1.2114 0.6043
0.1409 0.8087 0.3341
0.1926 -1.1838 0.6132
0.2002 0.5758 0.1834
0.2241 0.6842 0.2332
0.2340 0.5870 0.1602
0.2347 0.5532 0.1604
0.2538 0.5820 0.1502
0.2525 0.4645 0.2260
0.2948 0.4677 0.2233
0.3071 0.5187 0.1764
0.3402 0.5839 0.1805
0.3532 0.5978 0.1968
0.3715 0.7929 0.2440
0.3900 0.6947 0.2462
0.3976 0.8800 0.2379
0.4179 -0.8306 0.4097
0.4421 -1.0480 0.5103
0.4473 0.8314 0.1852
0.4686 0.8088 0.1786
0.4800 0.9193 0.2182
0.4893 0.9921 0.3091
0.5070 -0.0512 0.7587
0.5111 0.8872 0.1946
0.5364 0.7099 0.2387
0.5578 -0.2880 0.4327
0.5625 0.7816 0.2081
0.5658 -0.5792 0.2738
0.5914 -0.9409 0.3084
0.5936 0.6018 0.3723
0.5992 0.7929 0.2336
0.6053 -0.7009 0.1754
0.6223 -0.4646 0.2683
0.6198 -0.3227 0.3641
0.6221 0.8124 0.2571
0.6254 -0.7078 0.1549
0.6442 -0.6945 0.1544
0.6467 -0.7373 0.1435
0.6507 -0.7943 0.1697
0.6608 -0.7363 0.1403
0.6833 -0.8502 0.1998
0.7016 -0.4334 0.2532
0.7055 -0.6616 0.1995
0.7068 -0.4964 0.2328
0.7160 -0.7781 0.1664
0.7470 -0.9395 0.2042
0.7483 -0.4571 0.2570
0.7567 1.0493 0.3976
0.7667 -1.1314 0.3475
0.7722 -1.1674 0.3831
0.7893 -0.9181 0.1858
0.7910 -0.9467 0.2033
0.7934 -0.9621 0.2163
0.7955 -0.4964 0.2809
0.7990 0.9820 0.3369
0.8074 0.9841 0.3385
0.8249 -0.7777 0.2127
0.8306 -0.7557 0.2271
0.8441 -0.5234 0.3193
0.8506 -0.9050 0.2183
0.8519 -0.7821 0.2326
0.9301 -1.1097 0.4038
0.9369 0.9497 0.3858
0.9557 0.8507 0.3967
0.9655 -1.3890 0.6950
0.9886 0.8512 0.4188
1.0095 0.9063 0.4289
1.1066 -0.7995 0.5033
1.2141 -1.3657 0.8679
1.2415 -0.7390 0.7022
1.3424 0.8855 0.8669
1.4917 0.3700 1.3686
