points 
 2 
 1 
Tumour[19065]CD810NNCodensity
-1.1048 -0.8091 0.1713
-1.1073 -0.7214 0.1678
-1.1123 0.2966 0.5069
-1.0972 1.2967 0.9026
-1.1010 -0.9271 0.2482
-1.1044 -0.1813 0.2112
-1.0922 -0.3159 0.2160
-1.0930 -0.0785 0.2149
-1.0776 -0.8359 0.1602
-1.0788 -0.7249 0.1447
-1.0752 -0.1251 0.1875
-1.0657 -0.6899 0.1480
-1.0648 -0.3707 0.2011
-1.0688 -0.3427 0.2015
-1.0682 -0.0988 0.1853
-1.0649 -0.6639 0.1702
-1.0539 -0.4204 0.2066
-1.0506 0.5998 0.4879
-1.0409 -0.7156 0.1395
-1.0408 -0.8683 0.1645
-1.0236 -0.8277 0.1538
-1.0260 -1.1613 0.4682
-1.0172 -0.9403 0.2249
-1.0179 -0.4097 0.1796
-1.0200 -0.2095 0.2025
-1.0115 -0.4336 0.1846
-1.0063 -0.6518 0.1783
-1.0085 -0.1627 0.1837
-1.0150 -0.1163 0.1710
-0.9762 -0.8525 0.1677
-0.9792 0.0598 0.2378
-0.9726 0.1179 0.2781
-0.9689 -0.6371 0.1999
-0.9486 -0.0274 0.2014
-0.9677 0.7128 0.3948
-0.9399 -0.4381 0.1757
-0.9471 0.0954 0.2528
-0.9408 -0.7525 0.1895
-0.9355 0.4416 0.4262
-0.9066 -0.0457 0.1889
-0.9173 -0.8312 0.1797
-0.9074 -1.1067 0.3627
-0.9120 0.2384 0.3738
-0.8907 -0.8587 0.1855
-0.8777 -0.4597 0.1609
-0.8825 0.7024 0.3194
-0.8637 -0.1299 0.2039
-0.8611 -0.6428 0.2484
-0.8551 -0.4787 0.1676
-0.8557 -0.7020 0.2277
-0.8543 -0.4472 0.1475
-0.8524 -0.3552 0.1663
-0.8471 -0.3226 0.1974
-0.8339 -0.0075 0.1729
-0.8291 -0.1223 0.2010
-0.8234 -0.3861 0.1403
-0.8176 -0.8679 0.2018
-0.8185 -0.5337 0.2164
-0.8003 -0.8235 0.2030
-0.8102 0.8659 0.3323
-0.7904 -0.0691 0.1809
-0.7547 -0.8794 0.2165
-0.7676 -1.0157 0.2176
-0.7728 -0.8134 0.2264
-0.7673 -0.0425 0.1820
-0.7692 -0.0206 0.1804
-0.7664 0.0019 0.1922
-0.7583 -0.3872 0.1567
-0.7559 0.5971 0.2434
-0.7458 -0.4404 0.1770
-0.7354 0.8226 0.2532
-0.7342 -0.3572 0.1920
-0.7306 -0.3816 0.1837
-0.7306 0.5615 0.2384
-0.7241 -1.0384 0.1767
-0.7146 0.7530 0.2223
-0.7043 -1.1652 0.2295
-0.6974 0.5686 0.2053
-0.6740 -1.0248 0.1405
-0.6766 0.8138 0.2137
-0.6573 -0.9843 0.1539
-0.6725 1.0339 0.2426
-0.6662 0.0698 0.2710
-0.6501 -1.0874 0.1420
-0.6482 0.2875 0.3552
-0.6489 1.0438 0.2142
-0.6387 -1.1396 0.1692
-0.6406 -1.0173 0.1352
-0.6463 0.5760 0.1792
-0.6292 -0.2149 0.2893
-0.6284 0.6796 0.1596
-0.6111 -1.0531 0.1329
-0.6001 0.0870 0.2850
-0.6002 1.2356 0.2422
-0.5907 -1.1301 0.1621
-0.5961 1.1958 0.2127
-0.5902 0.6440 0.1463
-0.5923 0.6989 0.1515
-0.5798 -0.1410 0.2684
-0.5641 -0.9851 0.1379
-0.5753 0.7510 0.1691
-0.5815 -0.9621 0.1531
-0.5744 0.6912 0.1446
-0.5658 0.8864 0.2244
-0.5583 1.0119 0.1673
-0.5673 1.0734 0.1690
-0.5658 0.5635 0.1706
-0.5556 0.9684 0.1776
-0.5620 0.4487 0.2317
-0.5527 -0.1890 0.2850
-0.5319 0.6782 0.1392
-0.5576 0.8349 0.2204
-0.5549 1.2929 0.2988
-0.5489 0.1676 0.2822
-0.5518 0.4885 0.2021
-0.5389 -1.1742 0.1997
-0.5349 -1.0900 0.1568
-0.5363 1.0962 0.1799
-0.5383 1.2347 0.2308
-0.5181 -0.9648 0.1464
-0.5295 -0.0451 0.2411
-0.5126 1.0327 0.1805
-0.4961 -1.0324 0.1440
-0.4995 -0.2776 0.3527
-0.5019 1.2485 0.2596
-0.4877 -0.9848 0.1308
-0.4902 1.0372 0.2010
-0.4871 -0.7902 0.3124
-0.4879 -0.6837 0.4590
-0.4839 0.5770 0.1337
-0.4813 -1.0762 0.1646
-0.4798 0.5426 0.1431
-0.4699 -0.0932 0.2400
-0.4709 0.6344 0.1337
-0.4669 -0.9461 0.1491
-0.4646 0.6680 0.1570
-0.4647 0.2853 0.2621
-0.4571 0.3778 0.2185
-0.4443 -1.1743 0.2176
-0.4481 0.6174 0.1212
-0.4379 0.2471 0.2619
-0.4318 0.8933 0.2985
-0.4243 0.4922 0.1538
-0.4242 0.0472 0.2270
-0.4119 0.6120 0.1163
-0.4115 0.0807 0.2356
-0.4107 -0.0397 0.2266
-0.4089 -1.1323 0.1933
-0.4086 -0.9407 0.1604
-0.3994 -0.9671 0.1441
-0.3976 0.5700 0.1082
-0.3922 -0.9928 0.1429
-0.3898 0.3572 0.2489
-0.3899 0.4485 0.1843
-0.3912 0.5496 0.1125
-0.3711 -0.0597 0.2439
-0.3662 -1.1457 0.2147
-0.3623 0.5823 0.1190
-0.3579 -1.0278 0.1544
-0.3547 0.5217 0.1407
-0.3382 0.5695 0.1321
-0.3291 0.6496 0.1721
-0.3226 0.1322 0.2542
-0.3062 -0.9791 0.1400
-0.2824 0.1500 0.2681
-0.2855 -1.0224 0.1447
-0.2826 1.3123 0.4965
-0.2804 -0.9811 0.1436
-0.2682 -0.0200 0.2647
-0.2733 0.5811 0.1840
-0.2654 -1.1451 0.2295
-0.2501 0.6797 0.2292
-0.2505 -1.0299 0.1553
-0.2455 -0.0103 0.2717
-0.2425 -0.9742 0.1661
-0.2108 0.2534 0.3246
-0.2052 -0.9691 0.1869
-0.1984 -1.1485 0.2488
-0.1706 -0.6240 0.3740
-0.1723 -0.7178 0.3131
-0.1668 0.5151 0.2361
-0.1660 0.6782 0.1939
-0.1484 -0.6036 0.3806
-0.1490 1.2802 0.6000
-0.1374 -0.6907 0.3228
-0.1449 -0.2220 0.2443
-0.1363 -0.8428 0.2654
-0.1192 0.1244 0.2689
-0.1253 0.6960 0.1841
-0.1197 0.5616 0.1773
-0.1191 -1.0184 0.2261
-0.1036 0.4415 0.2647
-0.0985 -1.1398 0.2992
-0.0933 0.6003 0.1475
-0.0880 0.6664 0.1535
-0.0861 0.0847 0.2644
-0.0736 -0.1621 0.1383
-0.0678 -0.1927 0.1408
-0.0696 -1.0275 0.2518
-0.0634 0.2668 0.3074
-0.0471 0.6317 0.1499
-0.0396 0.5953 0.1610
-0.0389 -0.1316 0.1218
-0.0360 -0.3558 0.2864
-0.0270 -0.1623 0.1103
-0.0257 0.6345 0.1653
-0.0215 -0.0965 0.1400
-0.0144 -0.2479 0.1699
-0.0060 -0.1393 0.1115
-0.0126 0.6709 0.1994
0.0036 -0.0163 0.2070
-0.0074 -0.9035 0.2494
-0.0076 -0.8754 0.2634
-0.0025 0.1462 0.2487
-0.0029 0.4209 0.2897
0.0147 -0.1632 0.1125
0.0123 -0.8255 0.2938
0.0328 0.4684 0.2734
0.0568 -0.1823 0.1358
0.0613 0.0878 0.2364
0.0589 -0.1458 0.1434
0.0660 -0.0022 0.2260
0.0894 -1.0280 0.2184
0.0868 -0.2388 0.1685
0.1003 0.1696 0.2800
0.0974 1.2714 0.5192
0.1020 -0.3140 0.2345
0.1062 -0.4944 0.3638
0.1119 -0.2728 0.2057
0.1224 0.0855 0.2521
0.1322 -0.1602 0.1989
0.1557 -0.9842 0.1749
0.1633 -1.0253 0.1925
0.1721 -0.9612 0.1775
0.1774 0.5752 0.3250
0.1938 -1.1234 0.3106
0.2059 -1.0157 0.2010
0.2034 1.0078 0.3685
0.2037 1.0749 0.3706
0.2128 -0.9680 0.1937
0.2175 -0.8148 0.3285
0.2173 1.2413 0.4420
0.2270 -0.9511 0.2130
0.2266 -0.1480 0.2259
0.2242 0.4537 0.2671
0.2569 -0.4313 0.2392
0.2653 0.1741 0.3261
0.2681 0.0154 0.2485
0.2745 -0.3832 0.2344
0.2950 0.4545 0.2101
0.3100 -0.1853 0.1825
0.3093 -0.1398 0.1622
0.3105 -0.4674 0.2530
0.3240 -0.0886 0.1642
0.3164 0.0669 0.2617
0.3340 -0.5775 0.3590
0.3338 -0.3797 0.2260
0.3433 0.4064 0.1982
0.3453 0.4381 0.1883
0.3432 0.9304 0.2486
0.3495 0.3704 0.2247
0.3523 0.7646 0.2313
0.3528 -0.4209 0.2367
0.3579 -0.1020 0.1549
0.3572 0.8322 0.1911
0.3584 1.1937 0.3830
0.3608 -0.0510 0.1855
0.3628 0.5931 0.2662
0.3704 0.5496 0.2325
0.3714 0.8738 0.1870
0.3719 -0.2254 0.2055
0.3840 -0.2066 0.1943
0.3785 1.1042 0.3402
0.3954 -0.1250 0.1684
0.4136 -0.4293 0.2719
0.4175 0.3773 0.2180
0.4185 0.8129 0.1518
0.4444 0.7821 0.1603
0.4503 1.2777 0.4420
0.4583 0.4941 0.2203
0.4600 0.1623 0.2502
0.4633 0.0637 0.2267
0.4787 0.9020 0.1628
0.4788 -0.1063 0.2175
0.4942 0.8109 0.1391
0.5002 0.5062 0.2534
0.5070 0.3285 0.2288
0.5089 0.8716 0.1314
0.5171 0.0294 0.2162
0.5124 0.1939 0.2343
0.5197 0.7959 0.1503
0.5256 0.8525 0.1233
0.5491 -0.0496 0.2087
0.5496 0.2328 0.2364
0.5643 0.9015 0.1642
0.5629 -0.0187 0.2096
0.5583 0.2773 0.2486
0.5628 0.5822 0.3037
0.5629 0.8438 0.1402
0.5829 0.0247 0.2227
0.5979 0.3161 0.2690
0.6056 -0.4722 0.3843
0.6053 0.9231 0.1967
0.6298 0.8239 0.2155
0.6399 -0.1215 0.2639
0.6468 0.6274 0.3200
0.6609 1.0780 0.1943
0.6771 1.0505 0.1864
0.6754 1.1068 0.1886
0.7036 -0.1268 0.2765
0.7012 0.6553 0.3416
0.7002 1.1439 0.1896
0.7094 -0.4957 0.3729
0.7110 0.0049 0.2775
0.7128 1.1970 0.2244
0.7187 -1.1522 0.5637
0.7389 0.9655 0.2077
0.7406 1.0177 0.1792
0.7509 0.2206 0.2953
0.7534 -0.3259 0.3320
0.7591 -0.4818 0.3631
0.7747 1.1694 0.1972
0.7820 1.2481 0.2735
0.7816 -0.2434 0.3406
0.8005 0.2907 0.3164
0.8000 0.9880 0.1973
0.8127 -0.2145 0.3353
0.8109 0.0512 0.2916
0.8412 -0.5598 0.4031
0.8427 1.0831 0.2011
0.8443 0.9358 0.2547
0.8473 0.2255 0.2857
0.8550 0.6393 0.4000
0.8661 1.0637 0.2062
0.8674 -0.5106 0.3945
0.8811 0.1278 0.2584
0.8955 0.9151 0.2945
0.8978 0.4890 0.3983
0.9066 1.1381 0.2283
0.9129 0.3506 0.3417
0.9142 0.0029 0.2759
0.9282 -0.9633 0.2753
0.9421 -1.1479 0.2912
0.9510 1.1523 0.2436
0.9481 -1.0031 0.2424
0.9742 0.5912 0.4031
0.9917 0.1120 0.2768
1.0010 1.2531 0.3110
1.0045 -0.0097 0.2607
1.0116 -0.8715 0.2699
1.0172 -0.1190 0.3109
1.0197 0.1536 0.2936
1.0267 -1.1590 0.2370
1.0331 -0.8616 0.2702
1.0464 -1.1127 0.1942
1.0422 1.1157 0.2794
1.0577 -0.9207 0.2362
1.0614 -0.1354 0.3148
1.0756 -1.0798 0.1827
1.0853 0.9732 0.3448
1.0853 1.1562 0.2973
1.0897 -0.6504 0.4324
1.0957 -1.0477 0.1938
1.0929 -0.7466 0.3732
1.0926 0.2843 0.4063
1.1096 -1.1061 0.1899
1.1222 0.7598 0.3661
1.1182 -0.0227 0.2614
1.1598 1.2922 0.4379
1.1728 0.9114 0.4205
1.1853 -1.1516 0.2404
1.1873 -1.1012 0.2075
1.1898 0.7083 0.3322
1.2082 -0.9663 0.2551
1.2079 -0.0169 0.2309
1.2176 -0.1036 0.2387
1.2246 0.5999 0.3228
1.2432 0.1144 0.2983
1.2448 1.2650 0.5029
1.2563 0.5247 0.3432
1.2578 -0.4394 0.5454
1.2670 0.6269 0.3324
1.2819 -1.0876 0.2756
1.2796 -0.2181 0.3108
1.2950 -1.0000 0.2849
1.3107 -0.0156 0.2088
1.3180 0.5491 0.3636
1.3160 0.0895 0.2870
1.3318 -0.0205 0.2152
1.3347 -0.9585 0.3415
1.3486 -0.7731 0.4789
1.3466 -0.0433 0.2226
1.3459 -0.0995 0.2413
1.3584 -0.2249 0.3520
1.3663 0.6005 0.4061
1.3815 0.2878 0.4793
