points 
 2 
 1 
Tumour[19065]CD6810NNCodensity
-1.1947 -1.1872 0.2050
-1.1962 -0.2142 0.1504
-1.1944 -0.0337 0.1859
-1.1969 0.1552 0.2279
-1.1890 0.7693 0.2428
-1.1845 0.9497 0.2936
-1.1845 -1.0168 0.2030
-1.1867 -0.6848 0.3351
-1.1801 -0.3694 0.2775
-1.1814 -0.2538 0.1498
-1.1809 -0.9386 0.1819
-1.1728 -0.2890 0.1733
-1.1792 -0.1556 0.1384
-1.1747 -0.0761 0.1602
-1.1608 0.7376 0.2142
-1.1638 -0.8982 0.1752
-1.1589 -1.2263 0.1896
-1.1482 -1.1706 0.1602
-1.1516 -0.1172 0.1435
-1.1530 -0.2603 0.1476
-1.1488 0.0150 0.1617
-1.1286 0.7881 0.1944
-1.1473 0.1182 0.1533
-1.1388 -1.1922 0.1620
-1.1409 -1.3508 0.2911
-1.1217 -1.1049 0.1611
-1.1347 -0.9111 0.1509
-1.1412 -0.1688 0.1311
-1.1313 0.0327 0.1504
-1.1406 0.6524 0.2366
-1.1194 0.0934 0.1332
-1.1262 -0.1348 0.1416
-1.1179 0.0625 0.1365
-1.1244 0.9971 0.2897
-1.1195 -0.7463 0.2505
-1.1077 -1.0508 0.1683
-1.1113 -0.8950 0.1543
-1.1098 -0.2940 0.1886
-1.1084 0.4689 0.4032
-1.1078 1.0348 0.3209
-1.0927 0.1377 0.1445
-1.0881 -1.2339 0.1768
-1.1027 -0.9116 0.1451
-1.0962 -0.1552 0.1571
-1.0816 1.0755 0.3545
-1.0880 0.7086 0.1777
-1.0709 0.1125 0.1395
-1.0766 0.7830 0.1758
-1.0648 -0.9643 0.1547
-1.0615 -1.0999 0.1547
-1.0494 -0.5477 0.3248
-1.0484 -0.6644 0.2870
-1.0480 -0.8717 0.1876
-1.0414 0.8750 0.2302
-1.0342 0.1320 0.1513
-1.0283 -1.0189 0.1655
-1.0175 -1.1515 0.1809
-1.0177 -1.1067 0.1754
-0.9898 -1.0355 0.1773
-1.0227 0.6078 0.2147
-1.0114 -0.0852 0.2403
-1.0006 0.7161 0.1568
-1.0035 -1.2723 0.2029
-1.0115 -0.7507 0.2725
-0.9996 -0.2293 0.2098
-0.9989 0.0007 0.2356
-0.9914 0.1527 0.1597
-0.9887 0.8419 0.1895
-0.9696 -1.2575 0.1980
-0.9769 0.7017 0.1466
-0.9711 -0.9562 0.2106
-0.9616 -1.3518 0.2223
-0.9648 0.1638 0.1582
-0.9487 -0.2940 0.2155
-0.9471 0.7333 0.1277
-0.9414 -0.3669 0.2477
-0.9414 0.1700 0.1549
-0.9170 0.5612 0.2129
-0.9265 -1.3516 0.2202
-0.9292 -0.2459 0.2119
-0.9331 0.8359 0.1764
-0.9104 0.7506 0.1167
-0.9139 0.1838 0.1489
-0.9218 0.6621 0.1380
-0.9207 -0.3234 0.2306
-0.9027 0.7838 0.1311
-0.8732 0.7369 0.1171
-0.8986 -1.3599 0.2258
-0.8863 0.6790 0.1325
-0.8955 -0.6706 0.3277
-0.8919 -0.5316 0.2856
-0.8855 0.1727 0.1492
-0.8846 -0.2846 0.2283
-0.8847 0.5873 0.1874
-0.8738 -0.5555 0.2897
-0.8763 0.2535 0.1583
-0.8479 0.7754 0.1341
-0.8747 -1.3521 0.2222
-0.8682 -1.0325 0.1749
-0.8658 0.6165 0.1723
-0.8537 -1.1902 0.1835
-0.8364 -1.0108 0.1687
-0.8372 -0.0639 0.2518
-0.8349 0.9816 0.1929
-0.8241 0.7479 0.1451
-0.8328 1.0715 0.2282
-0.8140 -1.2041 0.1758
-0.8265 -1.1546 0.1461
-0.8244 -1.1012 0.1405
-0.8199 0.1902 0.1408
-0.8108 0.2202 0.1253
-0.8168 0.9314 0.1622
-0.8101 0.7304 0.1563
-0.7998 -0.9869 0.1812
-0.8023 -1.0556 0.1444
-0.8039 0.8824 0.1576
-0.7942 -0.1453 0.2203
-0.8024 1.0184 0.1761
-0.7959 0.2595 0.1204
-0.7897 0.2791 0.1247
-0.7892 -1.1607 0.1448
-0.7834 0.5299 0.2337
-0.7828 0.9191 0.1484
-0.7668 -1.1022 0.1491
-0.7857 0.0442 0.2426
-0.7781 -0.9460 0.2152
-0.7765 0.2115 0.1382
-0.7683 -0.2199 0.2368
-0.7645 0.3034 0.1321
-0.7551 -0.1133 0.1940
-0.7501 0.8236 0.1593
-0.7539 -0.5075 0.2600
-0.7537 0.2672 0.1208
-0.7462 0.9464 0.1531
-0.7368 0.4861 0.2102
-0.7276 -1.1912 0.1780
-0.7301 0.3348 0.1332
-0.7199 0.6459 0.2497
-0.7268 1.1210 0.1992
-0.7242 0.0473 0.2314
-0.7079 0.8763 0.1355
-0.7126 -1.3664 0.2536
-0.7133 -0.4467 0.2242
-0.7011 -1.1230 0.1913
-0.7092 0.8550 0.1393
-0.7024 -0.9887 0.2104
-0.7008 -0.7853 0.3601
-0.6895 -0.4542 0.2150
-0.6778 0.3465 0.1129
-0.6912 1.0808 0.1611
-0.6802 -1.3440 0.2375
-0.6763 -0.1365 0.1896
-0.6769 -0.0838 0.1900
-0.6738 0.3805 0.1171
-0.6805 1.1216 0.1860
-0.6663 0.9983 0.1609
-0.6704 1.0551 0.1527
-0.6667 -1.2684 0.1935
-0.6692 0.0205 0.2307
-0.6661 0.3088 0.1207
-0.6533 0.4088 0.1257
-0.6480 -0.4244 0.1883
-0.6646 0.2428 0.1588
-0.6544 -1.3024 0.2076
-0.6581 0.8203 0.1501
-0.6563 -0.4475 0.2013
-0.6522 -0.2138 0.2011
-0.6545 0.5275 0.1972
-0.6489 0.3598 0.1032
-0.6369 -0.9186 0.2548
-0.6511 -0.0582 0.2108
-0.6319 0.4397 0.1368
-0.6366 0.8440 0.1310
-0.6302 0.1767 0.1817
-0.6291 0.8810 0.1290
-0.6188 1.0146 0.1397
-0.6171 0.3022 0.1265
-0.6159 0.5476 0.2157
-0.6107 0.3704 0.1106
-0.6160 0.9325 0.1396
-0.6057 -1.0666 0.2303
-0.5955 0.2046 0.1450
-0.6042 -0.3971 0.1770
-0.6034 1.1177 0.1785
-0.5981 -1.2597 0.2037
-0.5921 -0.1860 0.1871
-0.5750 0.9669 0.1266
-0.5910 0.1548 0.1920
-0.5825 0.8432 0.1255
-0.5700 0.3113 0.1244
-0.5709 0.3987 0.1247
-0.5698 0.7111 0.2142
-0.5627 -0.2908 0.1547
-0.5641 0.8075 0.1418
-0.5548 -0.9003 0.2433
-0.5580 0.4534 0.1433
-0.5529 1.0417 0.1343
-0.5547 -0.3292 0.1617
-0.5516 -0.2621 0.1550
-0.5507 0.2000 0.1490
-0.5306 0.9322 0.1309
-0.5255 0.3885 0.1236
-0.5376 0.8980 0.1228
-0.5350 -1.0804 0.2174
-0.5305 0.9893 0.1273
-0.5305 1.0268 0.1344
-0.5334 -1.2763 0.2313
-0.5299 -0.3800 0.1884
-0.5319 0.2669 0.1218
-0.5299 0.3079 0.1178
-0.5189 1.0905 0.1767
-0.5011 -0.8979 0.2324
-0.5302 -1.1748 0.2005
-0.5278 0.4469 0.1421
-0.5292 0.7231 0.1900
-0.5293 0.8710 0.1277
-0.5226 -0.1986 0.1927
-0.5169 0.8556 0.1399
-0.5061 0.2588 0.1272
-0.4866 0.3390 0.1284
-0.4898 -0.1711 0.2351
-0.4702 0.3868 0.1339
-0.4841 1.0252 0.1509
-0.4813 -0.7754 0.2327
-0.4790 -0.3335 0.1923
-0.4842 0.2919 0.1285
-0.4804 0.4680 0.1738
-0.4780 -1.0212 0.2106
-0.4765 0.6300 0.2407
-0.4731 -1.1721 0.1739
-0.4767 -0.3079 0.1887
-0.4584 -1.0792 0.1857
-0.4495 0.8081 0.1804
-0.4491 0.2246 0.1738
-0.4406 0.7297 0.1984
-0.4169 0.9653 0.1626
-0.4360 -1.2483 0.1899
-0.4326 0.4180 0.1536
-0.4302 0.0169 0.3366
-0.4213 1.1212 0.1850
-0.4160 -0.8605 0.2036
-0.4016 0.2174 0.2037
-0.4124 -0.7595 0.1709
-0.4092 0.7314 0.2120
-0.4034 0.8856 0.1914
-0.3940 -1.1206 0.1501
-0.3852 0.3289 0.1464
-0.3862 0.3772 0.1376
-0.3847 0.9947 0.1387
-0.3876 -0.9552 0.2444
-0.3669 1.1014 0.1314
-0.3655 -0.4509 0.3263
-0.3509 -1.1965 0.1066
-0.3688 -1.1764 0.1147
-0.3654 -0.7499 0.1388
-0.3580 -1.1284 0.1349
-0.3612 -0.6988 0.1587
-0.3539 0.6138 0.2066
-0.3481 1.0524 0.1038
-0.3494 0.9734 0.1297
-0.3386 1.0061 0.1156
-0.3519 -1.2190 0.1191
-0.3379 0.5030 0.1481
-0.3369 1.1026 0.1178
-0.3354 -0.6890 0.1609
-0.3343 0.3483 0.1216
-0.3343 0.4386 0.1244
-0.3405 0.5268 0.1635
-0.3169 -0.7363 0.1370
-0.3287 -0.8012 0.1438
-0.3279 -0.4298 0.3349
-0.3266 1.0767 0.1017
-0.3227 -0.6628 0.1838
-0.3195 -0.0971 0.2471
-0.3094 0.3360 0.1230
-0.3076 -1.2419 0.1409
-0.3152 -1.1282 0.1330
-0.3165 -0.0770 0.2352
-0.3105 0.3674 0.1170
-0.3144 -1.1781 0.1044
-0.3088 0.4595 0.1249
-0.2973 1.0169 0.1149
-0.3013 0.2585 0.1868
-0.2938 0.9093 0.1536
-0.3003 1.0867 0.1083
-0.2923 0.3113 0.1420
-0.2916 0.4279 0.1211
-0.2943 0.6740 0.2172
-0.2840 -1.1894 0.1122
-0.2817 -0.8063 0.1554
-0.2712 -1.2315 0.1413
-0.2654 0.9393 0.1405
-0.2751 0.5693 0.1611
-0.2683 1.0372 0.1196
-0.2643 -0.8841 0.2131
-0.2590 0.8935 0.1508
-0.2696 1.0962 0.1230
-0.2650 -0.8509 0.1906
-0.2533 -0.7699 0.1570
-0.2604 0.4312 0.1254
-0.2506 0.4859 0.1343
-0.2073 -0.0572 0.1613
-0.2200 0.9166 0.1460
-0.2155 -1.1697 0.1493
-0.2221 1.0599 0.1348
-0.2220 -0.0079 0.1502
-0.2263 -1.1401 0.1615
-0.2130 0.3057 0.1754
-0.2130 -0.0971 0.1844
-0.2132 0.6247 0.1597
-0.1864 0.4653 0.1258
-0.2085 0.8323 0.1761
-0.1994 0.0194 0.1307
-0.1839 0.6109 0.1461
-0.1972 0.3913 0.1344
-0.1816 1.1135 0.1754
-0.1862 0.5220 0.1393
-0.1911 0.0436 0.1211
-0.1850 0.1026 0.1340
-0.1817 0.9435 0.1669
-0.1795 1.0577 0.1529
-0.1759 -0.6834 0.1547
-0.1776 0.4126 0.1278
-0.1721 -0.6257 0.1783
-0.1683 -0.7409 0.1721
-0.1715 0.7451 0.2018
-0.1628 -0.7063 0.1552
-0.1633 0.0435 0.1114
-0.1589 -1.2696 0.1573
-0.1644 -0.9993 0.2723
-0.1690 0.8332 0.1827
-0.1595 1.0834 0.1685
-0.1632 -1.3370 0.1987
-0.1552 0.3870 0.1450
-0.1610 0.5800 0.1379
-0.1533 -1.2048 0.1587
-0.1460 0.6901 0.1673
-0.1521 -0.4111 0.2750
-0.1549 0.1554 0.1492
-0.1527 0.8771 0.1862
-0.1439 0.6207 0.1344
-0.1460 -1.2800 0.1587
-0.1390 0.3644 0.1694
-0.1356 -1.1675 0.1662
-0.1305 0.0399 0.1193
-0.1373 0.4822 0.1307
-0.1283 -0.1171 0.1716
-0.1283 0.0627 0.1083
-0.1193 -0.6527 0.1389
-0.1013 -0.3765 0.2424
-0.1138 -0.1534 0.1625
-0.1102 0.1533 0.1326
-0.1145 0.1956 0.1718
-0.1140 -1.3475 0.1880
-0.1110 -0.5935 0.1619
-0.1100 -1.1136 0.1941
-0.1082 0.1096 0.1162
-0.1115 0.4846 0.1348
-0.0918 0.0668 0.1300
-0.0967 0.4997 0.1382
-0.0966 -0.7034 0.1462
-0.0941 -0.5054 0.1997
-0.0946 1.0347 0.2229
-0.0837 -0.9312 0.3355
-0.0719 -0.1599 0.1305
-0.0714 0.6014 0.1232
-0.0715 0.6215 0.1242
-0.0633 -1.3276 0.1676
-0.0658 -1.1296 0.2048
-0.0627 -0.6709 0.1372
-0.0587 -0.2184 0.1317
-0.0584 -0.0507 0.1768
-0.0569 0.5399 0.1362
-0.0341 1.1136 0.2985
-0.0563 -1.3060 0.1618
-0.0510 -0.2545 0.1486
-0.0475 0.1940 0.1574
-0.0483 0.6153 0.1302
-0.0368 -0.5371 0.1707
-0.0445 0.1007 0.1426
-0.0342 0.6479 0.1395
-0.0297 -0.3022 0.1724
-0.0288 -0.1563 0.1111
-0.0258 0.4393 0.1660
-0.0295 0.7250 0.1687
-0.0138 -0.1143 0.1140
-0.0123 0.7481 0.1741
-0.0040 -0.5700 0.1570
-0.0046 -0.6317 0.1409
-0.0050 -0.6759 0.1501
-0.0045 0.5869 0.1378
-0.0035 -1.2086 0.1845
-0.0008 0.8108 0.2005
-0.0006 -1.1503 0.2117
0.0023 0.4923 0.1515
0.0017 -0.5114 0.1875
0.0080 -0.2036 0.1011
0.0086 0.1494 0.1361
0.0099 0.3186 0.1405
0.0142 -1.3624 0.2273
0.0213 -0.6901 0.1743
0.0119 -0.6667 0.1541
0.0153 -0.2489 0.1121
0.0236 -0.1884 0.0948
0.0197 -0.1003 0.1103
0.0254 0.2932 0.1381
0.0240 0.8317 0.2217
0.0265 -1.2903 0.1882
0.0258 -0.0719 0.1280
0.0216 0.1212 0.1336
0.0195 0.2727 0.1473
0.0242 -0.1609 0.0923
0.0394 0.4149 0.1452
0.0356 0.9081 0.2793
0.0405 -0.4427 0.2407
0.0420 0.3487 0.1315
0.0458 0.4922 0.1548
0.0446 0.2055 0.1518
0.0569 0.3288 0.1311
0.0566 -0.1184 0.1008
0.0489 -0.1831 0.0972
0.0594 0.0704 0.1551
0.0613 0.7428 0.1917
0.0730 -1.2576 0.1877
0.0676 -0.2836 0.1598
0.0617 0.1243 0.1358
0.0721 -0.2518 0.1346
0.0713 -0.1374 0.1057
0.0724 0.5143 0.1553
0.0695 0.6267 0.1699
0.0761 -0.2199 0.1204
0.0843 0.1116 0.1436
0.0832 -0.0001 0.1654
0.1132 -0.0749 0.1357
0.0900 -1.2270 0.1831
0.0949 0.3359 0.1469
0.0962 -0.5221 0.2485
0.0978 0.3763 0.1472
0.1080 -0.1072 0.1311
0.0962 0.5827 0.1662
0.0991 0.7186 0.2078
0.1040 0.1587 0.1597
0.1288 -0.0152 0.1617
0.1107 1.0805 0.2870
0.1440 0.4538 0.1624
0.1413 0.5768 0.1733
0.1431 -0.8357 0.3201
0.1455 -0.7123 0.2508
0.1633 0.4312 0.1749
0.1679 -1.1105 0.1826
0.1711 -0.0652 0.1759
0.1705 0.5813 0.1838
0.1750 -1.1867 0.1413
0.1926 -1.2392 0.1676
0.2062 -0.7426 0.2609
0.1954 0.1176 0.1651
0.2012 0.4603 0.1705
0.2120 1.0522 0.2400
0.2030 1.1198 0.2970
0.2066 1.0232 0.2318
0.2118 -1.1664 0.1294
0.2104 0.0452 0.1660
0.2124 0.1640 0.1920
0.2182 -1.1990 0.1344
0.2181 0.0692 0.1673
0.2284 -0.9905 0.2776
0.2344 0.5074 0.1499
0.2337 1.0823 0.2582
0.2425 0.1857 0.2149
0.2401 0.0362 0.1834
0.2563 -1.1583 0.1347
0.2579 -0.4459 0.2166
0.2592 0.8222 0.1923
0.2620 -1.1207 0.1477
0.2740 0.5307 0.1565
0.2659 -0.2855 0.2586
0.2734 -1.1383 0.1450
0.2755 0.9169 0.1944
0.2806 -1.1873 0.1562
0.2772 -0.3783 0.1946
0.2811 -0.0343 0.2118
0.2948 0.4717 0.1756
0.2866 0.7342 0.1758
0.2934 -0.7129 0.2422
0.2878 0.7813 0.1635
0.3036 -0.4113 0.1755
0.3034 0.3121 0.2455
0.3148 -0.7262 0.2302
0.3234 0.5785 0.1651
0.3140 -0.3836 0.1760
0.3148 0.5351 0.1593
0.3187 0.9627 0.1953
0.3380 -0.3935 0.1698
0.3367 0.5214 0.1647
0.3412 -1.3322 0.3175
0.3339 -0.1249 0.2462
0.3419 0.8525 0.1434
0.3466 0.2201 0.2176
0.3561 -0.4680 0.2052
0.3579 0.8227 0.1355
0.3603 -0.0966 0.2254
0.3761 -0.7690 0.2243
0.3689 0.6503 0.1416
0.3719 0.6984 0.1240
0.3664 -0.9575 0.2241
0.3653 -0.4068 0.1782
0.3817 -1.0845 0.1777
0.3747 -0.6630 0.2493
0.3712 0.7912 0.1251
0.3803 0.7461 0.1164
0.3928 0.8895 0.1575
0.3923 0.9438 0.1855
0.4015 -0.7967 0.2338
0.4040 0.3494 0.1820
0.4061 0.7325 0.1077
0.4264 -1.0415 0.1780
0.4083 -0.9122 0.2388
0.4081 0.6434 0.1259
0.4164 0.2889 0.1733
0.4129 0.9168 0.1780
0.4278 -1.0164 0.1884
0.4317 0.6890 0.1057
0.4216 -0.0223 0.2250
0.4267 0.4422 0.2154
0.4311 0.7453 0.1106
0.4515 -1.0627 0.1866
0.4382 -0.1394 0.1886
0.4364 -1.0819 0.1863
0.4373 0.3468 0.1722
0.4417 -1.3327 0.3410
0.4429 0.5945 0.1690
0.4485 0.8068 0.1508
0.4475 0.2023 0.2174
0.4549 0.1762 0.2446
0.4654 -0.3693 0.2435
0.4655 0.7480 0.1284
0.4665 0.6507 0.1285
0.4798 0.2927 0.1757
0.4859 -0.7572 0.2671
0.4824 0.3864 0.2029
0.4805 0.6404 0.1421
0.4941 -0.0338 0.1861
0.4957 1.0643 0.3525
0.5010 0.7211 0.1492
0.5103 -0.4594 0.2476
0.5110 -1.1032 0.2095
0.5233 -0.1467 0.1359
0.5254 -0.2363 0.1615
0.5178 -0.1207 0.1392
0.5156 1.0060 0.3029
0.5211 -0.6586 0.2551
0.5356 -0.6071 0.2348
0.5396 -0.0984 0.1358
0.5538 -0.2226 0.1355
0.5577 0.3576 0.2025
0.5701 -1.2778 0.2163
0.5957 0.5790 0.1808
0.5786 -0.2443 0.1352
0.5796 -0.5667 0.2082
0.5753 0.1811 0.2834
0.5730 0.6146 0.1600
0.5842 -0.2188 0.1271
0.5878 -0.1220 0.1348
0.5833 -0.0649 0.1560
0.5904 0.3343 0.2011
0.5922 0.6845 0.1785
0.5912 -0.5246 0.1969
0.6105 0.8143 0.2190
0.6021 -0.2659 0.1461
0.6108 -1.3247 0.2382
0.6079 -1.2225 0.1637
0.6017 -0.0295 0.1942
0.6116 -1.1484 0.1762
0.6187 0.6251 0.1649
0.6251 -0.1247 0.1464
0.6490 -1.0052 0.2774
0.6399 -1.2003 0.1486
0.6485 0.5951 0.1861
0.6555 -0.2744 0.1517
0.6608 -0.4550 0.1793
0.6626 -1.1439 0.1595
0.6704 -0.5120 0.1795
0.6692 0.6176 0.1914
0.6719 0.8325 0.1810
0.6758 -0.2185 0.1373
0.6883 0.8669 0.1562
0.6788 -1.2921 0.2087
0.6849 -0.5584 0.1995
0.6896 -0.1327 0.1537
0.6867 0.3772 0.1329
0.6841 0.4004 0.1424
0.6969 -0.2653 0.1512
0.7085 0.4509 0.1749
0.6988 -0.4301 0.1626
0.6959 0.3294 0.1505
0.6929 0.7956 0.1924
0.6992 -1.1393 0.1602
0.7165 -1.2257 0.1770
0.7205 -1.1846 0.1655
0.7193 0.3736 0.1229
0.7238 -0.2399 0.1440
0.7197 -0.1253 0.1582
0.7260 0.6418 0.2165
0.7392 0.8890 0.1242
0.7326 -0.6308 0.2756
0.7401 -0.3520 0.1450
0.7355 -0.1592 0.1362
0.7358 0.1635 0.2409
0.7498 0.3522 0.1276
0.7433 -1.0872 0.2030
0.7434 -0.4194 0.1375
0.7418 0.3994 0.1266
0.7405 0.9099 0.1245
0.7663 -0.1292 0.1675
0.7598 -0.3870 0.1296
0.7787 0.9174 0.1068
0.7693 0.8583 0.1372
0.7628 1.0479 0.2278
0.7653 -0.9237 0.3091
0.7763 -0.3637 0.1362
0.7824 -0.8286 0.3403
0.7854 0.3197 0.1463
0.7891 0.9613 0.1188
0.8030 -0.2073 0.1540
0.8020 0.0747 0.2010
0.7965 -0.4990 0.1797
0.8027 -0.3354 0.1547
0.8001 -0.2292 0.1559
0.8066 0.2567 0.1845
0.8249 0.3840 0.1484
0.8269 0.9044 0.1088
0.8100 0.9441 0.1042
0.8208 -1.1140 0.2591
0.8235 0.0376 0.2013
0.8309 0.1257 0.1890
0.8299 0.5123 0.1637
0.8314 0.2531 0.1905
0.8338 -0.2112 0.1759
0.8335 0.4447 0.1412
0.8388 0.6849 0.2003
0.8518 0.9253 0.1072
0.8377 0.9607 0.1136
0.8452 0.0678 0.1904
0.8414 -0.4088 0.1364
0.8473 -0.4430 0.1510
0.8586 0.5286 0.1555
0.8676 -0.4810 0.1895
0.8605 -0.4150 0.1491
0.8654 -0.7276 0.2978
0.8651 0.4606 0.1268
0.8654 0.7062 0.1879
0.8702 -1.0296 0.3180
0.8789 0.3903 0.1559
0.8834 0.9382 0.1136
0.8785 0.0065 0.2197
0.8904 0.5607 0.1626
0.8876 0.8255 0.1696
0.8923 0.2978 0.2010
0.8993 -0.8566 0.3335
0.8999 0.0206 0.2242
0.9012 0.6605 0.1691
0.9248 0.9503 0.1271
0.9067 1.0582 0.1832
0.9116 0.4426 0.1335
0.9090 0.9303 0.1207
0.9166 -0.5850 0.2728
0.9252 -0.2172 0.2529
0.9258 0.8231 0.1510
0.9300 -0.3204 0.2380
0.9282 0.4571 0.1332
0.9449 0.7361 0.1580
0.9315 0.6337 0.1646
0.9409 0.9855 0.1398
0.9514 0.4821 0.1447
0.9586 -0.6927 0.2607
0.9622 0.1160 0.2501
0.9731 0.2333 0.2731
0.9692 1.0792 0.1436
0.9853 0.5127 0.1755
0.9877 0.8259 0.1308
0.9887 0.9095 0.1299
0.9911 0.6832 0.1751
0.9940 0.8448 0.1261
1.0066 0.9398 0.1457
1.0116 1.0904 0.1201
1.0049 1.1220 0.1429
1.0049 0.8083 0.1417
1.0242 1.0559 0.1189
1.0178 0.8631 0.1358
1.0206 0.6364 0.1954
1.0322 1.0277 0.1305
1.0253 0.4759 0.2044
1.0367 0.7081 0.1841
1.0472 1.1220 0.1351
1.0747 -0.0030 0.2764
1.0618 -0.7182 0.2119
1.0641 -0.1734 0.2542
1.0700 0.8902 0.1641
1.0722 -1.2849 0.2771
1.0819 -1.3507 0.3232
1.0745 1.0501 0.1306
1.0870 -0.7249 0.1995
1.0859 1.1160 0.1509
1.0888 -0.6728 0.1899
1.0900 -1.2538 0.2524
1.0818 -0.1381 0.2512
1.0970 -0.0830 0.2619
1.1004 1.0137 0.1646
1.1088 -0.6228 0.2029
1.1208 0.3078 0.3167
1.1244 0.5542 0.1867
1.1242 -1.1232 0.2581
1.1220 1.1181 0.1847
1.1352 0.2133 0.3037
1.1398 0.7440 0.1820
1.1398 0.7795 0.1862
1.1472 -1.0261 0.3103
1.1488 -0.6560 0.1691
1.1481 -0.2482 0.2389
1.1421 0.4969 0.2106
1.1425 0.5772 0.1833
1.1441 0.9059 0.2159
1.1454 -0.4591 0.2690
1.1516 0.0068 0.2740
1.1568 -1.3640 0.3117
1.1681 -0.7676 0.2119
1.1688 -1.0841 0.2681
1.1841 -0.3759 0.2590
1.1797 0.7389 0.1648
1.1837 0.1977 0.3149
1.1836 0.9536 0.2533
1.1954 -0.2671 0.2482
1.1866 0.6215 0.1662
1.1970 -0.3318 0.2514
1.1900 0.4605 0.2530
1.2080 0.7368 0.1616
1.2104 0.5850 0.1764
1.2159 -1.2675 0.2488
1.2205 -0.7323 0.1911
1.2282 -1.0975 0.2760
1.2232 -0.3902 0.2692
1.2334 -0.6032 0.1960
1.2510 -0.6454 0.1849
1.2346 -0.9644 0.3429
1.2551 0.6711 0.1651
1.2434 -1.1945 0.2611
1.2377 -0.5425 0.2361
1.2494 0.7376 0.1777
1.2637 -1.3446 0.3428
1.2569 -0.1561 0.3140
1.2759 0.0647 0.3499
1.2637 0.1060 0.3446
1.2781 -0.7340 0.2381
1.2698 0.6059 0.2018
1.2850 -0.6494 0.2168
1.2877 0.7120 0.1995
