points 
 2 
 1 
Tumour[19065]CD6810NNCodensity
-1.3934 -1.0015 0.2203
-1.3921 -0.5675 0.3266
-1.3972 -0.2216 0.2061
-1.4012 -0.0898 0.2362
-1.3929 0.0959 0.1582
-1.3941 0.6198 0.3821
-1.3844 0.8552 0.2543
-1.3894 0.8892 0.2588
-1.3906 -0.2813 0.1846
-1.3884 -0.0666 0.2224
-1.3650 -1.0539 0.2160
-1.3765 0.0662 0.1554
-1.3729 0.1269 0.1499
-1.3572 0.1076 0.1389
-1.3695 1.0759 0.3255
-1.3656 -1.0354 0.2025
-1.3516 -0.6511 0.2778
-1.3498 -0.3152 0.1373
-1.3599 1.0462 0.3021
-1.3491 -0.3483 0.1448
-1.3483 0.1622 0.1485
-1.3502 0.8533 0.2351
-1.3431 -0.7919 0.2353
-1.3351 -0.2865 0.1449
-1.3463 0.3253 0.2456
-1.3383 -0.9975 0.1713
-1.3358 -0.1101 0.2042
-1.3409 1.2921 0.4681
-1.3346 -0.6167 0.2765
-1.3274 -0.0249 0.1962
-1.3295 0.1276 0.1353
-1.3203 -0.3351 0.1297
-1.3201 0.3279 0.2317
-1.3192 0.8236 0.2308
-1.3157 -0.7892 0.2128
-1.3003 0.3097 0.2155
-1.3159 1.0345 0.2822
-1.3067 0.1378 0.1443
-1.3094 0.1652 0.1523
-1.2987 -1.0317 0.1676
-1.2799 -0.9745 0.1547
-1.2900 -0.3303 0.1363
-1.2813 -0.4350 0.1887
-1.2817 0.7399 0.2477
-1.2824 -0.3672 0.1444
-1.2587 0.5044 0.2805
-1.2505 -0.9269 0.1719
-1.2573 -0.1980 0.2124
-1.2514 -0.7662 0.2057
-1.2524 -0.4028 0.1683
-1.2404 -0.9742 0.1665
-1.2428 0.6560 0.2851
-1.2370 -0.8274 0.1843
-1.2388 0.3486 0.2414
-1.2301 -0.0592 0.1471
-1.2279 1.3384 0.4505
-1.2247 -0.7483 0.2277
-1.2230 0.8823 0.2373
-1.2247 -0.9163 0.1767
-1.1929 -0.1825 0.1869
-1.1950 -0.0771 0.1166
-1.1921 0.4009 0.2550
-1.1814 0.1787 0.2216
-1.1836 -0.4019 0.1887
-1.1836 -0.0085 0.1328
-1.1726 -0.1112 0.1181
-1.1527 -0.0518 0.0998
-1.1627 0.8137 0.2379
-1.1593 0.1292 0.2100
-1.1521 -0.5273 0.2313
-1.1654 -0.0845 0.1037
-1.1638 0.0091 0.1414
-1.1607 0.2130 0.2456
-1.1558 0.6050 0.2756
-1.1482 -1.0742 0.2592
-1.1466 -0.4772 0.2015
-1.1421 -0.8378 0.2416
-1.1418 -0.9775 0.2214
-1.1206 0.9424 0.2310
-1.1280 -0.0848 0.1067
-1.1202 0.0230 0.1626
-1.1267 1.1531 0.2652
-1.1272 1.1312 0.2499
-1.1203 -0.3075 0.2183
-1.1199 0.8353 0.2340
-1.0975 -0.0560 0.1279
-1.1038 -0.5000 0.2092
-1.0939 -0.1077 0.1293
-1.1007 0.5322 0.2697
-1.1022 1.1175 0.2445
-1.0909 -0.3187 0.2116
-1.0839 1.0822 0.2321
-1.0770 0.4828 0.2783
-1.0777 -0.1388 0.1515
-1.0664 0.1065 0.2283
-1.0634 0.9936 0.2203
-1.0556 -0.1391 0.1637
-1.0440 0.7447 0.2309
-1.0344 -1.0506 0.2564
-1.0376 -0.4327 0.2051
-1.0192 -0.3159 0.2275
-1.0290 -0.2490 0.2149
-1.0341 -0.5331 0.2384
-1.0274 0.3354 0.3448
-1.0235 0.8517 0.2145
-0.9983 -1.1267 0.2867
-0.9996 -0.5670 0.2468
-1.0027 0.9813 0.2431
-0.9856 0.6823 0.2212
-0.9888 -1.0180 0.2336
-0.9672 -0.0649 0.2068
-0.9882 0.0032 0.2243
-0.9790 -0.3687 0.2444
-0.9784 -0.8605 0.2333
-0.9535 0.1465 0.2810
-0.9693 1.1281 0.2790
-0.9561 0.6532 0.1982
-0.9490 -1.1069 0.2610
-0.9493 0.8821 0.2320
-0.9413 0.6215 0.1919
-0.9309 -0.1483 0.2290
-0.9303 -0.0872 0.2224
-0.9237 -0.7000 0.2300
-0.9108 0.8064 0.1952
-0.9092 -0.8327 0.2005
-0.9083 0.5488 0.1902
-0.8993 -0.8716 0.1784
-0.9057 1.3231 0.2903
-0.8921 0.7808 0.1863
-0.8878 -0.6268 0.1929
-0.8834 1.2989 0.2514
-0.8875 0.5320 0.1878
-0.8754 -0.8532 0.1818
-0.8740 0.1544 0.2827
-0.8655 -0.8847 0.1701
-0.8541 -0.6499 0.1672
-0.8498 -0.9822 0.1833
-0.8472 -0.9492 0.1700
-0.8478 1.2795 0.2153
-0.8445 0.0727 0.2360
-0.8147 0.6971 0.1547
-0.8216 -0.3244 0.2414
-0.8162 0.6623 0.1356
-0.8325 0.7667 0.1769
-0.8229 0.8032 0.1952
-0.8186 0.6220 0.1174
-0.8156 -0.6237 0.1388
-0.8068 -0.6682 0.1445
-0.8145 1.2531 0.1958
-0.8137 -1.0766 0.2406
-0.8032 -0.2400 0.2264
-0.8131 0.5431 0.1392
-0.8001 1.0198 0.2784
-0.7922 -0.3352 0.2265
-0.8064 -1.0429 0.2162
-0.7945 0.0650 0.2242
-0.7958 0.6284 0.1170
-0.7825 0.5909 0.1158
-0.7839 0.6459 0.1293
-0.7845 -0.1719 0.2243
-0.7820 -0.0587 0.2243
-0.7791 -0.6125 0.1229
-0.7705 0.5548 0.1293
-0.7708 1.3280 0.2089
-0.7476 0.5761 0.1339
-0.7570 0.8524 0.2292
-0.7611 -0.9149 0.1956
-0.7603 -0.4938 0.2353
-0.7561 0.1784 0.2632
-0.7582 -0.6032 0.1221
-0.7543 -0.0773 0.2151
-0.7527 1.0504 0.2262
-0.7482 1.2078 0.1783
-0.7453 -0.3491 0.2115
-0.7331 -0.6777 0.1293
-0.7318 -0.9358 0.2091
-0.7224 -0.6030 0.1196
-0.7259 0.4975 0.1644
-0.6944 -0.6350 0.1076
-0.7022 1.2269 0.1405
-0.6918 0.4913 0.1680
-0.6960 1.2546 0.1394
-0.6953 -0.9504 0.2266
-0.6907 -0.6812 0.1207
-0.6954 -0.6076 0.1206
-0.6849 0.1064 0.2072
-0.6464 -0.7259 0.1302
-0.6789 -0.3174 0.1867
-0.6729 0.4654 0.1827
-0.6827 0.9844 0.1832
-0.6775 1.0349 0.1657
-0.6726 -0.0777 0.1707
-0.6691 0.8230 0.2188
-0.6509 -0.6304 0.1156
-0.6468 -0.1109 0.1513
-0.6512 0.0599 0.1876
-0.6407 -1.1323 0.2833
-0.6429 0.1018 0.1867
-0.6528 1.1716 0.1470
-0.6499 -1.0982 0.2566
-0.6471 -0.1932 0.1555
-0.6450 0.4395 0.2050
-0.6461 1.2908 0.1453
-0.6401 -0.2362 0.1612
-0.6390 -0.6900 0.1119
-0.6406 0.4061 0.2239
-0.6190 1.0992 0.1541
-0.6362 1.2278 0.1183
-0.6167 1.1802 0.1374
-0.6356 0.8817 0.2011
-0.6287 0.7603 0.2272
-0.6180 -0.3798 0.1781
-0.6004 -0.3329 0.1477
-0.5928 0.1291 0.1764
-0.6072 -0.6503 0.1069
-0.6092 1.0427 0.1216
-0.5996 -0.8374 0.1297
-0.6118 -0.0841 0.1400
-0.5852 -0.6842 0.1016
-0.6028 0.3950 0.2244
-0.5879 1.0104 0.1109
-0.6084 1.2367 0.1168
-0.6047 -0.7885 0.1219
-0.6038 -0.4944 0.2264
-0.5954 -0.1476 0.1257
-0.6020 1.2736 0.1220
-0.5786 1.0605 0.1169
-0.5820 -0.0221 0.1667
-0.5782 -0.6492 0.0994
-0.5796 0.7832 0.2001
-0.5779 -0.7358 0.1202
-0.5832 -0.2223 0.1329
-0.5835 -0.7767 0.1165
-0.5801 -0.1669 0.1242
-0.5736 0.7564 0.2146
-0.5737 -1.0898 0.2308
-0.5712 -0.8813 0.1485
-0.5632 0.9833 0.1030
-0.5617 -0.2828 0.1357
-0.5681 -0.5734 0.1575
-0.5712 1.3289 0.1464
-0.5690 -0.8246 0.1102
-0.5494 1.0408 0.0981
-0.5517 -0.8531 0.1207
-0.5568 -0.0146 0.1801
-0.5486 1.2458 0.1240
-0.5497 -0.6593 0.1041
-0.5333 -0.6223 0.1270
-0.5418 -0.0207 0.1884
-0.5462 0.1516 0.1609
-0.5273 -0.8090 0.1171
-0.5398 -0.1475 0.1507
-0.5346 0.2056 0.1514
-0.5291 1.1866 0.1725
-0.5346 -0.6725 0.1158
-0.5352 -0.4101 0.1584
-0.5310 0.9884 0.0863
-0.5270 -0.1669 0.1568
-0.5303 0.9552 0.1034
-0.5318 -0.3280 0.1183
-0.5276 -1.0484 0.1859
-0.5096 0.9321 0.1231
-0.5296 1.3293 0.1505
-0.5013 0.7526 0.2112
-0.5181 -0.3476 0.1167
-0.5148 0.1668 0.1393
-0.5154 1.2511 0.1404
-0.4982 -0.3199 0.1108
-0.5110 -0.2529 0.1433
-0.5117 1.0057 0.0867
-0.5092 1.2963 0.1448
-0.5062 0.3180 0.1651
-0.5082 1.0429 0.1063
-0.5010 -0.8275 0.1375
-0.5000 1.3417 0.1843
-0.4912 -0.6352 0.1385
-0.4869 0.9557 0.1113
-0.4809 1.0011 0.1052
-0.4809 1.0560 0.1297
-0.4839 -0.8937 0.1635
-0.4813 0.2649 0.1202
-0.4674 -0.3191 0.1047
-0.4721 -1.0219 0.1390
-0.4673 -0.7502 0.1677
-0.4649 -0.4626 0.2015
-0.4638 0.1364 0.1355
-0.4556 0.1959 0.1135
-0.4464 0.7349 0.2107
-0.4535 0.9074 0.1649
-0.4545 -0.9596 0.1536
-0.4516 0.2648 0.1035
-0.4536 -0.3918 0.1348
-0.4366 0.3097 0.1138
-0.4282 -0.3486 0.1064
-0.4496 -1.0078 0.1319
-0.4428 0.3472 0.1499
-0.4317 -0.3087 0.1002
-0.4340 0.1265 0.1379
-0.4343 0.8526 0.1980
-0.4247 0.2529 0.0982
-0.4173 0.2182 0.1019
-0.4333 -0.9708 0.1502
-0.4180 -0.5934 0.1553
-0.4262 -0.7212 0.1701
-0.4216 -1.0390 0.1332
-0.4154 -0.6179 0.1400
-0.4048 -0.2749 0.1090
-0.4019 0.2939 0.1144
-0.4131 1.0635 0.1870
-0.4000 -0.3116 0.0913
-0.3767 -0.2559 0.1167
-0.4020 0.1096 0.1542
-0.3839 0.8128 0.2003
-0.3938 -0.7020 0.1677
-0.3864 -1.0293 0.1422
-0.3880 -0.6464 0.1436
-0.3823 -0.3490 0.1062
-0.3845 -1.0731 0.1479
-0.3853 0.1688 0.1223
-0.3841 0.3705 0.1921
-0.3823 0.2151 0.1118
-0.3797 -0.6036 0.1578
-0.3774 1.0548 0.1966
-0.3692 -0.3087 0.0962
-0.3737 -1.1000 0.1618
-0.3588 -0.4415 0.1777
-0.3655 0.2624 0.1304
-0.3617 -1.1443 0.1964
-0.3363 -0.6145 0.1832
-0.3508 -0.4014 0.1425
-0.3603 -0.1002 0.2099
-0.3595 0.1953 0.1332
-0.3398 -0.3220 0.1115
-0.3433 -0.1904 0.1434
-0.3428 0.7081 0.2249
-0.3447 0.0458 0.1899
-0.3348 0.7479 0.2096
-0.3304 -0.2858 0.1077
-0.3112 -0.1126 0.1700
-0.3423 0.5031 0.3013
-0.3311 1.3265 0.3505
-0.3133 -0.4078 0.1718
-0.2951 -0.2300 0.1138
-0.3056 0.7180 0.2193
-0.3029 0.9594 0.1280
-0.2594 -0.6039 0.2350
-0.2815 0.0511 0.1612
-0.2914 -0.1764 0.1297
-0.2841 -0.2648 0.1152
-0.2831 -1.1127 0.1664
-0.2831 0.9756 0.1098
-0.2696 -0.8246 0.2004
-0.2771 0.8899 0.1486
-0.2679 1.0155 0.1292
-0.2738 0.9607 0.1007
-0.2657 -0.9956 0.1443
-0.2495 -0.9517 0.1164
-0.2601 -0.3017 0.1529
-0.2530 -0.2431 0.1316
-0.2500 -0.2044 0.1352
-0.2616 0.0787 0.1594
-0.2623 0.9345 0.1054
-0.2594 -1.1360 0.1756
-0.2408 -0.1453 0.1547
-0.2544 0.0409 0.1435
-0.2233 -1.1446 0.1833
-0.2458 -1.0253 0.1467
-0.2349 -0.8339 0.1655
-0.2312 -0.9192 0.1088
-0.2377 -0.0806 0.1641
-0.2035 0.7040 0.1854
-0.2289 -0.9809 0.1147
-0.2273 -0.0081 0.1463
-0.2279 -0.8642 0.1334
-0.2133 0.0145 0.1362
-0.2179 0.9436 0.1112
-0.2261 1.0304 0.1516
-0.2157 0.5610 0.1793
-0.2113 1.0065 0.1344
-0.2040 -0.9129 0.1050
-0.1938 -0.9666 0.1075
-0.2078 0.8865 0.1254
-0.1912 0.9531 0.1314
-0.1895 0.4631 0.1498
-0.1812 0.8609 0.1262
-0.1671 0.5427 0.1431
-0.1763 -0.8917 0.1167
-0.1672 1.3160 0.4656
-0.1599 -0.0788 0.1608
-0.1585 -0.6076 0.2147
-0.1761 0.4936 0.1392
-0.1685 -0.9788 0.1231
-0.1580 0.0345 0.1386
-0.1639 -1.1455 0.1881
-0.1655 0.6446 0.1571
-0.1579 0.8208 0.1387
-0.1598 0.4073 0.1435
-0.1458 0.1174 0.1297
-0.1548 0.3759 0.1584
-0.1504 0.8511 0.1321
-0.1529 0.1605 0.1502
-0.1498 0.2477 0.1961
-0.1415 0.6405 0.1487
-0.1482 0.0693 0.1258
-0.1406 0.1710 0.1507
-0.1378 -0.9150 0.1145
-0.1387 0.6666 0.1515
-0.1383 -1.1473 0.1970
-0.1291 -0.0921 0.1543
-0.1289 0.5045 0.1295
-0.1315 0.8088 0.1415
-0.1300 1.3178 0.4663
-0.1282 0.8472 0.1425
-0.1247 0.0824 0.1195
-0.1151 0.4520 0.1235
-0.0974 0.5860 0.1586
-0.1227 -0.6038 0.1952
-0.1082 -1.1424 0.2147
-0.1107 0.1067 0.1174
-0.0946 -0.1251 0.1399
-0.1057 -0.8944 0.1300
-0.1040 0.7666 0.1530
-0.0990 -0.9902 0.1677
-0.0963 -0.9345 0.1321
-0.0933 -0.6155 0.1742
-0.0917 0.4311 0.1292
-0.0906 -0.3214 0.2946
-0.0880 0.3494 0.1537
-0.0896 0.3791 0.1400
-0.0873 -0.8657 0.1438
-0.0780 -0.7861 0.1305
-0.0842 -0.7544 0.1207
-0.0718 -0.6639 0.1353
-0.0774 0.7207 0.1653
-0.0555 -0.7004 0.1124
-0.0681 -0.7297 0.1084
-0.0561 0.2784 0.1793
-0.0654 -0.7614 0.1111
-0.0695 -0.1004 0.1183
-0.0569 0.0605 0.1146
-0.0642 0.5312 0.1395
-0.0530 -1.1470 0.2639
-0.0522 -0.1679 0.1370
-0.0416 -0.9199 0.1840
-0.0436 0.1810 0.1374
-0.0352 0.4649 0.1237
-0.0453 0.6826 0.1692
-0.0331 0.0259 0.1157
-0.0424 -0.7742 0.1146
-0.0339 -0.0666 0.1177
-0.0392 -0.0153 0.1239
-0.0303 -0.0942 0.1112
-0.0319 0.2270 0.1612
-0.0222 0.0956 0.1044
-0.0151 -0.1507 0.1159
-0.0187 0.0657 0.1045
-0.0081 0.1137 0.1075
0.0008 0.9485 0.2495
-0.0008 -0.6695 0.1302
0.0027 -0.0473 0.1138
-0.0091 0.4855 0.1132
-0.0101 0.5086 0.1163
-0.0029 0.1488 0.1190
-0.0028 0.3726 0.1713
0.0142 -0.7073 0.1108
0.0053 -0.2255 0.1661
-0.0007 0.8031 0.2191
0.0060 1.0180 0.2602
0.0197 -0.7498 0.1146
0.0086 0.6422 0.1662
0.0163 1.0535 0.2742
0.0116 0.0435 0.1085
0.0371 -0.0775 0.1088
0.0151 0.4257 0.1360
0.0160 0.5251 0.1132
0.0220 0.1601 0.1286
0.0255 0.6169 0.1510
0.0265 -0.1707 0.1228
0.0277 -0.1917 0.1349
0.0576 -0.1192 0.1077
0.0494 -0.6579 0.1213
0.0363 0.2109 0.1696
0.0466 -0.7740 0.1171
0.0467 0.0118 0.1246
0.0529 -0.7276 0.0961
0.0719 -0.0287 0.1158
0.0475 0.5851 0.1376
0.0558 0.0792 0.1274
0.0579 0.4931 0.1137
0.0623 0.5350 0.1256
0.0721 1.0666 0.2582
0.0684 -0.4216 0.1754
0.0655 0.8402 0.2594
0.0789 -0.5103 0.1884
0.0977 -0.3830 0.1573
0.0938 -0.3440 0.1489
0.0725 0.4652 0.1248
0.0838 -0.7465 0.0898
0.0759 -0.0756 0.0969
0.0824 -0.6660 0.1068
0.0901 -1.1472 0.3982
0.0857 0.0890 0.1410
0.0866 0.4478 0.1419
0.0975 1.1043 0.2629
0.1023 -0.2789 0.1357
0.0904 0.6082 0.1851
0.0944 -0.0855 0.0933
0.1011 -0.5041 0.1776
0.1225 -0.2493 0.1263
0.0994 -0.1325 0.1070
0.1075 -0.8123 0.1084
0.1065 -0.7303 0.0840
0.1151 -0.6322 0.1436
0.1011 -0.8507 0.1516
0.1069 -0.3067 0.1354
0.1168 -0.7632 0.0852
0.1108 -0.6887 0.0908
0.1199 -0.1698 0.1310
0.1297 -0.5202 0.1756
0.1224 -0.0105 0.1214
0.1549 0.0272 0.1170
0.1247 -0.7046 0.0887
0.1291 -0.0981 0.0983
0.1480 -0.7348 0.0913
0.1353 -0.4644 0.1641
0.1333 -0.0776 0.0998
0.1327 0.4332 0.1927
0.1499 -0.8125 0.1049
0.1453 -0.7799 0.0915
0.1852 -0.0548 0.1099
0.1531 0.0835 0.1238
0.1551 0.1893 0.1914
0.1722 -0.0840 0.1098
0.1632 -0.6940 0.1188
0.1793 -0.1575 0.1157
0.1670 0.8239 0.1743
0.1663 -0.7781 0.0995
0.1702 -0.2733 0.1034
0.1937 -0.0141 0.1114
0.1725 0.1148 0.1429
0.1710 0.0557 0.1138
0.1939 -0.8370 0.1389
0.1782 -0.3219 0.1209
0.1878 -0.2139 0.0987
0.1935 -0.2379 0.0971
0.1916 0.2444 0.2190
0.1995 -0.3984 0.1495
0.1977 0.0531 0.1188
0.2079 1.0149 0.2311
0.2157 -0.6102 0.1778
0.2072 -0.2582 0.0985
0.2101 0.7605 0.1224
0.2091 0.3810 0.2581
0.2061 1.3028 0.1945
0.2248 -0.3394 0.1206
0.2265 -0.2923 0.1137
0.2240 -0.1984 0.0999
0.2209 -0.1582 0.1113
0.2165 0.7148 0.1448
0.2267 0.7981 0.1098
0.2626 1.2493 0.1400
0.2237 1.3264 0.1991
0.2364 -0.5854 0.2003
0.2424 -0.1193 0.1139
0.2259 -0.7883 0.1241
0.2339 0.8354 0.1357
0.2442 1.0440 0.1907
0.2436 -0.3805 0.1335
0.2318 0.1205 0.1695
0.2408 1.2670 0.1494
0.2494 -0.2330 0.1178
0.2397 -0.0587 0.1079
0.2395 0.0080 0.1181
0.2381 1.3016 0.1653
0.2441 -0.7345 0.1324
0.2583 0.7282 0.1195
0.2482 0.7741 0.1025
0.2581 -0.1846 0.1152
0.2619 0.8194 0.1216
0.2596 -0.4295 0.1655
0.2514 -0.0781 0.1125
0.2640 -0.9696 0.1731
0.2679 -0.8300 0.1359
0.2685 1.2850 0.1468
0.2752 -0.3573 0.1302
0.2835 -0.6896 0.1418
0.2777 -0.0156 0.1200
0.2851 0.7167 0.1330
0.2810 1.0628 0.1628
0.2961 0.7698 0.1268
0.2847 -0.9192 0.1501
0.3147 -0.0403 0.1153
0.2951 -0.7992 0.1108
0.2927 0.2931 0.1649
0.2870 1.0343 0.1707
0.2873 -0.6003 0.1929
0.2924 -0.7590 0.1044
0.3168 -0.3354 0.1455
0.2946 0.0072 0.1352
0.2939 0.2103 0.1663
0.2987 0.6464 0.1701
0.3143 0.8572 0.1990
0.3046 1.2271 0.1470
0.3084 -0.9282 0.1345
0.3267 -0.1462 0.1190
0.3032 -0.1170 0.1133
0.3119 -0.9633 0.1289
0.3145 1.1456 0.1596
0.3173 -0.7220 0.1074
0.3403 -0.3776 0.1295
0.3311 -0.0981 0.1062
0.3218 0.5693 0.1897
0.3239 -1.0678 0.1481
0.3345 -0.7557 0.0954
0.3360 0.2337 0.1386
0.3394 1.2259 0.1640
0.3639 -0.8538 0.1314
0.3465 -0.7916 0.0996
0.3449 -1.0324 0.1244
0.3503 -0.6991 0.1237
0.3561 0.2008 0.1552
0.3485 0.2751 0.1214
0.3584 -0.4825 0.1499
0.3554 -1.0532 0.1178
0.3581 -0.8220 0.1171
0.3744 -0.1404 0.1031
0.3651 0.0037 0.1579
0.3664 0.6933 0.1835
0.3603 1.1119 0.1529
0.3731 -0.7652 0.0989
0.3840 -0.3533 0.1380
0.3741 0.3356 0.1336
0.3829 1.0099 0.2004
0.3750 -0.4664 0.1351
0.3918 -0.3932 0.1244
0.3723 -0.1008 0.0976
0.3810 0.3885 0.1586
0.3689 0.5426 0.1796
0.3903 0.6220 0.1630
0.3750 1.0761 0.1630
0.3779 -0.9311 0.1133
0.3974 -0.1708 0.1098
0.3761 0.2651 0.1203
0.3915 0.5812 0.1626
0.3841 -1.0740 0.1074
0.3834 -0.7215 0.1128
0.3785 -0.5334 0.1692
0.4058 -0.4345 0.1283
0.3829 1.1750 0.1822
0.3918 -1.1177 0.1280
0.4022 -1.0155 0.1101
0.3926 -0.9633 0.1087
0.3887 -0.0336 0.1364
0.4116 0.2872 0.1262
0.3889 1.0455 0.1841
0.3941 -0.2160 0.1410
0.3891 -0.0763 0.1106
0.4060 -0.9369 0.1068
0.4018 -0.1100 0.1034
0.4122 0.3683 0.1257
0.4300 -0.9113 0.1078
0.4079 -0.5047 0.1443
0.4138 -1.1093 0.1153
0.4136 -0.7821 0.1125
0.4140 0.2345 0.1461
0.4226 -0.3346 0.1598
0.4346 -0.2261 0.1352
0.4209 0.5507 0.1780
0.4440 -1.0095 0.1021
0.4248 0.6109 0.1796
0.4296 -0.3738 0.1530
0.4386 -0.8753 0.1211
0.4510 -1.1311 0.1391
0.4526 -1.0855 0.1016
0.4328 -0.7495 0.1252
0.4409 -0.9700 0.0973
0.4393 -0.6989 0.1596
0.4530 -0.1118 0.1232
0.4526 -0.8334 0.1214
0.4514 0.3545 0.1069
0.4476 1.3323 0.2720
0.4533 0.4190 0.1375
0.4615 -0.1797 0.1008
0.4618 -0.1562 0.1038
0.4611 1.2523 0.2360
0.4707 -1.0364 0.0962
0.4837 -0.9327 0.1117
0.4764 -0.5507 0.1700
0.4764 -0.2063 0.1155
0.4817 -1.0766 0.0989
0.4807 -0.7887 0.1206
0.4802 -0.5079 0.1541
0.4810 0.1271 0.1850
0.4790 0.1788 0.1825
0.4888 -0.8531 0.1118
0.4841 -1.0514 0.0948
0.4855 0.3425 0.1077
0.4934 0.3788 0.0983
0.4898 -1.0009 0.1020
0.4991 -0.1822 0.1128
0.5050 -0.9526 0.1135
0.5004 0.3037 0.1347
0.5146 0.0645 0.1654
0.5362 -0.5065 0.1653
0.5118 0.4025 0.1080
0.5204 0.9409 0.1541
0.5171 0.3681 0.0976
0.5160 -0.5592 0.1798
0.5205 -0.1412 0.1386
0.5361 0.8901 0.1330
0.5327 -0.9030 0.1135
0.5374 -0.8397 0.1155
0.5320 -1.0471 0.0952
0.5325 -0.7986 0.1236
0.5368 -0.7306 0.1628
0.5569 -0.9738 0.1106
0.5485 -0.1871 0.1469
0.5441 0.5410 0.1845
0.5515 0.9608 0.1350
0.5573 0.3763 0.1074
0.5502 -1.0766 0.1024
0.5756 -1.0051 0.1018
0.5513 -0.8005 0.1269
0.5709 -0.3887 0.2039
0.5785 -0.9434 0.1058
0.5574 -1.0582 0.0977
0.5604 0.4269 0.1109
0.5626 -0.8805 0.1132
0.5608 0.0893 0.1155
0.5580 0.2588 0.1516
0.5657 1.2289 0.2303
0.5803 -1.1357 0.1667
0.5610 0.9030 0.1089
0.5695 0.9288 0.1063
0.5874 -1.0986 0.1284
0.5777 0.3544 0.1238
0.5872 -0.1998 0.1691
0.5760 -0.4778 0.1711
0.5831 0.0922 0.0978
0.5961 -1.0409 0.1007
0.5949 -0.6595 0.1623
0.5804 0.2339 0.1347
0.5804 0.4789 0.1199
0.5916 -0.4102 0.1911
0.5852 -0.0451 0.1291
0.5842 0.2091 0.1240
0.6033 0.4014 0.1077
0.6017 0.1351 0.0924
0.6158 0.4378 0.1092
0.6068 -0.8669 0.1185
0.5996 0.0071 0.1050
0.6000 0.1071 0.0883
0.6093 0.9032 0.1073
0.5985 0.5101 0.1339
0.6068 0.8615 0.1124
0.6001 1.2556 0.2015
0.6034 1.3015 0.1929
0.6228 -0.6280 0.1548
0.6200 0.4759 0.1213
0.6041 0.8144 0.1329
0.6132 -0.4498 0.1753
0.6230 -0.9804 0.0970
0.6146 -0.9167 0.1017
0.6199 0.1909 0.1045
0.6097 0.6592 0.1707
0.6172 -0.0612 0.1130
0.6394 0.9478 0.1308
0.6148 0.9863 0.1520
0.6245 -1.0291 0.1095
0.6392 0.5236 0.1431
0.6324 0.0837 0.0852
0.6262 -0.7330 0.1478
0.6262 0.0107 0.0888
0.6343 0.1473 0.0892
0.6377 -0.2394 0.1827
0.6330 -0.0311 0.0849
0.6340 0.0408 0.0928
0.6499 0.7537 0.1213
0.6291 0.8212 0.1217
0.6300 1.3408 0.2077
0.6416 0.8726 0.1173
0.6399 0.1076 0.0813
0.6658 0.3084 0.1426
0.6599 -1.0143 0.1042
0.6371 -0.9296 0.1001
0.6448 -0.8673 0.1218
0.6414 -0.0100 0.0786
0.6557 0.1972 0.1080
0.6600 0.2682 0.1245
0.6450 1.3250 0.1958
0.6679 -0.0559 0.0981
0.6493 0.4076 0.1333
0.6649 0.7887 0.1170
0.6720 -0.5795 0.1500
0.6603 -0.7029 0.1371
0.6599 -0.6198 0.1438
0.6643 0.1522 0.1012
0.6570 0.3656 0.1455
0.6787 0.2290 0.1148
0.6646 1.2908 0.1825
0.6730 0.0036 0.0865
0.6671 0.6892 0.1101
0.6608 0.0859 0.0917
0.6693 -0.9537 0.0914
0.6748 -0.7438 0.1387
0.6779 0.5740 0.1427
0.6755 -0.7932 0.1368
0.6782 0.9526 0.1475
0.6755 -0.1340 0.1199
0.6925 0.6546 0.1063
0.6830 0.7124 0.1039
0.6918 -1.0511 0.1452
0.6864 -0.8440 0.1364
0.7056 -0.9975 0.1046
0.6903 -0.9667 0.0903
0.6873 -0.9240 0.0990
0.6884 -0.6151 0.1435
0.6849 -0.0269 0.0890
0.6865 0.0992 0.1061
0.7019 0.6863 0.1053
0.6912 -0.3550 0.1821
0.6970 -0.1684 0.1224
0.7111 0.2425 0.1165
0.7020 0.6137 0.1191
0.6985 0.0304 0.0969
0.7038 -0.1308 0.1087
0.7184 -0.0927 0.1096
0.7026 0.5885 0.1306
0.7138 0.7250 0.1092
0.7199 -0.0547 0.1073
0.7101 0.7635 0.1210
0.7170 0.0467 0.1137
0.7072 0.8407 0.1326
0.7377 -0.0231 0.1140
0.7180 -0.9591 0.0951
0.7262 -0.1271 0.1131
0.7241 -0.5015 0.1280
0.7353 -0.9081 0.1154
0.7238 -0.1841 0.1319
0.7320 -0.7433 0.1187
0.7510 -0.9506 0.0989
0.7372 -0.5340 0.1293
0.7377 -0.4621 0.1198
0.7430 0.1555 0.1392
0.7490 -0.8402 0.1470
0.7386 -0.4069 0.1344
0.7405 -0.2101 0.1488
0.7422 0.0111 0.1246
0.7412 0.2852 0.1381
0.7464 0.8307 0.1298
0.7479 0.9396 0.1399
0.7504 0.9975 0.1638
0.7428 0.2544 0.1246
0.7568 -0.7553 0.1150
0.7645 0.8957 0.1216
0.7578 -0.6464 0.1595
0.7518 -0.2665 0.1686
0.7560 0.5912 0.1379
0.7588 0.6614 0.1308
0.7708 -0.7261 0.1211
0.7635 -0.5268 0.1206
0.7645 -0.4534 0.1062
0.7719 0.1669 0.1391
0.7656 0.4235 0.1742
0.7672 1.2928 0.1865
0.7730 0.4929 0.1655
0.7760 0.2855 0.1512
0.7808 0.8520 0.1134
0.7902 -0.3022 0.1723
0.7847 -0.9982 0.1270
0.7920 -0.9652 0.1113
0.7856 -0.4552 0.1045
0.7886 0.3798 0.1591
0.7941 1.1258 0.1862
0.7838 1.2585 0.1720
0.8020 0.8221 0.1068
0.7880 -0.7402 0.1169
0.7883 -0.3433 0.1475
0.8073 0.1848 0.1362
0.7869 1.0491 0.1785
0.7941 -0.3681 0.1350
0.7991 -0.9117 0.1263
0.7963 -0.5521 0.1379
0.8006 -0.7815 0.1194
0.7988 0.7147 0.1457
0.8041 0.9221 0.1212
0.8081 1.2421 0.1693
0.8159 -0.9808 0.1211
0.8028 0.5174 0.1662
0.8081 0.5882 0.1674
0.8090 1.0972 0.1883
0.8085 0.7454 0.1300
0.8178 -0.6154 0.1644
0.8232 -0.4592 0.1153
0.8261 -0.7383 0.1242
0.8290 0.9454 0.1367
0.8328 0.4201 0.1476
0.8410 0.1939 0.1402
0.8255 0.1422 0.1451
0.8291 0.7793 0.1113
0.8441 0.8972 0.1113
0.8288 1.2524 0.1739
0.8348 -0.4336 0.1243
0.8393 0.8116 0.1009
0.8468 -0.4920 0.1375
0.8462 -0.0981 0.1673
0.8464 1.2167 0.1703
0.8501 -0.8570 0.1297
0.8472 1.0588 0.1892
0.8517 0.7851 0.1121
0.8567 0.8714 0.1080
0.8579 -0.9426 0.1297
0.8617 -0.7739 0.1199
0.8653 -0.4183 0.1518
0.8581 -0.0508 0.1570
0.8517 0.3401 0.1414
0.8750 1.2294 0.1776
0.8769 -1.0243 0.1919
0.8813 -0.9628 0.1453
0.8621 0.5219 0.2055
0.8777 -0.0799 0.1556
0.8793 -0.8530 0.1227
0.8791 -0.6822 0.1545
0.8853 -0.5709 0.1910
0.8790 0.8151 0.1139
0.8821 0.1478 0.1268
0.8807 0.3547 0.1372
0.8944 -0.7743 0.1218
0.8879 0.3951 0.1438
0.8959 0.9191 0.1353
0.9147 -0.8686 0.1301
0.8965 -0.0116 0.1660
0.8920 0.3054 0.1652
0.8991 0.8597 0.1178
0.9119 -0.8327 0.1243
0.9188 -0.8066 0.1273
0.9027 -0.6497 0.1716
0.9144 -0.2709 0.2167
0.9061 -0.0780 0.1438
0.9135 0.1583 0.1212
0.9194 0.1065 0.1449
0.9216 0.3667 0.1409
0.9391 -0.0771 0.1434
0.9389 0.8306 0.1389
0.9365 0.1908 0.1368
0.9513 -0.7509 0.1501
0.9469 1.0447 0.2157
0.9440 0.1644 0.1214
0.9529 -0.3939 0.2002
0.9629 -0.1871 0.1883
0.9740 0.3809 0.1454
0.9730 -0.9168 0.1630
0.9706 -0.3262 0.2088
0.9757 0.1141 0.1351
0.9676 0.9108 0.1487
0.9767 -0.6995 0.1748
0.9822 -0.0530 0.1655
0.9813 0.8746 0.1470
0.9973 -0.9320 0.1751
0.9936 0.9314 0.1739
0.9929 -0.6899 0.1890
1.0052 -0.4406 0.2079
1.0007 0.0002 0.1798
1.0127 1.2006 0.1773
1.0050 1.2599 0.1882
1.0019 1.2895 0.2071
1.0301 -0.9484 0.1981
1.0060 -0.1874 0.2023
1.0036 0.3671 0.1376
1.0066 0.8071 0.2041
1.0075 0.1498 0.1420
1.0200 -0.5256 0.2252
1.0209 -0.1617 0.2072
1.0301 1.1666 0.1805
1.0374 0.1254 0.1602
1.0273 0.3558 0.1410
1.0279 -1.0492 0.2518
1.0293 0.1915 0.1675
1.0393 -0.5773 0.2401
1.0390 1.0784 0.2093
1.0436 1.2829 0.2177
1.0451 0.3094 0.1542
1.0579 0.3590 0.1633
1.0489 -0.2883 0.2382
1.0525 1.1031 0.2101
1.0592 -0.0012 0.2173
1.0723 -0.9661 0.2354
1.0621 0.9146 0.2269
1.0803 0.0763 0.2115
1.0780 0.2902 0.1826
1.0803 0.3384 0.1807
1.0749 1.2883 0.2468
1.0788 -0.4942 0.2634
1.0757 1.0727 0.2306
1.0848 -0.7708 0.2555
1.0797 0.5846 0.3664
1.0837 -1.1219 0.3751
1.0884 -0.8197 0.2431
1.0883 -0.3809 0.2645
1.0901 0.6144 0.3927
