points 
 2 
 1 
Tumour[19065]FoxP310NNCodensity
-1.4305 -0.7455 0.6554
-1.3551 -0.7819 0.5873
-1.3495 -0.7432 0.5534
-1.2904 -0.6246 0.4846
-1.1498 -0.6038 0.4171
-1.1312 -0.5227 0.4499
-1.1239 -0.6977 0.4419
-0.9118 -0.4560 0.4009
-0.8569 -0.5564 0.3665
-0.8268 -0.5958 0.3818
-0.7344 -0.4299 0.2968
-0.6813 -0.4990 0.2716
-0.6835 -0.4097 0.2909
-0.6138 -0.5381 0.2751
-0.5896 -0.3470 0.3013
-0.5800 -0.2149 0.4476
-0.5331 -0.5069 0.2295
-0.4703 -0.5358 0.2132
-0.4413 -0.5243 0.2123
-0.4123 -0.6396 0.2792
-0.4116 -0.4456 0.2451
-0.4003 -0.6838 0.3335
-0.3910 -0.4550 0.2514
-0.3893 -0.3142 0.3781
-0.3823 -0.5711 0.2425
-0.2440 0.7680 0.5696
-0.2271 0.7865 0.5393
-0.1878 -0.5971 0.4708
-0.1549 0.7499 0.4796
-0.0244 0.9226 0.3536
0.0265 0.8682 0.3077
0.1079 0.8726 0.2386
0.1160 0.9013 0.2287
0.1687 -0.4274 0.6402
0.2140 0.8945 0.1902
0.2259 0.9401 0.1979
0.2333 1.0226 0.2816
0.2422 0.9301 0.1966
0.2488 -0.5512 0.6557
0.2613 0.7730 0.2945
0.2665 0.8526 0.2207
0.2731 -0.2076 0.6321
0.3067 -0.0924 0.6726
0.3267 1.0153 0.3072
0.3497 0.8085 0.3050
0.4340 -0.4033 0.5129
0.4770 -0.0981 0.6037
0.5043 -0.7431 0.7338
0.5255 0.8607 0.3170
0.5401 1.0368 0.4038
0.5519 -0.4673 0.5286
0.5993 0.3616 0.7195
0.6199 1.0012 0.4046
0.6428 0.8464 0.3453
0.6455 0.8101 0.3544
0.6734 0.8023 0.3816
0.6831 -0.1057 0.5718
0.6861 0.7888 0.4056
0.7955 -0.5575 0.4588
0.8344 0.2351 0.7602
0.8482 -0.4108 0.3718
0.8595 0.3970 0.7488
0.8959 -0.5501 0.4590
0.9057 -0.0992 0.5603
0.9540 -0.3432 0.3927
0.9583 -0.4124 0.3924
0.9762 -0.3153 0.4227
1.0001 -0.4215 0.4344
