points 
 2 
 1 
Tumour[19065]FoxP310NNCodensity
-0.9336 0.6392 0.5810
-0.9336 0.8117 0.6054
-0.8805 0.6225 0.5268
-0.8456 0.7615 0.4998
-0.7221 -0.4418 1.0045
-0.6733 0.5070 0.3767
-0.6189 0.3137 0.2389
-0.5504 0.3266 0.1639
-0.5523 0.8530 0.2900
-0.5486 0.0048 0.3354
-0.5187 0.1791 0.1872
-0.5212 0.4226 0.1782
-0.5186 0.3364 0.1430
-0.5181 0.3539 0.1422
-0.5050 0.1679 0.1873
-0.5021 -0.1703 0.5372
-0.5057 0.1896 0.1770
-0.5064 1.0934 0.2403
-0.5027 0.3524 0.1381
-0.4944 0.8173 0.2627
-0.4874 0.9570 0.2045
-0.4855 1.1168 0.2436
-0.4776 0.0438 0.2725
-0.4745 0.1729 0.1852
-0.4683 0.2538 0.1618
-0.4705 1.0275 0.1926
-0.4632 0.4989 0.2130
-0.4611 0.7858 0.2727
-0.4521 0.9505 0.1987
-0.4423 0.7477 0.2950
-0.4335 0.3900 0.1535
-0.4125 0.9766 0.1984
-0.4063 0.3485 0.1613
-0.3978 0.4036 0.1662
-0.3989 0.4988 0.1993
-0.3937 0.0319 0.3142
-0.3919 0.5100 0.2088
-0.3847 1.1374 0.2448
-0.3692 0.2951 0.1689
-0.3677 0.2386 0.2029
-0.3642 1.0612 0.1968
-0.3594 1.0285 0.1979
-0.3458 0.6958 0.3205
-0.3037 0.2622 0.2079
-0.2957 0.5598 0.2489
-0.2970 1.1388 0.2938
-0.2963 0.3885 0.1750
-0.2771 0.3565 0.1748
-0.2646 0.3290 0.1843
-0.2548 0.9242 0.3303
-0.2416 0.4506 0.2030
-0.1890 0.4118 0.2187
-0.1782 0.5863 0.3247
-0.1608 0.4751 0.2571
-0.1561 0.2220 0.2989
-0.1367 1.0716 0.2761
-0.1247 0.1661 0.3810
-0.0898 0.3572 0.3045
-0.0760 1.0367 0.2655
-0.0621 0.9812 0.2832
-0.0273 -0.5713 0.3911
-0.0158 0.9448 0.3375
-0.0000 1.1328 0.3672
0.0069 1.0786 0.3332
0.0108 -0.8815 0.2687
0.0232 0.9821 0.3512
0.0500 -0.8693 0.2105
0.0848 -0.6910 0.1968
0.0947 -0.7144 0.1747
0.1092 -0.6484 0.2089
0.1337 -0.8555 0.1125
0.1404 -0.5138 0.2854
0.1624 -0.7863 0.0985
0.1756 -0.8588 0.0726
0.1730 -0.8175 0.0726
0.1778 -0.8415 0.0636
0.1797 -0.8041 0.0781
0.1757 -0.7572 0.1168
0.1809 -0.7241 0.1346
0.1929 -0.8584 0.0672
0.2043 -0.8409 0.0606
0.2145 -0.8680 0.0779
0.2158 -0.6777 0.1742
0.2231 -0.8460 0.0651
0.2357 -0.8316 0.0702
0.2384 -0.4964 0.2714
0.2458 -0.7938 0.0798
0.2576 -0.8184 0.0729
0.2640 -0.8349 0.0818
0.2692 -0.7380 0.1042
0.2658 -0.5162 0.2557
0.2796 -0.7614 0.0779
0.2799 -0.5024 0.2604
0.2804 -0.7810 0.0681
0.2852 -0.7933 0.0683
0.2908 -0.2097 0.4462
0.3102 -0.7964 0.0782
0.3127 -0.7347 0.1075
0.3234 -0.7853 0.0848
0.3412 -0.7892 0.1029
0.3830 -0.7546 0.1493
0.3887 -0.4163 0.2379
0.3951 0.5113 0.6994
0.3945 -0.4120 0.2384
0.4017 0.4813 0.6979
0.4167 0.4761 0.7097
0.4466 1.1045 0.8802
0.4540 -0.7273 0.2271
0.4583 -0.0710 0.4166
0.4630 -0.6761 0.2206
0.4667 -0.5841 0.1832
0.4968 -0.5665 0.1503
0.5006 -0.3576 0.1918
0.5056 -0.4224 0.1727
0.5038 0.4988 0.8021
0.5237 -0.5002 0.1346
0.5394 -0.5756 0.1332
0.5478 -0.5006 0.1247
0.5590 -0.3281 0.1527
0.5603 -0.2049 0.1985
0.5857 -0.2524 0.1389
0.5869 -0.5864 0.1419
0.5849 -0.5327 0.1217
0.5855 -0.4744 0.1422
0.5921 -0.3719 0.1622
0.5919 -0.5671 0.1299
0.5969 -0.2735 0.1282
0.6017 -0.2295 0.1545
0.6260 -0.2791 0.1330
0.6298 -0.3725 0.1778
0.6389 -0.4949 0.1674
0.6855 -0.5846 0.2426
0.6887 -0.2661 0.1891
0.6980 -0.2486 0.2078
