points 
 2 
 1 
Tumour[19065]CD810NNCodensity
-1.7719 -0.5293 0.5470
-1.7378 -0.5444 0.5060
-1.7415 -0.5391 0.5134
-1.7251 -0.5666 0.4855
-1.7072 -0.9668 0.3851
-1.6863 -0.5883 0.4765
-1.6319 -0.9445 0.3155
-1.6028 -1.0411 0.2808
-1.5669 -1.0655 0.2741
-1.5408 -1.0183 0.2464
-1.5284 -1.0584 0.2631
-1.5096 -0.9727 0.2662
-1.4961 -1.0501 0.2714
-1.3634 -1.0487 0.4059
-1.2723 -0.9355 0.5345
-0.6747 0.5046 0.1820
-0.6798 0.5656 0.2271
-0.6653 0.3741 0.2468
-0.6442 0.4015 0.2009
-0.6304 0.4844 0.1447
-0.6076 0.4403 0.1564
-0.5968 0.5621 0.1753
-0.5986 0.4900 0.1406
-0.5599 0.5464 0.1638
-0.5223 0.4992 0.1542
-0.4763 0.4681 0.1504
-0.4800 0.4338 0.1602
-0.4678 0.6024 0.2427
-0.4517 0.4139 0.1627
-0.4149 0.4533 0.1291
-0.3982 0.4849 0.1367
-0.3567 0.4488 0.1207
-0.3620 0.4856 0.1309
-0.3340 0.3765 0.1669
-0.3275 0.4789 0.1308
-0.3031 0.4294 0.1337
-0.2995 0.3659 0.1854
-0.2799 0.4550 0.1396
-0.3020 0.6315 0.2809
-0.2719 0.5338 0.1860
-0.1893 0.4500 0.1423
-0.1664 0.4254 0.1297
-0.1694 0.4697 0.1439
-0.1600 0.3754 0.1558
-0.1387 0.3914 0.1288
-0.1355 0.6024 0.2200
-0.1346 0.2348 0.2879
-0.1131 0.6626 0.2853
-0.1089 0.5884 0.2081
-0.1024 0.4133 0.1132
-0.0999 0.4839 0.1370
-0.0750 0.4893 0.1439
-0.0642 0.3828 0.1272
-0.0571 0.1779 0.3291
-0.0533 0.4243 0.1114
-0.0239 0.3846 0.1175
-0.0215 0.4179 0.1114
-0.0129 0.4752 0.1423
0.0085 -0.2751 0.6910
0.0180 0.3605 0.1259
0.0207 -0.1035 0.6177
0.0362 0.5593 0.2302
0.0423 0.4418 0.1446
0.0431 0.3418 0.1312
0.0529 0.3847 0.1267
0.0639 0.2777 0.1815
0.0899 0.5240 0.2344
0.1032 0.3536 0.1209
0.1303 0.3144 0.1367
0.1325 0.3876 0.1421
0.1548 0.3538 0.1305
0.1548 0.3510 0.1299
0.2153 0.2473 0.1590
0.2319 0.2756 0.1352
0.2502 0.3198 0.1361
0.2482 0.3609 0.1608
0.2697 0.4617 0.2624
0.2689 -0.6791 0.4799
0.2754 0.2342 0.1239
0.3013 0.2719 0.1077
0.3285 0.2884 0.1068
0.3139 0.2272 0.1113
0.3363 0.2664 0.1013
0.3500 0.2102 0.1090
0.3455 0.3527 0.1442
0.3465 0.1463 0.1730
0.3734 0.3217 0.1156
0.3925 0.2633 0.1050
0.3784 -0.3447 0.2724
0.3858 0.2187 0.1120
0.3822 0.1642 0.1510
0.4043 0.3492 0.1394
0.4156 -0.2797 0.1740
0.4174 -0.0374 0.2501
0.4340 0.2520 0.1133
0.4289 0.3117 0.1214
0.4452 0.2736 0.1118
0.4414 -0.2643 0.1471
0.4476 -0.2183 0.1467
0.4425 -0.0441 0.2394
0.4442 -0.1140 0.1901
0.4665 -0.2861 0.1543
0.4626 -0.1927 0.1538
0.4686 -0.0192 0.2517
0.4673 0.2071 0.1374
0.4778 -0.6372 0.2217
0.4928 0.2373 0.1303
0.5050 -1.0291 0.3173
0.4987 -0.9550 0.2403
0.5158 -0.8367 0.1732
0.4993 -0.7508 0.1728
0.4967 -0.2571 0.1469
0.4919 0.3381 0.1460
0.4929 0.4366 0.2313
0.5014 -0.1373 0.1887
0.5250 0.2349 0.1306
0.5247 0.3932 0.1945
0.5479 -0.7804 0.1415
0.5385 -0.7340 0.1383
0.5368 -0.7143 0.1400
0.5368 0.3368 0.1595
0.5479 -0.9136 0.1823
0.5506 -0.2890 0.2058
0.5615 0.1993 0.1243
0.5717 0.1413 0.1724
0.5822 -0.6229 0.1664
0.5735 -0.5917 0.1971
0.5773 -0.2413 0.2256
0.5923 -0.6470 0.1486
0.5932 0.2040 0.1166
0.5952 0.2444 0.1210
0.5964 -0.8676 0.1586
0.5987 -0.6722 0.1400
0.5966 -0.8918 0.1651
0.6178 0.3319 0.1915
0.6232 0.2078 0.1220
0.6257 -0.4639 0.3427
0.6317 -0.7911 0.1481
0.6308 -0.7474 0.1359
0.6326 0.2612 0.1400
0.6446 -0.7622 0.1437
0.6552 0.1980 0.1511
0.6551 -0.9383 0.2176
0.6802 -0.9638 0.2600
0.6850 0.2085 0.1849
0.6888 -0.6836 0.1954
0.6917 -0.7797 0.1936
