points 
 2 
 1 
Tumour[19065]FoxP310NNCodensity
-1.4124 1.1133 0.9866
-1.3876 -0.2403 0.8315
-1.3529 0.6418 0.9843
-1.3070 -1.1311 1.3455
-1.3004 1.1152 0.8534
-1.2925 -1.1113 1.3154
-1.2885 -0.2008 0.6939
-1.2414 -0.1864 0.6474
-1.2187 0.8485 0.8420
-1.1880 -1.0578 1.2344
-1.1502 1.0541 0.7454
-1.1322 -0.1010 0.5443
-1.1028 -0.0095 0.5123
-1.0158 1.2429 0.7570
-0.9884 1.3245 0.7939
-0.9649 0.0879 0.5041
-0.9496 0.0285 0.4870
-0.9287 0.0431 0.4949
-0.7383 0.2715 0.5434
-0.6894 0.1755 0.5008
-0.5477 -1.1174 1.1234
-0.5231 0.9429 0.5138
-0.5217 1.2968 0.5985
-0.5029 0.5427 0.5616
-0.4540 0.7048 0.5433
-0.4332 0.2084 0.3164
-0.4270 1.1818 0.4827
-0.4052 0.1808 0.2835
-0.3947 0.2057 0.2754
-0.3861 -0.3422 0.6408
-0.3834 0.9509 0.4487
-0.3548 -0.7542 0.7501
-0.3252 1.3485 0.5634
-0.3226 0.2680 0.2715
-0.3223 0.6723 0.5447
-0.3212 0.9367 0.4644
-0.3166 1.3292 0.5439
-0.2843 0.1350 0.2059
-0.2760 0.8811 0.5052
-0.2607 0.1807 0.2002
-0.2169 -0.7094 0.6217
-0.2154 0.1140 0.1880
-0.2094 -0.0989 0.3258
-0.1669 -0.0012 0.2367
-0.1652 0.0648 0.1888
-0.1657 0.1595 0.1947
-0.1612 0.1348 0.1861
-0.1297 0.0777 0.2008
-0.1251 0.2611 0.3160
-0.1161 -0.2454 0.4265
-0.1002 -0.6095 0.5046
-0.1003 -0.2561 0.4313
-0.0778 1.3349 0.6559
-0.0655 -0.0277 0.3099
-0.0198 1.2495 0.6607
0.0380 -0.4260 0.4341
0.1095 -0.7024 0.4251
0.1209 -1.1157 0.7271
0.1938 -1.1005 0.6774
0.2053 -0.6662 0.3531
0.2053 -0.6440 0.3395
0.2392 -0.3375 0.3665
0.2873 -0.5357 0.2804
0.2927 -0.3669 0.3103
0.3108 -0.7772 0.4106
0.3284 -0.5388 0.2764
0.3906 1.2726 0.7822
0.4212 -0.4392 0.2673
0.4331 -0.5017 0.2864
0.4346 -0.0476 0.5337
0.4497 -0.4639 0.2793
0.4607 -0.3222 0.3054
0.4742 1.0057 0.7162
0.4948 -0.3400 0.3071
0.5081 0.9561 0.7318
0.5253 1.0308 0.7228
0.5371 1.1315 0.7589
0.5403 -0.8724 0.4426
0.5403 -0.8626 0.4397
0.6112 -1.0486 0.4578
0.6137 0.2171 0.5975
0.6161 -0.7498 0.4451
0.6418 -0.2118 0.3884
0.6465 -0.2240 0.3840
0.6952 -0.0537 0.4953
0.7126 0.3027 0.5809
0.7171 -0.4948 0.4460
0.7310 -1.0171 0.3886
0.7899 -0.8914 0.3795
0.8361 0.5875 0.7541
0.8520 -1.1256 0.4737
0.8785 -1.1294 0.4901
0.8818 -0.2981 0.3869
0.9000 1.2864 1.1615
0.9157 -0.4272 0.3734
0.9205 -0.3142 0.3859
0.9333 -0.9422 0.4046
0.9469 -0.3240 0.3981
0.9732 -0.5888 0.3762
0.9842 0.2175 0.5345
0.9861 0.3043 0.5997
0.9958 -0.6067 0.3818
0.9964 0.2063 0.5363
1.0225 -0.6474 0.4010
1.0248 0.1890 0.5566
1.0335 -0.7863 0.4317
1.0501 -0.8752 0.4521
