points 
 2 
 1 
Tumour[19065]CD6810NNCodensity
-1.0273 -0.7031 0.1304
-1.0366 -0.5231 0.2083
-1.0012 -0.4492 0.1534
-1.0177 -0.2221 0.1404
-1.0323 -0.1516 0.1234
-1.0236 -0.0861 0.1091
-1.0375 -0.0466 0.1165
-1.0340 -0.0016 0.1354
-1.0276 0.2492 0.1577
-1.0354 0.2989 0.1663
-1.0366 1.1458 0.1231
-1.0252 1.2131 0.1505
-1.0176 -1.1256 0.2021
-1.0078 -0.1336 0.1051
-1.0195 1.1076 0.1135
-1.0196 -0.8862 0.1614
-1.0269 -0.7261 0.1295
-1.0193 -0.6500 0.1463
-1.0248 -0.0360 0.1087
-1.0227 1.1830 0.1232
-1.0168 -0.9005 0.1668
-1.0205 -1.0977 0.2021
-1.0229 0.5298 0.2522
-1.0123 1.0648 0.1405
-0.9990 -0.4251 0.1416
-1.0101 -0.1877 0.1141
-0.9946 -0.7256 0.1066
-1.0020 0.2291 0.1348
-1.0051 0.3874 0.1755
-0.9916 -0.8785 0.1369
-0.9843 -0.3529 0.1285
-0.9866 0.1176 0.1766
-0.9830 0.9101 0.2512
-0.9748 -0.1186 0.0999
-0.9886 -0.0572 0.0954
-0.9867 0.2134 0.1298
-0.9881 1.0940 0.1036
-0.9845 1.1587 0.0976
-0.9898 -0.7560 0.1117
-0.9718 -0.3244 0.1238
-0.9751 0.0020 0.1061
-0.9815 0.3713 0.1528
-0.9564 -0.1650 0.0996
-0.9711 -0.0727 0.0988
-0.9786 0.9531 0.2051
-0.9638 -1.1003 0.1413
-0.9455 -0.2373 0.1119
-0.9743 -0.2029 0.1070
-0.9634 1.1392 0.0957
-0.9608 -0.8686 0.1283
-0.9659 -0.5757 0.1654
-0.9700 0.1981 0.1332
-0.9538 0.2365 0.1244
-0.9673 0.6015 0.2589
-0.9581 -0.7111 0.1069
-0.9619 -0.6379 0.1303
-0.9515 1.1025 0.1000
-0.9484 -0.7819 0.1035
-0.9468 -0.7456 0.1052
-0.9408 -0.0123 0.1049
-0.9451 0.4686 0.1769
-0.9429 1.1611 0.1077
-0.9503 1.2458 0.1664
-0.9471 -0.3469 0.1059
-0.9505 -0.8144 0.1135
-0.9260 -0.2940 0.1162
-0.9504 0.0275 0.1241
-0.9183 -0.0864 0.1013
-0.9339 0.5610 0.2055
-0.9339 -0.4705 0.1274
-0.9393 -0.4147 0.1076
-0.9481 0.3268 0.1320
-0.9284 -1.1077 0.1217
-0.9440 -0.9289 0.1657
-0.9390 -0.6413 0.1284
-0.9392 0.0659 0.1609
-0.9345 1.0712 0.1146
-0.9208 -0.3849 0.1025
-0.9299 1.1902 0.1222
-0.9283 -0.9893 0.1860
-0.9121 -0.3580 0.1003
-0.9240 -0.1312 0.1020
-0.9171 -0.0368 0.1059
-0.9148 0.3353 0.1246
-0.9040 -0.2645 0.1237
-0.9098 -1.1799 0.1524
-0.9196 -0.2015 0.1032
-0.9107 0.1766 0.1423
-0.9149 0.3835 0.1315
-0.9081 1.0535 0.1314
-0.9091 -0.7911 0.1081
-0.8917 -0.1736 0.1036
-0.8895 -1.1255 0.1140
-0.8903 -1.0984 0.1189
-0.9014 -1.0510 0.1511
-0.9022 -0.8232 0.1262
-0.8780 -0.3305 0.1107
-0.8852 0.2256 0.1256
-0.8975 0.8787 0.2287
-0.9008 0.9978 0.1738
-0.9012 -0.6751 0.1269
-0.8990 -0.4738 0.1192
-0.8881 -0.1384 0.0979
-0.8956 -0.0265 0.1185
-0.8811 -0.2089 0.1166
-0.8949 0.3926 0.1376
-0.8845 1.1338 0.1097
-0.8874 -0.5276 0.1499
-0.8780 -0.4370 0.1018
-0.8680 -0.0718 0.1140
-0.8589 -0.1074 0.1034
-0.8691 1.0827 0.1217
-0.8758 -0.7799 0.1182
-0.8605 -0.4139 0.0980
-0.8452 -1.1820 0.1383
-0.8735 -0.6269 0.1379
-0.8702 0.2898 0.1126
-0.8562 0.3147 0.1135
-0.8641 1.1485 0.1156
-0.8447 -1.1369 0.1188
-0.8471 -0.6484 0.1352
-0.8557 -0.3838 0.0938
-0.8543 0.5976 0.2191
-0.8440 -0.1462 0.1051
-0.8429 -0.4984 0.1320
-0.8551 0.2739 0.1105
-0.8525 -0.7331 0.1296
-0.8477 0.4604 0.1789
-0.8464 0.1620 0.1571
-0.8415 0.2227 0.1162
-0.8458 1.1336 0.1162
-0.8465 1.2124 0.1414
-0.8477 1.2737 0.1994
-0.8338 -0.3231 0.1283
-0.8414 0.5161 0.1920
-0.8378 -1.1057 0.1290
-0.8313 -0.3866 0.1024
-0.8148 0.0028 0.1319
-0.8317 -0.7844 0.1572
-0.8243 -0.7213 0.1454
-0.8092 0.3104 0.1205
-0.8197 -0.4320 0.1094
-0.8043 -0.1440 0.1081
-0.8039 -0.0906 0.1232
-0.8203 1.2089 0.1454
-0.8123 -0.9570 0.1955
-0.8102 0.3555 0.1494
-0.8109 0.5149 0.2011
-0.8032 -0.2281 0.1188
-0.7848 -0.1969 0.1075
-0.7893 0.9683 0.1710
-0.8040 -1.1784 0.1394
-0.8025 -0.6561 0.1482
-0.7985 -0.5883 0.1520
-0.8045 -0.3787 0.1112
-0.8018 -0.2593 0.1329
-0.8065 0.0367 0.1526
-0.8029 -0.4907 0.1354
-0.7783 -0.1201 0.1209
-0.7876 0.2782 0.1111
-0.7976 0.9009 0.1986
-0.7997 1.0708 0.1423
-0.7799 -1.0077 0.1617
-0.7804 1.1419 0.1337
-0.7813 0.2065 0.1096
-0.7827 0.2286 0.1046
-0.7894 0.7096 0.2965
-0.7847 0.8687 0.2232
-0.7823 1.0950 0.1343
-0.7546 -0.0277 0.1129
-0.7806 0.0100 0.1264
-0.7731 -1.2021 0.1572
-0.7760 -0.2332 0.1228
-0.7621 0.1769 0.1256
-0.7610 -0.5581 0.1591
-0.7612 -0.1664 0.1125
-0.7571 -1.0788 0.1594
-0.7399 -0.3264 0.1274
-0.7610 0.9390 0.1769
-0.7574 0.0021 0.1209
-0.7521 0.2644 0.1246
-0.7415 0.6463 0.2490
-0.7367 -0.3879 0.1106
-0.7400 1.1430 0.1543
-0.7495 -0.6215 0.1840
-0.7420 -0.4371 0.1154
-0.7285 -0.1907 0.1218
-0.7324 0.1194 0.1686
-0.7320 -1.1868 0.1457
-0.7312 -0.4066 0.1094
-0.7213 0.2307 0.1368
-0.7269 0.1878 0.1352
-0.7271 -0.9619 0.1337
-0.7295 -0.4681 0.1288
-0.7105 -0.3600 0.1096
-0.7276 0.9227 0.1979
-0.7123 -0.0035 0.1276
-0.7159 -0.0513 0.1168
-0.7120 -0.9310 0.1428
-0.7090 -0.4745 0.1325
-0.7114 1.0581 0.1636
-0.7165 1.2439 0.2137
-0.6825 -1.1398 0.1282
-0.6686 -0.8984 0.1457
-0.6961 -0.0674 0.1187
-0.6941 -1.1966 0.1516
-0.6919 -1.0766 0.1327
-0.6972 -0.9980 0.1209
-0.6970 -0.8631 0.1687
-0.6867 -0.7600 0.1885
-0.6916 -0.3394 0.1109
-0.6788 -0.9747 0.1247
-0.6863 1.0934 0.1848
-0.6821 -0.1850 0.1327
-0.6846 0.4486 0.1591
-0.6789 -0.2781 0.1267
-0.6788 -0.2301 0.1331
-0.6675 0.4980 0.1594
-0.6680 -1.0675 0.1266
-0.6586 0.1092 0.1736
-0.6674 1.0316 0.1846
-0.6669 1.2847 0.2663
-0.6586 -0.3319 0.1072
-0.6606 0.3544 0.1476
-0.6587 -1.0131 0.1218
-0.6527 -0.7357 0.1810
-0.6572 -1.1679 0.1323
-0.6531 -0.0950 0.1089
-0.6473 -0.0582 0.1169
-0.6564 0.4051 0.1444
-0.6379 0.3589 0.1374
-0.6477 -0.5476 0.1784
-0.6448 -0.4366 0.1262
-0.6372 0.5575 0.1541
-0.6390 -0.3885 0.1116
-0.6231 -0.4611 0.1295
-0.6321 0.3809 0.1362
-0.6271 0.5271 0.1395
-0.6322 -0.7150 0.1931
-0.6335 -0.1198 0.1019
-0.6280 -1.1551 0.1272
-0.6252 -0.8334 0.1448
-0.6158 -0.2811 0.1153
-0.6276 -0.0315 0.1429
-0.6249 0.2750 0.1384
-0.6186 -0.3730 0.1043
-0.6067 -0.1125 0.1062
-0.6136 -0.1321 0.1027
-0.6005 0.0993 0.1671
-0.6055 -1.1221 0.1260
-0.6064 -0.2429 0.1296
-0.6146 -0.1975 0.1192
-0.6014 0.2805 0.1289
-0.6087 -1.0383 0.1316
-0.6077 -0.5450 0.1779
-0.5966 -0.3123 0.1007
-0.6015 0.6224 0.1778
-0.6026 0.2469 0.1374
-0.5991 -0.8047 0.1425
-0.5997 0.2025 0.1468
-0.5794 -0.4700 0.1357
-0.5809 -0.8603 0.1493
-0.5904 0.4932 0.1439
-0.5889 0.5883 0.1499
-0.5920 0.9948 0.2116
-0.5878 -0.1430 0.1109
-0.5903 1.2766 0.3255
-0.5776 -0.3323 0.0956
-0.5816 0.4355 0.1526
-0.5837 -0.9884 0.1520
-0.5853 -0.3677 0.0989
-0.5644 -1.1990 0.1736
-0.5795 0.0976 0.1646
-0.5767 0.0622 0.1783
-0.5731 -1.0071 0.1484
-0.5595 -1.1096 0.1348
-0.5667 -0.8968 0.1561
-0.5586 -0.1553 0.1279
-0.5556 0.1946 0.1428
-0.5617 0.9028 0.2097
-0.5560 -0.4460 0.1283
-0.5609 0.9966 0.2123
-0.5585 -0.3637 0.0969
-0.5431 -0.7975 0.1622
-0.5443 -0.7312 0.2000
-0.5512 1.1830 0.2978
-0.5385 -1.1382 0.1435
-0.5441 -0.2990 0.1189
-0.5326 -0.1830 0.1456
-0.5400 0.4995 0.1687
-0.5111 -1.0894 0.1475
-0.5353 -0.4029 0.1133
-0.5303 0.2768 0.1239
-0.5320 0.5964 0.1477
-0.5205 0.2447 0.1280
-0.5307 0.3434 0.1467
-0.5202 -0.3292 0.1129
-0.5111 -0.5780 0.1614
-0.4943 -0.2056 0.1583
-0.5099 0.8060 0.1996
-0.4906 -0.4521 0.1221
-0.4918 0.0961 0.1650
-0.4941 0.3175 0.1332
-0.4984 0.7460 0.2016
-0.4850 -0.8896 0.1572
-0.4917 -0.3409 0.1247
-0.4853 -0.5571 0.1320
-0.4904 0.5754 0.1430
-0.4890 -0.9994 0.1458
-0.4795 0.2409 0.1389
-0.4891 0.6298 0.1517
-0.4772 0.3552 0.1458
-0.4830 -0.8516 0.1666
-0.4830 -0.3757 0.1259
-0.4797 0.7997 0.1858
-0.4780 -1.1096 0.1495
-0.4661 0.1573 0.1573
-0.4746 0.9695 0.1691
-0.4661 -0.9769 0.1443
-0.4693 0.9158 0.1456
-0.4653 -0.5335 0.1123
-0.4575 -0.0260 0.2481
-0.4510 -1.0012 0.1385
-0.4488 0.3916 0.1676
-0.4493 -1.1875 0.1701
-0.4497 -0.6247 0.1673
-0.4497 -0.4151 0.1341
-0.4430 -0.2599 0.1540
-0.4436 0.1942 0.1627
-0.4443 -0.5144 0.1042
-0.4416 0.0456 0.2108
-0.4420 0.1391 0.1788
-0.4333 0.3087 0.1474
-0.4363 0.5793 0.1309
-0.4349 -0.4993 0.1016
-0.4310 -0.4537 0.1181
-0.4322 -0.2333 0.1673
-0.4304 0.6410 0.1394
-0.4173 -0.6100 0.1484
-0.4145 -0.4831 0.1071
-0.4108 -1.0130 0.1224
-0.4230 0.7001 0.1651
-0.4166 0.8947 0.1505
-0.4187 0.9214 0.1480
-0.4182 -0.2668 0.1630
-0.4145 0.5432 0.1350
-0.4114 -1.1873 0.1629
-0.4141 -0.8838 0.1395
-0.4089 -1.1282 0.1394
-0.3949 0.5242 0.1463
-0.4013 0.3798 0.1501
-0.3952 0.9665 0.1947
-0.3893 -0.5142 0.1164
-0.3976 0.9360 0.1690
-0.3838 -0.8652 0.1398
-0.3923 0.8544 0.1820
-0.3828 -1.0024 0.1123
-0.3672 -1.1312 0.1244
-0.3781 0.4808 0.1664
-0.3784 0.5822 0.1318
-0.3778 0.6868 0.1602
-0.3715 -0.7963 0.1741
-0.3699 -0.9320 0.1240
-0.3618 -1.0364 0.1170
-0.3657 -0.5587 0.1398
-0.3504 0.3302 0.1252
-0.3540 -1.0663 0.1152
-0.3366 -0.8728 0.1423
-0.3400 -0.0629 0.1599
-0.3520 0.5379 0.1464
-0.3507 0.6811 0.1611
-0.3317 -1.1921 0.1392
-0.3471 -0.2647 0.1845
-0.3437 -0.9287 0.1270
-0.3368 -0.9478 0.1264
-0.3336 -0.6458 0.1834
-0.3363 -0.4841 0.1417
-0.3241 -1.0557 0.1240
-0.3267 -0.7665 0.1767
-0.3204 -0.4456 0.1766
-0.3145 -1.1425 0.1207
-0.3151 -0.6307 0.1764
-0.3165 0.3074 0.1147
-0.3133 0.3396 0.1109
-0.3125 -1.0216 0.1315
-0.3138 0.2406 0.1551
-0.3156 0.3865 0.1387
-0.3116 0.6422 0.1447
-0.3084 -1.1168 0.1255
-0.3018 -0.1066 0.1506
-0.3000 1.1994 0.2746
-0.2869 -1.1915 0.1302
-0.2941 -0.5223 0.1477
-0.2962 -0.2224 0.1790
-0.2974 -0.1597 0.1815
-0.2868 0.6395 0.1529
-0.2819 -0.2720 0.1754
-0.2893 0.2433 0.1424
-0.2963 1.1714 0.2598
-0.2895 0.3645 0.1246
-0.2876 -0.0104 0.1042
-0.2865 0.3303 0.1114
-0.2889 0.5670 0.1473
-0.2752 -0.0338 0.0940
-0.2729 -0.0576 0.1074
-0.2727 -0.8002 0.1465
-0.2766 -0.7707 0.1666
-0.2670 -0.0175 0.0910
-0.2582 -1.1997 0.1263
-0.2532 -0.5367 0.1580
-0.2490 0.0089 0.0932
-0.2295 0.5830 0.1506
-0.2436 -1.1784 0.1143
-0.2460 -0.9590 0.1597
-0.2407 0.0393 0.1067
-0.2468 0.2861 0.1357
-0.2370 -0.5963 0.1859
-0.2370 1.1887 0.2239
-0.2355 0.6114 0.1598
-0.2205 -0.9123 0.1317
-0.2232 0.2413 0.1535
-0.2328 -0.3102 0.1717
-0.2299 1.1083 0.2468
-0.2279 -0.5415 0.1698
-0.2284 -0.0238 0.1012
-0.2278 0.4003 0.1651
-0.2185 0.0964 0.1233
-0.2148 0.1838 0.1498
-0.2045 -1.1417 0.1226
-0.2220 -0.8252 0.1360
-0.2148 0.0312 0.1074
-0.2083 0.1487 0.1409
-0.2039 -0.8698 0.1208
-0.2005 -0.0597 0.1407
-0.1899 0.1107 0.1164
-0.2023 1.1598 0.2112
-0.2010 -1.1923 0.1225
-0.2033 -1.1048 0.1541
-0.1979 -0.3103 0.1532
-0.1947 -0.8330 0.1383
-0.1887 0.0548 0.1174
-0.1970 0.5454 0.1493
-0.1917 0.5186 0.1419
-0.1916 1.2715 0.2608
-0.1886 -0.8520 0.1287
-0.1870 0.4205 0.1640
-0.1780 -0.1440 0.1701
-0.1780 -0.9464 0.1415
-0.1631 -0.9097 0.1339
-0.1719 -0.3335 0.1473
-0.1622 -1.1649 0.1166
-0.1674 -0.2369 0.1382
-0.1528 -0.2591 0.1298
-0.1554 -1.2037 0.1365
-0.1543 -0.5714 0.1784
-0.1582 0.5167 0.1479
-0.1525 0.2696 0.1732
-0.1501 -0.1444 0.1745
-0.1381 0.0868 0.1137
-0.1443 0.4234 0.1697
-0.1360 -0.9591 0.1373
-0.1400 -1.1802 0.1260
-0.1212 0.3193 0.1871
-0.1317 0.8201 0.3351
-0.1291 1.0130 0.3481
-0.1208 -0.1908 0.1506
-0.1287 1.1877 0.2186
-0.1278 0.5013 0.1686
-0.1239 0.1335 0.1203
-0.1255 -0.4705 0.1407
-0.1013 0.1858 0.1501
-0.1161 -1.0509 0.1217
-0.1023 -0.4048 0.1144
-0.1044 0.0891 0.1191
-0.0972 -1.0385 0.1093
-0.1011 -0.3278 0.1253
-0.0968 0.7688 0.3050
-0.0826 -0.3935 0.1019
-0.0961 0.4645 0.1980
-0.0926 0.0705 0.1316
-0.0863 -0.5093 0.1221
-0.0856 -0.2828 0.1362
-0.0912 0.2817 0.1862
-0.0818 -1.0685 0.1087
-0.0827 -0.2519 0.1458
-0.0834 -1.1417 0.1230
-0.0810 -1.1230 0.1200
-0.0798 -1.0159 0.1082
-0.0805 -0.1985 0.1630
-0.0810 0.1604 0.1356
-0.0776 -0.9905 0.1163
-0.0758 -0.5360 0.1321
-0.0716 -0.4776 0.1025
-0.0695 0.0648 0.1436
-0.0590 -1.1390 0.1275
-0.0652 -0.3648 0.1068
-0.0569 -1.0155 0.1123
-0.0552 -0.5898 0.1611
-0.0447 -0.9623 0.1391
-0.0551 -0.4169 0.0870
-0.0364 -0.4918 0.1102
-0.0403 -0.4498 0.0945
-0.0372 -0.3646 0.1072
-0.0368 0.7258 0.2868
-0.0244 0.1537 0.1416
-0.0294 1.2581 0.3103
-0.0204 -0.4075 0.0906
-0.0121 -1.1838 0.1620
-0.0176 -0.6806 0.2257
-0.0114 0.2895 0.1775
-0.0131 1.2474 0.3179
-0.0082 -1.0876 0.1384
-0.0071 -0.4419 0.1008
-0.0020 -0.9104 0.1905
-0.0042 -0.1105 0.2432
-0.0043 1.1955 0.3147
0.0175 0.0022 0.1881
0.0083 -0.5961 0.1776
0.0014 0.1702 0.1418
0.0073 -0.4157 0.1040
0.0135 0.0933 0.1538
0.0275 -1.0960 0.1506
0.0290 -0.5125 0.1563
0.0298 -0.9758 0.1508
0.0383 -0.5979 0.1960
0.0324 -0.3889 0.1246
0.0337 0.8006 0.2375
0.0347 0.2508 0.1462
0.0426 -1.1562 0.1515
0.0756 -1.1942 0.1728
0.0546 -0.7906 0.2051
0.0678 0.1258 0.1348
0.0579 0.2117 0.1357
0.0630 -0.3719 0.1512
0.0653 -0.0381 0.1960
0.0703 0.3319 0.1780
0.0743 -0.9545 0.1736
0.0703 -0.7807 0.1996
0.0825 -1.0272 0.1477
0.1144 -1.1652 0.1571
0.0808 0.1688 0.1280
0.0866 0.2534 0.1365
0.0833 0.8306 0.2352
0.0997 -1.0650 0.1484
0.0948 -0.7334 0.2083
0.1050 0.2864 0.1363
0.1105 -0.9858 0.1625
0.1014 -0.0205 0.1770
0.1162 0.7438 0.2268
0.1114 0.1185 0.1404
0.1298 -0.0031 0.1740
0.1182 0.1008 0.1451
0.1201 -0.7858 0.2106
0.1206 -0.4797 0.1998
0.1202 -0.4381 0.1769
0.1473 -1.1956 0.1787
0.1245 -0.3913 0.1822
0.1349 -1.0402 0.1543
0.1467 -0.7475 0.2376
0.1452 0.7658 0.2268
0.1359 0.8829 0.2801
0.1638 -0.3263 0.2353
0.1497 0.1469 0.1592
0.1608 0.2746 0.1411
0.1716 0.7305 0.2373
0.1683 0.3533 0.1941
0.1793 0.0715 0.1889
0.1797 0.3007 0.1510
0.1948 0.2583 0.1486
0.1866 -0.0657 0.2020
0.1956 0.9081 0.3132
0.1995 -1.1495 0.1598
0.1985 -1.1777 0.1693
0.2006 -1.0567 0.1725
0.1997 -0.8694 0.2484
0.2122 0.6026 0.3238
0.2200 -0.0953 0.1984
0.2295 -1.0116 0.1913
0.2312 0.5650 0.3383
0.2341 0.2449 0.1510
0.2545 1.1005 0.2943
0.2613 1.2373 0.2921
0.2678 -1.1974 0.2052
0.2796 0.5864 0.3699
0.2774 -0.1625 0.1982
0.2810 -1.0808 0.1873
0.2794 -0.2943 0.2275
0.2788 -0.2270 0.2221
0.2912 0.2259 0.1249
0.3048 0.2538 0.1321
0.3005 -1.1631 0.1974
0.2979 0.1346 0.1579
0.3050 1.2009 0.2271
0.3078 -0.0353 0.1676
0.3244 0.1720 0.1180
0.3127 0.3230 0.1914
0.3181 -0.9811 0.1842
0.3208 -0.3448 0.2377
0.3214 0.0031 0.1608
0.3453 0.0816 0.1422
0.3239 -0.9384 0.1946
0.3277 1.0523 0.2739
0.3252 -0.1177 0.1781
0.3276 -0.1567 0.1966
0.3298 0.2039 0.1104
0.3315 -0.4153 0.2466
0.3492 0.2185 0.1114
0.3769 0.1367 0.1259
0.3602 -0.0084 0.1384
0.3646 -0.4042 0.2580
0.3678 0.0309 0.1332
0.3644 0.2425 0.1246
0.3665 -1.1691 0.2281
0.3830 -0.9647 0.1826
0.4060 1.2744 0.2003
0.3920 -0.7546 0.2646
0.3972 -1.0024 0.1770
0.4095 0.0781 0.1360
0.4039 -0.4497 0.2795
0.4102 0.1623 0.1231
0.4158 -0.7499 0.2494
0.4173 1.1931 0.1631
0.4219 1.1448 0.1742
0.4275 -0.8578 0.2171
0.4188 -0.5471 0.2945
0.4281 0.0144 0.1204
0.4297 -0.9922 0.1896
0.4291 0.1870 0.1263
0.4287 -0.0676 0.1708
0.4377 -1.1229 0.2299
0.4350 0.2991 0.1968
0.4420 0.2034 0.1295
0.4376 1.1198 0.1859
0.4479 1.1670 0.1628
0.4511 -0.9707 0.2144
0.4542 -0.5695 0.2901
0.4651 -0.0082 0.1237
0.4733 1.2605 0.1814
0.4686 -1.1489 0.2711
0.4717 0.8676 0.3415
0.4813 -0.7622 0.2350
0.4750 0.0203 0.1194
0.4814 0.0844 0.1438
0.4825 0.1772 0.1378
0.4900 -0.0134 0.1327
0.4926 -0.1655 0.2660
0.5001 1.2035 0.1715
0.5115 0.0382 0.1317
0.5027 0.8876 0.3151
0.5209 1.2786 0.2056
0.5200 0.1791 0.1429
0.5212 1.0326 0.2485
0.5290 0.2336 0.1536
0.5441 0.2566 0.1753
0.5460 1.2734 0.2149
0.5545 -0.7394 0.2556
0.5509 1.0235 0.2587
0.5586 0.0306 0.1407
0.5550 0.7681 0.4126
0.5680 -0.7699 0.2697
0.5861 -0.0263 0.1691
0.5767 0.1195 0.1685
0.5822 -0.2085 0.3082
0.6055 -0.7419 0.3004
0.6074 -0.3436 0.3208
0.6104 0.2527 0.2182
0.6239 -0.4686 0.3105
0.6183 0.1824 0.1964
0.6293 0.0850 0.1756
0.6346 0.0117 0.1712
0.6561 -0.0279 0.2015
0.6692 -1.1383 0.3819
0.6645 1.2126 0.2899
0.6688 -0.5628 0.3323
0.6740 -0.1409 0.2898
0.6758 0.9933 0.2926
0.6745 1.1624 0.2893
0.6828 -1.1674 0.3967
0.6861 0.0344 0.2105
0.6928 -0.4395 0.3498
0.6968 0.7692 0.3626
0.7196 -0.4040 0.3704
0.7410 0.9683 0.2840
0.7771 0.2904 0.1768
0.7841 0.1677 0.1503
0.7822 0.2151 0.1280
0.7809 0.2644 0.1503
0.7836 0.4544 0.3374
0.7940 0.1894 0.1281
0.7957 -1.0066 0.3954
0.8300 0.1860 0.1284
0.8406 0.2425 0.1227
0.8505 1.2127 0.2380
0.8473 0.2167 0.1211
0.8551 1.2460 0.2472
0.8569 0.9550 0.2186
0.8570 1.0149 0.2542
0.8645 0.2423 0.1373
0.8731 0.9122 0.1938
0.8797 1.2129 0.2291
0.8793 -0.1484 0.4251
0.8833 -1.1347 0.2847
0.8957 0.1559 0.1867
0.8925 0.8325 0.1563
0.9107 1.0985 0.2663
0.9277 0.8439 0.1361
0.9219 0.7299 0.1464
0.9231 0.7950 0.1289
0.9325 0.3653 0.2356
0.9302 0.6336 0.2065
0.9349 -1.1299 0.2525
0.9383 1.2450 0.2288
0.9423 0.6807 0.1678
0.9401 0.8095 0.1193
0.9564 0.5108 0.2130
0.9609 0.4210 0.2127
0.9692 0.8128 0.1176
0.9810 -1.1224 0.2179
0.9710 0.7202 0.1338
0.9935 0.3982 0.1895
0.9963 0.0170 0.3391
0.9994 0.8940 0.1651
1.0149 0.2182 0.2132
1.0173 0.7405 0.1295
1.0173 -0.9896 0.2894
1.0228 1.2786 0.2264
1.0282 0.7842 0.1152
1.0366 0.5203 0.1547
1.0364 1.2233 0.2097
1.0311 0.1628 0.2421
1.0408 0.6218 0.1632
1.0388 0.8250 0.1171
1.0389 -1.1471 0.1988
1.0351 -0.5796 0.5490
1.0492 -1.1166 0.1895
1.0592 0.5561 0.1419
1.0407 1.2896 0.2304
1.0499 0.8604 0.1307
1.0540 -0.0786 0.2966
1.0543 0.7591 0.1249
1.0864 0.4998 0.1312
1.0624 -0.5820 0.5448
1.0788 0.2921 0.1583
1.0724 0.6977 0.1486
1.0898 0.2485 0.1751
1.0839 0.8255 0.1272
1.0947 0.3403 0.1463
1.1001 0.9156 0.1660
1.0982 -1.1662 0.2010
1.1072 0.7849 0.1473
1.1118 0.3546 0.1416
1.1174 0.4693 0.1214
1.1164 0.5611 0.1206
1.1265 0.6700 0.1264
1.1166 0.5978 0.1164
1.1216 1.0056 0.1771
1.1203 0.2528 0.1745
1.1191 0.4334 0.1247
1.1226 0.8671 0.1568
1.1188 1.1364 0.1436
1.1257 -0.2658 0.2663
1.1263 0.3939 0.1348
1.1302 -1.1121 0.1842
1.1430 0.4998 0.1215
1.1350 1.0911 0.1312
1.1516 -1.0553 0.2010
1.1447 -0.1942 0.1985
1.1558 0.4334 0.1212
1.1536 0.6054 0.1044
1.1507 0.6443 0.1052
1.1561 0.9254 0.1691
1.1554 1.1964 0.1256
1.1689 1.1527 0.1057
1.1852 -1.1946 0.2210
1.1714 0.6130 0.1009
1.1714 -0.0860 0.1954
1.1712 0.2695 0.1868
1.1726 1.1254 0.1022
1.1787 0.6511 0.1134
1.1860 1.0476 0.1189
1.1899 1.2174 0.1123
1.1942 1.2777 0.1530
1.1989 -0.1622 0.1565
1.2012 1.0031 0.1337
1.1995 1.1251 0.1048
1.2031 0.5385 0.1421
1.2281 -1.0358 0.1745
1.2024 0.4889 0.1426
1.2045 1.1846 0.1086
1.2112 0.6365 0.1207
1.2111 1.0625 0.1091
1.2146 0.4403 0.1426
1.2189 0.6744 0.1389
1.2180 1.2808 0.1464
1.2260 -0.8557 0.2768
1.2314 -0.1804 0.1436
1.2280 0.3607 0.1613
1.2276 1.0884 0.1105
1.2352 -0.2234 0.1582
1.2413 1.2135 0.1103
1.2527 -1.1883 0.2258
1.2474 -0.0452 0.1889
1.2471 0.3908 0.1563
1.2533 0.9345 0.1273
1.2561 -1.1232 0.1739
1.2557 0.8704 0.1429
1.2611 0.5690 0.1546
1.2592 1.0469 0.1073
1.2713 -1.0165 0.1718
1.2631 -0.2464 0.1688
1.2627 1.1992 0.1165
1.2727 -0.1310 0.1450
1.2696 1.2509 0.1207
1.2713 -0.9425 0.2086
1.2720 0.7940 0.1392
1.2690 1.0985 0.1238
1.2796 0.9931 0.1018
1.2854 -1.0766 0.1669
1.2753 -0.0736 0.1620
1.2818 0.7106 0.1522
1.2753 0.8223 0.1347
1.2796 0.9601 0.1056
1.2835 0.0022 0.2121
1.2903 0.3506 0.1592
1.2924 0.7722 0.1354
1.2999 -0.2435 0.1632
1.2961 1.2527 0.1304
1.3037 -1.0416 0.1751
1.3106 1.0317 0.1136
1.3174 0.1424 0.2330
1.3067 0.9767 0.1017
1.3133 1.1465 0.1426
1.3142 0.3255 0.1629
1.3129 0.6399 0.1541
1.3239 -0.1136 0.1554
1.3202 0.5198 0.1520
1.3199 0.8212 0.1291
1.3148 0.8882 0.1348
1.3229 0.9323 0.1252
1.3192 0.9926 0.1057
1.3223 1.0652 0.1275
1.3345 0.4721 0.1569
1.3280 0.2043 0.2078
1.3272 0.6168 0.1493
1.3356 0.7611 0.1344
1.3307 1.1997 0.1327
1.3424 -0.5127 0.4085
1.3504 -0.1583 0.1501
1.3507 0.2773 0.1743
1.3543 -0.9162 0.2135
1.3519 0.4124 0.1638
1.3554 0.2561 0.1849
1.3544 1.1989 0.1431
1.3576 -0.7945 0.2685
1.3594 -1.0749 0.2315
1.3739 -0.8255 0.2441
1.3648 0.5482 0.1524
1.3683 1.2320 0.1636
1.3675 0.4911 0.1657
1.3786 0.7587 0.1341
1.3791 -0.2053 0.1713
1.3868 0.6039 0.1516
1.3814 -0.7906 0.2791
1.3911 -0.2642 0.2022
1.3968 1.0885 0.1927
1.3886 -0.1577 0.1722
1.3852 0.4073 0.1867
1.4050 -0.0104 0.2138
1.3958 1.0012 0.1637
1.3994 0.0819 0.2374
1.4111 0.8477 0.1637
1.4129 0.2240 0.2307
1.4119 0.6812 0.1360
1.4185 -0.8253 0.2807
1.4182 -0.3490 0.2501
1.4202 0.7312 0.1399
1.4265 0.6208 0.1644
1.4292 -0.0935 0.2164
1.4341 0.0450 0.2551
1.4428 -0.3773 0.2837
1.4445 0.9367 0.2029
1.4438 1.2383 0.2556
1.4439 0.6841 0.1522
1.4381 0.8016 0.1627
1.4429 0.8946 0.1955
1.4503 0.7250 0.1569
1.4498 -0.4248 0.3361
