points 
 2 
 1 
Tumour[19065]FoxP310NNCodensity
-1.3040 -0.8091 0.3097
-1.3004 0.5237 0.5256
-1.3006 1.0884 0.5976
-1.2902 0.4553 0.5729
-1.2534 -1.1972 0.5782
-1.2155 -0.7644 0.2093
-1.2168 -0.7453 0.2176
-1.2064 -0.7968 0.2002
-1.2037 -1.1037 0.4356
-1.2044 -0.8553 0.2267
-1.2026 0.5882 0.4177
-1.1988 0.8285 0.4363
-1.1707 -0.8014 0.1918
-1.1582 0.4855 0.4545
-1.1382 -0.7149 0.2198
-1.1357 0.9941 0.4063
-1.1232 -0.2317 0.7928
-1.1186 1.0378 0.4280
-1.1092 -0.7732 0.2023
-1.1008 1.2073 0.6296
-1.0939 0.9985 0.4051
-1.0834 -1.0067 0.3425
-1.0757 -1.0457 0.3733
-1.0443 0.6430 0.3838
-1.0366 -0.5638 0.3906
-1.0186 0.5948 0.3798
-0.9917 1.0372 0.4761
-0.9910 -0.7963 0.2774
-0.9570 -0.7350 0.2662
-0.9474 -0.7800 0.2705
-0.9329 -0.1414 0.8543
-0.8802 0.6546 0.3851
-0.8718 -0.9622 0.3465
-0.8447 0.6344 0.3799
-0.8427 -0.6460 0.2802
-0.7909 -0.6816 0.2388
-0.7825 -0.6963 0.2298
-0.7509 -0.8399 0.2160
-0.7268 -0.8417 0.2123
-0.7197 -0.7389 0.2369
-0.7177 0.6005 0.3567
-0.7029 -0.8171 0.2172
-0.6776 -0.5113 0.4618
-0.6781 0.5701 0.3663
-0.6727 -1.1903 0.2934
-0.6705 0.7426 0.4168
-0.6707 -0.9789 0.2213
-0.6635 -1.1695 0.2664
-0.6594 -0.9857 0.2192
-0.6584 -0.8318 0.2381
-0.6352 -1.0411 0.2057
-0.6116 -1.1744 0.2652
-0.6028 -1.0638 0.1993
-0.5845 -1.0632 0.2045
-0.5615 0.6450 0.3633
-0.5294 1.2826 0.9249
-0.5055 0.5335 0.4007
-0.4830 -1.0789 0.2922
-0.4789 0.6400 0.3795
-0.4705 -0.7333 0.4341
-0.4233 -0.3399 0.6626
-0.4086 -1.0892 0.3942
-0.4034 -0.7228 0.4745
-0.3680 0.3771 0.6197
-0.3380 0.6293 0.4573
-0.2802 0.8830 0.5524
-0.2535 -0.4441 0.5380
-0.2030 -0.5146 0.4760
-0.1712 0.6546 0.5254
-0.1416 1.1415 0.6179
-0.1370 -0.7677 0.4271
-0.0991 -0.7409 0.4085
-0.0860 0.9719 0.4588
-0.0692 -0.0734 0.5869
-0.0598 -0.0564 0.5893
-0.0166 -0.7399 0.3872
-0.0065 -0.7225 0.3802
-0.0023 1.0978 0.4964
0.0104 -0.0585 0.5529
0.0668 -1.0797 0.6398
0.1213 -0.7836 0.4183
0.1292 0.6978 0.4295
0.1443 0.8148 0.3235
0.1469 0.8022 0.3302
0.1652 -0.4881 0.4161
0.1650 0.2579 0.5343
0.1778 0.8948 0.2963
0.1908 -0.4800 0.4104
0.2135 0.9177 0.2970
0.2285 -0.4900 0.4050
0.2598 -0.2385 0.4311
0.2684 0.1611 0.4509
0.2848 -0.6419 0.4037
0.2971 0.2846 0.4300
0.2982 0.9336 0.2888
0.3190 0.9266 0.2817
0.3608 -0.1738 0.3658
0.4009 -0.8915 0.4362
0.3980 1.2342 0.5353
0.4032 -0.9772 0.4547
0.4232 0.5076 0.4474
0.4271 0.8276 0.2700
0.4326 0.0516 0.3685
0.4401 -1.0558 0.5087
0.4502 0.8991 0.2566
0.4687 -0.5496 0.4460
0.4793 0.4266 0.3875
0.4832 -0.6984 0.4857
0.4899 -0.1282 0.2855
0.4866 0.1358 0.3416
0.5028 -0.0978 0.2943
0.5042 0.7860 0.2433
0.5190 0.8075 0.2349
0.5216 -0.2583 0.2665
0.5288 -0.3003 0.2834
0.5515 0.2804 0.2995
0.5626 -0.3175 0.2943
0.5659 0.7594 0.2514
0.5708 0.9277 0.2762
0.5833 -0.2066 0.2604
0.5850 -0.9597 0.4362
0.6018 1.0438 0.3142
0.6064 0.1564 0.3011
0.6055 0.6622 0.3085
0.6045 0.9959 0.3030
0.6145 1.2588 0.3711
0.6449 0.2901 0.2403
0.6682 0.6890 0.3268
0.6729 0.7195 0.3155
0.6805 0.2778 0.2310
0.6890 -1.0325 0.4426
0.7027 -0.1779 0.3237
0.7040 -0.3156 0.3187
0.7049 0.3392 0.2341
0.7123 -0.9954 0.4258
0.7261 0.0678 0.3353
0.7305 0.2863 0.2307
0.7305 -0.0796 0.3644
0.7465 1.2254 0.2662
0.7443 1.1377 0.2430
0.7559 0.4711 0.3255
0.7805 1.1597 0.2317
0.7924 0.4046 0.3083
0.7925 0.9432 0.2755
0.7991 0.3699 0.2861
0.8035 -0.4505 0.3790
0.8048 -0.4830 0.3926
0.8138 1.2522 0.2861
0.8174 0.9958 0.2480
0.8170 1.2867 0.3269
0.8266 -0.6218 0.4248
0.8281 0.9652 0.2654
0.8594 -0.4690 0.4022
0.8685 0.1654 0.3282
0.8736 1.1349 0.2495
0.8789 0.9262 0.3196
0.8935 -0.8486 0.3864
0.9072 0.0478 0.3670
0.9132 0.1213 0.3519
0.9382 1.0893 0.2947
0.9495 -0.9585 0.4075
0.9871 -0.8112 0.4024
1.0003 -0.9968 0.4530
1.0299 0.6279 0.5715
1.0548 0.0057 0.4851
1.0695 -0.7322 0.4530
1.0818 -1.0159 0.5383
1.0830 0.9801 0.4547
1.0911 -0.5085 0.5246
1.1113 0.0157 0.5462
1.1414 -0.3133 0.6100
1.1568 0.8166 0.6017
