points 
 2 
 1 
Tumour[19065]CD810NNCodensity
-1.3214 -0.5938 0.3522
-1.3201 0.5792 0.3640
-1.3193 0.7019 0.3825
-1.2950 -0.8348 0.2479
-1.3029 -0.8186 0.2595
-1.2997 -1.2615 0.4972
-1.2899 0.3107 0.3205
-1.2830 0.9475 0.4395
-1.2607 -0.2648 0.5047
-1.2407 -0.9826 0.2525
-1.2233 0.5665 0.2862
-1.2206 -0.4039 0.3886
-1.1995 1.1289 0.4377
-1.1938 -0.9066 0.1638
-1.1798 -0.7372 0.1866
-1.1887 0.2480 0.1948
-1.1828 -0.9332 0.1679
-1.1749 0.6975 0.2730
-1.1727 -0.6816 0.1833
-1.1695 -0.9014 0.1536
-1.1570 -0.7026 0.1768
-1.1597 0.4568 0.2362
-1.1564 -0.6513 0.1931
-1.1465 -0.8945 0.1488
-1.1452 0.2789 0.1698
-1.1408 0.0896 0.1849
-1.1452 0.1361 0.1622
-1.1351 -0.5811 0.2345
-1.1302 0.1796 0.1447
-1.1309 -1.2391 0.3384
-1.1219 -0.7249 0.1720
-1.1273 0.4007 0.1777
-1.1165 0.2312 0.1512
-1.1029 0.4438 0.1913
-1.1118 0.1670 0.1415
-1.1087 0.3719 0.1545
-1.1149 0.7069 0.2505
-1.1072 0.7069 0.2493
-1.0973 -1.1856 0.3033
-1.1020 -0.8797 0.1473
-1.0935 0.1396 0.1497
-1.0798 -0.2679 0.3753
-1.0768 -0.6773 0.1960
-1.0618 -0.9359 0.1680
-1.0508 0.3609 0.1268
-1.0617 0.9928 0.2165
-1.0547 -0.8843 0.1591
-1.0536 0.0711 0.1571
-1.0553 -1.3028 0.3887
-1.0542 -0.7818 0.1987
-1.0525 -0.4974 0.2777
-1.0511 0.7652 0.2048
-1.0365 -0.0299 0.1995
-1.0418 0.3060 0.1241
-1.0393 -0.9176 0.1716
-1.0383 0.2632 0.1513
-1.0411 0.7913 0.1903
-1.0364 1.0580 0.2441
-1.0353 0.9064 0.1655
-1.0273 0.0563 0.1576
-1.0263 0.3310 0.1074
-1.0128 -1.3284 0.4284
-1.0129 -1.1735 0.3075
-1.0110 -0.9559 0.2183
-1.0026 0.0459 0.1610
-0.9989 0.3326 0.1010
-0.9985 0.8611 0.1528
-0.9922 -0.0316 0.1810
-0.9913 0.5117 0.2753
-0.9874 -0.1008 0.2354
-0.9896 0.9419 0.1567
-0.9855 1.0939 0.2579
-0.9788 0.3892 0.1382
-0.9658 0.3536 0.1091
-0.9721 0.8676 0.1473
-0.9716 -0.5003 0.2753
-0.9674 0.3004 0.1146
-0.9698 -0.7662 0.2574
-0.9577 -1.1248 0.3098
-0.9529 -0.4749 0.2896
-0.9567 0.8999 0.1459
-0.9465 0.1366 0.1612
-0.9395 -0.5496 0.2771
-0.9403 0.0531 0.1543
-0.9444 0.3172 0.1130
-0.9394 0.8800 0.1534
-0.9382 0.9852 0.1919
-0.9285 0.3461 0.1200
-0.9326 -0.1627 0.2856
-0.9182 0.1726 0.1589
-0.9064 0.2048 0.1611
-0.8889 0.2442 0.1549
-0.8875 1.1595 0.3540
-0.8785 0.3314 0.1302
-0.8749 0.1554 0.1414
-0.8779 -0.0017 0.1170
-0.8678 -0.8865 0.2172
-0.8654 -0.8453 0.2432
-0.8668 0.0889 0.1174
-0.8427 0.0676 0.0938
-0.8513 0.3479 0.1441
-0.8434 0.8755 0.1952
-0.8326 -0.3983 0.3464
-0.8415 1.0892 0.3002
-0.8401 0.0106 0.0754
-0.8375 0.0159 0.0721
-0.8372 0.0106 0.0743
-0.8273 -0.9047 0.1970
-0.8276 0.0988 0.1133
-0.8328 0.0143 0.0725
-0.8209 0.8543 0.2021
-0.8168 -0.9944 0.1967
-0.8151 -0.5295 0.3459
-0.8067 0.3407 0.1683
-0.8168 0.3660 0.1730
-0.8070 0.0513 0.0883
-0.7938 0.2799 0.1803
-0.7995 -0.0091 0.1122
-0.7845 0.1133 0.1238
-0.7924 -1.0053 0.2006
-0.7873 0.8097 0.2210
-0.7775 -0.9920 0.1927
-0.7816 -0.2344 0.3755
-0.7715 0.0211 0.1194
-0.7415 0.1168 0.1104
-0.7537 0.8402 0.1908
-0.7485 -1.0140 0.2210
-0.7317 0.1548 0.1279
-0.7177 0.0968 0.1016
-0.7170 0.4563 0.1412
-0.7053 -0.9237 0.2166
-0.7068 -0.8851 0.2262
-0.6959 0.2699 0.1859
-0.6991 -0.6131 0.3724
-0.6927 0.8390 0.1817
-0.6889 0.1453 0.1143
-0.6910 0.4632 0.1176
-0.6880 0.0877 0.1026
-0.6892 0.0659 0.1139
-0.6907 0.4178 0.1085
-0.6870 1.0009 0.2051
-0.6764 0.9633 0.1737
-0.6748 0.2832 0.1861
-0.6728 0.9105 0.1620
-0.6665 0.1112 0.1087
-0.6709 0.4336 0.0890
-0.6660 0.4355 0.0875
-0.6548 0.1921 0.1589
-0.6529 0.0161 0.1765
-0.6416 1.0481 0.2393
-0.6437 0.0993 0.1284
-0.6412 0.3803 0.1198
-0.6373 0.4442 0.0948
-0.6368 0.3521 0.1456
-0.6398 0.4181 0.0945
-0.6432 0.8337 0.1764
-0.6367 0.9285 0.1570
-0.6169 -0.7040 0.3421
-0.6066 -0.3036 0.3165
-0.6075 -1.2506 0.4494
-0.6040 -0.8953 0.3105
-0.5990 0.6239 0.1801
-0.5905 0.4644 0.1327
-0.5860 0.6773 0.1526
-0.5861 0.9567 0.1719
-0.5813 0.5120 0.1559
-0.5769 0.4927 0.1539
-0.5604 0.8420 0.1712
-0.5618 0.7314 0.1211
-0.5548 0.0133 0.2615
-0.5522 0.7426 0.1147
-0.5520 0.7486 0.1146
-0.5436 0.7679 0.1176
-0.5412 0.2077 0.2763
-0.5431 0.6002 0.1751
-0.5338 -0.5609 0.3312
-0.5369 -0.2597 0.2294
-0.5377 0.9965 0.2075
-0.5297 0.7046 0.1291
-0.5220 -0.1254 0.2655
-0.5193 0.5982 0.1843
-0.5104 0.7820 0.1266
-0.5058 -0.5300 0.3126
-0.4960 0.9791 0.2167
-0.4905 -0.2951 0.1932
-0.4848 -0.8290 0.3844
-0.4761 -1.1835 0.2943
-0.4690 -0.5585 0.3023
-0.4521 0.7873 0.1541
-0.4435 -1.2863 0.3444
-0.4284 -0.2535 0.1551
-0.4272 0.9729 0.1964
-0.4175 0.7844 0.1791
-0.4138 -0.1259 0.2311
-0.4118 0.7558 0.1872
-0.4092 -0.3462 0.1841
-0.4023 -0.1047 0.2446
-0.4012 0.6290 0.2346
-0.3971 0.8849 0.1751
-0.3959 -0.3132 0.1556
-0.3772 -0.2261 0.1581
-0.3799 -0.2489 0.1495
-0.3761 -1.0704 0.2006
-0.3695 0.8907 0.1711
-0.3669 -0.3311 0.1661
-0.3558 -1.0875 0.1739
-0.3583 0.5916 0.2821
-0.3455 -1.2136 0.2259
-0.3473 -0.7523 0.3378
-0.3466 1.0355 0.2221
-0.3444 0.5369 0.3359
-0.3316 -1.1316 0.1627
-0.3274 0.9153 0.1688
-0.3300 -0.2658 0.1599
-0.3168 0.9318 0.1687
-0.3104 0.2452 0.3034
-0.3112 -0.5476 0.2065
-0.3057 0.9721 0.1792
-0.2969 0.1356 0.2395
-0.2958 -1.0678 0.1550
-0.2823 -0.6497 0.2368
-0.2724 1.0803 0.2820
-0.2688 0.2324 0.2668
-0.2698 -0.3759 0.1969
-0.2660 -1.1517 0.1715
-0.2600 -0.5152 0.1545
-0.2646 0.0249 0.2334
-0.2556 -1.1099 0.1502
-0.2607 -1.0017 0.2013
-0.2542 -0.2106 0.2310
-0.2565 -0.0378 0.2474
-0.2419 0.7810 0.2221
-0.2451 -0.4777 0.1543
-0.2396 0.0775 0.2035
-0.2393 -1.0805 0.1523
-0.2402 -0.5369 0.1562
-0.2328 -0.4504 0.1645
-0.2370 -0.2484 0.2228
-0.2278 0.9019 0.1667
-0.2232 -0.4204 0.1837
-0.2108 0.1982 0.2320
-0.1975 0.8359 0.1744
-0.1934 -1.1163 0.1773
-0.1981 -0.8097 0.2267
-0.2025 0.7380 0.2661
-0.1934 -0.6019 0.1873
-0.1676 0.0697 0.2070
-0.1714 0.0259 0.2167
-0.1492 -0.9399 0.1822
-0.1563 -0.4611 0.1961
-0.1537 0.9239 0.1337
-0.1529 -0.5739 0.1913
-0.1488 0.8697 0.1439
-0.1390 -1.0139 0.1776
-0.1405 -0.6821 0.2065
-0.1380 0.9601 0.1436
-0.1361 -0.2927 0.2429
-0.1349 0.2634 0.2804
-0.1245 0.7812 0.2222
-0.1197 0.9310 0.1242
-0.1199 -0.7347 0.1979
-0.1137 0.9523 0.1312
-0.1094 -1.0779 0.2095
-0.1076 -1.0582 0.2016
-0.1038 -0.9343 0.1604
-0.1089 -0.8252 0.1547
-0.0933 -0.8726 0.1446
-0.0841 -0.7592 0.1886
-0.1027 0.3898 0.3085
-0.0946 -0.1450 0.3029
-0.0861 -0.0084 0.2787
-0.0830 0.9428 0.1371
-0.0751 1.1525 0.3580
-0.0740 0.0965 0.2658
-0.0559 -0.8363 0.1494
-0.0668 -0.6042 0.2322
-0.0670 -1.2663 0.3969
-0.0625 -0.9199 0.1504
-0.0656 0.9199 0.1490
-0.0475 -0.3432 0.2602
-0.0217 -0.4230 0.2425
-0.0208 0.9731 0.1689
-0.0280 -0.2897 0.2888
-0.0267 0.5365 0.3111
-0.0207 0.3942 0.2801
-0.0153 -0.8699 0.1495
-0.0147 -0.5728 0.2469
-0.0061 0.5420 0.3136
-0.0011 0.5716 0.3184
0.0116 -0.8789 0.1657
0.0330 0.9624 0.1641
0.0259 0.2068 0.2676
0.0365 0.7097 0.3300
0.0395 -0.4334 0.2640
0.0412 -0.9119 0.1926
0.0580 0.3923 0.2852
0.0725 0.9924 0.1648
0.0846 0.2218 0.2541
0.0828 -0.9048 0.2375
0.0868 0.8527 0.2189
0.0944 0.9835 0.1508
0.1003 -1.1346 0.3371
0.0964 -0.5617 0.3259
0.1075 -0.4862 0.3149
0.1174 0.9246 0.1541
0.1148 -1.0048 0.2993
0.1120 -0.1255 0.2507
0.1168 0.2018 0.2479
0.1280 0.9849 0.1494
0.1254 0.0616 0.2333
0.1632 0.9746 0.1518
0.1517 0.2196 0.2552
0.1672 -0.1246 0.1910
0.1658 0.8667 0.2215
0.1778 -0.0351 0.1726
0.1828 0.0129 0.1882
0.2017 0.0624 0.2126
0.2099 0.9959 0.1874
0.2234 -1.2248 0.3134
0.2508 -0.1434 0.1496
0.2447 0.9870 0.2219
0.2456 0.3332 0.2556
0.2506 -0.0559 0.1556
0.2549 -0.0523 0.1578
0.2683 -1.2330 0.3026
0.2663 1.0507 0.2827
0.2739 -1.2568 0.3199
0.2773 0.0596 0.2318
0.2792 -0.7038 0.4347
0.2876 -0.3092 0.2225
0.2777 -0.1503 0.1350
0.2829 -0.1481 0.1340
0.2937 0.4476 0.2178
0.2986 -0.2453 0.1625
0.3078 -0.1590 0.1372
0.3074 -1.0611 0.3096
0.3286 0.5868 0.2259
0.3372 0.3692 0.1986
0.3316 -0.2924 0.1972
0.3347 0.3367 0.2191
0.3379 0.4734 0.1893
0.3610 -0.9567 0.2826
0.3592 -0.4410 0.2788
0.3624 -0.2255 0.1604
0.3704 -1.2427 0.3183
0.3749 -0.1885 0.1621
0.3730 -1.2257 0.3067
0.3788 0.3915 0.1851
0.3930 -0.1758 0.1757
0.3990 0.0259 0.2611
0.4036 0.5903 0.1685
0.4100 0.2482 0.2670
0.4057 0.5448 0.1500
0.4188 -0.0438 0.2501
0.4269 0.6332 0.2056
0.4209 0.5497 0.1443
0.4412 0.1404 0.2662
0.4492 -0.9214 0.1881
0.4591 -0.5399 0.2641
0.4682 0.3815 0.1908
0.4636 -0.5009 0.2377
0.4721 -0.8791 0.1771
0.4777 -0.5286 0.2494
0.4769 0.5390 0.1498
0.4760 0.4925 0.1479
0.4917 1.0181 0.4002
0.4979 -0.4846 0.2268
0.5069 0.3994 0.1677
0.5000 -1.1067 0.2826
0.5007 -0.7973 0.2425
0.5034 0.4728 0.1440
0.5008 0.0661 0.2347
0.5134 -1.0027 0.1864
0.5091 -0.8590 0.1773
0.5191 -0.1798 0.1930
0.5223 0.6076 0.1949
0.5347 -0.2123 0.2073
0.5393 0.8181 0.3527
0.5425 -0.7901 0.2494
0.5491 0.4158 0.1379
0.5479 -0.3777 0.2333
0.5525 -0.1786 0.1874
0.5502 -0.9925 0.1831
0.5537 -0.4001 0.2251
0.5550 0.4970 0.1445
0.5562 -0.9308 0.1652
0.5655 -0.9761 0.1796
0.5815 -0.1012 0.1716
0.5834 0.2777 0.2101
0.5879 0.0724 0.1934
0.5870 -0.9504 0.1889
0.5928 0.1770 0.1755
0.5958 0.7415 0.2493
0.6076 -0.0627 0.1770
0.6026 0.4614 0.1247
0.6140 -0.4221 0.2289
0.6159 0.4214 0.1235
0.6245 -0.1133 0.1579
0.6227 0.1656 0.1598
0.6354 0.4583 0.1279
0.6393 0.6232 0.1784
0.6419 0.1514 0.1567
0.6452 -0.1464 0.1662
0.6503 0.4211 0.1298
0.6412 0.5669 0.1716
0.6401 0.4546 0.1273
0.6510 1.1085 0.3086
0.6617 -0.3726 0.2247
0.6601 0.0779 0.1759
0.6650 0.1584 0.1598
0.6650 0.3293 0.1695
0.6688 0.6106 0.1772
0.6681 0.6299 0.1747
0.6698 -0.1557 0.1843
0.6741 0.3692 0.1472
0.6696 1.0608 0.2635
0.6810 -0.0152 0.1883
0.6814 -1.2066 0.3027
0.6835 0.6970 0.1853
0.6803 0.2947 0.1874
0.6890 -0.6675 0.3052
0.7041 -1.1554 0.2729
0.7114 -0.0284 0.1900
0.7111 0.1889 0.1889
0.7403 1.0189 0.2180
0.7331 1.0694 0.2340
0.7541 0.4256 0.1936
0.7497 -0.5389 0.1704
0.7570 -0.3193 0.1803
0.7599 0.6925 0.1727
0.7635 -0.3945 0.1852
0.7631 1.1115 0.2651
0.7826 0.4951 0.2240
0.7699 -0.5777 0.1699
0.7748 0.1301 0.2249
0.7719 0.3476 0.2065
0.7785 -0.1504 0.2205
0.7835 0.7480 0.1405
0.7850 -0.3002 0.1631
0.7771 0.9797 0.2138
0.7889 -0.3837 0.1704
0.7935 -1.1125 0.2122
0.7896 -0.5467 0.1450
0.7996 -0.0382 0.1958
0.7982 -1.0086 0.2703
0.7989 0.5628 0.2277
0.8035 0.7121 0.1575
0.8109 0.7712 0.1157
0.8123 -0.5292 0.1355
0.8148 -1.0413 0.2329
0.8171 -0.5967 0.1782
0.8231 -0.0337 0.1902
0.8292 1.1100 0.2822
0.8301 0.8004 0.1009
0.8397 -0.5530 0.1480
0.8403 -0.3288 0.1407
0.8389 -1.3137 0.1888
0.8456 -0.2639 0.1493
0.8464 0.7817 0.1045
0.8397 0.8295 0.0953
0.8455 0.8760 0.1169
0.8488 -0.5196 0.1402
0.8477 0.8597 0.1019
0.8624 -0.3075 0.1351
0.8562 0.2984 0.2128
0.8746 -1.2644 0.1295
0.8602 0.0394 0.2176
0.8675 -1.2006 0.1358
0.8686 0.8803 0.1156
0.8836 -1.3274 0.1860
0.8725 -1.2283 0.1228
0.8774 0.1973 0.2396
0.8753 -1.1962 0.1362
0.8812 -0.4740 0.1482
0.8852 -0.0836 0.1689
0.8784 0.7584 0.1320
0.8847 0.8279 0.0963
0.8890 -0.2465 0.1436
0.8930 0.8685 0.1095
0.8974 0.2061 0.2376
0.9033 -0.4283 0.1320
0.8988 0.3283 0.1966
0.9138 -1.3052 0.1610
0.9088 0.4291 0.2163
0.9151 -1.2078 0.1345
0.9072 -1.0075 0.2502
0.9192 -0.2483 0.1437
0.9144 0.5316 0.2178
0.9310 -0.4347 0.1396
0.9254 -0.1711 0.1696
0.9342 -0.4072 0.1292
0.9338 -0.3635 0.1307
0.9332 -0.0523 0.1533
0.9361 0.5966 0.2077
0.9380 0.7921 0.1379
0.9476 -1.2276 0.1454
0.9511 -0.3775 0.1330
0.9471 -0.2738 0.1471
0.9512 -0.0231 0.1598
0.9455 0.8637 0.1282
0.9561 0.5182 0.2190
0.9534 -1.0608 0.2294
0.9620 -0.4191 0.1441
0.9658 -0.1156 0.1636
0.9713 -1.2261 0.1678
0.9759 -0.2555 0.1728
0.9822 0.3203 0.1841
0.9764 -1.0086 0.2693
0.9806 0.3459 0.1859
0.9880 0.8782 0.1305
0.9852 0.9070 0.1382
0.9920 0.7259 0.1827
1.0000 -0.0905 0.1524
0.9961 0.6496 0.1881
1.0050 0.7805 0.1597
1.0123 0.0118 0.1847
1.0194 0.9164 0.1293
1.0178 1.1491 0.3112
1.0204 0.6019 0.1950
1.0215 0.7900 0.1562
1.0257 -0.0777 0.1530
1.0429 0.0357 0.2067
1.0484 0.3117 0.2001
1.0462 0.3584 0.2002
1.0553 -0.7018 0.1828
1.0639 -0.8515 0.1980
1.0583 -0.3479 0.2017
1.0627 0.9440 0.1363
1.0587 0.9008 0.1274
1.0735 -0.3694 0.2145
1.0669 0.6185 0.2042
1.0911 1.0313 0.1702
1.0861 0.8920 0.1476
1.0786 0.8423 0.1597
1.0763 0.9707 0.1487
1.0831 0.3470 0.2219
1.0900 -0.0734 0.1583
1.0925 -1.0465 0.3215
1.0960 -1.2230 0.2945
1.0947 -0.7506 0.1276
1.1024 -0.8378 0.1689
1.1162 -0.8040 0.1335
1.1174 -0.7637 0.1212
1.1233 -0.8210 0.1504
1.1249 -0.6561 0.1989
1.1240 -1.2635 0.3410
1.1308 -0.7817 0.1279
1.1310 -0.6325 0.2332
1.1298 -0.0806 0.1769
1.1343 0.6242 0.2642
1.1397 -0.1498 0.2230
1.1402 0.6732 0.2577
1.1459 -0.0618 0.1906
1.1505 1.0813 0.2130
1.1607 -0.0148 0.2305
1.1525 1.1137 0.2507
1.1553 -0.6989 0.1716
1.1520 1.0419 0.1881
1.1653 1.0127 0.1945
1.1675 0.2575 0.3258
1.1689 0.3184 0.3195
1.1706 -0.2321 0.2828
1.1714 -0.3794 0.3306
