points 
 2 
 1 
Tumour[19065]CD6810NNCodensity
-1.2028 -1.2436 0.1694
-1.2023 -1.2014 0.1564
-1.1964 -0.9275 0.2266
-1.1975 -0.6960 0.1334
-1.2006 -0.1650 0.3306
-1.1992 0.3301 0.1891
-1.2035 0.9396 0.2004
-1.1702 0.1445 0.1705
-1.1639 0.9662 0.1510
-1.1715 -0.7343 0.1289
-1.1858 -0.6574 0.1247
-1.1819 -0.5300 0.1785
-1.1693 -1.2314 0.1262
-1.1600 0.4056 0.1816
-1.1560 0.9910 0.1515
-1.1556 -0.4760 0.1566
-1.1565 -0.7598 0.1379
-1.1453 -0.6772 0.0974
-1.1577 -0.6928 0.0985
-1.1474 0.3648 0.1451
-1.1465 -1.2134 0.1081
-1.1289 -1.1242 0.1535
-1.1406 -0.6147 0.1285
-1.1477 0.1670 0.1333
-1.1373 0.2047 0.1215
-1.1400 -0.0087 0.2532
-1.1386 0.8265 0.2231
-1.1338 -1.1736 0.1189
-1.1333 -0.2610 0.2500
-1.1330 -0.6994 0.1002
-1.1297 -1.2385 0.1141
-1.1182 -0.4740 0.1273
-1.1268 0.3928 0.1524
-1.1181 -1.0819 0.1660
-1.1164 -0.8480 0.1403
-1.1129 0.3414 0.1207
-1.1089 0.9487 0.1112
-1.1135 0.2139 0.1114
-1.1068 -0.6180 0.1181
-1.0960 -0.5106 0.1126
-1.1094 -0.3802 0.1816
-1.1116 0.1298 0.1360
-1.1032 -1.0480 0.1557
-1.0886 -0.9672 0.1207
-1.0976 -0.9190 0.1177
-1.0846 0.9669 0.0996
-1.1054 -0.6918 0.1160
-1.0984 -1.0061 0.1348
-1.0925 -0.4151 0.1596
-1.0893 0.8924 0.1423
-1.0874 -1.2418 0.1300
-1.0912 -0.2451 0.2340
-1.0963 0.1794 0.1061
-1.0857 0.2141 0.1081
-1.0874 0.2878 0.1083
-1.0865 -1.1924 0.1228
-1.0893 0.3130 0.1132
-1.0753 -0.5422 0.1059
-1.0805 -0.0264 0.2325
-1.0849 1.2089 0.2491
-1.0799 0.9246 0.1138
-1.0814 -0.8424 0.1194
-1.0758 -0.5726 0.1107
-1.0537 0.1272 0.1363
-1.0662 0.2543 0.1074
-1.0628 0.3282 0.1228
-1.0703 -0.8227 0.1313
-1.0696 1.0018 0.1127
-1.0746 1.1592 0.1983
-1.0549 -1.2169 0.1387
-1.0614 -0.4574 0.1376
-1.0563 -0.9533 0.1133
-1.0600 -1.0165 0.1343
-1.0587 0.4957 0.1729
-1.0510 -0.9189 0.1068
-1.0546 -0.8521 0.1154
-1.0511 -0.5820 0.1124
-1.0491 -0.0262 0.2178
-1.0431 0.2878 0.1206
-1.0398 0.9534 0.0962
-1.0454 -0.6074 0.1180
-1.0456 -0.5070 0.1215
-1.0459 -0.7759 0.1518
-1.0447 1.0174 0.1186
-1.0350 -0.8921 0.1153
-1.0308 -0.6979 0.1321
-1.0381 -0.2951 0.2020
-1.0434 1.0790 0.1577
-1.0401 0.5580 0.1733
-1.0275 0.7278 0.2040
-1.0335 -1.2327 0.1607
-1.0269 -0.9267 0.1235
-1.0252 0.9920 0.1067
-1.0199 -0.5311 0.1354
-1.0121 0.2437 0.1359
-1.0265 0.6161 0.1816
-1.0130 0.9280 0.1122
-1.0161 0.1685 0.1199
-1.0248 0.5787 0.1697
-1.0212 0.4976 0.1662
-1.0155 0.6963 0.2043
-1.0175 0.7912 0.1833
-1.0188 -0.6766 0.1254
-0.9987 -0.3418 0.2047
-1.0189 0.5169 0.1636
-0.9945 0.1884 0.1323
-0.9966 0.7574 0.1944
-1.0043 0.1457 0.1292
-0.9960 -0.6588 0.1236
-0.9968 1.1546 0.1748
-0.9853 0.9140 0.1292
-0.9930 -0.1840 0.2170
-0.9817 1.1150 0.1724
-0.9836 -0.6708 0.1233
-0.9749 -0.0414 0.1901
-0.9826 0.3692 0.1856
-0.9784 1.1831 0.2052
-0.9870 1.2385 0.2658
-0.9774 0.4205 0.1958
-0.9625 0.8826 0.1574
-0.9688 0.1257 0.1515
-0.9736 0.9616 0.1197
-0.9702 -1.0773 0.1691
-0.9689 -1.1248 0.1798
-0.9627 1.0205 0.1478
-0.9642 -1.0380 0.1618
-0.9394 0.0998 0.1767
-0.9550 -0.7601 0.1729
-0.9505 -1.2308 0.2407
-0.9495 -0.0737 0.1771
-0.9334 -1.0468 0.1612
-0.9324 -0.6611 0.1351
-0.9258 -0.5902 0.1615
-0.9351 -0.3708 0.2397
-0.9300 0.9760 0.1569
-0.9134 -0.2735 0.1940
-0.8988 -0.8215 0.2300
-0.9068 -0.6870 0.1506
-0.8897 0.3655 0.1499
-0.8967 -0.6059 0.1644
-0.8928 0.5598 0.2140
-0.8900 -0.1283 0.1625
-0.8909 -0.1052 0.1631
-0.8913 0.0343 0.1919
-0.8847 0.8003 0.1669
-0.8832 0.1358 0.1913
-0.8789 -1.0369 0.1560
-0.8796 -1.0888 0.1716
-0.8796 0.8928 0.1752
-0.8687 -0.1903 0.1703
-0.8574 0.3427 0.1217
-0.8695 0.5575 0.2179
-0.8647 -0.8847 0.2301
-0.8442 -0.6097 0.1718
-0.8457 -0.2354 0.1820
-0.8539 0.3021 0.1224
-0.8514 0.7323 0.1628
-0.8421 -0.0357 0.1774
-0.8355 0.3805 0.1374
-0.8387 0.8382 0.1746
-0.8260 0.2900 0.1097
-0.8110 0.3359 0.1064
-0.8351 0.6974 0.1617
-0.8226 -0.2896 0.2087
-0.8231 0.7967 0.1614
-0.8219 -0.0677 0.1731
-0.8159 0.3912 0.1493
-0.7976 0.7590 0.1612
-0.8211 -1.0787 0.1780
-0.8059 0.2490 0.1160
-0.8091 -1.0129 0.1564
-0.8139 -0.7078 0.2025
-0.8162 0.6844 0.1610
-0.8082 -0.2000 0.1814
-0.7906 0.2753 0.1056
-0.8085 -0.9638 0.1603
-0.7951 0.2088 0.1355
-0.8037 0.9304 0.2017
-0.8020 1.0224 0.2422
-0.7963 -0.9522 0.1616
-0.7923 0.5540 0.1898
-0.7904 -0.7147 0.2145
-0.7953 1.0884 0.2907
-0.7857 -0.5737 0.1812
-0.7801 0.0731 0.1914
-0.7747 -0.4357 0.2442
-0.7608 0.2348 0.1195
-0.7656 -0.0408 0.1928
-0.7636 0.6639 0.1770
-0.7443 0.1447 0.1493
-0.7526 -0.3255 0.2451
-0.7529 0.3399 0.1470
-0.7448 0.2764 0.1278
-0.7465 0.6330 0.1777
-0.7377 -0.5682 0.1640
-0.7324 -1.1770 0.1764
-0.7309 0.1032 0.1806
-0.7161 0.5290 0.1825
-0.7312 -1.1422 0.1603
-0.7273 0.1982 0.1345
-0.7154 0.9347 0.1951
-0.7327 -0.5297 0.1659
-0.7108 -0.9014 0.1958
-0.7176 -0.1546 0.1944
-0.7060 -0.0893 0.1980
-0.7080 -1.1508 0.1490
-0.7087 -0.9720 0.1393
-0.7126 -0.9936 0.1342
-0.7016 -1.0212 0.1417
-0.6796 0.2041 0.1725
-0.6898 -0.5350 0.1482
-0.6855 0.4777 0.2112
-0.6858 0.8309 0.1558
-0.6716 0.9214 0.1685
-0.6778 -1.2102 0.1761
-0.6928 -1.1769 0.1566
-0.6830 0.1303 0.1754
-0.6698 -0.7292 0.1696
-0.6752 0.8821 0.1505
-0.6699 -1.0290 0.1424
-0.6757 0.5572 0.1609
-0.6649 -0.5433 0.1403
-0.6435 -0.1965 0.1591
-0.6501 0.5839 0.1588
-0.6535 -0.6524 0.1349
-0.6543 -0.0705 0.1994
-0.6521 0.8295 0.1379
-0.6449 -1.0756 0.1546
-0.6343 0.8126 0.1417
-0.6316 1.1685 0.3001
-0.6220 -1.0012 0.1443
-0.6382 -0.7574 0.1676
-0.6217 -0.2499 0.1528
-0.6281 -0.5313 0.1522
-0.6141 -0.8338 0.2082
-0.6131 0.5368 0.1776
-0.6233 -0.6531 0.1076
-0.6217 -0.6320 0.1135
-0.6014 0.7865 0.1606
-0.6049 0.6125 0.1671
-0.6027 1.1603 0.2778
-0.6012 -0.5072 0.1710
-0.5998 -0.1879 0.1385
-0.5964 0.8197 0.1414
-0.5890 -0.6185 0.1079
-0.5965 -0.9864 0.1578
-0.5847 -1.1807 0.1594
-0.5904 -1.1251 0.1687
-0.5886 -0.2760 0.1439
-0.5588 -0.2406 0.1318
-0.5831 0.0515 0.2415
-0.5780 -0.1421 0.1573
-0.5849 -0.6575 0.0865
-0.5755 0.6584 0.1833
-0.5741 1.1582 0.2626
-0.5722 0.1052 0.2162
-0.5715 0.9023 0.1507
-0.5747 -0.7099 0.1058
-0.5484 -1.0077 0.1652
-0.5502 0.3983 0.2162
-0.5605 0.2890 0.2207
-0.5491 0.7816 0.1944
-0.5479 0.9469 0.1567
-0.5422 -0.2975 0.1424
-0.5402 -0.1130 0.1978
-0.5502 1.0541 0.2108
-0.5523 -1.1600 0.1594
-0.5388 -0.9397 0.1918
-0.5542 -0.6919 0.0860
-0.5542 -0.6715 0.0807
-0.5377 -0.2708 0.1407
-0.5463 0.6161 0.1746
-0.5472 -0.1432 0.1663
-0.5388 -0.6243 0.0957
-0.5282 -0.3353 0.1472
-0.5294 -1.2027 0.1537
-0.5214 0.3618 0.2036
-0.5335 0.9212 0.1544
-0.5229 -0.6770 0.0870
-0.5231 -0.4863 0.1695
-0.5114 -0.3973 0.1539
-0.5292 0.2079 0.2076
-0.5176 -1.2275 0.1645
-0.5208 -0.7007 0.0925
-0.4920 -0.3619 0.1498
-0.5120 -0.7601 0.1175
-0.5126 -0.6487 0.0972
-0.5043 -0.6032 0.1290
-0.5078 -0.5792 0.1475
-0.5080 0.9288 0.1510
-0.5063 -0.7348 0.1119
-0.5065 -0.4334 0.1603
-0.5068 0.5911 0.1749
-0.4956 0.1583 0.1788
-0.4955 0.3675 0.1915
-0.4845 -1.0415 0.1588
-0.4913 -0.7878 0.1282
-0.4841 0.9705 0.1479
-0.4882 -1.2507 0.1793
-0.4917 -0.8261 0.1389
-0.4571 0.3427 0.1920
-0.4759 0.6308 0.1839
-0.4678 -0.8248 0.1280
-0.4467 0.9603 0.1543
-0.4548 -1.0793 0.1408
-0.4493 -0.9637 0.1705
-0.4480 0.4661 0.2095
-0.4504 1.1467 0.2112
-0.4313 -0.4817 0.1707
-0.4407 0.4987 0.2160
-0.4364 -1.1463 0.1376
-0.4418 0.1049 0.1559
-0.4396 -0.8213 0.1198
-0.4384 -0.4238 0.1542
-0.4371 -0.2153 0.1807
-0.4208 0.9885 0.1613
-0.4283 -1.1892 0.1399
-0.4334 0.1673 0.1692
-0.4191 0.0549 0.1659
-0.4132 -1.2364 0.1653
-0.4206 -1.0380 0.1470
-0.4074 1.0430 0.1662
-0.3969 -0.8214 0.1206
-0.4065 -1.0800 0.1298
-0.3962 0.1103 0.1601
-0.3889 0.9346 0.2070
-0.4023 -1.1075 0.1214
-0.3979 -0.3498 0.1831
-0.4018 0.2176 0.2009
-0.4047 0.6408 0.1720
-0.4000 -0.8712 0.1141
-0.3877 -0.2392 0.1928
-0.3967 0.0179 0.1873
-0.3844 -0.3026 0.1903
-0.3830 0.0639 0.1703
-0.3811 -0.1965 0.2019
-0.3764 -0.0855 0.2126
-0.3841 0.6267 0.1631
-0.3859 1.1118 0.1915
-0.3835 -0.9270 0.1334
-0.3799 -0.8501 0.1059
-0.3836 -0.0236 0.2042
-0.3786 1.2376 0.2828
-0.3792 -0.1594 0.2079
-0.3677 -1.1105 0.1275
-0.3557 -1.1723 0.1381
-0.3660 -0.4356 0.1680
-0.3495 -0.8131 0.1204
-0.3428 -0.6392 0.1977
-0.3507 -0.5004 0.1642
-0.3597 0.6740 0.1604
-0.3475 1.1009 0.1959
-0.3561 -0.5796 0.1811
-0.3476 -0.8799 0.1002
-0.3463 -0.9425 0.1358
-0.3486 0.3488 0.1816
-0.3424 -1.2164 0.1782
-0.3339 -0.7165 0.1828
-0.3427 1.2406 0.2858
-0.3403 1.0663 0.1960
-0.3261 -0.9012 0.1046
-0.3197 0.6155 0.1473
-0.3230 0.3616 0.1767
-0.3244 0.4547 0.1877
-0.3165 -1.1582 0.1656
-0.3187 0.2131 0.2168
-0.2982 -0.8794 0.1058
-0.3047 -0.7682 0.1487
-0.3082 -0.4669 0.1486
-0.2966 -0.8312 0.1159
-0.2935 -1.0802 0.1939
-0.2944 0.3580 0.1866
-0.3006 0.3815 0.1857
-0.2968 0.6882 0.1416
-0.2875 0.4838 0.1970
-0.2768 -0.5605 0.1497
-0.2803 0.6464 0.1278
-0.2682 -0.4850 0.1384
-0.2773 -0.9343 0.1375
-0.2730 -0.6516 0.1784
-0.2607 -0.5943 0.1691
-0.2567 -0.3605 0.1949
-0.2601 0.6907 0.1420
-0.2533 -0.8980 0.1195
-0.2343 -0.8722 0.1136
-0.2606 0.6337 0.1299
-0.2541 -0.4008 0.1633
-0.2333 -0.7941 0.1177
-0.2427 0.7381 0.1653
-0.2342 0.8673 0.1640
-0.2289 -0.8395 0.1107
-0.2286 -0.4358 0.1508
-0.2133 -0.0840 0.1801
-0.2275 0.5614 0.1460
-0.2089 0.0829 0.1907
-0.2152 0.1529 0.1778
-0.2045 0.5377 0.1596
-0.2108 -0.4790 0.1575
-0.2129 0.8439 0.1445
-0.2119 1.0452 0.1971
-0.2161 -0.7573 0.1294
-0.2016 0.9206 0.1601
-0.2064 -0.5297 0.1747
-0.2096 0.2773 0.2044
-0.1966 -1.0277 0.1757
-0.2026 0.9777 0.1771
-0.1987 -0.7495 0.1284
-0.1965 0.2070 0.1704
-0.1890 -0.7876 0.1131
-0.1901 -0.8636 0.1267
-0.1872 0.6155 0.1364
-0.1663 -1.1131 0.1517
-0.1837 0.0072 0.1482
-0.1708 0.8180 0.1322
-0.1755 0.8603 0.1362
-0.1819 1.1659 0.2596
-0.1648 -0.3870 0.1893
-0.1570 0.6020 0.1516
-0.1684 0.6575 0.1526
-0.1722 0.9564 0.1625
-0.1640 0.5610 0.1570
-0.1480 -0.8643 0.1391
-0.1684 -0.0730 0.1287
-0.1535 0.2114 0.1559
-0.1503 0.7530 0.1505
-0.1616 1.1154 0.2283
-0.1576 -1.1651 0.1918
-0.1475 -0.9824 0.1652
-0.1407 0.8031 0.1415
-0.1493 -1.0945 0.1304
-0.1365 -0.7183 0.1108
-0.1270 0.7740 0.1502
-0.1336 -1.0399 0.1217
-0.1393 0.0681 0.1542
-0.1435 -0.0249 0.1090
-0.1331 -0.7665 0.1140
-0.1410 -0.0573 0.1089
-0.1054 0.1797 0.1394
-0.1261 -0.8417 0.1356
-0.1263 -0.2353 0.1541
-0.1229 -0.1803 0.1455
-0.1246 1.0481 0.2059
-0.1121 -0.0220 0.1085
-0.1068 -1.0676 0.1097
-0.0972 0.1424 0.1386
-0.1062 0.2133 0.1574
-0.1136 0.4727 0.1868
-0.1078 -0.1570 0.1348
-0.1052 -0.6746 0.1112
-0.1060 -0.7334 0.1013
-0.1026 -0.7020 0.0984
-0.0977 -0.0876 0.1189
-0.0969 -0.0498 0.1099
-0.0958 -0.6504 0.1211
-0.0959 -0.1835 0.1332
-0.0884 0.0936 0.1553
-0.0842 -0.5554 0.1592
-0.0842 -0.7797 0.1118
-0.0476 -0.6838 0.1141
-0.0790 -0.2963 0.1277
-0.0840 0.9926 0.2093
-0.0654 -0.5087 0.1736
-0.0779 0.6715 0.1689
-0.0749 -0.8884 0.1568
-0.0724 -1.1363 0.1301
-0.0714 0.4533 0.1887
-0.0512 -1.0847 0.0969
-0.0649 0.0111 0.1463
-0.0450 -0.8112 0.1318
-0.0679 -0.4597 0.1788
-0.0554 -0.3143 0.1210
-0.0569 -0.2310 0.1153
-0.0609 -0.0312 0.1384
-0.0671 0.8184 0.1626
-0.0444 0.9199 0.1981
-0.0586 -1.0633 0.0942
-0.0634 -0.9951 0.1254
-0.0567 -1.0366 0.1028
-0.0518 -0.7316 0.1066
-0.0456 -0.3590 0.1473
-0.0498 0.1811 0.1708
-0.0519 -0.5408 0.1660
-0.0546 0.3845 0.2274
-0.0396 0.5248 0.1545
-0.0453 -1.1161 0.1088
-0.0469 -0.6411 0.1304
-0.0472 -0.4277 0.1773
-0.0402 -1.0078 0.1134
-0.0315 -0.2275 0.1231
-0.0397 1.2325 0.2652
-0.0221 -0.9146 0.1358
-0.0377 -0.6085 0.1499
-0.0212 -0.2564 0.1092
-0.0268 0.1229 0.1872
-0.0264 -0.7815 0.1293
-0.0195 -0.3285 0.1243
-0.0267 -0.1157 0.1756
-0.0170 0.5555 0.1508
-0.0273 1.2080 0.2404
-0.0260 -0.7515 0.1249
-0.0033 -0.2825 0.1033
-0.0091 0.5960 0.1490
-0.0054 -1.1129 0.1046
-0.0016 0.4976 0.1539
-0.0009 0.6425 0.1459
-0.0009 0.7328 0.1522
-0.0018 0.8241 0.1487
0.0002 -1.0764 0.1021
0.0060 0.6895 0.1423
0.0213 -0.9802 0.1017
0.0173 -0.9424 0.1076
0.0104 0.8636 0.1528
0.0158 0.7124 0.1433
0.0182 -0.8751 0.1318
0.0214 0.5155 0.1449
0.0265 -1.1573 0.1081
0.0379 -1.0998 0.0998
0.0248 -0.2727 0.1102
0.0271 1.1692 0.2100
0.0297 -1.0166 0.1049
0.0408 0.2528 0.1950
0.0410 -1.1911 0.1284
0.0511 -1.0493 0.1092
0.0497 -0.9973 0.1051
0.0659 0.3266 0.1734
0.0513 -0.9176 0.1139
0.0591 -0.2697 0.1104
0.0541 1.0451 0.2072
0.0616 -0.9728 0.1084
0.0723 0.8278 0.1280
0.0554 1.0868 0.1973
0.0647 -1.2049 0.1333
0.0617 0.8496 0.1334
0.0664 -0.8570 0.1268
0.0661 -0.8158 0.1369
0.0672 -0.7765 0.1499
0.0698 0.9104 0.1585
0.0728 -1.1523 0.0981
0.0721 -1.1340 0.0955
0.0861 0.2866 0.1751
0.0972 -1.0704 0.1230
0.0965 -0.7328 0.1936
0.0811 -0.2800 0.1162
0.0831 -0.2363 0.1148
0.0864 -1.1195 0.1049
0.0966 0.3518 0.1685
0.0905 -0.9332 0.1205
0.0922 0.4003 0.1836
0.0888 0.6445 0.1273
0.0920 0.7974 0.1270
0.1069 -0.4304 0.2433
0.1005 0.5332 0.1328
0.1034 0.7591 0.1281
0.1156 -0.2374 0.1129
0.1199 0.5464 0.1208
0.1087 0.6366 0.1200
0.1083 0.5828 0.1195
0.1125 0.7194 0.1222
0.1122 -0.2011 0.1299
0.1221 0.6793 0.1169
0.1226 -0.2922 0.1181
0.1206 -0.1571 0.1642
0.1218 0.2189 0.2122
0.1237 0.5231 0.1311
0.1206 -0.8311 0.1307
0.1222 0.3124 0.1628
0.1207 1.2315 0.2155
0.1308 -1.1545 0.1188
0.1298 1.1848 0.1804
0.1409 0.8566 0.1142
0.1317 -0.0576 0.2173
0.1345 1.0019 0.1596
0.1504 -0.8882 0.1330
0.1483 0.7509 0.1223
0.1465 -0.9576 0.1508
0.1569 -0.8458 0.1353
0.1515 -0.1681 0.1593
0.1536 -1.1934 0.1235
0.1578 -1.0577 0.1550
0.1581 -0.0073 0.2505
0.1502 1.1160 0.1529
0.1578 -1.2456 0.1587
0.1631 -0.0551 0.2153
0.1654 0.6113 0.1256
0.1613 1.0267 0.1403
0.1835 -0.8029 0.1570
0.1649 -0.3271 0.1360
0.1700 0.6390 0.1289
0.1625 0.9121 0.1192
0.1629 0.8872 0.1089
0.1784 -1.1755 0.1363
0.1826 -1.1022 0.1545
0.1779 -0.9136 0.1513
0.1764 0.7843 0.1229
0.1905 0.5378 0.1245
0.1845 -0.2893 0.1255
0.1740 1.1629 0.1575
0.1826 -1.2361 0.1613
0.1881 -0.5504 0.2741
0.1810 0.6893 0.1298
0.1954 -0.3322 0.1514
0.1945 0.4130 0.1621
0.1937 0.8658 0.0906
0.1953 0.4973 0.1326
0.1964 0.8202 0.1070
0.2074 -1.0317 0.1957
0.2115 0.0745 0.2294
0.2071 0.8432 0.0939
0.2018 -0.2666 0.1330
0.2037 1.0783 0.1336
0.2211 -1.2440 0.2077
0.2144 -0.5075 0.2498
0.2120 0.9324 0.1160
0.2133 0.3417 0.1680
0.2207 -0.3137 0.1523
0.2151 0.5098 0.1370
0.2147 1.0630 0.1328
0.2220 0.7216 0.1624
0.2251 0.9056 0.0972
0.2252 1.0206 0.1366
0.2304 1.0512 0.1400
0.2476 0.1706 0.1504
0.2390 0.8507 0.0937
0.2500 1.2017 0.1554
0.2378 -0.8165 0.1753
0.2456 0.4676 0.1380
0.2468 0.9483 0.1333
0.2440 -0.7422 0.2042
0.2435 -0.6131 0.2506
0.2569 -0.1903 0.1741
0.2567 1.1653 0.1401
0.2563 0.2278 0.1298
0.2601 -0.9293 0.2208
0.2824 0.4012 0.1255
0.2634 0.8412 0.0971
0.2712 0.3766 0.1237
0.2658 0.5379 0.1609
0.2803 0.8807 0.0999
0.2833 0.1799 0.1224
0.2860 0.8383 0.1040
0.2930 -0.2567 0.1782
0.2914 0.2811 0.1159
0.3012 0.7848 0.1556
0.3041 1.1900 0.1187
0.3071 1.2262 0.1384
0.2952 0.9023 0.1116
0.3062 1.1530 0.1222
0.2954 -0.1115 0.2295
0.2990 0.1634 0.1328
0.3137 0.3749 0.1170
0.3041 -0.2062 0.1826
0.3178 -0.7424 0.1906
0.3175 -0.4844 0.2534
0.3128 0.2384 0.0990
0.3283 -0.5278 0.2573
0.3196 0.2093 0.1073
0.3213 0.2770 0.1036
0.3236 0.3415 0.1079
0.3412 0.8483 0.1319
0.3435 1.1282 0.1219
0.3391 0.0919 0.1824
0.3316 0.4326 0.1492
0.3415 0.6092 0.2408
0.3380 0.2311 0.1103
0.3439 0.8817 0.1293
0.3473 -0.1673 0.2229
0.3462 0.3287 0.1141
0.3530 0.5778 0.2325
0.3486 -0.7489 0.1743
0.3449 0.4920 0.1822
0.3638 0.2721 0.1263
0.3629 0.3575 0.1340
0.3683 1.1852 0.1005
0.3764 1.2102 0.1053
0.3796 0.9025 0.1391
0.3741 -0.8138 0.1605
0.3835 1.1333 0.1047
0.3851 -0.3884 0.2551
0.3942 1.2249 0.1138
0.3924 1.1043 0.1175
0.4166 -0.2360 0.2600
0.4206 0.9477 0.1272
0.4154 1.0672 0.1360
0.4161 -0.0087 0.1677
0.4168 0.0666 0.1527
0.4214 1.0325 0.1373
0.4364 1.1269 0.1102
0.4237 1.1617 0.0941
0.4321 -0.8220 0.1271
0.4294 -0.7504 0.1421
0.4282 0.1265 0.1731
0.4275 0.1549 0.1808
0.4301 1.2324 0.1244
0.4348 1.1930 0.0942
0.4452 -0.0295 0.1651
0.4463 -0.7832 0.1193
0.4442 -0.6511 0.2123
0.4525 -0.8433 0.1346
0.4495 0.8802 0.1204
0.4607 0.9559 0.1087
0.4523 -0.3956 0.2482
0.4610 1.0013 0.1176
0.4581 1.1920 0.1022
0.4765 -0.7999 0.1099
0.4828 -0.8241 0.1153
0.4618 0.0581 0.1334
0.4708 0.9260 0.1046
0.4668 0.0389 0.1304
0.4699 0.8564 0.1244
0.4869 1.1445 0.1108
0.4895 0.3171 0.2189
0.4937 -0.6406 0.1984
0.4841 0.9771 0.1116
0.4961 -1.2480 0.5329
0.5156 1.0044 0.1288
0.5071 1.1786 0.1108
0.5048 -0.4233 0.2285
0.4997 -0.0244 0.1475
0.5027 0.8505 0.1072
0.5301 1.1502 0.1142
0.5420 0.6463 0.2479
0.5276 -0.8247 0.1271
0.5211 -0.0676 0.1882
0.5210 0.8800 0.0975
0.5225 0.9174 0.1121
0.5384 1.2014 0.1336
0.5253 1.0441 0.1380
0.5410 -0.7594 0.1290
0.5328 0.7728 0.1583
0.5272 0.8170 0.1189
0.5323 0.3680 0.2170
0.5404 -0.6552 0.1720
0.5415 0.4749 0.2829
0.5386 0.6923 0.2239
0.5602 -0.8091 0.1316
0.5485 0.0111 0.1443
0.5468 1.0812 0.1281
0.5596 0.0874 0.1803
0.5494 0.2817 0.2088
0.5546 0.1955 0.2378
0.5666 1.1177 0.1257
0.5530 0.0332 0.1490
0.5619 -0.5162 0.2100
0.5576 -0.3535 0.1921
0.5745 1.1498 0.1333
0.5659 -0.7100 0.1411
0.5854 -0.7737 0.1279
0.5704 0.8597 0.0996
0.5710 0.8929 0.1061
0.5937 -0.2047 0.2237
0.6074 0.9765 0.1422
0.5913 0.8571 0.1065
0.5961 1.2318 0.2083
0.5952 0.8895 0.1117
0.6163 -0.7143 0.1304
0.5982 0.8160 0.1315
0.6231 -0.8148 0.1645
0.6139 -0.3244 0.1510
0.6084 0.3461 0.1603
0.6228 1.0226 0.1240
0.6119 1.0525 0.1196
0.6223 -0.2866 0.1580
0.6300 0.0422 0.1869
0.6308 -0.5426 0.1672
0.6281 -0.4930 0.1795
0.6386 1.0500 0.1189
0.6338 -0.6402 0.1480
0.6557 -0.6869 0.1283
0.6486 -0.3174 0.1465
0.6470 -0.0264 0.1909
0.6435 -0.2618 0.1751
0.6623 -0.0614 0.2155
0.6573 -0.7616 0.1377
0.6737 -0.2937 0.1595
0.6651 1.0437 0.1200
0.6605 0.9095 0.1517
0.6759 0.8439 0.1485
0.6736 -0.4342 0.1830
0.6910 0.0264 0.1919
0.6881 1.0761 0.1358
0.6770 0.3587 0.1221
0.6760 0.3883 0.1453
0.6833 -0.5531 0.1544
0.6862 0.3019 0.1119
0.6811 0.6738 0.1468
0.6794 0.7471 0.1555
0.6947 -0.6870 0.1217
0.6864 0.3227 0.1077
0.7033 -0.5796 0.1487
0.7022 0.4018 0.1545
0.7038 0.5947 0.1789
0.6937 0.6387 0.1508
0.7023 -0.3304 0.1777
0.6983 0.2652 0.1184
0.7009 0.7057 0.1500
0.7001 0.7708 0.1617
0.7044 0.8370 0.1658
0.7026 0.9914 0.1299
0.7259 -0.6357 0.1308
0.7049 -0.4431 0.1780
0.7091 0.6665 0.1504
0.7341 -0.7577 0.1278
0.7252 0.2277 0.1298
0.7318 -0.6884 0.1192
0.7263 -0.7314 0.1220
0.7298 0.3319 0.1082
0.7363 1.0111 0.1283
0.7428 1.0420 0.1264
0.7323 -1.2079 0.5554
0.7495 0.1713 0.1659
0.7350 0.6012 0.1830
0.7475 0.2399 0.1183
0.7437 0.5411 0.2147
0.7576 0.3224 0.1209
0.7640 1.1199 0.1322
0.7760 -0.8173 0.1443
0.7574 -0.5689 0.1474
0.7620 0.9734 0.1340
0.7625 1.1691 0.1573
0.7658 0.2998 0.1224
0.7732 0.2485 0.1269
0.7878 -0.7802 0.1115
0.7966 -0.6522 0.1087
0.7834 0.9285 0.1360
0.7932 1.1827 0.1537
0.7916 -0.4720 0.1596
0.7885 0.0949 0.1572
0.8129 0.8982 0.1258
0.7930 1.2305 0.1938
0.7941 1.1391 0.1351
0.8007 -0.4953 0.1544
0.8042 1.0628 0.1370
0.8060 -1.2300 0.5723
0.8045 0.0728 0.1518
0.8068 0.0095 0.1463
0.8103 1.1030 0.1392
0.8081 -0.7097 0.1018
0.8064 -0.6900 0.1010
0.8086 -0.0530 0.1680
0.8099 0.4701 0.2496
0.8167 -0.8065 0.1155
0.8281 -0.7853 0.1052
0.8209 -0.5820 0.1479
0.8262 -0.4575 0.1587
0.8303 0.9788 0.1314
0.8348 -1.2099 0.5546
0.8358 -0.6916 0.0919
0.8402 0.1937 0.1638
0.8320 -0.6586 0.0999
0.8383 -0.0555 0.1563
0.8327 -0.2354 0.2270
0.8428 -0.8194 0.1222
0.8390 -0.6186 0.1238
0.8397 0.8577 0.1377
0.8485 0.9136 0.1170
0.8554 -0.7373 0.0988
0.8459 1.0108 0.1511
0.8498 -0.0773 0.1722
0.8653 -0.2651 0.2020
0.8621 -0.1474 0.2208
0.8641 0.7991 0.2004
0.8776 0.8465 0.1592
0.8674 -0.4646 0.1544
0.8681 0.0442 0.1303
0.8654 0.1494 0.1487
0.8769 0.9389 0.1416
0.8804 0.0751 0.1303
0.8742 0.8794 0.1357
0.8798 -0.6986 0.0924
0.8779 -0.3292 0.1680
0.8982 0.1021 0.1440
0.8877 0.1620 0.1636
0.8877 0.3201 0.1882
0.8927 -0.3564 0.1584
0.9046 -0.8102 0.1169
0.9019 -0.7482 0.0942
0.8936 -0.4203 0.1618
0.9037 -0.6839 0.0964
0.8996 -0.0227 0.1591
0.9047 -0.7711 0.0995
0.9087 1.1783 0.1292
0.9104 -0.7117 0.0877
0.9183 -0.5974 0.1242
0.9167 0.0279 0.1600
0.9119 0.3699 0.1929
0.9189 -0.5231 0.1319
0.9347 0.3454 0.1725
0.9189 1.1257 0.1496
0.9226 1.2328 0.1421
0.9254 1.2007 0.1198
0.9400 -0.6803 0.0954
0.9457 -0.5262 0.1266
0.9511 -0.7678 0.0960
0.9434 -0.8156 0.1203
0.9480 1.2178 0.1202
0.9484 -0.5754 0.1103
0.9539 0.2550 0.1707
0.9537 -0.6445 0.1076
0.9623 -0.7206 0.0917
0.9608 -0.2947 0.1590
0.9645 1.2036 0.1090
0.9735 -0.6996 0.0936
0.9773 1.1406 0.1173
0.9747 -0.3379 0.1328
0.9813 0.4133 0.2195
0.9750 -0.5636 0.1113
0.9846 -0.8187 0.1200
0.9846 -0.5440 0.1232
0.9953 -0.4986 0.1532
0.9937 1.1793 0.1119
1.0001 -0.7780 0.0968
1.0088 -0.7386 0.0961
0.9983 -0.3720 0.1336
0.9971 -0.6451 0.1131
1.0080 0.3077 0.1450
1.0039 -0.3326 0.1294
1.0100 -0.7105 0.1003
1.0072 0.6673 0.3405
1.0122 1.0617 0.1625
1.0157 1.1087 0.1302
1.0103 -0.4152 0.1553
1.0177 0.2324 0.1693
1.0239 -0.6222 0.1323
1.0317 0.2759 0.1466
1.0227 0.8022 0.2803
1.0307 0.0494 0.1894
1.0319 -0.8130 0.1096
1.0281 1.1959 0.1347
1.0356 -0.3384 0.1312
1.0586 -0.7291 0.1110
1.0419 0.3533 0.1758
1.0575 -0.6615 0.1261
1.0478 0.9868 0.2246
1.0521 -0.7704 0.0948
1.0550 0.0090 0.1830
1.0650 -0.7887 0.0982
1.0629 0.0342 0.1938
1.0616 1.1252 0.1347
1.0689 0.2802 0.1530
1.0764 -0.0134 0.1772
1.0789 1.0611 0.1557
1.0813 -0.1594 0.2326
1.0801 1.1893 0.1637
1.0821 -0.3276 0.1462
1.0915 0.8463 0.3129
1.0900 -0.8121 0.1219
1.0981 -0.7931 0.1122
1.0925 -0.3919 0.1477
1.1087 -0.1446 0.2137
1.1006 1.1073 0.1491
1.1054 -0.4689 0.1981
1.1126 -0.3189 0.1589
1.1196 -0.6357 0.1396
1.1168 -0.2284 0.2105
1.1238 0.2132 0.2060
1.1210 0.2462 0.1852
1.1299 -0.7071 0.1027
1.1204 -0.6787 0.1107
1.1377 -0.0168 0.1690
1.1393 -0.7771 0.1171
1.1449 -0.4172 0.1686
1.1508 0.2321 0.2154
1.1497 0.0045 0.1781
1.1747 1.1834 0.1837
1.1590 -0.7028 0.0962
1.1676 -0.7466 0.1042
1.1608 0.4053 0.2422
1.1813 -0.6579 0.1121
1.1634 1.0418 0.1650
1.1778 -0.6856 0.0971
1.1854 0.6795 0.2586
1.1874 1.0753 0.1406
1.1868 -0.5349 0.2219
1.1957 0.5037 0.2568
1.2139 -0.3810 0.1824
1.2046 -0.3463 0.1784
1.2197 1.1530 0.1579
1.2025 -0.7273 0.1072
1.2012 -0.0969 0.1928
1.2069 0.6541 0.2556
1.2035 0.7043 0.2790
1.2169 -0.7607 0.1326
1.2230 0.6684 0.2674
1.2156 1.0514 0.1524
1.2198 0.4874 0.2624
1.2230 -0.7975 0.1698
1.2257 -0.6342 0.1453
1.2433 -0.0553 0.2187
1.2345 -0.3154 0.2218
1.2541 -0.6777 0.1458
1.2573 1.1753 0.1969
1.2554 -0.4128 0.2330
1.2477 -0.1094 0.2316
1.2511 1.0880 0.1527
1.2597 1.0358 0.1920
1.2734 -0.0171 0.2658
1.2694 0.4676 0.2966
1.2804 1.1160 0.1839
1.2856 -0.6417 0.1995
1.2854 0.3443 0.3185
