points 
 2 
 1 
Tumour[19065]CD6810NNCodensity
-1.2785 -0.8805 0.2042
-1.2773 -0.8321 0.2192
-1.2727 -0.5593 0.2595
-1.2808 -0.3621 0.4080
-1.2674 0.0767 0.2251
-1.2631 1.2370 0.2427
-1.2325 -0.6368 0.1967
-1.2652 0.4394 0.2344
-1.2638 -1.2136 0.4136
-1.2558 -0.2454 0.4648
-1.2557 0.3174 0.1791
-1.2501 0.6211 0.2993
-1.2367 0.5614 0.2559
-1.2390 -0.6075 0.2081
-1.2227 0.2799 0.1475
-1.2396 0.9586 0.2851
-1.2152 -1.0320 0.1717
-1.2280 -0.9430 0.1454
-1.2246 0.1115 0.1666
-1.2152 0.1949 0.1538
-1.2288 1.2492 0.2052
-1.2081 -0.6876 0.1872
-1.2102 -0.5598 0.2187
-1.2038 0.9778 0.2439
-1.1992 0.0938 0.1608
-1.2042 0.0305 0.2113
-1.2030 0.3734 0.1653
-1.1976 0.4836 0.2193
-1.1996 -0.8001 0.1780
-1.1896 0.2227 0.1380
-1.1956 -0.9880 0.1241
-1.1907 1.0453 0.2299
-1.1645 0.2499 0.1400
-1.1823 -1.0455 0.1718
-1.1892 0.2873 0.1327
-1.1788 -0.9465 0.1135
-1.1689 0.0535 0.1816
-1.1801 0.4054 0.1829
-1.1703 -1.0073 0.1278
-1.1741 1.2166 0.1415
-1.1672 1.1641 0.1584
-1.1641 -0.4325 0.3077
-1.1561 -0.7857 0.1606
-1.1524 0.2036 0.1494
-1.1550 -0.8921 0.1232
-1.1513 -0.6079 0.2030
-1.1510 -0.9394 0.1038
-1.1516 1.2489 0.1451
-1.1365 -0.8529 0.1348
-1.1315 0.3061 0.1619
-1.1428 1.2207 0.1280
-1.1321 0.6627 0.2243
-1.1227 0.8697 0.2312
-1.1176 -0.7204 0.1669
-1.1189 -0.9231 0.1060
-1.1123 1.1718 0.1337
-1.1009 -0.9547 0.1139
-1.1083 0.1378 0.1765
-1.1162 0.7288 0.2289
-1.1040 1.0036 0.2153
-1.0726 -0.8128 0.1448
-1.0626 0.1129 0.1733
-1.0906 0.3652 0.2173
-1.0784 0.6171 0.1934
-1.0792 -0.9019 0.1123
-1.0830 1.0587 0.2006
-1.0759 -0.9278 0.1071
-1.0770 -0.6884 0.1873
-1.0796 0.8700 0.2316
-1.0796 1.2080 0.1320
-1.0637 0.5313 0.1944
-1.0644 0.8971 0.2310
-1.0545 1.1851 0.1406
-1.0600 -0.7834 0.1462
-1.0516 0.0071 0.2099
-1.0588 1.2504 0.1708
-1.0515 -1.2133 0.2990
-1.0441 -0.7583 0.1609
-1.0441 0.4785 0.2001
-1.0363 0.7689 0.1957
-1.0298 -0.9814 0.1297
-1.0266 -0.9210 0.1058
-1.0262 1.1714 0.1480
-1.0205 -0.5184 0.2693
-1.0082 -0.8480 0.1470
-1.0090 0.0897 0.1559
-1.0138 -1.0953 0.1965
-1.0029 -0.1386 0.2819
-0.9974 1.1386 0.1453
-1.0065 -0.9413 0.1111
-1.0044 0.5638 0.1561
-0.9941 -0.8996 0.1226
-0.9910 -1.0378 0.1682
-0.9965 -0.0651 0.2378
-0.9939 0.6778 0.1369
-0.9909 0.2319 0.1720
-0.9817 -0.5281 0.2608
-0.9832 0.5032 0.1716
-0.9768 -0.7323 0.2130
-0.9802 0.1548 0.1344
-0.9767 0.2638 0.1991
-0.9646 0.0784 0.1510
-0.9705 -0.9648 0.1345
-0.9720 -1.1094 0.1819
-0.9457 -0.9176 0.1313
-0.9621 0.1079 0.1366
-0.9623 0.2301 0.1669
-0.9656 0.5424 0.1531
-0.9659 0.6848 0.1117
-0.9579 1.0903 0.1367
-0.9533 -0.6356 0.2377
-0.9551 0.6623 0.1094
-0.9462 1.0605 0.1417
-0.9432 -0.5372 0.2440
-0.9372 -0.1541 0.2513
-0.9299 0.2053 0.1508
-0.9335 1.1011 0.1274
-0.9380 -1.2347 0.2661
-0.9345 0.7123 0.1056
-0.9213 0.4828 0.1777
-0.9244 0.0764 0.1557
-0.9290 0.7431 0.1301
-0.9265 1.1545 0.1505
-0.9264 0.6830 0.0929
-0.9239 -1.1205 0.1751
-0.9041 0.6023 0.1285
-0.9096 0.9884 0.1552
-0.9031 -0.2492 0.2568
-0.8958 0.6429 0.1072
-0.8958 0.6920 0.0999
-0.9014 1.0103 0.1426
-0.8955 -0.9213 0.1490
-0.8927 -0.1585 0.2297
-0.8996 0.1732 0.1471
-0.8629 0.9396 0.1558
-0.8902 0.8499 0.1966
-0.8910 1.1565 0.1592
-0.8788 -1.1151 0.1597
-0.8759 -0.9061 0.1616
-0.8662 0.7026 0.1190
-0.8628 -0.8407 0.2081
-0.8561 0.5517 0.1186
-0.8583 1.1147 0.1542
-0.8652 0.1067 0.1434
-0.8450 1.0723 0.1565
-0.8595 -1.0981 0.1520
-0.8452 -0.9427 0.1688
-0.8330 0.5908 0.1114
-0.8545 0.9795 0.1513
-0.8504 0.5131 0.1394
-0.8500 0.6264 0.1147
-0.8373 0.7394 0.1606
-0.8345 0.8738 0.1625
-0.8141 0.6349 0.1353
-0.8281 0.1303 0.1479
-0.8185 0.5632 0.1102
-0.8199 -1.0029 0.1578
-0.8145 0.1074 0.1527
-0.8131 0.9878 0.1692
-0.8081 -0.0590 0.2439
-0.7974 -1.1098 0.1333
-0.8026 -0.5454 0.1336
-0.7925 0.8770 0.1518
-0.7934 0.1762 0.1787
-0.7979 0.5048 0.1331
-0.7966 -0.6087 0.1493
-0.7754 0.5518 0.1147
-0.7721 0.8311 0.1621
-0.7863 0.1286 0.1550
-0.7528 -0.4303 0.1412
-0.7704 -1.1552 0.1439
-0.7894 -1.0675 0.1285
-0.7821 -1.0956 0.1267
-0.7810 1.1851 0.2000
-0.7711 -0.9968 0.1603
-0.7646 -0.4747 0.1288
-0.7785 -0.5749 0.1143
-0.7762 -0.6301 0.1543
-0.7676 -0.3777 0.1507
-0.7669 -0.3045 0.1500
-0.7556 -0.1462 0.2210
-0.7531 1.1694 0.1803
-0.7493 -0.3257 0.1372
-0.7362 -0.1888 0.1957
-0.7416 0.4727 0.1710
-0.7498 -0.5588 0.1020
-0.7478 -0.2593 0.1529
-0.7373 -0.5015 0.1140
-0.7479 0.7771 0.1691
-0.7448 -0.7559 0.1851
-0.7416 0.5316 0.1336
-0.7316 0.8859 0.1389
-0.7248 -0.6000 0.1270
-0.7222 -0.2508 0.1539
-0.7248 0.0258 0.1919
-0.7181 -0.7983 0.1558
-0.7207 -0.5647 0.1115
-0.7281 0.7008 0.1915
-0.7288 1.1015 0.1502
-0.7118 -0.8778 0.1654
-0.7255 -0.8323 0.1539
-0.7267 0.0751 0.1734
-0.7087 -0.3383 0.1345
-0.7193 -0.9883 0.1722
-0.7099 -0.4599 0.1354
-0.6969 -0.4077 0.1404
-0.7153 0.3379 0.2489
-0.7186 0.5305 0.1576
-0.7112 0.5983 0.1772
-0.7034 0.2955 0.2461
-0.7109 -1.0613 0.1329
-0.7114 -0.5244 0.1188
-0.7078 -1.1970 0.1237
-0.6995 -1.1170 0.1152
-0.6982 -0.8334 0.1434
-0.7027 0.8956 0.1254
-0.6943 -1.1612 0.1088
-0.6989 -1.2352 0.1477
-0.6868 0.0296 0.2082
-0.6926 0.3706 0.2378
-0.6869 0.9487 0.1259
-0.6896 1.0546 0.1300
-0.6786 -0.2681 0.1585
-0.6772 -0.7331 0.1869
-0.6799 0.1685 0.2137
-0.6838 1.0941 0.1275
-0.6713 -1.1249 0.1049
-0.6791 0.7322 0.1839
-0.6685 0.9202 0.1196
-0.6651 1.1390 0.1383
-0.6705 1.0669 0.1230
-0.6704 0.9833 0.1220
-0.6685 -1.0662 0.1310
-0.6584 -0.0196 0.2419
-0.6514 -1.2236 0.1169
-0.6418 -0.5828 0.1644
-0.6518 0.9446 0.1193
-0.6516 0.8323 0.1505
-0.6412 -1.1367 0.1001
-0.6417 -0.8471 0.1429
-0.6378 0.7739 0.1691
-0.6401 -1.1910 0.0982
-0.6389 -0.3761 0.1720
-0.6255 1.1839 0.1860
-0.6240 1.0499 0.1310
-0.6135 1.1100 0.1500
-0.6201 -0.7651 0.1702
-0.6252 0.8259 0.1598
-0.6178 -1.1919 0.0974
-0.6077 0.2733 0.2434
-0.6212 0.9288 0.1340
-0.6087 -0.9973 0.1259
-0.6115 -0.8722 0.1445
-0.5940 -1.2284 0.1154
-0.5984 -1.0963 0.1222
-0.5984 -0.4783 0.1594
-0.5952 0.9939 0.1429
-0.6087 1.2361 0.2504
-0.5959 -0.9287 0.1168
-0.5966 -0.4288 0.1772
-0.5982 -1.1279 0.1082
-0.5903 -0.9680 0.1061
-0.5860 -0.5869 0.1673
-0.5799 -0.5583 0.1558
-0.5745 -1.1514 0.1074
-0.5775 0.5088 0.1953
-0.5805 -0.1039 0.2979
-0.5733 -1.1949 0.0985
-0.5861 0.6548 0.1995
-0.5758 0.1590 0.2279
-0.5721 -1.0540 0.1225
-0.5739 -0.2887 0.1919
-0.5684 1.0121 0.1723
-0.5520 -0.9938 0.0963
-0.5670 -0.9194 0.1121
-0.5466 -0.5060 0.1522
-0.5676 -0.2667 0.2048
-0.5464 -1.2248 0.1183
-0.5579 -0.9619 0.0952
-0.5376 -1.1819 0.1142
-0.5298 -1.0556 0.1307
-0.5420 0.5000 0.1850
-0.5438 0.7663 0.1384
-0.5364 -0.8341 0.1513
-0.5414 -0.7757 0.1479
-0.5367 0.5904 0.1733
-0.5195 -1.0180 0.1145
-0.5300 -0.4422 0.1871
-0.5207 0.4503 0.2008
-0.5266 -0.9489 0.1129
-0.5110 -0.6185 0.1512
-0.5181 -0.3013 0.2006
-0.5218 0.7770 0.1319
-0.5120 0.7074 0.1217
-0.5053 -1.2277 0.1561
-0.5073 0.5100 0.1685
-0.5019 -0.7732 0.1283
-0.5016 0.7516 0.1109
-0.5022 -0.9496 0.1313
-0.4854 -1.2031 0.1632
-0.4936 -0.5795 0.1317
-0.4812 -1.0462 0.1492
-0.4956 -0.7381 0.1421
-0.4876 -0.3013 0.2107
-0.4803 0.4597 0.1860
-0.4774 0.7826 0.1310
-0.4698 0.6730 0.1195
-0.4718 0.0869 0.1936
-0.4778 0.2191 0.1805
-0.4587 -0.7670 0.1177
-0.4662 0.7337 0.1012
-0.4696 -0.8099 0.1207
-0.4567 -0.5458 0.1218
-0.4536 -0.6017 0.1205
-0.4541 0.1169 0.1581
-0.4512 0.2103 0.1677
-0.4468 0.1811 0.1528
-0.4490 0.3331 0.2390
-0.4557 0.6271 0.1320
-0.4475 1.1321 0.2083
-0.4467 1.2226 0.2005
-0.4289 0.5987 0.1394
-0.4366 0.7533 0.1204
-0.4405 -0.6396 0.1373
-0.4176 -0.8247 0.1218
-0.4318 0.7076 0.1108
-0.4287 -1.0897 0.1992
-0.4291 -0.7702 0.1240
-0.4315 -0.5120 0.1313
-0.4183 0.1090 0.1542
-0.4203 -0.3621 0.1981
-0.4152 0.6287 0.1198
-0.4056 -0.6449 0.1444
-0.4123 -0.5040 0.1376
-0.4073 0.7101 0.1172
-0.4053 -0.9142 0.1596
-0.3994 -1.1083 0.2105
-0.4005 -0.5382 0.1208
-0.3925 1.0801 0.2212
-0.3988 1.2547 0.2029
-0.3785 -0.8550 0.1239
-0.3877 1.2014 0.1648
-0.3892 -0.8227 0.1205
-0.3895 -0.7341 0.1551
-0.3915 -0.6054 0.1300
-0.3705 0.6456 0.1231
-0.3799 -0.3566 0.1909
-0.3713 0.5408 0.1862
-0.3728 1.0228 0.2614
-0.3671 1.2379 0.1832
-0.3681 -0.0750 0.3335
-0.3621 0.1442 0.1435
-0.3757 0.4108 0.2279
-0.3553 0.6036 0.1411
-0.3655 -0.5298 0.1375
-0.3655 1.1739 0.1620
-0.3494 0.1866 0.1612
-0.3484 -0.8643 0.1257
-0.3472 -0.4692 0.1339
-0.3406 -0.3858 0.1575
-0.3469 0.7014 0.1286
-0.3304 -0.6387 0.1477
-0.3302 0.1081 0.1839
-0.3152 0.1321 0.1857
-0.3352 -0.8953 0.1244
-0.3232 0.6714 0.1290
-0.3305 0.7447 0.1576
-0.3165 0.4106 0.2425
-0.3116 -0.9443 0.1413
-0.3059 -0.8662 0.1376
-0.3190 0.4374 0.2383
-0.2942 -0.9872 0.1581
-0.3118 1.2258 0.1967
-0.3098 -1.2201 0.2340
-0.3006 0.2140 0.2130
-0.2994 -0.7429 0.1681
-0.2801 -1.2025 0.2088
-0.2812 -1.0750 0.1839
-0.2924 -1.0304 0.1721
-0.2897 -0.4714 0.1288
-0.2910 -0.4246 0.1325
-0.2692 0.9836 0.2750
-0.2755 -1.2351 0.2333
-0.2675 0.6118 0.1660
-0.2701 -0.7598 0.1691
-0.2760 -0.6606 0.1276
-0.2744 -0.4443 0.1285
-0.2727 -0.4151 0.1405
-0.2724 -0.6261 0.1337
-0.2704 0.6819 0.1321
-0.2645 -0.8978 0.1552
-0.2590 -0.5455 0.1647
-0.2634 1.2204 0.2277
-0.2619 -0.6786 0.1280
-0.2489 0.7206 0.1405
-0.2495 -0.2709 0.2450
-0.2256 -1.0934 0.1775
-0.2448 -0.4588 0.1404
-0.2354 -0.6124 0.1493
-0.2307 1.0825 0.2409
-0.2253 -0.9296 0.1750
-0.2203 0.7267 0.1471
-0.2017 0.9467 0.2722
-0.2011 -0.6724 0.1413
-0.1932 -0.2997 0.2054
-0.1948 -0.0802 0.2779
-0.1980 -0.0560 0.2698
-0.1994 -0.6347 0.1514
-0.1941 0.6516 0.1201
-0.1897 1.0003 0.2574
-0.1893 -0.9857 0.1820
-0.1863 0.7060 0.1332
-0.1797 -1.0722 0.1764
-0.1765 0.2827 0.1377
-0.1679 -0.7432 0.1350
-0.1762 0.3146 0.1426
-0.1709 -0.8016 0.1564
-0.1740 0.5570 0.1768
-0.1681 0.3672 0.1770
-0.1592 -0.7757 0.1409
-0.1575 -0.4791 0.1843
-0.1568 0.6235 0.1179
-0.1598 0.6492 0.1138
-0.1489 0.3170 0.1243
-0.1507 0.5763 0.1502
-0.1376 0.0732 0.1976
-0.1441 -1.1856 0.1431
-0.1469 -1.1526 0.1413
-0.1424 -0.4008 0.1848
-0.1292 -0.7370 0.1372
-0.1256 0.2312 0.1356
-0.1356 0.6853 0.1271
-0.1281 0.0354 0.2045
-0.1151 -1.1741 0.1252
-0.1143 -0.4936 0.2001
-0.1230 -0.2920 0.1775
-0.1154 0.3094 0.1196
-0.1145 1.2393 0.2275
-0.1192 0.2735 0.1137
-0.1068 -0.7829 0.1371
-0.0782 0.6408 0.1381
-0.0960 -0.5612 0.1725
-0.0948 -0.3367 0.1624
-0.0907 -0.2762 0.1849
-0.1007 0.0727 0.1903
-0.0932 -0.8288 0.1434
-0.0952 0.2108 0.1497
-0.0808 0.6146 0.1404
-0.0818 -0.9860 0.2007
-0.0872 -0.7233 0.1422
-0.0912 0.1810 0.1627
-0.0913 0.2779 0.1277
-0.0900 0.6938 0.1455
-0.0922 1.1444 0.1964
-0.0809 0.9257 0.2505
-0.0867 1.1764 0.1924
-0.0876 -1.2355 0.1622
-0.0849 -1.1222 0.1422
-0.0880 -0.9095 0.1711
-0.0790 0.7913 0.1758
-0.0861 1.2170 0.2070
-0.0806 -0.5923 0.1573
-0.0845 0.0050 0.2153
-0.0732 -1.2072 0.1315
-0.0749 -1.1575 0.1219
-0.0713 1.1561 0.1922
-0.0652 0.3859 0.2232
-0.0517 0.8442 0.1907
-0.0468 -0.8636 0.1664
-0.0489 -0.3506 0.1659
-0.0407 0.1255 0.1907
-0.0393 -0.8991 0.1744
-0.0377 -0.5915 0.1467
-0.0367 -0.2830 0.1922
-0.0281 -1.0155 0.2137
-0.0400 -1.1913 0.1316
-0.0324 0.7970 0.1518
-0.0297 -0.6594 0.1197
-0.0230 -0.6277 0.1218
-0.0270 -0.3240 0.1731
-0.0309 0.5541 0.1683
-0.0137 -0.6989 0.1276
-0.0078 1.1472 0.1936
-0.0075 -0.7264 0.1433
-0.0022 0.7145 0.1286
0.0034 -0.8553 0.1846
0.0063 -0.6174 0.1327
0.0038 -1.1429 0.1616
0.0292 0.5832 0.1345
0.0163 0.6455 0.1310
0.0177 0.8033 0.1470
0.0235 -0.7155 0.1331
0.0159 -0.1165 0.3218
0.0247 0.7056 0.1215
0.0327 -0.4432 0.2055
0.0274 0.5539 0.1530
0.0306 0.7328 0.1222
0.0362 0.1749 0.2264
0.0370 -1.1550 0.1743
0.0512 -0.6415 0.1393
0.0438 0.8373 0.1836
0.0483 1.0304 0.2710
0.0495 1.2436 0.2059
0.0586 0.6976 0.1202
0.0612 0.0225 0.2567
0.0675 0.6110 0.1320
0.0715 -0.3972 0.1790
0.0693 0.5494 0.1609
0.0702 -1.2063 0.1786
0.0855 -0.4232 0.1768
0.0836 0.6959 0.1259
0.1085 -1.2044 0.1740
0.0880 -0.6869 0.1308
0.1005 -0.4589 0.1933
0.0927 -0.8711 0.1995
0.0945 0.5565 0.1634
0.1099 0.7422 0.1375
0.1002 -1.0390 0.2114
0.1080 -0.9706 0.2072
0.1120 -0.7667 0.1436
0.1095 -0.7173 0.1292
0.1091 0.0987 0.2420
0.1061 1.2219 0.1597
0.1509 -0.6613 0.1694
0.1367 -1.0248 0.2064
0.1377 -0.7528 0.1347
0.1325 0.2567 0.1875
0.1580 -0.8124 0.1593
0.1427 0.0122 0.3047
0.1667 0.9826 0.1933
0.1324 1.1942 0.1392
0.1497 -1.2324 0.1754
0.1487 1.1574 0.1503
0.1423 1.2258 0.1359
0.1526 -0.7184 0.1358
0.1592 0.2688 0.1727
0.1673 0.6106 0.1622
0.1535 0.7274 0.1355
0.1772 0.9487 0.1693
0.1574 -0.2911 0.2323
0.1694 -0.4400 0.1606
0.1754 0.3082 0.1905
0.1632 0.8482 0.1459
0.1799 0.1974 0.1917
0.1765 0.2357 0.1720
0.1676 0.3631 0.2375
0.1940 0.6890 0.1388
0.1786 0.7460 0.1266
0.1722 -1.2364 0.1766
0.1920 -1.2129 0.1641
0.1812 -0.9930 0.1853
0.1916 0.7814 0.1130
0.2132 0.6225 0.1468
0.1987 1.2515 0.1335
0.1997 -0.4299 0.1551
0.1926 -0.3037 0.2116
0.1942 1.0851 0.1953
0.2008 -0.3563 0.1732
0.2017 0.8387 0.1104
0.2187 0.7996 0.1049
0.1991 1.2200 0.1167
0.2189 -0.8880 0.1875
0.2093 1.2086 0.1178
0.2190 -0.8313 0.1706
0.2330 -0.4476 0.1579
0.2441 0.7742 0.1244
0.2425 -0.7546 0.1403
0.2323 0.8777 0.1125
0.2330 -1.2110 0.1699
0.2371 0.8500 0.1003
0.2526 -1.1027 0.1689
0.2561 0.6123 0.1320
0.2510 1.1046 0.1871
0.2530 -1.1546 0.1627
0.2466 0.6495 0.1274
0.2636 0.9469 0.1318
0.2592 1.1979 0.1214
0.2527 -0.7157 0.1452
0.2595 0.9872 0.1594
0.2663 1.2248 0.1186
0.2630 -1.0578 0.1732
0.2701 0.8301 0.1000
0.2793 0.8639 0.1056
0.2792 -0.7414 0.1360
0.2777 0.2432 0.2102
0.2737 -0.4813 0.1752
0.2767 0.3563 0.2405
0.2753 -0.7024 0.1465
0.2719 -0.9309 0.1790
0.2900 0.6094 0.1269
0.2997 -1.1758 0.1708
0.3295 -1.0953 0.1742
0.3027 0.9499 0.1344
0.2921 -0.4063 0.1616
0.2920 1.2537 0.1302
0.3127 -0.7644 0.1329
0.2950 -0.1933 0.2740
0.2939 0.9028 0.1129
0.2982 0.0937 0.3019
0.3010 0.6612 0.1217
0.3074 -1.0190 0.1757
0.3122 -0.4857 0.1798
0.3129 -0.9189 0.1642
0.3171 0.2636 0.2357
0.3149 0.8051 0.1077
0.3156 0.6821 0.1252
0.3207 1.1754 0.1273
0.3375 0.7080 0.1304
0.3289 -0.3835 0.1798
0.3225 -0.1777 0.2744
0.3285 0.8257 0.1045
0.3203 1.2223 0.1109
0.3495 -0.6549 0.1641
0.3550 0.6231 0.1125
0.3664 1.2502 0.1193
0.3502 0.9232 0.1294
0.3535 0.5735 0.1316
0.3619 -0.7843 0.1164
0.3543 0.4941 0.2071
0.3578 0.7551 0.1224
0.3653 -0.7556 0.1236
0.3563 1.1981 0.1091
0.3544 -0.9032 0.1446
0.3533 0.7981 0.1145
0.3573 0.8565 0.1174
0.3697 -0.4286 0.1675
0.3757 0.8318 0.1217
0.3855 0.6032 0.1155
0.3780 -0.6549 0.1596
0.3750 -0.0917 0.2487
0.3825 -1.2181 0.1992
0.4012 0.7090 0.1149
0.3808 0.9443 0.1426
0.3815 1.1867 0.1093
0.3904 -1.0582 0.1751
0.4089 -0.9118 0.1257
0.3878 -0.8229 0.1047
0.3943 1.2253 0.1072
0.4006 -0.8469 0.1084
0.4021 0.6394 0.1071
0.4038 -1.2218 0.2013
0.4150 -0.8071 0.1025
0.4096 -0.5120 0.1688
0.4051 -0.8900 0.1208
0.4080 -0.6482 0.1488
0.4117 0.5448 0.1397
0.4127 0.9709 0.1512
0.4364 1.0902 0.1521
0.4345 -0.7420 0.1216
0.4269 0.6057 0.1159
0.4400 -0.3132 0.1496
0.4336 0.7463 0.1240
0.4255 0.6573 0.1058
0.4188 1.2502 0.1350
0.4208 -0.7760 0.1092
0.4295 -0.5736 0.1417
0.4274 1.1338 0.1400
0.4380 -1.1985 0.1866
0.4385 -0.9857 0.1200
0.4356 0.6858 0.1108
0.4312 0.9849 0.1444
0.4338 -0.3779 0.1406
0.4421 1.2167 0.1258
0.4416 -0.8204 0.1171
0.4666 0.5289 0.1473
0.4761 0.7099 0.1244
0.4458 0.7859 0.1316
0.4453 -1.0405 0.1473
0.4488 1.1839 0.1291
0.4561 0.3143 0.2158
0.4764 -0.5899 0.1170
0.4725 -0.5577 0.1149
0.4625 -0.2233 0.1917
0.4568 0.8470 0.1553
0.4630 -0.4204 0.1378
0.4596 -0.9573 0.1083
0.4733 -1.0316 0.1386
0.4834 -0.6857 0.1350
0.4786 -0.7376 0.1343
0.4753 -0.0839 0.1728
0.4745 0.0928 0.2122
0.4721 0.1402 0.2306
0.4717 1.0481 0.1435
0.4802 1.0889 0.1577
0.4814 0.6663 0.1269
0.4739 0.9526 0.1406
0.4891 -0.3065 0.1188
0.4834 -0.0369 0.1634
0.4913 -0.9453 0.1106
0.4892 -0.3523 0.1019
0.4845 0.2752 0.2018
0.4895 -0.9912 0.1132
0.4972 -0.3944 0.1086
0.5019 0.5472 0.1322
0.4883 0.8202 0.1542
0.4962 -0.8904 0.1324
0.4968 1.0438 0.1453
0.4993 -1.2265 0.1799
0.5010 -0.5287 0.1087
0.5070 -0.7041 0.1364
0.5176 -0.5912 0.1040
0.5024 0.4472 0.1894
0.5109 -0.0599 0.1457
0.5116 0.3124 0.1761
0.5328 -0.2754 0.1370
0.5150 0.3435 0.1797
0.5281 0.5868 0.1325
0.5236 -1.1957 0.1640
0.5155 -0.9913 0.1261
0.5263 -0.4814 0.1195
0.5265 0.9040 0.1445
0.5249 -0.6396 0.1157
0.5239 0.7421 0.1538
0.5281 -0.3123 0.1141
0.5324 -0.3581 0.0990
0.5310 -0.1482 0.1707
0.5260 0.5170 0.1291
0.5297 -0.5235 0.1003
0.5494 -0.4370 0.1248
0.5340 0.0862 0.1671
0.5363 1.2017 0.1728
0.5305 1.2435 0.1867
0.5359 -0.9369 0.1216
0.5532 -0.8589 0.1189
0.5552 -0.5777 0.0979
0.5403 -0.3971 0.1102
0.5425 0.9571 0.1364
0.5404 0.9234 0.1396
0.5561 -0.7502 0.1318
0.5473 0.0062 0.1324
0.5552 -0.5135 0.1015
0.5638 -0.6202 0.1062
0.5667 -0.9051 0.1175
0.5518 -0.0739 0.1367
0.5591 -0.3582 0.1119
0.5640 0.6654 0.1590
0.5739 0.8327 0.1687
0.5701 0.5833 0.1236
0.5846 -0.7985 0.1204
0.5688 -1.2012 0.1410
0.5671 -0.8287 0.1134
0.5897 -0.6402 0.1239
0.5793 -0.0381 0.1263
0.5745 -1.2262 0.1478
0.5726 0.3272 0.1632
0.5899 -0.5079 0.1092
0.5866 -0.7597 0.1325
0.5772 -0.2126 0.1875
0.5895 0.5215 0.1038
0.5935 0.5597 0.1105
0.5928 -0.5572 0.1038
0.5958 0.9358 0.1511
0.5895 1.1818 0.1803
0.6066 0.4799 0.1102
0.5866 1.0092 0.1631
0.5953 -0.3535 0.1502
0.5935 -0.1856 0.2036
0.5981 -0.5946 0.1081
0.6078 0.0293 0.1149
0.6048 0.1949 0.1592
0.5971 0.6717 0.1622
0.6001 -0.8333 0.1110
0.6060 -0.8966 0.1160
0.6250 -0.0076 0.1063
0.6073 0.0660 0.1301
0.6117 0.1526 0.1396
0.6335 -1.2210 0.1290
0.6114 -0.6469 0.1430
0.6248 -0.5232 0.1186
0.6247 0.3298 0.1460
0.6090 0.9991 0.1699
0.6172 -0.7642 0.1485
0.6184 -1.1423 0.1354
0.6259 -0.0333 0.1178
0.6256 0.7984 0.1627
0.6369 0.5535 0.1021
0.6307 -0.9029 0.1213
0.6293 0.5191 0.0864
0.6452 0.0553 0.1182
0.6396 0.4600 0.1039
0.6447 -1.1892 0.1124
0.6487 -0.9528 0.1558
0.6437 0.5027 0.0828
0.6471 0.7642 0.1346
0.6336 1.2157 0.1690
0.6470 0.2326 0.1403
0.6675 -0.8799 0.1412
0.6490 0.3725 0.1356
0.6568 -0.5061 0.1236
0.6670 0.1340 0.1135
0.6741 0.4669 0.0931
0.6608 -1.1449 0.1099
0.6675 -0.4668 0.1306
0.6634 0.1808 0.1154
0.6635 0.2851 0.1370
0.6625 1.2289 0.1682
0.6860 -1.0826 0.1331
0.6786 0.0174 0.1085
0.6808 0.4210 0.1116
0.6773 0.5192 0.0855
0.6860 -1.0397 0.1639
0.6801 -1.1802 0.1041
0.6948 -1.2220 0.1287
0.6735 0.7047 0.1226
0.6715 1.1130 0.1752
0.6734 -0.0378 0.1291
0.6967 0.4873 0.0903
0.6744 0.9327 0.1660
0.6964 1.1881 0.1381
0.6860 0.1673 0.1075
0.6901 0.5550 0.1153
0.6897 0.6933 0.1227
0.6833 0.7703 0.1216
0.6969 -0.9589 0.1785
0.7033 -0.4971 0.1075
0.6982 -1.1626 0.1033
0.6998 -0.8428 0.1829
0.7101 0.0514 0.1115
0.7182 -0.3918 0.1324
0.7055 -0.0075 0.1266
0.7149 0.1465 0.1044
0.7096 0.5284 0.1051
0.7131 -1.0816 0.1345
0.7152 0.3464 0.1004
0.7224 0.4274 0.1014
0.7124 0.7773 0.1197
0.7181 0.8915 0.1524
0.7147 0.3050 0.1151
0.7328 -1.1093 0.1195
0.7368 -0.5912 0.1649
0.7199 0.1026 0.0985
0.7384 0.5085 0.1186
0.7229 0.3287 0.1029
0.7312 0.6913 0.1191
0.7287 1.1345 0.1352
0.7260 -0.4399 0.1117
0.7237 -0.0816 0.2057
0.7316 0.7541 0.1101
0.7357 -0.5299 0.1036
0.7386 -0.5003 0.0972
0.7424 -0.3485 0.1452
0.7465 0.2063 0.1299
0.7464 -0.3166 0.1743
0.7492 0.1383 0.1117
0.7468 0.3730 0.0928
0.7392 0.0649 0.1099
0.7375 0.9041 0.1487
0.7602 -1.1942 0.1195
0.7417 0.0938 0.1052
0.7588 0.3089 0.1126
0.7515 0.4071 0.0907
0.7482 0.4488 0.1018
0.7458 0.9986 0.1695
0.7531 -1.1570 0.1102
0.7678 -0.5636 0.1438
0.7578 -0.4177 0.1137
0.7493 1.1942 0.1190
0.7722 -1.2233 0.1470
0.7711 0.2340 0.1302
0.7612 0.6589 0.1404
0.7519 0.7180 0.1140
0.7554 -0.2866 0.2135
0.7813 0.0819 0.1341
0.7726 0.3484 0.0978
0.7560 0.8806 0.1462
0.7623 -0.5305 0.1120
0.7728 -0.4910 0.1082
0.7724 -0.3757 0.1302
0.7635 1.0275 0.1749
0.7635 1.1593 0.1122
0.7788 0.7999 0.1389
0.7794 0.9914 0.1785
0.7788 1.1113 0.1344
0.7875 -0.4544 0.1182
0.7836 0.4356 0.0986
0.7886 1.2506 0.1489
0.7927 0.3805 0.0928
0.8047 1.1417 0.1176
0.8081 0.2230 0.1334
0.7870 0.5967 0.1763
0.8031 1.2046 0.1109
0.7908 -1.1559 0.1283
0.7992 0.7213 0.1391
0.7981 0.8674 0.1676
0.8236 0.1873 0.1499
0.8206 0.3987 0.0905
0.8121 0.4315 0.1011
0.8235 0.2676 0.1283
0.8196 1.2422 0.1293
0.8214 0.6307 0.1883
0.8199 -1.1531 0.1535
0.8442 0.0616 0.1854
0.8398 0.3605 0.1089
0.8326 0.8014 0.1601
0.8330 -0.4289 0.1712
0.8409 1.1772 0.1101
0.8487 0.4465 0.1294
0.8523 1.1438 0.1276
0.8691 0.2280 0.1538
0.8724 0.3039 0.1346
0.8605 0.3801 0.1082
0.8845 1.2321 0.1385
0.8638 -1.1859 0.1725
0.8852 0.7363 0.1510
0.8942 1.1998 0.1347
0.8835 0.3879 0.1195
0.9157 0.0681 0.1789
0.9037 1.1437 0.1653
0.9096 0.3045 0.1314
0.9117 1.2489 0.1743
0.9135 0.7845 0.1569
0.9180 -0.8967 0.3552
0.9373 0.6966 0.1561
0.9463 0.3869 0.1442
0.9303 -1.2337 0.2182
0.9365 -1.2061 0.2002
0.9328 0.7374 0.1434
0.9427 -0.0351 0.2198
0.9440 0.0176 0.1774
0.9393 0.4922 0.2071
0.9629 0.2490 0.1390
0.9592 0.3235 0.1217
0.9779 0.1166 0.1580
0.9662 0.7329 0.1517
0.9697 -1.1656 0.1919
0.9781 0.1620 0.1567
0.9955 -1.0514 0.2396
0.9926 0.2943 0.1259
0.9907 0.3816 0.1443
0.9898 0.7931 0.1764
0.9944 0.5437 0.2198
0.9971 0.6975 0.1795
1.0071 0.1948 0.1391
1.0072 0.0648 0.1558
1.0083 0.2761 0.1312
1.0154 0.3319 0.1244
1.0093 0.6258 0.2076
1.0213 -0.0368 0.2078
1.0162 0.8533 0.2393
1.0315 0.0398 0.1656
1.0451 -1.1266 0.1999
1.0453 0.9007 0.3149
1.0537 0.4096 0.1399
1.0625 1.2452 0.3042
1.0583 -1.1072 0.2094
1.0589 -1.0239 0.2504
1.0618 -0.7765 0.1624
1.0649 -0.7277 0.1472
1.0635 0.1522 0.1472
1.0716 -0.6992 0.1426
1.0775 -0.3595 0.2058
1.0711 -0.6599 0.1590
1.0681 -0.2654 0.2310
1.0703 -0.5381 0.2316
1.0713 -0.4465 0.2239
1.0721 0.2057 0.1445
1.0755 -1.1832 0.2271
1.0854 -0.5930 0.2033
1.0878 0.2957 0.1617
1.0897 0.3749 0.1357
1.0871 0.5194 0.1516
1.0898 0.4453 0.1307
1.0939 -0.0150 0.2074
1.0922 0.1885 0.1520
1.0982 -0.6857 0.1389
1.1007 0.1481 0.1600
1.1061 0.3567 0.1501
1.1105 -0.8836 0.2304
1.1205 -0.8134 0.1644
1.1205 0.4488 0.1278
1.1244 -0.1363 0.2115
1.1274 -0.7292 0.1422
1.1379 0.5499 0.1530
1.1403 -0.6729 0.1669
1.1407 -0.4091 0.1872
1.1375 -0.2961 0.1830
1.1461 0.4416 0.1424
1.1416 0.4732 0.1352
1.1473 0.6053 0.2032
1.1542 -0.8535 0.2134
1.1707 -0.8117 0.1917
1.1654 -0.3162 0.1866
1.1665 0.5373 0.1624
1.1686 -0.1511 0.2096
1.1778 1.1784 0.3915
1.1711 -0.4276 0.2100
1.1742 -0.3904 0.1990
1.1884 1.2549 0.4273
1.1823 -0.2330 0.2055
1.1828 -0.1170 0.2172
1.1818 0.0648 0.2007
1.1970 0.2405 0.2279
1.2026 0.5875 0.2279
1.2057 0.0664 0.2137
1.2044 -1.1010 0.3297
1.2037 0.1613 0.2001
1.2051 1.1611 0.4271
1.2107 -1.2182 0.3840
1.2107 0.1095 0.2041
1.2116 -0.0989 0.2382
