points 
 2 
 1 
Tumour[19065]CD6810NNCodensity
-1.1280 -1.0648 0.3399
-1.1145 -0.6881 0.1541
-1.1309 -0.6039 0.1356
-1.1329 -0.5580 0.1259
-1.1351 -0.4487 0.1680
-1.1254 0.0707 0.2393
-1.1322 0.1265 0.2695
-1.1183 0.4047 0.2528
-1.1336 0.7054 0.2219
-1.1365 0.7308 0.2270
-1.1345 0.9738 0.1685
-1.1192 -0.5245 0.1120
-1.1185 -0.3072 0.2112
-1.1040 -0.0336 0.2104
-1.1056 0.9773 0.1335
-1.1085 -0.4383 0.1576
-1.1007 0.7368 0.1979
-1.0909 1.0320 0.1290
-1.1027 -1.1099 0.2976
-1.1040 0.5149 0.2085
-1.0900 -0.5366 0.0912
-1.0940 0.3506 0.2651
-1.0788 -0.7033 0.1306
-1.0856 -1.1331 0.2757
-1.0899 0.7670 0.2002
-1.0856 0.5918 0.1976
-1.0813 -0.6478 0.1236
-1.0756 1.0095 0.1095
-1.0786 -0.7714 0.1885
-1.0802 -0.2266 0.1589
-1.0781 0.2069 0.2672
-1.0726 -0.2878 0.1748
-1.0707 0.9505 0.1284
-1.0740 -0.5606 0.0868
-1.0719 -1.1549 0.2665
-1.0576 -0.5079 0.0912
-1.0699 0.4254 0.2133
-1.0523 1.0404 0.1216
-1.0466 1.0803 0.1605
-1.0660 -0.1432 0.1617
-1.0445 -0.0117 0.1703
-1.0514 -0.1091 0.1648
-1.0608 -0.5395 0.0815
-1.0546 -0.5748 0.0954
-1.0386 -0.7227 0.1335
-1.0298 -0.6901 0.1216
-1.0456 -0.7872 0.1993
-1.0335 -0.4130 0.1546
-1.0179 0.9380 0.1403
-1.0278 -0.4747 0.1060
-1.0351 -0.6137 0.1077
-1.0326 -0.2054 0.1393
-1.0356 -0.1532 0.1540
-1.0380 0.5493 0.1633
-1.0254 -0.5431 0.0850
-1.0324 0.8243 0.1922
-1.0140 -0.5045 0.0932
-1.0250 -0.2538 0.1516
-1.0103 -0.9578 0.3004
-1.0084 0.8696 0.1876
-1.0200 0.4954 0.1712
-1.0175 1.0037 0.1160
-1.0026 -0.0132 0.1562
-1.0129 0.9846 0.1192
-1.0006 0.6524 0.1760
-1.0010 -0.2502 0.1579
-0.9947 -0.5380 0.0962
-0.9809 0.0311 0.1402
-0.9819 -0.4393 0.1229
-0.9938 -0.6340 0.1117
-0.9742 -1.3492 0.2874
-0.9795 -0.4878 0.1035
-0.9810 0.0960 0.1529
-0.9760 -0.5704 0.1056
-0.9696 -1.3105 0.2526
-0.9736 -0.6583 0.1233
-0.9770 -0.6135 0.1077
-0.9685 0.5171 0.1614
-0.9739 1.1084 0.1970
-0.9699 0.5808 0.1412
-0.9414 0.0760 0.1232
-0.9601 -0.1176 0.1949
-0.9510 0.3246 0.2457
-0.9373 0.0438 0.1235
-0.9390 -0.4274 0.1340
-0.9365 -0.2779 0.1935
-0.9281 0.1491 0.1609
-0.9542 0.7234 0.1570
-0.9524 0.9899 0.1656
-0.9464 -0.5852 0.1196
-0.9379 -0.4924 0.1222
-0.9331 0.0062 0.1455
-0.9116 0.5380 0.1567
-0.9366 0.5876 0.1345
-0.9279 -1.3527 0.2725
-0.9112 0.1162 0.1370
-0.9286 0.2507 0.2085
-0.9295 -1.1148 0.2656
-0.9117 -0.3545 0.1792
-0.9165 -0.4012 0.1522
-0.9135 0.9780 0.1849
-0.9084 -1.3167 0.2401
-0.9067 -0.7109 0.1553
-0.9136 0.6809 0.1338
-0.9136 0.7171 0.1384
-0.9137 0.7611 0.1490
-0.9017 -0.5138 0.1431
-0.9088 0.8298 0.1850
-0.8901 -0.8640 0.2001
-0.8766 -0.1856 0.1960
-0.9018 0.7810 0.1564
-0.8885 -0.6233 0.1536
-0.8929 -1.1391 0.2544
-0.8876 -0.6787 0.1519
-0.8778 0.5496 0.1686
-0.8810 1.1009 0.1782
-0.8825 0.6522 0.1423
-0.8676 -0.7459 0.1694
-0.8759 0.0730 0.1413
-0.8646 0.3102 0.1921
-0.8711 0.5987 0.1493
-0.8645 -0.8745 0.1890
-0.8444 -0.5240 0.1578
-0.8540 1.0930 0.1603
-0.8471 -0.7138 0.1729
-0.8328 -0.3928 0.1569
-0.8422 1.0587 0.1363
-0.8389 0.0296 0.1882
-0.8305 -1.2154 0.2301
-0.8290 -0.7953 0.1725
-0.8131 -0.1700 0.1825
-0.8303 0.1247 0.1724
-0.8335 0.1981 0.1779
-0.8297 0.6502 0.1695
-0.8193 -0.9032 0.1671
-0.8168 0.2458 0.1780
-0.8172 0.7853 0.1521
-0.8156 -0.5361 0.1680
-0.8202 -0.2316 0.1789
-0.8040 -0.4249 0.1490
-0.7814 -0.3619 0.1617
-0.7901 0.9904 0.1217
-0.8003 1.0363 0.1144
-0.7967 -1.2239 0.2407
-0.7828 0.9078 0.1661
-0.7846 1.0158 0.1132
-0.7896 -0.9407 0.1559
-0.7790 -0.4912 0.1681
-0.7879 0.3235 0.1704
-0.7859 0.3650 0.1794
-0.7855 -0.2596 0.1792
-0.7804 0.2932 0.1690
-0.7867 1.0529 0.1220
-0.7792 -0.4089 0.1545
-0.7822 0.7274 0.1606
-0.7765 -0.1760 0.1771
-0.7801 -0.5823 0.1877
-0.7758 0.8482 0.1540
-0.7741 -1.0262 0.1777
-0.7718 -1.2448 0.2457
-0.7656 -0.9227 0.1586
-0.7577 -1.0021 0.1540
-0.7480 -0.0838 0.2182
-0.7615 0.7893 0.1418
-0.7420 -0.1397 0.1895
-0.7538 0.9682 0.1329
-0.7427 -0.7144 0.2111
-0.7488 0.1067 0.2402
-0.7476 1.0305 0.1291
-0.7322 0.8925 0.1673
-0.7402 -0.8319 0.2111
-0.7396 0.7851 0.1409
-0.7292 0.6443 0.1810
-0.7065 -0.4112 0.1834
-0.7181 -0.3370 0.1656
-0.7242 -1.0194 0.1459
-0.7146 0.8079 0.1497
-0.7085 -0.6409 0.2081
-0.7097 0.3482 0.1471
-0.7024 0.4281 0.1468
-0.7009 0.4736 0.1758
-0.7031 1.0129 0.1615
-0.6964 -1.0446 0.1537
-0.6954 0.7254 0.1409
-0.6821 -1.3207 0.2464
-0.6766 -0.9513 0.1671
-0.6787 -0.2258 0.1927
-0.6746 0.2468 0.1986
-0.6776 0.5532 0.1938
-0.6767 -0.6276 0.2111
-0.6493 0.3973 0.1144
-0.6704 0.4355 0.1343
-0.6525 0.6232 0.1584
-0.6527 1.1009 0.2497
-0.6463 -0.3164 0.1627
-0.6456 -0.0898 0.2082
-0.6436 0.3277 0.1444
-0.6394 0.7294 0.1470
-0.6174 -0.2816 0.1672
-0.6379 0.6863 0.1463
-0.6242 -1.0295 0.1507
-0.6292 0.3731 0.1161
-0.6293 0.6552 0.1464
-0.6269 -1.3520 0.2591
-0.6269 -1.0068 0.1476
-0.6130 -1.3275 0.2407
-0.6224 -0.3487 0.1735
-0.6134 -0.0373 0.1735
-0.6106 0.4141 0.1244
-0.6088 0.7337 0.1490
-0.6072 -0.6348 0.2162
-0.6017 -1.0856 0.1950
-0.6034 -1.0112 0.1580
-0.5959 -0.3039 0.1599
-0.5898 0.0285 0.1280
-0.5927 0.1744 0.1388
-0.5919 0.2031 0.1469
-0.5868 -0.6221 0.2176
-0.5912 0.3508 0.1424
-0.5780 -0.0582 0.1836
-0.5869 0.5600 0.1993
-0.5781 0.8171 0.1762
-0.5819 1.0650 0.3088
-0.5818 -1.2404 0.2296
-0.5845 0.0769 0.1224
-0.5790 0.1067 0.1207
-0.5803 0.3887 0.1331
-0.5766 0.0525 0.1167
-0.5757 0.1358 0.1257
-0.5736 -1.3559 0.2744
-0.5476 0.6448 0.1925
-0.5461 -0.6144 0.2285
-0.5477 0.0224 0.1224
-0.5500 0.1967 0.1310
-0.5512 0.8518 0.2001
-0.5370 -0.9543 0.2055
-0.5426 -0.2817 0.1733
-0.5354 0.2240 0.1405
-0.5334 0.7761 0.1602
-0.5260 0.8030 0.1640
-0.5198 -1.1944 0.2422
-0.5263 0.3798 0.1605
-0.5179 -0.4004 0.2502
-0.5076 0.0051 0.1526
-0.5176 0.4643 0.1724
-0.5080 0.2452 0.1507
-0.5073 -0.9896 0.1869
-0.4929 0.0682 0.1476
-0.4906 -0.6712 0.2241
-0.4943 0.0917 0.1458
-0.4914 -0.2354 0.1825
-0.4827 -1.2244 0.2591
-0.4891 -0.7923 0.2589
-0.4769 -0.2710 0.1847
-0.4641 -0.1924 0.1771
-0.4630 0.5574 0.1941
-0.4723 0.4685 0.1656
-0.4732 0.8509 0.1993
-0.4520 0.3871 0.1691
-0.4639 -1.1026 0.2151
-0.4547 0.1630 0.1561
-0.4576 0.2183 0.1486
-0.4390 -0.7989 0.2401
-0.4265 -0.7096 0.2388
-0.4313 -0.5778 0.2576
-0.4383 0.7093 0.2019
-0.4324 -0.1500 0.1740
-0.4163 -0.9294 0.1786
-0.4231 0.1948 0.1561
-0.4266 0.5142 0.1687
-0.4237 0.7662 0.1925
-0.4242 -0.0697 0.2051
-0.4205 0.2704 0.1421
-0.4126 -1.0691 0.2021
-0.4026 -0.9763 0.1636
-0.4033 -0.1513 0.1692
-0.4003 0.3671 0.1480
-0.4014 0.9211 0.2572
-0.3928 0.7748 0.2019
-0.3854 -0.3491 0.2317
-0.3862 0.2837 0.1298
-0.3840 0.4696 0.1596
-0.3804 1.0984 0.2977
-0.3477 -1.3708 0.4292
-0.3691 -0.9877 0.1639
-0.3683 0.3380 0.1325
-0.3647 0.6225 0.1944
-0.3642 -0.1658 0.1753
-0.3648 -0.9164 0.1920
-0.3483 0.0386 0.2131
-0.3583 -1.0521 0.1919
-0.3539 0.5017 0.1603
-0.3511 0.3069 0.1258
-0.3531 1.0703 0.2567
-0.3361 0.4720 0.1658
-0.3396 0.1488 0.1582
-0.3433 -0.2650 0.1845
-0.3313 -0.1404 0.2017
-0.3402 0.3350 0.1369
-0.3134 -0.6199 0.2281
-0.3228 0.7022 0.1878
-0.3266 -0.5155 0.2281
-0.3213 0.0693 0.1929
-0.3168 0.1031 0.1733
-0.3176 -0.9193 0.2053
-0.3171 0.2972 0.1335
-0.3029 0.2074 0.1534
-0.2995 -0.2381 0.1912
-0.3033 0.1724 0.1567
-0.2869 0.5972 0.1768
-0.2922 -0.7538 0.2414
-0.2772 -0.4792 0.2092
-0.2805 -0.3451 0.1956
-0.2739 0.2764 0.1487
-0.2790 0.5288 0.1539
-0.2661 0.6972 0.1750
-0.2624 -1.0550 0.2017
-0.2521 0.6275 0.1766
-0.2576 0.8804 0.1898
-0.2571 0.9604 0.1675
-0.2523 -0.3341 0.1892
-0.2430 0.8346 0.1830
-0.2495 0.4712 0.1630
-0.2430 -0.4516 0.2033
-0.2441 0.9821 0.1628
-0.2409 -1.1667 0.2431
-0.2278 -0.9542 0.2399
-0.2399 0.1735 0.1733
-0.2399 1.1032 0.2493
-0.2337 -0.3015 0.1954
-0.2237 -0.5599 0.2032
-0.2217 0.4639 0.1659
-0.2230 1.0403 0.1865
-0.2148 0.7917 0.1491
-0.2111 -0.7671 0.2247
-0.2112 0.2991 0.1733
-0.2088 0.9436 0.1603
-0.2089 -0.0239 0.2215
-0.2068 -1.0907 0.1886
-0.1966 -0.7208 0.2012
-0.1989 0.4916 0.1698
-0.1955 0.9984 0.1698
-0.1950 -0.5448 0.2062
-0.1844 0.2775 0.1830
-0.1860 0.7298 0.1257
-0.1814 0.3527 0.1819
-0.1785 -0.6165 0.2047
-0.1807 -0.0931 0.2311
-0.1737 0.0262 0.1833
-0.1756 0.1527 0.1941
-0.1788 -1.1152 0.1869
-0.1739 0.5316 0.1767
-0.1730 0.7022 0.1301
-0.1558 -0.6979 0.1953
-0.1585 0.3706 0.1791
-0.1469 -0.2188 0.1898
-0.1578 -1.1971 0.2270
-0.1354 0.0338 0.1630
-0.1385 0.6813 0.1378
-0.1490 0.7760 0.1242
-0.1307 0.0817 0.1490
-0.1292 -0.7407 0.2248
-0.1357 0.7544 0.1203
-0.1278 -1.0140 0.2309
-0.1186 -0.1996 0.1762
-0.1344 0.7974 0.1380
-0.1337 0.9610 0.1843
-0.1171 -0.3641 0.2057
-0.1106 -0.3908 0.2135
-0.1135 0.6673 0.1463
-0.1154 0.7783 0.1340
-0.0905 0.9293 0.1966
-0.0985 -0.2247 0.1711
-0.0866 -0.7355 0.2433
-0.0755 0.0593 0.1378
-0.0924 0.4800 0.1584
-0.0809 -1.1843 0.2234
-0.0853 0.1029 0.1327
-0.0742 0.6468 0.1541
-0.0739 -1.0865 0.2057
-0.0762 -1.0628 0.2134
-0.0683 0.4350 0.1536
-0.0701 0.5990 0.1417
-0.0622 0.3171 0.2052
-0.0601 -0.5245 0.2336
-0.0385 -0.1777 0.1449
-0.0572 0.5703 0.1362
-0.0589 0.8816 0.1813
-0.0560 -0.3293 0.1853
-0.0539 0.1128 0.1282
-0.0433 0.5405 0.1250
-0.0315 -0.2308 0.1647
-0.0378 -0.1501 0.1487
-0.0265 -1.2568 0.3247
-0.0301 0.1170 0.1226
-0.0289 0.5617 0.1275
-0.0141 -0.3910 0.1930
-0.0234 0.3664 0.1614
-0.0166 0.4683 0.1192
-0.0147 0.7958 0.1616
-0.0103 -0.1134 0.1682
-0.0101 0.1144 0.1218
-0.0098 0.3959 0.1389
-0.0113 0.9260 0.2008
-0.0022 -0.5063 0.2163
-0.0047 -0.0858 0.1840
0.0024 0.0534 0.1367
0.0079 0.4626 0.1163
0.0132 0.7940 0.1493
0.0320 -0.1378 0.1574
0.0221 0.5459 0.1289
0.0269 -1.1441 0.2735
0.0310 -0.6815 0.2418
0.0293 -0.5745 0.2150
0.0295 0.4771 0.1155
0.0238 0.6595 0.1972
0.0316 0.1578 0.1511
0.0401 0.7809 0.1357
0.0412 -0.3523 0.1906
0.0471 0.0432 0.1360
0.0377 0.9768 0.2223
0.0402 1.0883 0.3098
0.0693 -0.3664 0.1888
0.0567 0.0885 0.1217
0.0536 0.3582 0.1792
0.0624 -0.9957 0.3399
0.0697 0.1653 0.1625
0.0651 0.5321 0.1417
0.0626 0.4497 0.1240
0.0688 -0.2071 0.1901
0.0736 0.4914 0.1307
0.0716 0.7523 0.1287
0.0892 0.0197 0.1416
0.0872 -0.6335 0.2127
0.0863 0.7813 0.1239
0.0945 0.8066 0.1339
0.0884 -0.5359 0.2052
0.1111 0.9133 0.2102
0.1257 -0.1267 0.1626
0.1140 0.0324 0.1364
0.1223 -0.6839 0.2376
0.1136 -0.3369 0.1753
0.1197 0.0856 0.1313
0.1120 0.4008 0.1736
0.1371 0.4842 0.1683
0.1235 0.7452 0.1422
0.1248 0.7941 0.1407
0.1336 0.0511 0.1386
0.1269 0.1462 0.1517
0.1386 0.9873 0.2257
0.1364 -0.4783 0.2014
0.1372 -0.0593 0.1546
0.1491 -0.3480 0.1644
0.1469 -0.1967 0.1922
0.1539 -0.0811 0.1549
0.1738 1.0266 0.2326
0.1656 0.7234 0.1873
0.1659 0.2809 0.2292
0.1769 -1.0894 0.3261
0.1922 -0.0641 0.1597
0.2014 -0.6442 0.2217
0.1807 0.1866 0.1831
0.1969 -0.3014 0.1813
0.2106 0.5058 0.2374
0.2068 -0.4607 0.1768
0.1976 -0.1318 0.1917
0.2000 0.3084 0.2439
0.2088 0.4243 0.2187
0.2143 0.0968 0.1437
0.2208 0.1357 0.1606
0.2154 0.7219 0.2175
0.2194 -0.5799 0.1956
0.2341 1.0449 0.2381
0.2238 -0.3312 0.1775
0.2320 -0.3030 0.1991
0.2406 -0.0049 0.1495
0.2360 -0.8921 0.2892
0.2416 -0.8153 0.2519
0.2473 -0.4033 0.1707
0.2486 -0.4692 0.1738
0.2575 0.0227 0.1424
0.2629 0.0459 0.1424
0.2793 0.0819 0.1573
0.2838 -1.1458 0.3055
0.2737 -0.4713 0.1842
0.2801 -1.1686 0.3217
0.2896 1.0613 0.2647
0.2953 -0.6710 0.2190
0.2875 -0.7764 0.2186
0.2920 0.8473 0.2773
0.2971 -0.5718 0.2083
0.2953 1.0124 0.2527
0.3099 0.1524 0.2062
0.3248 0.6117 0.2112
0.3255 -0.8054 0.2228
0.3263 -0.0417 0.1688
0.3268 -0.0041 0.1632
0.3325 0.4248 0.2589
0.3531 -0.4761 0.2173
0.3453 -0.0687 0.1896
0.3576 0.6640 0.1762
0.3646 -0.8408 0.2318
0.3636 1.0279 0.2992
0.3663 0.7426 0.1813
0.3764 -1.1067 0.2459
0.3768 0.2242 0.2133
0.3736 0.6096 0.1851
0.3787 -0.1627 0.2796
0.3827 0.2937 0.2203
0.3922 0.7285 0.1723
0.3832 0.6940 0.1649
0.4145 -1.0353 0.2191
0.3980 -0.6964 0.2306
0.4075 -1.0139 0.2210
0.4185 -0.9527 0.2243
0.4216 0.7709 0.2157
0.4339 -0.6675 0.2232
0.4233 0.4986 0.2197
0.4270 -0.0340 0.2279
0.4379 1.0460 0.3627
0.4388 0.3911 0.2418
0.4489 -0.5103 0.1922
0.4567 0.5214 0.2098
0.4547 -0.5750 0.1694
0.4553 0.0253 0.2310
0.4618 0.2373 0.1735
0.4640 0.1415 0.1966
0.4613 0.2529 0.1760
0.4811 -1.2587 0.2762
0.4757 -0.9456 0.2279
0.4773 0.2692 0.1858
0.4820 -0.5757 0.1671
0.4818 0.6554 0.1875
0.4965 -0.9978 0.2188
0.5215 -0.5596 0.1710
0.5064 -0.5122 0.1779
0.5073 0.5350 0.2322
0.5315 -1.2550 0.2659
0.5250 0.1283 0.1920
0.5272 -0.1342 0.2257
0.5265 0.6000 0.2202
0.5271 0.6883 0.2312
0.5521 -0.4068 0.2296
0.5571 -1.1502 0.2346
0.5656 -0.5555 0.1845
0.5685 -0.3102 0.2108
0.5612 -0.2194 0.1964
0.5665 0.0997 0.2127
0.5612 0.2012 0.2006
0.5705 -1.3511 0.3487
0.5765 -0.6295 0.2142
0.5810 -1.2013 0.2484
0.5787 -0.8060 0.3336
0.5988 -1.0970 0.2465
0.5950 -1.3778 0.3774
0.6008 -0.3851 0.2167
0.6008 -0.9895 0.2682
0.6147 -0.1991 0.1678
0.6061 0.8804 0.3815
0.6114 0.2169 0.2511
0.6158 -0.0078 0.2408
0.6337 -0.1008 0.2059
0.6511 -0.1542 0.1780
0.6519 0.0934 0.2642
0.6528 -0.2895 0.1842
0.6608 -0.2052 0.1755
0.6670 -0.1051 0.2110
0.6843 -1.0865 0.3235
0.6761 -0.5021 0.2041
0.6745 0.6374 0.3483
0.6893 -0.6499 0.2331
0.6819 -0.3028 0.1933
0.6826 0.8447 0.4016
0.7065 1.0914 0.3642
0.7195 -0.5021 0.1820
0.7239 -0.6185 0.2182
0.7328 -0.3745 0.1702
0.7448 -0.6600 0.2591
0.7689 -0.4758 0.1550
0.7825 -0.4224 0.1372
0.7753 1.0831 0.2989
0.7803 0.4518 0.1571
0.8152 0.4537 0.1184
0.8039 -0.4403 0.1394
0.8148 0.4162 0.1145
0.8023 -0.5476 0.2049
0.8182 -0.3409 0.1460
0.8142 -0.3980 0.1328
0.8360 -0.3983 0.1354
0.8233 -0.2613 0.1703
0.8309 -0.2059 0.1550
0.8421 0.3928 0.1024
0.8386 0.3649 0.1178
0.8493 0.4579 0.1056
0.8510 -1.3169 0.3933
0.8445 0.0734 0.1267
0.8496 1.0573 0.2147
0.8528 -0.1272 0.1200
0.8569 0.2499 0.1804
0.8774 -0.3448 0.1529
0.8542 0.3226 0.1368
0.8638 -0.0655 0.1214
0.8598 -0.9518 0.3418
0.8620 -0.0984 0.1185
0.8672 -0.1421 0.1159
0.8684 0.0839 0.1029
0.8721 0.1345 0.1130
0.8869 -0.0234 0.1124
0.8821 -0.2308 0.1418
0.8729 0.4995 0.1217
0.8908 0.4447 0.1010
0.8888 0.0164 0.1020
0.8869 -1.2464 0.3343
0.8935 -0.3034 0.1565
0.8960 0.4928 0.1106
0.8973 1.0984 0.2007
0.8917 0.3745 0.0992
0.8887 1.0426 0.1839
0.8938 -0.1912 0.1303
0.8986 0.0665 0.0932
0.8916 0.1223 0.0961
0.9033 -0.1394 0.1217
0.8944 0.3998 0.0992
0.9145 -0.0978 0.1211
0.9030 0.1695 0.1252
0.9046 0.0446 0.0949
0.9131 0.5363 0.1367
0.9108 0.1288 0.0994
0.9166 -1.2251 0.3049
0.9306 -0.3998 0.2025
0.9271 0.0151 0.0953
0.9179 0.3553 0.1087
0.9322 -0.0487 0.1207
0.9350 0.4210 0.1104
0.9281 0.3290 0.1236
0.9317 0.1512 0.1187
0.9397 0.4834 0.1158
0.9556 0.5559 0.1459
0.9536 -0.0091 0.1156
0.9463 -0.9781 0.2671
0.9480 -1.0800 0.2493
0.9471 -0.6105 0.3052
0.9664 0.0890 0.1182
0.9617 0.0297 0.1103
0.9494 0.2772 0.1256
0.9498 1.0190 0.1437
0.9610 -0.2448 0.1790
0.9708 1.0017 0.1336
0.9729 0.2454 0.1181
0.9702 0.4119 0.1302
0.9816 0.5216 0.1406
0.9730 0.2210 0.1266
0.9823 0.0580 0.1263
0.9990 0.6145 0.1631
0.9896 0.3794 0.1395
0.9934 0.2712 0.1053
1.0043 1.0404 0.1130
1.0027 -1.1266 0.2414
1.0120 0.2217 0.1295
1.0235 0.1182 0.1787
1.0150 -0.5413 0.2713
1.0217 0.5708 0.1543
1.0146 -0.9826 0.2387
1.0149 -0.4434 0.2461
1.0218 -0.2660 0.2048
1.0257 1.1105 0.1635
1.0203 0.6674 0.1797
1.0198 0.9759 0.1142
1.0334 0.2931 0.1042
1.0323 1.0102 0.1013
1.0524 1.0568 0.1114
1.0347 0.9154 0.1643
1.0470 -0.2090 0.1946
1.0458 0.3267 0.1153
1.0467 0.2777 0.1102
1.0487 0.9611 0.1225
1.0550 0.4644 0.1886
1.0675 0.6140 0.1586
1.0726 -0.6094 0.3010
1.0595 -1.0010 0.2410
1.0718 1.0833 0.1307
1.0637 -0.8244 0.3149
1.0668 0.2979 0.1158
1.0695 1.0078 0.1149
1.0770 -0.0413 0.2178
1.0784 -0.8374 0.3048
1.0781 0.3356 0.1229
1.0820 -1.0574 0.2590
1.0815 0.7262 0.2037
1.1006 0.3698 0.1374
1.0840 -1.2192 0.2752
1.0884 -0.4964 0.2484
1.0965 1.0311 0.1233
1.0956 -0.1093 0.1917
1.0974 0.6243 0.1740
1.1028 0.9051 0.1735
1.0971 -0.2439 0.1775
1.1130 0.6929 0.1865
1.1303 0.8571 0.2175
1.1309 1.1003 0.1499
1.1420 -0.3446 0.2047
1.1403 -0.1413 0.1601
1.1363 -1.2522 0.2853
1.1458 -0.2369 0.1693
1.1419 0.3407 0.1519
1.1546 0.6824 0.2033
1.1499 0.4216 0.1799
1.1621 -0.3672 0.2192
1.1679 -0.1338 0.1635
1.1757 1.0979 0.1580
1.1745 -0.1016 0.1829
1.1810 1.0141 0.1473
1.1757 -0.4121 0.2506
1.1782 0.1391 0.2833
1.1845 1.0584 0.1413
1.1887 0.3669 0.1874
1.1940 -1.2743 0.2901
1.2094 -0.2601 0.1803
1.2017 0.4146 0.2105
1.2232 -0.1647 0.1654
1.2093 0.9175 0.1642
1.2095 0.9751 0.1539
1.2164 -1.3160 0.3223
1.2106 0.0710 0.2530
1.2379 -0.9749 0.2711
1.2290 -0.5772 0.3369
1.2310 0.0408 0.2383
1.2371 1.0804 0.1538
1.2544 -0.7874 0.2663
1.2466 0.7207 0.2451
1.2685 -0.2377 0.1742
1.2582 0.9001 0.1649
1.2839 -0.8197 0.2562
1.2781 -0.6951 0.3297
1.2803 0.4590 0.3137
1.2955 -0.0802 0.2117
1.2856 0.7448 0.2550
1.2800 0.9994 0.1396
1.2851 1.0901 0.1775
1.2980 0.9800 0.1445
1.2974 0.8995 0.1733
1.3101 -0.2100 0.1745
1.3210 -1.3654 0.4288
1.3119 -1.1550 0.3171
1.3166 0.8666 0.2040
1.3253 1.0551 0.1863
1.3320 -0.9112 0.2684
1.3287 -1.0474 0.3203
1.3393 -0.8458 0.2796
1.3390 -0.2307 0.2006
1.3325 -0.0286 0.2500
1.3460 0.1902 0.3712
1.3469 -1.2788 0.3721
1.3483 0.0355 0.2892
1.3476 0.6247 0.3681
1.3488 0.9831 0.1843
1.3519 -0.9362 0.2885
1.3536 -0.2655 0.2385
1.3535 -0.1885 0.2064
