points 
 2 
 1 
Tumour[19065]FoxP310NNCodensity
-1.1408 0.4849 0.2340
-1.1205 0.6044 0.1978
-1.1018 -0.5034 0.4281
-1.0891 0.4270 0.2232
-1.0908 0.6151 0.1797
-1.0853 -0.1127 0.4530
-1.0800 -0.0358 0.4363
-1.0770 0.5755 0.1631
-1.0632 -0.4808 0.3669
-1.0556 0.5380 0.1568
-1.0476 0.5023 0.1681
-1.0398 0.6998 0.2020
-1.0166 0.2212 0.2101
-1.0045 0.7141 0.2053
-1.0031 0.4256 0.1769
-0.9824 0.1908 0.2082
-0.9809 -0.4002 0.2719
-0.9768 0.7658 0.2494
-0.9744 0.1086 0.2755
-0.9754 0.5931 0.1630
-0.9672 0.6023 0.1663
-0.9610 0.2846 0.1573
-0.9623 0.3064 0.1502
-0.9532 0.4082 0.1698
-0.9490 -0.3772 0.2512
-0.9383 0.0804 0.3100
-0.9333 0.3727 0.1666
-0.9386 0.2226 0.1887
-0.9359 0.3413 0.1537
-0.9341 0.3529 0.1575
-0.9288 0.7514 0.2462
-0.9192 0.5396 0.1933
-0.9025 -0.3386 0.2085
-0.8821 0.5662 0.2281
-0.8740 -0.3063 0.1892
-0.8709 0.8619 0.3952
-0.8677 0.6017 0.2441
-0.8272 -1.0179 0.3877
-0.8321 -0.9879 0.3866
-0.8295 -0.3303 0.1654
-0.8221 -0.5459 0.2619
-0.7953 -0.5401 0.2449
-0.7800 -0.2851 0.1381
-0.7852 -0.2050 0.1725
-0.7827 -1.0687 0.3801
-0.7782 -0.5081 0.2074
-0.7664 -0.2689 0.1351
-0.7533 -0.1783 0.1897
-0.7443 -0.4107 0.1483
-0.7403 -0.3317 0.1349
-0.7370 -0.7841 0.3781
-0.7309 -0.4477 0.1598
-0.7307 -0.4357 0.1543
-0.7288 -0.3376 0.1355
-0.7265 -0.2169 0.1636
-0.7006 -0.1640 0.2155
-0.6959 -0.7469 0.3631
-0.6873 -0.4144 0.1724
-0.6809 -0.3074 0.1781
-0.6781 -1.1208 0.3991
-0.6693 -1.0640 0.3407
-0.6477 -0.0580 0.3311
-0.6388 -0.9326 0.3037
-0.6330 0.7147 0.3347
-0.6195 0.9592 0.5322
-0.5890 0.6902 0.3584
-0.5828 0.7965 0.3950
-0.5801 0.7098 0.3635
-0.5715 0.1478 0.4083
-0.5643 -0.3853 0.2097
-0.5599 0.6460 0.4095
-0.5515 -0.0153 0.3272
-0.5344 -0.2845 0.2280
-0.5288 -0.9285 0.2533
-0.5234 -0.3815 0.2098
-0.5055 -0.3748 0.2047
-0.4921 -0.3486 0.2011
-0.4764 -0.8212 0.1557
-0.4765 -0.7901 0.1677
-0.4561 -0.8089 0.1441
-0.4387 -0.7842 0.1504
-0.4428 0.2955 0.4229
-0.4336 -0.8176 0.1368
-0.4360 0.0956 0.3094
-0.4298 -0.9143 0.2143
-0.4234 -0.2173 0.2312
-0.4124 -0.2522 0.2212
-0.4028 -0.1390 0.2491
-0.3920 0.0785 0.3071
-0.3803 -0.4422 0.3309
-0.3764 -0.8288 0.1509
-0.3714 -0.7911 0.1512
-0.3523 0.1963 0.3469
-0.3443 -0.0334 0.2771
-0.3430 -0.3046 0.2619
-0.3302 -0.1022 0.2567
-0.3275 -0.7828 0.1815
-0.2689 -0.2064 0.2903
-0.2631 0.3778 0.3999
-0.2479 -0.7684 0.2352
-0.2455 -0.8071 0.2387
-0.2393 -0.1203 0.3004
-0.2018 0.3686 0.3627
-0.1736 -0.7905 0.2697
-0.1507 0.2748 0.3778
-0.1180 -0.6981 0.2933
-0.0626 0.7114 0.2917
-0.0618 -0.6870 0.2947
-0.0449 0.3646 0.3072
-0.0431 -0.1331 0.2249
-0.0304 -0.6425 0.2939
-0.0251 -0.4607 0.2714
-0.0248 0.5300 0.1599
-0.0140 -0.8756 0.3870
-0.0165 -0.0496 0.2691
-0.0125 -0.3188 0.2146
-0.0118 0.5994 0.1392
0.0011 0.5711 0.1241
-0.0012 0.5223 0.1465
0.0057 -0.3055 0.1979
0.0036 -0.2059 0.1801
0.0111 -0.1107 0.2053
0.0189 0.6425 0.1632
0.0272 0.1709 0.3769
0.0325 0.5810 0.1213
0.0386 0.5353 0.1335
0.0493 -0.3546 0.1755
0.0518 -0.1380 0.1883
0.0511 0.5268 0.1444
0.0527 -0.1568 0.1794
0.0925 -0.4853 0.2198
0.0909 -0.2358 0.1772
0.0966 -0.6547 0.2818
0.0983 0.8462 0.2961
0.1071 0.5669 0.1681
0.1075 0.9398 0.3866
0.1109 -0.3885 0.1619
0.1137 0.6372 0.1770
0.1166 0.2442 0.3758
0.1249 -0.4017 0.1662
0.1304 -0.2103 0.2009
0.1302 0.0392 0.2976
0.1354 -0.3245 0.1623
0.1471 -0.4474 0.1969
0.1557 -0.5412 0.2569
0.1558 0.8349 0.2686
0.1788 -0.3089 0.1851
0.1792 0.7021 0.2154
0.1865 -0.7084 0.3377
0.1846 -0.6784 0.3234
0.1917 0.7114 0.2204
0.1961 0.6448 0.2325
0.2066 -0.8807 0.4985
0.2089 -0.3354 0.2029
0.2401 0.1066 0.3127
0.2408 0.0090 0.2913
0.2666 0.2874 0.4429
0.2764 -0.2147 0.2617
0.2996 0.7412 0.2469
0.3043 0.8368 0.2525
0.3213 -0.0197 0.2877
0.3275 0.0837 0.3292
0.3300 0.9716 0.2750
0.3583 -0.3803 0.2182
0.3684 -0.3172 0.2007
0.3824 -0.1401 0.2529
0.3847 -0.0777 0.2825
0.4106 -0.2979 0.1823
0.4184 -0.3927 0.1844
0.4197 0.9647 0.1827
0.4255 -1.1856 0.8184
0.4318 0.8109 0.1453
0.4374 0.9928 0.1851
0.4487 0.7557 0.1710
0.4483 -0.3028 0.1660
0.4559 0.8070 0.1325
0.4587 1.0296 0.2094
0.4597 -0.4606 0.2060
0.4627 0.7909 0.1386
0.4661 -0.3205 0.1591
0.4674 -0.1620 0.2382
0.4803 0.8136 0.1264
0.4832 -0.5524 0.1882
0.4891 0.8626 0.1326
0.4906 0.9816 0.1603
0.4970 -0.5843 0.1746
0.5054 -0.6393 0.1896
0.5185 0.7656 0.1762
0.5184 0.8776 0.1359
0.5327 -0.2474 0.1916
0.5305 -0.6433 0.1776
0.5354 -0.4281 0.1963
0.5379 0.9026 0.1439
0.5381 0.9457 0.1477
0.5483 -0.3999 0.1942
0.5474 -0.5761 0.1625
0.5527 -0.6919 0.2155
0.5694 -0.2956 0.1864
0.5795 -0.6060 0.1690
0.5802 -0.3293 0.1963
0.5970 0.9142 0.1785
0.5924 -0.1956 0.2090
0.5965 0.9463 0.1914
0.6203 -0.0552 0.3169
0.6472 -0.6561 0.2134
0.6495 -0.4972 0.2616
0.6497 0.1459 0.4785
0.6727 0.8405 0.2196
0.6748 -0.1744 0.2086
0.6813 -1.0335 0.5924
0.6901 -0.1610 0.2176
0.6945 -0.2625 0.2124
0.7017 -0.8742 0.4309
0.7052 0.8080 0.2136
0.7133 -0.6626 0.2730
0.7172 0.7618 0.2092
0.7309 0.1721 0.4803
0.7565 -0.7093 0.3388
0.7679 -0.2177 0.2107
0.7667 0.7704 0.1821
0.7710 -0.3801 0.3175
0.7899 -0.2005 0.2114
0.8225 0.7425 0.1810
0.8358 0.6647 0.2509
0.8388 0.6520 0.2685
0.8522 0.7880 0.1831
0.8552 0.8477 0.2225
0.8633 0.7889 0.1911
0.8763 -0.1898 0.2437
0.8979 -0.1308 0.2579
0.9023 0.1225 0.3897
0.9079 -0.2793 0.2847
0.9437 0.0222 0.3021
0.9515 0.9030 0.2800
0.9532 -0.1705 0.2524
0.9564 -0.5093 0.4487
1.0005 -1.2377 0.9590
1.0054 -0.5264 0.4890
1.0242 0.0068 0.2514
1.0379 0.9101 0.2956
1.0433 1.0269 0.3915
1.0465 0.8704 0.2950
1.0889 0.1474 0.3942
1.0908 -0.2508 0.2656
1.0921 -0.0870 0.1930
1.0963 -0.9803 0.7993
1.1345 -0.0736 0.1863
1.1330 0.7218 0.4445
1.1396 -0.1743 0.1964
1.1520 -0.0868 0.1820
1.1533 1.0364 0.4644
1.1591 -0.1031 0.1814
1.1552 -0.0462 0.2137
1.1947 -0.2400 0.2741
1.2415 -0.2131 0.2951
1.2844 0.9077 0.5537
