points 
 2 
 1 
Tumour[19065]CD810NNCodensity
-1.4863 -0.7738 0.4816
-1.4804 -0.9681 0.3807
-1.4794 1.0177 0.5042
-1.4686 -0.6128 0.5141
-1.4605 -1.2446 0.3073
-1.4337 1.0248 0.4469
-1.4327 1.0706 0.4574
-1.4215 -0.0310 0.6193
-1.4229 0.6489 0.5476
-1.4214 -1.2636 0.2885
-1.4172 -1.2636 0.2865
-1.3786 -1.2363 0.2564
-1.3760 0.4298 0.3750
-1.3658 1.0277 0.3979
-1.3481 -1.0958 0.2170
-1.3379 0.2256 0.3927
-1.3198 -0.9908 0.2542
-1.3124 -1.1318 0.2134
-1.3076 -1.0812 0.2155
-1.3082 -1.0256 0.2308
-1.3035 -0.1053 0.6149
-1.2907 0.4719 0.3210
-1.2736 0.2485 0.3478
-1.2555 1.0525 0.3517
-1.2469 -0.4099 0.4714
-1.2495 0.3241 0.2988
-1.2438 0.3512 0.2912
-1.2255 -1.1947 0.3018
-1.2246 -0.9809 0.2474
-1.2208 -0.6544 0.2545
-1.1985 -0.7489 0.2334
-1.1756 -0.5978 0.2255
-1.1745 -0.9428 0.2550
-1.1432 1.0876 0.3269
-1.1539 -0.7560 0.2073
-1.1473 -0.6008 0.2077
-1.1388 0.5397 0.3231
-1.1399 0.4542 0.3132
-1.1095 -0.7268 0.1956
-1.0939 0.0835 0.4693
-1.0933 -0.6239 0.1821
-1.0879 0.5676 0.3194
-1.0864 -0.8602 0.2364
-1.0799 -0.8918 0.2563
-1.0708 0.9696 0.3383
-1.0743 1.0789 0.2800
-1.0673 -0.8739 0.2475
-1.0572 -1.3186 0.3055
-1.0585 -0.6550 0.1805
-1.0250 -1.3122 0.2669
-1.0106 0.0839 0.5017
-1.0070 0.3469 0.3791
-1.0023 -0.5909 0.1897
-1.0001 0.6689 0.3288
-0.9836 0.7232 0.3626
-0.9790 1.0871 0.2523
-0.9774 -1.2966 0.2209
-0.9654 1.1227 0.2579
-0.9758 -0.6376 0.1701
-0.9734 -1.3189 0.2268
-0.9731 -0.6984 0.1947
-0.9285 1.1070 0.2551
-0.9240 -1.2224 0.2134
-0.9244 -0.5070 0.2069
-0.9211 -0.6026 0.1627
-0.8995 -0.7017 0.1881
-0.9013 0.6205 0.2797
-0.8945 0.6176 0.2774
-0.8738 1.1328 0.2818
-0.8842 -1.3279 0.2141
-0.8847 -0.5062 0.1909
-0.8627 1.1099 0.2774
-0.8563 -0.4533 0.2449
-0.8582 -0.6423 0.1497
-0.8553 -0.6383 0.1490
-0.8497 -0.8245 0.3058
-0.8476 0.3239 0.3031
-0.8378 0.3397 0.2854
-0.8393 1.1244 0.3029
-0.8233 -1.2568 0.1682
-0.8128 -1.2391 0.1560
-0.8116 -0.5405 0.1609
-0.7965 -1.1658 0.1717
-0.7902 -0.6850 0.1787
-0.7916 0.6137 0.2554
-0.7970 -1.0379 0.3018
-0.7773 -1.2625 0.1543
-0.7822 -0.5610 0.1432
-0.7733 -0.6316 0.1374
-0.7667 -1.2321 0.1353
-0.7555 0.5747 0.2214
-0.7482 -0.6221 0.1314
-0.7319 -1.1404 0.1599
-0.7357 -0.5812 0.1165
-0.7253 0.3805 0.2115
-0.7238 0.4799 0.1873
-0.7176 -0.8575 0.3137
-0.7121 0.4629 0.1858
-0.7049 -0.2153 0.4672
-0.6969 0.2525 0.3056
-0.6910 -1.1185 0.1807
-0.6893 -1.2158 0.1163
-0.6890 0.4903 0.1859
-0.6882 -0.1240 0.4857
-0.6875 -0.5661 0.1028
-0.6849 -0.5212 0.1303
-0.6831 -0.5488 0.1072
-0.6762 -1.2389 0.1213
-0.6802 -0.1002 0.4696
-0.6741 0.9034 0.3347
-0.6814 -1.2092 0.1143
-0.6714 -0.5892 0.1044
-0.6665 0.3049 0.2659
-0.6635 -1.1844 0.1227
-0.6612 0.5197 0.1931
-0.6623 -0.7109 0.1724
-0.6544 0.8970 0.3187
-0.6524 -0.6047 0.1126
-0.6460 0.4952 0.2010
-0.6391 -0.5199 0.1289
-0.6389 -1.2446 0.1129
-0.6308 -0.7828 0.2249
-0.6215 -1.2704 0.1210
-0.6084 -0.6980 0.1384
-0.6012 -0.5788 0.1087
-0.5982 -0.5857 0.1087
-0.5900 0.8352 0.2252
-0.5917 -0.6687 0.1215
-0.5798 -1.3306 0.1428
-0.5779 -1.2287 0.1124
-0.5849 -0.6239 0.1137
-0.5792 -1.1930 0.1268
-0.5810 0.6892 0.1898
-0.5763 -0.5430 0.1397
-0.5677 -0.6620 0.1273
-0.5584 -1.2957 0.1059
-0.5536 -0.7421 0.1922
-0.5482 -1.2646 0.1000
-0.5459 -1.2075 0.1181
-0.5435 -1.0900 0.1602
-0.5458 0.5945 0.2106
-0.5389 -1.0502 0.1912
-0.5356 -1.1185 0.1379
-0.5321 0.7696 0.1717
-0.5324 0.7979 0.1879
-0.5215 0.1513 0.2712
-0.5224 0.7487 0.1650
-0.5179 -1.3149 0.1042
-0.5171 -0.6270 0.1582
-0.5190 -0.4967 0.2200
-0.5071 -1.2440 0.1068
-0.5167 0.6851 0.1642
-0.4914 -1.3310 0.1126
-0.5044 0.2651 0.2180
-0.5058 0.6473 0.1818
-0.5002 -1.1779 0.1205
-0.4961 0.7543 0.1817
-0.4876 -1.2785 0.0978
-0.4859 0.3581 0.2105
-0.4910 -1.3082 0.0974
-0.4798 0.5785 0.2144
-0.4745 -1.1251 0.1126
-0.4634 -1.1425 0.1023
-0.4493 -1.2719 0.1077
-0.4552 -0.9454 0.1667
-0.4516 1.1304 0.5941
-0.4503 0.3757 0.1848
-0.4343 -1.1311 0.0940
-0.4245 -1.3263 0.1291
-0.4296 -0.9041 0.1411
-0.4154 -1.2285 0.1145
-0.4234 -1.1766 0.0877
-0.4268 -0.6746 0.2015
-0.4239 0.1569 0.1704
-0.4117 -1.2893 0.1206
-0.4200 -1.0378 0.1314
-0.4018 -0.9816 0.1211
-0.4124 -0.6213 0.2152
-0.4118 0.4627 0.1715
-0.4141 0.2445 0.1622
-0.4109 -0.4700 0.3048
-0.4091 -1.1624 0.0785
-0.4000 -0.8306 0.1338
-0.4037 -1.1580 0.0770
-0.3848 -1.1716 0.0796
-0.3997 -0.0732 0.2227
-0.3977 0.3416 0.1735
-0.3946 0.4710 0.1681
-0.3922 0.5687 0.1997
-0.3860 -1.0383 0.1068
-0.3858 -0.8846 0.1155
-0.3823 -1.1235 0.0837
-0.3815 0.0464 0.1629
-0.3824 0.2396 0.1573
-0.3819 0.3978 0.1656
-0.3816 -0.9608 0.1181
-0.3784 -0.7386 0.1648
-0.3737 -1.2945 0.1467
-0.3708 -0.7676 0.1482
-0.3689 -0.8544 0.1135
-0.3666 -1.0992 0.0895
-0.3558 0.1974 0.1413
-0.3580 -1.0459 0.1005
-0.3523 -1.2111 0.1214
-0.3580 -0.0461 0.1659
-0.3520 -1.1724 0.0922
-0.3545 -0.8281 0.1183
-0.3566 0.0202 0.1443
-0.3499 0.1648 0.1368
-0.3435 -1.0765 0.0925
-0.3470 0.1134 0.1366
-0.3437 0.2580 0.1737
-0.3380 -1.1442 0.0862
-0.3356 -1.1059 0.0839
-0.3420 -0.9874 0.1197
-0.3337 -1.3375 0.2019
-0.3340 -0.8945 0.1132
-0.3345 0.4844 0.1656
-0.3289 -0.6903 0.1910
-0.3152 -1.1158 0.0887
-0.3203 -0.8824 0.1144
-0.3163 -0.9928 0.1235
-0.3095 0.1221 0.1253
-0.3069 0.6337 0.2082
-0.3117 -0.0336 0.1433
-0.3091 0.5441 0.1859
-0.3048 -0.7868 0.1593
-0.2851 -0.5635 0.2965
-0.2875 -1.1367 0.1096
-0.2875 -1.0602 0.1169
-0.2848 0.0243 0.1283
-0.2855 -0.9133 0.1273
-0.2857 -0.0808 0.1852
-0.2843 0.0650 0.1178
-0.2794 -0.6259 0.2619
-0.2765 -0.1948 0.2580
-0.2771 0.4244 0.1526
-0.2688 -0.3433 0.3677
-0.2677 0.7185 0.2604
-0.2624 -1.0948 0.1264
-0.2519 -0.9232 0.1566
-0.2603 0.1326 0.1256
-0.2609 0.4296 0.1617
-0.2579 0.6215 0.1925
-0.2523 -1.2737 0.2072
-0.2561 -0.8762 0.1581
-0.2563 -0.0159 0.1578
-0.2526 -0.9982 0.1616
-0.2511 -0.2408 0.2973
-0.2422 0.1928 0.1793
-0.2494 0.6791 0.2153
-0.2504 -1.2021 0.1510
-0.2518 -1.2092 0.1551
-0.2502 0.3597 0.1903
-0.2457 0.3820 0.1829
-0.2409 0.0558 0.1354
-0.2381 0.0933 0.1311
-0.2269 0.1272 0.1452
-0.2302 0.4146 0.1864
-0.2142 -0.2681 0.3330
-0.2130 -1.1154 0.1722
-0.1729 0.5857 0.1818
-0.1328 0.6206 0.1717
-0.1163 0.5235 0.2120
-0.1006 0.5680 0.1824
-0.1006 0.1324 0.3036
-0.0922 1.0048 0.2419
-0.0889 0.5937 0.1701
-0.0845 -1.2029 0.2845
-0.0868 0.9648 0.2710
-0.0876 1.0967 0.2275
-0.0826 -1.1739 0.2798
-0.0789 0.6810 0.1765
-0.0676 1.0815 0.2003
-0.0542 0.7143 0.1849
-0.0311 -0.9002 0.2722
-0.0258 -0.9822 0.2734
-0.0276 1.1236 0.1983
-0.0179 0.7405 0.1817
-0.0057 0.5491 0.2247
-0.0111 -1.0487 0.2823
0.0037 -0.1737 0.3440
0.0095 -0.8089 0.2286
0.0129 0.6886 0.1602
0.0274 -0.4558 0.2161
0.0370 0.3738 0.2970
0.0399 0.7140 0.1598
0.0463 1.1163 0.1583
0.0475 -0.3877 0.1729
0.0502 1.0465 0.1476
0.0687 0.6676 0.1790
0.0636 1.0844 0.1372
0.0712 -1.3374 0.4245
0.0828 -0.4444 0.1515
0.0922 -0.3895 0.1336
0.0905 1.0339 0.1280
0.0886 0.6358 0.2016
0.0842 0.8153 0.1975
0.0924 0.7815 0.1760
0.0949 -1.3217 0.4246
0.0929 -0.6913 0.0703
0.0996 -0.2868 0.1723
0.0960 -0.6869 0.0698
0.0999 -0.6958 0.0621
0.1187 -0.4068 0.1230
0.1042 -0.9202 0.1493
0.1019 -0.6913 0.0625
0.1107 1.0069 0.1366
0.1036 -0.6995 0.0605
0.1118 0.4181 0.2287
0.1131 -0.7221 0.0696
0.1140 -1.2683 0.3907
0.1172 1.0486 0.1181
0.1143 -0.8155 0.1445
0.1212 -1.0212 0.2040
0.1380 1.1469 0.1729
0.1417 -0.7023 0.0718
0.1281 -0.6527 0.0990
0.1383 1.0778 0.1240
0.1417 0.1741 0.2087
0.1444 0.1062 0.1765
0.1545 -0.8859 0.0888
0.1500 -0.7473 0.0925
0.1544 -0.7249 0.0797
0.1510 -0.4732 0.1297
0.1494 -0.2718 0.1387
0.1663 -0.3911 0.1089
0.1692 -0.9831 0.1470
0.1698 -0.4272 0.1135
0.1621 0.0817 0.1568
0.1607 0.8745 0.1410
0.1608 0.5373 0.2353
0.1649 -0.9224 0.0934
0.1636 -0.5848 0.1247
0.1670 -0.3108 0.1198
0.1663 0.4749 0.2112
0.1680 0.9821 0.1296
0.1663 0.7530 0.1370
0.1689 -0.8474 0.0883
0.1721 -0.7454 0.0993
0.1815 -0.8205 0.0958
0.1842 -0.6148 0.1076
0.1847 -0.3451 0.1070
0.1804 -0.9012 0.0816
0.1789 0.4045 0.1907
0.1938 -0.5440 0.1085
0.1907 1.1277 0.1669
0.2017 -0.4934 0.1068
0.1953 -0.8496 0.0814
0.1865 -0.2429 0.1239
0.1951 1.0761 0.1449
0.1946 -0.9158 0.0907
0.1911 -0.8823 0.0787
0.1945 -0.7183 0.1142
0.2055 0.7111 0.1281
0.1943 0.9792 0.1218
0.1969 -0.1052 0.1566
0.2003 0.9088 0.0997
0.2063 0.9383 0.0975
0.2058 0.3316 0.2068
0.2076 0.4050 0.1855
0.2241 0.8441 0.1125
0.2244 -0.2969 0.1100
0.2111 -0.3373 0.1022
0.2106 -0.2125 0.1177
0.2146 -0.6093 0.0972
0.2164 -0.5153 0.1054
0.2181 -0.3917 0.0981
0.2115 -0.9618 0.1398
0.2106 -0.0812 0.1471
0.2106 0.7489 0.1011
0.2106 0.0976 0.1249
0.2161 -0.7876 0.1067
0.2212 -0.5713 0.0995
0.2294 0.2821 0.2124
0.2211 0.7899 0.1004
0.2127 0.8784 0.1046
0.2198 -0.8626 0.0932
0.2264 -0.6615 0.1208
0.2327 0.8136 0.1081
0.2200 0.0477 0.1232
0.2336 -0.8166 0.1116
0.2261 -0.0544 0.1387
0.2353 -0.6319 0.1067
0.2326 -0.4300 0.1005
0.2339 0.7090 0.1168
0.2383 -0.4780 0.1048
0.2426 0.0896 0.1229
0.2378 0.9356 0.0981
0.2604 -0.5771 0.1130
0.2455 -0.3756 0.0992
0.2449 0.9108 0.1055
0.2458 -0.1893 0.1094
0.2460 0.1290 0.1402
0.2619 0.7987 0.0954
0.2539 1.0914 0.1598
0.2555 -0.2431 0.1045
0.2546 -0.1405 0.1251
0.2505 0.2028 0.1880
0.2535 0.7498 0.0868
0.2557 0.9548 0.1080
0.2618 -0.0541 0.1329
0.2593 -0.7922 0.1437
0.2632 -0.6406 0.1187
0.2598 0.0309 0.1214
0.2678 -0.3456 0.1135
0.2641 -0.4666 0.1111
0.2656 -0.3895 0.1058
0.2677 -0.2135 0.1030
0.2676 -0.0133 0.1311
0.2734 -0.2690 0.1193
0.2850 0.9795 0.1215
0.2762 -0.4712 0.1186
0.2783 0.0605 0.1301
0.2826 0.7593 0.0851
0.3002 -0.5430 0.1394
0.2866 -0.2038 0.1127
0.2930 0.7327 0.0945
0.3000 1.1078 0.1537
0.3018 1.1456 0.1797
0.3076 -0.2001 0.1339
0.3077 0.2154 0.2021
0.3102 0.7482 0.0902
0.3161 -0.1011 0.1633
0.3165 0.4647 0.1546
0.3156 0.5875 0.1471
0.3136 0.9911 0.1178
0.3174 -0.3703 0.1464
0.3220 0.5152 0.1279
0.3212 0.7754 0.0959
0.3289 0.3474 0.2216
0.3291 0.6640 0.1417
0.3285 0.7992 0.1111
0.3289 -0.6185 0.1445
0.3365 0.4827 0.1328
0.3404 0.7334 0.1054
0.3374 -0.6638 0.1738
0.3349 0.0293 0.1653
0.3322 0.6077 0.1462
0.3449 0.5223 0.1129
0.3440 1.1488 0.1736
0.3463 -0.4124 0.1479
0.3475 1.0148 0.1021
0.3549 0.9425 0.1165
0.3607 0.9846 0.0940
0.3696 -0.5538 0.1647
0.3842 0.8625 0.1444
0.3727 0.7843 0.1282
0.3847 1.0556 0.1024
0.3750 0.5373 0.1109
0.3832 0.7007 0.1388
0.3815 1.0319 0.0931
0.3769 0.1177 0.1957
0.3961 0.9881 0.0925
0.3958 -0.0637 0.1756
0.3989 0.9335 0.1162
0.4103 -0.4947 0.1146
0.4016 -0.6418 0.2102
0.4010 0.4324 0.1598
0.4035 0.5243 0.1218
0.4176 -0.4386 0.0793
0.4055 0.1594 0.2224
0.4042 0.5950 0.1349
0.4089 -0.7863 0.3078
0.4205 1.0900 0.1090
0.4111 -0.0254 0.1744
0.4215 0.9126 0.1247
0.4167 0.9983 0.0938
0.4158 -0.4191 0.0862
0.4215 1.0387 0.0899
0.4228 -0.3357 0.1561
0.4309 0.6804 0.1433
0.4379 -0.4582 0.0721
0.4312 0.1745 0.2410
0.4400 0.5501 0.1420
0.4477 -0.4941 0.0986
0.4515 0.3074 0.2562
0.4478 0.6472 0.1389
0.4577 1.0990 0.1027
0.4510 -0.0395 0.1784
0.4471 0.4802 0.1485
0.4597 0.7910 0.1224
0.4538 -0.3939 0.0856
0.4542 1.0385 0.0918
0.4647 0.8760 0.1376
0.4640 1.0602 0.0929
0.4582 -0.4391 0.0631
0.4564 -0.4232 0.0644
0.4617 1.1342 0.1321
0.4603 -0.4219 0.0664
0.4626 -0.4270 0.0652
0.4780 0.4502 0.1695
0.4707 0.9693 0.1187
0.4678 0.8102 0.1185
0.4711 -0.0270 0.1777
0.4716 0.8374 0.1252
0.4735 -0.5199 0.1382
0.4911 -0.3374 0.1432
0.4757 -0.1484 0.2177
0.5011 1.1073 0.1092
0.4799 0.7522 0.1232
0.4883 0.9871 0.1061
0.5053 1.0455 0.0899
0.4874 0.7906 0.1141
0.5246 -0.2683 0.1840
0.4990 0.6314 0.1295
0.4983 -0.4516 0.1007
0.5073 -0.2294 0.2028
0.5038 0.3954 0.2092
0.5128 1.0211 0.0889
0.5096 1.1548 0.1534
0.5167 0.7191 0.1192
0.5142 -0.0476 0.1824
0.5223 0.6592 0.1194
0.5597 1.0227 0.0947
0.5335 0.5508 0.1721
0.5384 0.6113 0.1425
0.5348 1.0315 0.0928
0.5334 -0.3317 0.1653
0.5441 0.7024 0.1160
0.5518 1.0635 0.1039
0.5570 0.9813 0.1145
0.5779 1.0995 0.1218
0.5530 0.0618 0.1859
0.5643 -0.4529 0.1853
0.5663 0.7268 0.1130
0.5750 0.7882 0.1198
0.5667 0.8240 0.1408
0.5768 0.0899 0.1790
0.5964 0.7121 0.1149
0.5826 0.8198 0.1455
0.5863 0.4400 0.2050
0.5925 0.9753 0.1298
0.5945 0.6300 0.1358
0.5956 0.4678 0.1970
0.6064 -0.2819 0.2043
0.6165 1.0094 0.1110
0.6145 1.1547 0.1537
0.6171 0.7705 0.1368
0.6154 -0.2125 0.1977
0.6183 -0.0504 0.1737
0.6240 1.0669 0.1093
0.6325 1.1151 0.1217
0.6357 0.7195 0.1339
0.6308 -1.0686 0.5279
0.6251 -0.0196 0.1561
0.6506 1.0432 0.1093
0.6422 0.6464 0.1275
0.6491 -0.1544 0.1953
0.6438 0.0546 0.1228
0.6513 0.1663 0.1540
0.6516 0.2324 0.1749
0.6782 1.0903 0.1146
0.6585 0.0411 0.1225
0.6711 -0.0958 0.1785
0.6725 0.9983 0.1308
0.6639 0.5531 0.1489
0.6711 0.6647 0.1220
0.6809 0.0450 0.1250
0.6733 0.6230 0.1124
0.6853 1.0231 0.1188
0.6748 1.1469 0.1458
0.6824 0.0891 0.1149
0.6826 0.3110 0.1749
0.6860 0.3943 0.1983
0.7093 0.5986 0.1013
0.6973 -0.3101 0.2695
0.7009 0.5291 0.1565
0.6995 0.1631 0.1266
0.7257 1.1174 0.1385
0.7084 0.0845 0.1146
0.7133 0.1728 0.1240
0.7488 1.0153 0.1389
0.7337 -0.1230 0.2086
0.7280 1.0576 0.1234
0.7314 0.6224 0.0961
0.7368 -1.3285 0.3484
0.7321 0.2753 0.1427
0.7331 0.0303 0.1538
0.7381 0.5791 0.1038
0.7449 -0.2203 0.2416
0.7465 0.6728 0.1209
0.7454 0.1496 0.1330
0.7545 0.2437 0.1414
0.7518 0.6427 0.1003
0.7772 1.1101 0.1270
0.7578 -0.0790 0.2137
0.7589 0.3826 0.1675
0.7582 0.2948 0.1424
0.7592 0.9223 0.1992
0.7673 0.6121 0.0982
0.7702 -1.2478 0.2736
0.7788 0.1770 0.1588
0.7824 0.0876 0.1697
0.7885 0.3527 0.1569
0.7987 0.5656 0.1216
0.8007 0.6207 0.1103
0.7996 1.0253 0.1268
0.8090 0.5444 0.1311
0.8130 0.6837 0.1276
0.8149 1.1408 0.1219
0.8193 0.3162 0.1757
0.8377 1.0281 0.1048
0.8384 0.6935 0.1320
0.8328 1.1112 0.0998
0.8629 -1.3271 0.2694
0.8400 0.4809 0.1806
0.8457 1.0569 0.1005
0.8413 -1.2926 0.2394
0.8569 0.9425 0.1133
0.8353 0.7683 0.1981
0.8389 0.3689 0.1934
0.8452 1.1534 0.1235
0.8580 1.0983 0.0968
0.8472 0.5027 0.1686
0.8666 -1.2296 0.2214
0.8749 0.6038 0.1261
0.8775 1.0224 0.0915
0.8835 0.6865 0.1216
0.8727 0.8961 0.1281
0.8741 0.9839 0.0914
0.8713 1.1377 0.1118
0.8795 -1.2032 0.2342
0.8915 -0.3240 0.2581
0.8911 1.0649 0.1081
0.9044 0.6258 0.1196
0.8925 0.9185 0.0991
0.8918 0.9642 0.0873
0.8953 0.6559 0.1124
0.8987 0.5665 0.1430
0.9137 0.8751 0.1279
0.9091 1.1472 0.1430
0.9128 -1.2603 0.2396
0.9067 1.0129 0.0897
0.9167 -1.2923 0.2586
0.9248 0.9596 0.0873
0.9242 0.9976 0.0889
0.9266 -0.2420 0.2142
0.9493 0.6510 0.1290
0.9467 0.8858 0.1229
0.9391 -0.2810 0.2267
0.9512 0.7076 0.1312
0.9444 -0.1548 0.2546
0.9548 1.1335 0.1772
0.9680 0.7636 0.1588
0.9766 0.7990 0.1751
0.9625 0.9356 0.1030
0.9742 0.5591 0.2038
0.9697 0.6796 0.1391
0.9648 0.9660 0.1000
0.9643 1.0016 0.1082
0.9731 -0.4270 0.4034
0.9689 -0.2259 0.2313
0.9723 -0.2569 0.2372
0.9814 -0.9407 0.5817
0.9860 -0.1180 0.3122
0.9909 0.9253 0.1333
0.9921 -1.1668 0.3449
0.9953 1.0368 0.1585
0.9974 0.7450 0.1746
