points 
 2 
 1 
Tumour[19065]CD810NNCodensity
-1.2287 -0.9242 0.3126
-1.2244 0.5002 0.5570
-1.1920 -0.8604 0.2403
-1.1650 -0.7220 0.2074
-1.1573 -0.7723 0.1826
-1.1415 0.2526 0.2570
-1.1332 -1.1409 0.3028
-1.1098 -0.7358 0.1569
-1.1061 -0.7669 0.1551
-1.0940 -1.0180 0.2309
-1.0885 -0.7999 0.1715
-1.0859 0.2226 0.1711
-1.0714 -0.7075 0.1533
-1.0557 0.2317 0.1406
-1.0518 -0.8944 0.2097
-1.0358 -1.2050 0.2700
-1.0409 0.1961 0.1369
-1.0326 -1.1558 0.2198
-1.0319 -0.6960 0.1517
-1.0300 0.2422 0.1310
-1.0027 0.1785 0.1324
-1.0043 -0.9835 0.1693
-1.0020 -0.6797 0.1534
-0.9920 -0.9300 0.1759
-0.9900 -1.0997 0.1802
-0.9861 0.2117 0.1175
-0.9877 1.2795 0.1751
-0.9755 -1.0008 0.1586
-0.9724 0.1867 0.1255
-0.9603 -0.6866 0.1328
-0.9544 -1.0805 0.1694
-0.9547 0.2821 0.1583
-0.9568 1.2573 0.1278
-0.9480 -0.7255 0.1319
-0.9476 1.0672 0.1859
-0.9519 1.2794 0.1426
-0.9447 0.7262 0.1443
-0.9481 1.2124 0.1188
-0.9384 -0.9377 0.1498
-0.9383 1.2361 0.1129
-0.9265 0.6949 0.1360
-0.9195 -0.6633 0.1303
-0.9324 1.2801 0.1405
-0.9191 -0.6932 0.1246
-0.9266 0.0662 0.1680
-0.9242 -0.7991 0.1611
-0.9194 1.1250 0.1403
-0.9151 0.2160 0.1182
-0.9034 0.6525 0.1475
-0.9159 1.0637 0.1741
-0.9035 -0.4837 0.2626
-0.9093 0.8738 0.1559
-0.9159 0.9626 0.1926
-0.9065 -1.1322 0.1809
-0.8967 -0.7831 0.1508
-0.8783 -0.7213 0.1492
-0.8964 0.2539 0.1296
-0.8990 0.7791 0.1223
-0.8993 0.8132 0.1329
-0.9021 1.1709 0.1254
-0.9060 1.2031 0.1161
-0.8984 0.1476 0.1151
-0.8822 -0.8569 0.1441
-0.8916 0.1163 0.1202
-0.8939 1.1126 0.1488
-0.8842 -0.9922 0.1389
-0.8949 0.7326 0.1134
-0.8880 0.8341 0.1342
-0.8924 0.7382 0.1129
-0.8704 0.0682 0.1397
-0.8749 0.3439 0.1679
-0.8680 -0.8807 0.1347
-0.8765 -0.0392 0.2567
-0.8523 0.2414 0.1253
-0.8686 0.5921 0.1651
-0.8801 0.6895 0.1266
-0.8761 -1.0743 0.1467
-0.8717 -0.6041 0.1291
-0.8708 0.1971 0.1055
-0.8680 0.1529 0.1038
-0.8672 0.5112 0.2086
-0.8486 0.0956 0.1251
-0.8616 -0.9517 0.1314
-0.8559 -0.6335 0.1222
-0.8586 0.3610 0.1783
-0.8391 -1.1531 0.1727
-0.8479 -0.8597 0.1409
-0.8558 0.9694 0.1788
-0.8429 0.0174 0.1912
-0.8484 0.3124 0.1487
-0.8460 1.1567 0.1651
-0.8369 -0.9808 0.1380
-0.8311 -0.6080 0.1168
-0.8423 0.8885 0.1389
-0.8350 -1.0201 0.1456
-0.8343 -0.5880 0.1201
-0.8196 0.7139 0.1608
-0.8217 0.2062 0.1198
-0.8204 0.1553 0.1108
-0.8272 -0.8996 0.1470
-0.8243 0.8568 0.1435
-0.8258 1.2259 0.1911
-0.8181 0.5880 0.1540
-0.7980 -1.0351 0.1513
-0.8144 0.3590 0.1719
-0.8108 0.8960 0.1547
-0.8123 -0.5784 0.1233
-0.8081 -1.0926 0.1382
-0.8006 0.1787 0.1200
-0.7887 -0.5934 0.1262
-0.7856 0.5877 0.1515
-0.7869 -0.5601 0.1344
-0.7720 -1.1397 0.1508
-0.7802 0.5254 0.1597
-0.7665 0.8122 0.1772
-0.7717 0.9768 0.2337
-0.7656 -0.8067 0.1877
-0.7596 0.1561 0.1299
-0.7660 0.6151 0.1494
-0.7514 0.4343 0.1542
-0.7469 0.7738 0.1833
-0.7319 -1.1558 0.1706
-0.7378 -1.1208 0.1559
-0.7380 -0.8197 0.1926
-0.7446 -0.1076 0.3519
-0.7242 -0.5834 0.1485
-0.7373 0.4660 0.1569
-0.7314 0.1317 0.1418
-0.7107 -1.1130 0.1749
-0.7186 0.2357 0.1704
-0.7063 0.1248 0.1514
-0.7095 0.7324 0.1670
-0.6977 -0.8253 0.1948
-0.7000 0.6063 0.1507
-0.6993 0.3449 0.1704
-0.6971 0.6882 0.1574
-0.6825 -0.5873 0.1580
-0.6912 0.1499 0.1413
-0.6941 0.4329 0.1249
-0.6916 0.3687 0.1499
-0.6770 -0.5413 0.1567
-0.6650 -1.2085 0.2411
-0.6742 0.6222 0.1547
-0.6596 -0.1699 0.4403
-0.6656 0.4743 0.1372
-0.6668 0.5774 0.1650
-0.6390 -0.7804 0.1571
-0.6626 1.0814 0.3825
-0.6292 -0.6000 0.1566
-0.6283 -0.5329 0.1448
-0.6414 0.1737 0.1582
-0.6421 0.4527 0.1325
-0.6450 0.3992 0.1317
-0.6309 0.2037 0.1570
-0.6173 0.7354 0.1596
-0.6249 0.7809 0.1816
-0.6030 -0.4596 0.1625
-0.6105 0.6453 0.1532
-0.6093 -0.7394 0.1391
-0.6091 0.1976 0.1687
-0.6046 0.4182 0.1532
-0.6037 -0.8209 0.1612
-0.5863 0.7681 0.1640
-0.6012 -1.1726 0.2607
-0.5782 -0.5684 0.1433
-0.5929 0.4514 0.1758
-0.5729 -0.6597 0.1435
-0.5639 -0.7374 0.1113
-0.5683 -0.4959 0.1386
-0.5646 0.2669 0.1873
-0.5738 0.2997 0.1783
-0.5621 -0.7995 0.1345
-0.5574 -0.4524 0.1366
-0.5440 -0.7658 0.1121
-0.5545 0.6116 0.1542
-0.5368 -0.4169 0.1382
-0.5201 -0.6419 0.1329
-0.5028 -0.7357 0.1025
-0.5282 -0.7038 0.1103
-0.5294 0.7821 0.1517
-0.5354 0.3064 0.2013
-0.5303 0.6355 0.1435
-0.5156 -1.1502 0.3080
-0.5164 -0.5412 0.1496
-0.5181 0.6711 0.1315
-0.5081 -0.7636 0.1077
-0.5052 -0.4550 0.1222
-0.5101 0.5730 0.1944
-0.5100 0.6966 0.1339
-0.4974 -0.3658 0.1661
-0.4882 -0.6773 0.1182
-0.4852 0.8320 0.1907
-0.4774 -1.1538 0.3244
-0.4901 -0.5979 0.1469
-0.4794 0.7662 0.1485
-0.4726 0.6421 0.1606
-0.4698 -0.3854 0.1438
-0.4649 -0.4255 0.1262
-0.4404 -0.7153 0.1029
-0.4468 -0.5807 0.1615
-0.4573 0.3239 0.2752
-0.4387 -0.4521 0.1369
-0.4503 0.7016 0.1574
-0.4482 -0.7730 0.1209
-0.4260 -0.4918 0.1467
-0.4415 -0.7421 0.1036
-0.4411 0.7813 0.1636
-0.4326 -0.6527 0.1306
-0.4148 0.8575 0.2035
-0.4195 -0.7774 0.1272
-0.3954 -0.7316 0.1178
-0.3885 -0.3503 0.1567
-0.3817 -0.4344 0.1485
-0.3895 -0.6835 0.1356
-0.3833 -0.8892 0.1645
-0.3638 0.4190 0.3842
-0.3596 -0.6856 0.1599
-0.3599 -0.5346 0.1847
-0.3487 -0.2900 0.1544
-0.3484 -0.9036 0.1581
-0.3536 -0.8552 0.1316
-0.3467 0.7262 0.2144
-0.3384 -0.7934 0.1409
-0.3369 -0.4841 0.1686
-0.3269 -0.8445 0.1303
-0.3283 -0.3217 0.1326
-0.3242 -1.1096 0.2698
-0.3225 -1.0890 0.2534
-0.3228 -0.3013 0.1354
-0.3128 -0.2422 0.1745
-0.3155 -0.8107 0.1447
-0.3153 0.7568 0.1929
-0.3101 0.8824 0.1462
-0.2965 0.8427 0.1355
-0.2879 -0.3552 0.1410
-0.2972 -0.9484 0.1762
-0.3004 -0.4748 0.1855
-0.2932 -0.2856 0.1379
-0.2837 0.9064 0.1297
-0.2840 0.0161 0.3465
-0.2752 -0.4229 0.1756
-0.2763 -0.8669 0.1354
-0.2670 -1.0533 0.2232
-0.2638 0.1165 0.3598
-0.2378 0.8160 0.1166
-0.2415 0.8555 0.0978
-0.2475 0.8941 0.1014
-0.2310 -0.3448 0.1584
-0.2262 -0.1098 0.2284
-0.2105 0.9094 0.0913
-0.2196 -0.1845 0.1975
-0.1968 -0.9168 0.1809
-0.2071 -0.8619 0.1784
-0.2143 0.9520 0.1169
-0.2137 -0.0759 0.2390
-0.2029 0.8448 0.0868
-0.2011 -0.8817 0.1761
-0.1738 -0.3033 0.1749
-0.2031 -1.0659 0.2417
-0.1995 0.7900 0.1188
-0.1820 -0.3395 0.1752
-0.1912 0.9889 0.1246
-0.1889 0.8782 0.0796
-0.1728 -0.9729 0.2070
-0.1694 0.8232 0.0900
-0.1677 0.8662 0.0757
-0.1705 0.9262 0.0819
-0.1618 0.8974 0.0731
-0.1558 -0.1444 0.1981
-0.1510 0.7800 0.1227
-0.1380 0.8428 0.0938
-0.1506 1.0131 0.1284
-0.1456 1.0078 0.1234
-0.1334 0.8856 0.0861
-0.1385 0.9161 0.0841
-0.1355 1.1408 0.2184
-0.1322 -0.2157 0.1901
-0.1230 0.7947 0.1191
-0.1255 0.9694 0.1128
-0.1344 0.9135 0.0863
-0.1141 0.3169 0.1992
-0.1058 0.2708 0.1561
-0.0967 -0.3360 0.2093
-0.0990 1.0542 0.1466
-0.0883 0.7580 0.1607
-0.0902 0.2396 0.1374
-0.0727 0.2257 0.1302
-0.0726 -0.3478 0.2246
-0.0675 -0.9297 0.3084
-0.0631 0.2726 0.1265
-0.0637 -0.1744 0.1944
-0.0642 1.2731 0.2984
-0.0570 -0.0118 0.2101
-0.0556 1.0950 0.1521
-0.0483 -1.0892 0.3848
-0.0476 -0.3261 0.2204
-0.0447 -0.1398 0.1762
-0.0338 0.0655 0.2098
-0.0399 0.2162 0.1287
-0.0387 0.8156 0.1698
-0.0418 0.9460 0.1562
-0.0433 1.0053 0.1410
-0.0382 0.6363 0.1572
-0.0357 0.7597 0.1713
-0.0255 0.9509 0.1629
-0.0246 1.0690 0.1465
-0.0170 1.1617 0.1809
-0.0104 0.6309 0.1304
-0.0017 -0.1628 0.1811
-0.0081 0.3229 0.1690
-0.0005 0.2167 0.1424
-0.0013 0.2574 0.1313
-0.0025 1.1260 0.1621
0.0018 0.6050 0.1464
0.0092 0.1026 0.1954
0.0179 -0.0917 0.1557
0.0177 0.6674 0.1037
0.0264 0.2609 0.1488
0.0264 1.0217 0.1536
0.0321 0.8518 0.1977
0.0404 -0.0611 0.1536
0.0472 0.0352 0.1735
0.0470 0.6356 0.1102
0.0485 0.6678 0.0983
0.0538 0.6997 0.1175
0.0607 -0.0437 0.1617
0.0723 -0.2266 0.2051
0.0699 0.6809 0.1081
0.0697 1.2150 0.1929
0.0728 -0.0844 0.1678
0.0732 1.0723 0.1489
0.0813 0.8297 0.1833
0.0839 0.1126 0.2227
0.0989 0.6811 0.1280
0.0960 0.9549 0.1758
0.0991 0.6539 0.1296
0.0975 0.0012 0.1901
0.1022 1.2439 0.2198
0.1243 -0.2952 0.1706
0.1140 1.1761 0.1671
0.1254 1.0110 0.1582
0.1186 1.1281 0.1570
0.1238 0.2982 0.2044
0.1250 1.0656 0.1509
0.1363 1.0394 0.1536
0.1376 0.2588 0.2054
0.1515 -0.1865 0.1717
0.1573 0.3471 0.2036
0.1642 0.7930 0.1276
0.1723 -0.2923 0.1282
0.1711 0.7288 0.1333
0.1656 0.8652 0.1296
0.1703 0.9134 0.1428
0.1837 -0.2678 0.1139
0.1896 0.7832 0.1166
0.1864 1.2199 0.2276
0.1878 0.8519 0.1141
0.1935 -0.5992 0.4549
0.2107 -0.2531 0.1096
0.2038 0.3589 0.1773
0.2029 0.7587 0.1181
0.2177 -0.2832 0.1150
0.2279 0.6920 0.1545
0.2211 0.8692 0.1109
0.2159 1.1087 0.1733
0.2199 0.4731 0.1837
0.2221 -0.3112 0.1421
0.2203 0.7695 0.1171
0.2233 -0.2180 0.1322
0.2239 0.5772 0.1923
0.2283 0.9169 0.1173
0.2315 -0.1429 0.1887
0.2289 0.6749 0.1662
0.2451 -0.2759 0.1281
0.2398 0.1779 0.2240
0.2406 0.9658 0.1461
0.2590 0.8760 0.1084
0.2536 0.1070 0.2329
0.2514 1.1049 0.1896
0.2745 0.4313 0.1520
0.2688 -0.0460 0.2180
0.2775 0.8422 0.1160
0.2698 0.2129 0.2042
0.2700 0.5370 0.1534
0.2834 1.0733 0.2000
0.2737 -0.8203 0.2808
0.2812 0.3655 0.1484
0.2925 0.3193 0.1516
0.2955 0.5225 0.1361
0.2886 0.9641 0.1397
0.2830 1.0255 0.1748
0.2858 -0.0714 0.2210
0.2905 0.7643 0.1496
0.2956 0.8686 0.1014
0.2969 -0.0581 0.2263
0.3066 0.0696 0.2266
0.3225 0.9175 0.1197
0.3090 0.3460 0.1384
0.3092 -1.0841 0.3715
0.3163 -0.2597 0.2049
0.3224 0.5045 0.1310
0.3135 0.8903 0.1033
0.3268 -1.0157 0.3013
0.3338 0.4045 0.1389
0.3302 0.5554 0.1504
0.3268 -0.9518 0.2706
0.3367 0.7891 0.1487
0.3584 0.2474 0.1618
0.3518 0.8840 0.1238
0.3536 0.0519 0.2379
0.3605 0.8629 0.1288
0.3569 0.8100 0.1402
0.3694 0.3603 0.1297
0.3740 0.5426 0.1394
0.3798 -0.7393 0.1732
0.3806 -0.3777 0.3453
0.3842 -0.7143 0.1769
0.3854 -0.9065 0.2311
0.3900 0.2655 0.1478
0.3988 -0.9300 0.2450
0.3920 0.4170 0.1357
0.3912 0.5144 0.1333
0.4144 0.4658 0.1421
0.4132 0.3192 0.1281
0.4130 0.2789 0.1433
0.4242 -0.7823 0.1499
0.4347 -0.7462 0.1270
0.4389 0.3730 0.1270
0.4370 -0.7284 0.1272
0.4384 0.6922 0.1591
0.4424 0.2648 0.1605
0.4449 0.5740 0.1386
0.4538 0.6448 0.1473
0.4567 0.4148 0.1329
0.4677 0.7957 0.1616
0.4760 -0.6971 0.1354
0.4759 0.3773 0.1351
0.4708 0.5547 0.1371
0.4727 0.6820 0.1371
0.4813 0.7126 0.1382
0.4849 -0.7391 0.1219
0.4857 0.0655 0.2860
0.4906 0.5024 0.1482
0.4932 0.7745 0.1446
0.4962 -1.1364 0.3059
0.4968 0.5317 0.1510
0.5099 0.3914 0.1423
0.5037 1.2574 0.5811
0.5077 0.1616 0.2271
0.5304 -0.8033 0.1481
0.5279 -0.6340 0.1667
0.5222 0.5828 0.1629
0.5419 -0.7637 0.1210
0.5382 -1.0730 0.2773
0.5487 0.1849 0.2124
0.5347 0.6681 0.1620
0.5436 -0.6820 0.1408
0.5520 0.7280 0.1614
0.5525 0.7990 0.1739
0.5471 0.8356 0.1981
0.5554 0.4003 0.1571
0.5582 0.8599 0.2331
0.5584 -0.7874 0.1305
0.5601 -0.5707 0.1852
0.5605 0.3179 0.1705
0.5808 0.4234 0.1782
0.5844 -0.7277 0.1257
0.5882 -0.5821 0.1746
0.5963 -0.6986 0.1442
0.5994 -1.0378 0.2759
0.5996 -0.5156 0.1913
0.6062 0.3236 0.1966
0.6070 -0.8016 0.1390
0.6140 -0.1452 0.1600
0.6107 -0.0711 0.1824
0.6111 0.2940 0.2011
0.6350 -0.7757 0.1238
0.6397 0.1434 0.2457
0.6460 -0.1500 0.1308
0.6549 -0.1033 0.1353
0.6459 -0.4801 0.1811
0.6576 -0.4245 0.1845
0.6580 -0.1808 0.1410
0.6559 -1.0788 0.2606
0.6583 -0.3810 0.1977
0.6551 -0.0016 0.2191
0.6552 0.1806 0.2526
0.6562 0.5733 0.2756
0.6650 -1.2102 0.3317
0.6642 0.5058 0.2719
0.6635 -0.4794 0.1805
0.6702 -0.7587 0.1193
0.6697 -0.6267 0.1959
0.6721 -1.1809 0.3040
0.6936 -0.1459 0.1229
0.6916 -0.7724 0.1190
0.6954 -0.1895 0.1391
0.6962 -1.2017 0.3283
0.7064 -0.7318 0.1209
0.7107 0.0259 0.2451
0.7211 -0.3317 0.1785
0.7216 -0.7519 0.1145
0.7300 -1.0813 0.2939
0.7265 -0.1123 0.1460
0.7431 -0.7821 0.1258
0.7571 -0.1301 0.1496
0.7624 -0.3641 0.1605
0.7583 -0.2021 0.1601
0.7652 -0.6965 0.1286
0.7716 -0.3306 0.1665
0.7694 -0.8447 0.1883
0.7717 -0.7536 0.1292
0.7782 -0.4889 0.1989
0.7833 -0.6255 0.1322
0.7813 -0.5897 0.1480
0.7857 -0.8937 0.2601
0.7980 -0.2584 0.1804
0.7978 -0.3626 0.1674
0.8034 -0.7000 0.1303
0.8089 -0.6201 0.1224
0.8385 -0.0788 0.1973
0.8380 -0.6891 0.1425
0.8398 -0.5720 0.1337
0.8473 -0.1453 0.1726
0.8456 -0.4134 0.1562
0.8627 -0.5958 0.1297
0.8709 -0.6691 0.1534
0.9026 -0.5283 0.1322
0.8698 -0.2241 0.2154
0.8783 -0.1277 0.1884
0.8778 -0.4197 0.1416
0.8951 -0.5743 0.1397
0.9336 -0.0385 0.2262
0.9216 0.4636 0.5626
0.9187 -0.4830 0.1123
0.9248 0.1057 0.3106
0.9321 -0.4348 0.1010
0.9531 -0.1020 0.2137
0.9452 -0.3988 0.1181
0.9623 -0.4951 0.1024
0.9576 -0.4545 0.0907
0.9612 -0.4173 0.1006
0.9587 -0.5369 0.1328
0.9944 -0.6325 0.2209
1.0013 -0.4658 0.0964
0.9968 -0.4408 0.0931
1.0110 -0.0019 0.2202
1.0241 -0.4887 0.1131
1.0198 -0.3401 0.1527
1.0282 -0.4077 0.1145
1.0579 -0.4588 0.1186
1.0486 0.0782 0.2126
1.0579 -1.1965 0.5361
1.0561 -0.3011 0.1461
1.0911 -0.5070 0.1174
1.0573 -0.2180 0.1647
1.0701 -0.2471 0.1460
1.0799 -0.3982 0.1321
1.0805 -0.1561 0.1670
1.0882 0.0713 0.1929
1.0835 -0.5452 0.1349
1.0939 -0.2086 0.1434
1.1066 -0.0268 0.2053
1.0985 -0.3687 0.1326
1.1034 -0.5564 0.1387
1.1073 0.2557 0.3221
1.1217 0.1195 0.1801
1.1201 -0.3218 0.1276
1.1318 -0.4683 0.1240
1.1278 -0.5388 0.1220
1.1450 0.1459 0.1896
1.1477 -0.1064 0.1435
1.1559 -0.3026 0.1173
1.1615 -0.5376 0.1213
1.1596 -0.4321 0.1249
1.1636 -0.1897 0.1193
1.1673 -1.0447 0.5449
1.1824 -0.2853 0.1050
1.1763 -0.0898 0.1387
1.1843 -1.1047 0.5756
1.1837 -0.4583 0.1115
1.1809 -0.3445 0.1088
1.2135 -0.3854 0.1030
1.1913 -0.1710 0.1110
1.1928 0.7993 0.8643
1.1858 1.1817 1.1402
1.1958 -0.2168 0.1113
1.2067 -0.3307 0.0985
1.2071 -0.1525 0.1116
1.2064 -0.5513 0.1458
1.2092 0.7360 0.8334
1.2040 -0.2613 0.1064
1.2196 0.1125 0.1908
1.2204 -0.4121 0.1012
1.2186 -0.2003 0.1188
1.2207 0.1426 0.2088
1.2228 -0.8703 0.5118
1.2253 0.0783 0.1881
1.2280 -0.4499 0.1041
1.2364 -0.1190 0.1332
1.2359 -0.5241 0.1377
1.2342 -0.2736 0.1158
1.2450 -0.4987 0.1261
1.2363 -0.0547 0.1743
1.2457 -1.1516 0.6671
1.2505 -0.3173 0.1182
1.2536 -0.3447 0.1196
1.2541 0.0652 0.2086
1.2556 -0.4571 0.1196
1.2554 -0.4107 0.1174
1.2566 -0.0988 0.1621
