points 
 2 
 1 
Tumour[19065]CD810NNCodensity
-1.3704 -0.8281 0.1776
-1.3665 -0.7341 0.1316
-1.3727 0.3173 0.3794
-1.3535 -0.7769 0.1209
-1.3367 -0.7521 0.1027
-1.3636 0.2983 0.3806
-1.3544 -0.2681 0.2075
-1.3516 0.4882 0.3026
-1.3255 -0.7822 0.1103
-1.3248 -0.7090 0.1054
-1.3190 -0.3733 0.1677
-1.3227 -0.2290 0.2188
-1.3134 0.6273 0.2660
-1.3036 -0.7290 0.0935
-1.3080 -0.3400 0.1558
-1.3082 -0.2492 0.1938
-1.3097 -0.6133 0.1618
-1.3026 -0.4117 0.1867
-1.2928 -0.6846 0.1015
-1.3035 -0.2258 0.2183
-1.2890 0.6407 0.2572
-1.2856 0.5920 0.2465
-1.2785 0.3464 0.3112
-1.2742 -0.3827 0.1720
-1.2718 -0.8300 0.1377
-1.2732 -0.3131 0.1675
-1.2733 0.6065 0.2425
-1.2580 -0.7006 0.0871
-1.2717 -0.6427 0.1118
-1.2471 -0.5086 0.1891
-1.2615 -0.7529 0.1014
-1.2486 0.7581 0.3707
-1.2372 -0.6756 0.0890
-1.2280 -0.8055 0.1120
-1.2360 -0.4686 0.1942
-1.2312 -0.7479 0.0983
-1.2268 -0.6550 0.0969
-1.2240 -0.8483 0.1333
-1.2245 -0.7267 0.0908
-1.2186 -0.6247 0.1248
-1.2145 0.6583 0.2816
-1.2050 0.7921 0.4238
-1.1965 -0.8569 0.1306
-1.1919 -0.6900 0.0894
-1.1908 -0.7412 0.0951
-1.1739 -0.5144 0.2130
-1.1675 -0.6919 0.1030
-1.1596 -0.8325 0.1097
-1.1559 -0.7781 0.1040
-1.1614 -0.6767 0.1154
-1.1533 -0.5441 0.2046
-1.1400 -0.7429 0.1120
-1.1405 -0.8420 0.1161
-1.1337 -0.7794 0.1114
-1.1394 0.2580 0.2881
-1.1179 0.3807 0.3365
-1.1201 0.4125 0.3504
-1.1106 -0.8187 0.1120
-1.0974 0.1940 0.3160
-1.0926 0.1535 0.3450
-1.0742 -0.3199 0.3820
-1.0604 -0.7116 0.1648
-1.0663 0.1533 0.3607
-1.0625 -0.8572 0.1533
-1.0559 -0.8021 0.1312
-1.0390 -0.8180 0.1446
-1.0281 0.1127 0.4242
-1.0197 -0.6394 0.2457
-0.9896 -0.8307 0.1878
-0.9893 -0.7090 0.2088
-0.9195 -0.8249 0.2602
-0.8590 -0.6693 0.3134
-0.8454 -0.2562 0.2269
-0.8309 -0.2990 0.2029
-0.8248 -0.6473 0.3511
-0.8167 -0.2674 0.2086
-0.8214 -0.2302 0.2408
-0.8078 -0.3737 0.2382
-0.8128 -0.3408 0.2114
-0.7924 0.8823 0.3961
-0.7895 -0.3022 0.2046
-0.6968 -0.3374 0.2928
-0.6888 -0.2041 0.3577
-0.6841 1.0046 0.2722
-0.6683 -0.7611 0.4420
-0.6624 0.9354 0.2365
-0.6430 0.7328 0.3349
-0.6082 1.1265 0.3112
-0.5858 0.9862 0.1937
-0.5632 -0.6545 0.4779
-0.5657 0.8674 0.1887
-0.5626 0.9742 0.1839
-0.5529 -0.8074 0.4775
-0.5378 0.8818 0.1755
-0.5280 0.8575 0.1821
-0.5172 0.6794 0.2892
-0.4692 1.0497 0.1763
-0.4677 0.9542 0.1744
-0.4639 0.8630 0.1781
-0.4496 1.1181 0.2193
-0.4320 0.8063 0.1867
-0.4262 1.0474 0.1717
-0.3966 0.6837 0.2174
-0.4003 0.9845 0.1853
-0.3822 0.8119 0.1924
-0.3792 1.0336 0.1893
-0.3677 -0.6730 0.3561
-0.3735 0.7802 0.1906
-0.3691 1.1261 0.2651
-0.3653 0.4521 0.3536
-0.3483 1.0206 0.2117
-0.3270 0.1778 0.6123
-0.3281 0.6399 0.1930
-0.3110 0.5533 0.2247
-0.3017 0.7650 0.2005
-0.2994 0.8470 0.2493
-0.2780 0.5386 0.2246
-0.2701 -0.8511 0.3179
-0.2681 0.6130 0.1830
-0.2617 0.6716 0.1782
-0.2387 -0.8083 0.2456
-0.2232 -0.4818 0.3397
-0.2155 0.6538 0.1874
-0.2012 0.2780 0.4428
-0.1904 -0.7804 0.1931
-0.1871 -0.7198 0.1596
-0.1639 0.6705 0.2133
-0.1553 -0.6807 0.1245
-0.1452 0.9880 0.3901
-0.1378 -0.6495 0.1200
-0.1207 -0.7113 0.1279
-0.1274 0.6612 0.2272
-0.1239 -0.6723 0.1096
-0.0929 -0.6437 0.1251
-0.1086 -0.5624 0.1875
-0.1045 0.4933 0.2721
-0.0931 -0.5900 0.1653
-0.0849 -0.7070 0.1366
-0.0641 -0.6708 0.1387
-0.0622 0.6936 0.2680
-0.0470 0.5450 0.2550
-0.0452 -0.4519 0.2766
-0.0283 0.5180 0.2764
-0.0379 0.8775 0.3602
-0.0308 0.1915 0.5301
-0.0194 0.8370 0.3487
-0.0084 -0.2983 0.2102
0.0094 -0.8039 0.1992
0.0168 0.5060 0.3230
0.0319 -0.2900 0.1664
0.0358 -0.7321 0.1719
0.0405 -0.2330 0.1747
0.0515 -0.8274 0.1892
0.0584 -0.5239 0.2349
0.0626 -0.2438 0.1520
0.0701 -0.5862 0.1998
0.0717 -0.2948 0.1417
0.0845 1.1082 0.4779
0.0882 -0.6615 0.1686
0.0889 -0.8172 0.1599
0.1105 -0.2882 0.1387
0.1150 -0.7796 0.1466
0.1162 -0.3934 0.2246
0.1277 -0.7181 0.1503
0.1324 -0.6652 0.1489
0.1442 -0.6104 0.1492
0.1417 -0.2433 0.1649
0.1326 0.1655 0.5885
0.1349 -0.8110 0.1502
0.1461 -0.1629 0.2530
0.1461 0.7891 0.3432
0.1609 -0.2885 0.1712
0.1727 0.5337 0.3690
0.1911 -0.8521 0.1804
0.1982 -0.6146 0.1466
0.2014 -0.7087 0.1507
0.2001 -0.3318 0.2243
0.2076 -0.5507 0.1861
0.2097 -0.8571 0.1916
0.2235 -0.5804 0.1708
0.2474 0.7289 0.3043
0.2356 -0.8489 0.1986
0.2382 -0.5448 0.2127
0.2440 0.8001 0.3005
0.2458 -0.6938 0.1673
0.2480 -0.7276 0.1722
0.2589 1.1012 0.3405
0.2880 -0.7181 0.1922
0.2895 1.0904 0.3084
0.3395 -0.3620 0.3085
0.3475 0.8826 0.2181
0.3420 0.9580 0.2315
0.3782 -0.7753 0.2457
0.3842 0.5234 0.1854
0.3929 0.5712 0.1746
0.3905 0.8262 0.2039
0.3973 0.7594 0.2286
0.4073 -0.7110 0.2260
0.4010 0.5380 0.1689
0.4117 0.9496 0.1934
0.4159 0.5493 0.1602
0.4193 0.4481 0.2253
0.4246 0.9912 0.2033
0.4274 -0.6172 0.2641
0.4282 0.6171 0.1871
0.4416 -0.6641 0.2322
0.4465 -0.2474 0.2079
0.4556 0.5272 0.1616
0.4588 -0.2204 0.2197
0.4825 0.0004 0.3750
0.4798 0.5315 0.1702
0.4884 1.1248 0.2656
0.4898 0.9285 0.1760
0.4989 -0.3113 0.1422
0.5013 0.8367 0.1593
0.4988 1.0679 0.2222
0.5036 0.1234 0.3511
0.5067 0.7448 0.1954
0.5218 -0.3434 0.1440
0.5177 0.9324 0.1704
0.5171 1.1252 0.2685
0.5290 -0.2959 0.1273
0.5250 0.8023 0.1588
0.5282 0.8352 0.1491
0.5384 -0.2745 0.1420
0.5403 -0.3166 0.1256
0.5468 -0.7380 0.2172
0.5405 -0.3128 0.1249
0.5573 -0.7080 0.2049
0.5703 -0.8129 0.2871
0.5741 0.5810 0.2207
0.5833 0.3845 0.2497
0.5940 -0.4283 0.1845
0.6024 -0.6470 0.1941
0.6053 0.8696 0.1401
0.5992 0.7840 0.1566
0.6065 -0.4119 0.1781
0.6052 0.6616 0.2295
0.6186 0.9243 0.1590
0.6184 0.9644 0.1911
0.6237 -0.6242 0.1939
0.6291 0.4318 0.1986
0.6353 1.1262 0.3049
0.6379 0.7826 0.1693
0.6438 0.4839 0.1845
0.6509 -0.2542 0.2141
0.6496 0.8185 0.1592
0.6495 -0.5180 0.1772
0.6570 0.8842 0.1583
0.6531 -0.5251 0.1769
0.6653 -0.1026 0.1777
0.6617 0.0398 0.2162
0.6667 0.9371 0.1951
0.6670 0.2235 0.1381
0.6745 -0.4448 0.1827
0.6890 -0.0885 0.1500
0.6863 -0.6943 0.1930
0.6808 0.4512 0.1804
0.6850 -0.6025 0.1803
0.6932 -0.3528 0.1997
0.6931 0.5151 0.1842
0.6935 0.5856 0.1987
0.7006 0.2075 0.1054
0.7020 0.2557 0.1138
0.7088 0.1040 0.1473
0.7192 0.3201 0.1582
0.7303 0.2892 0.1265
0.7218 0.6294 0.2204
0.7215 0.1381 0.1169
0.7291 0.2241 0.0956
0.7238 0.4813 0.1919
0.7363 -0.7365 0.2169
0.7262 -0.0994 0.1206
0.7304 0.1722 0.1000
0.7275 -0.0245 0.1532
0.7285 -0.1289 0.1253
0.7396 0.7875 0.2349
0.7589 0.1196 0.1313
0.7535 0.2532 0.1125
0.7578 -0.5035 0.1748
0.7647 -0.3062 0.1757
0.7659 -0.1519 0.1331
0.7597 0.2098 0.1051
0.7665 0.1710 0.1060
0.7671 0.3502 0.1994
0.7684 -0.2699 0.1695
0.7777 -0.1981 0.1635
0.7869 -0.1617 0.1471
0.7856 1.0759 0.3156
0.7937 0.1148 0.1462
0.7889 -0.5148 0.1798
0.7947 -0.6693 0.1640
0.7973 -0.0616 0.1338
0.7983 -0.0903 0.1306
0.8064 0.7191 0.2755
0.8060 -0.0359 0.1477
0.8159 -0.6484 0.1638
0.8076 -0.3779 0.1692
0.8133 -0.0016 0.1613
0.8201 -0.7267 0.1949
0.8177 -0.4590 0.1766
0.8139 -0.6188 0.1745
0.8194 0.9864 0.2683
0.8261 0.6125 0.2639
0.8286 -0.4302 0.1686
0.8362 0.2071 0.1649
0.8292 -0.3197 0.1807
0.8655 -0.6218 0.1932
0.8670 0.4691 0.3103
0.8734 -0.3014 0.2132
0.8718 0.0641 0.1986
0.8711 0.2060 0.1954
0.8814 0.0253 0.1993
0.8897 -0.4752 0.2004
0.8840 0.9323 0.2528
0.9028 -0.7388 0.2387
0.9227 -0.7263 0.2422
0.9278 1.0040 0.2425
0.9394 -0.4124 0.2137
0.9530 0.8923 0.2415
0.9675 0.1866 0.2496
0.9704 0.7405 0.3188
0.9743 0.6234 0.3801
0.9884 -0.0126 0.2651
1.0000 0.9777 0.2335
1.0136 -0.5245 0.2222
1.0154 1.0652 0.2996
1.0236 0.1132 0.2592
1.0300 -0.5477 0.2419
1.0294 0.8755 0.2651
1.0335 0.2619 0.3583
1.0706 -0.3512 0.2230
1.0684 -0.0541 0.3616
1.0702 -0.4624 0.1962
1.0766 -0.4185 0.1926
1.0734 -0.3785 0.2035
1.0814 -0.7752 0.4307
1.0884 1.0583 0.3510
1.0882 0.1050 0.3233
1.0903 0.8817 0.3133
1.1041 -0.3090 0.2884
1.1064 -0.4736 0.2302
