points 
 2 
 1 
Tumour[19065]CD6810NNCodensity
-1.3399 0.8508 0.2870
-1.3323 0.2917 0.2348
-1.3256 -0.0223 0.2645
-1.3249 0.7479 0.3395
-1.3182 1.0752 0.3189
-1.3040 0.0941 0.2026
-1.3070 0.2377 0.1831
-1.3044 -0.0194 0.2438
-1.3055 0.8351 0.2651
-1.2920 0.3149 0.2177
-1.2789 0.1876 0.1649
-1.2818 1.0077 0.2457
-1.2726 0.0708 0.1899
-1.2623 1.1177 0.3203
-1.2386 0.2586 0.1460
-1.2407 0.9919 0.2230
-1.2348 -0.0437 0.2181
-1.2193 0.9299 0.2282
-1.2111 0.0775 0.1862
-1.2014 0.2219 0.1274
-1.1969 0.8859 0.2438
-1.1861 0.1591 0.1303
-1.1810 0.1918 0.1180
-1.1639 -0.1637 0.2194
-1.1798 0.6599 0.3810
-1.1810 0.7228 0.3291
-1.1692 0.2086 0.1167
-1.1562 0.2973 0.1957
-1.1373 0.2012 0.1180
-1.1333 -0.0797 0.1655
-1.1221 -0.1403 0.1707
-1.1213 0.1080 0.1587
-1.0980 0.9706 0.2650
-1.1044 0.5596 0.4344
-1.0970 -0.3435 0.2519
-1.1048 0.1653 0.1290
-1.0857 0.1995 0.1419
-1.0680 -0.1086 0.1350
-1.0677 -0.0690 0.1352
-1.0671 -0.4172 0.2855
-1.0501 0.1797 0.1769
-1.0599 1.0102 0.2724
-1.0433 0.1138 0.1922
-1.0481 -0.4079 0.2665
-1.0444 -0.0627 0.1338
-1.0474 1.1272 0.3432
-1.0444 0.0043 0.1719
-1.0410 1.0356 0.2851
-1.0370 -0.2511 0.2079
-1.0373 -0.0921 0.1352
-1.0231 -0.2967 0.2151
-1.0178 -0.1736 0.1794
-1.0013 -0.0398 0.1591
-0.9615 -0.4160 0.2634
-0.9538 -0.2330 0.2508
-0.9443 0.0305 0.2393
-0.9149 -0.0706 0.2316
-0.8980 -0.9250 0.5730
-0.8851 0.8843 0.3074
-0.8679 -0.3937 0.2672
-0.8750 0.6632 0.3207
-0.8686 0.3696 0.3646
-0.8576 0.4214 0.3398
-0.8552 0.8021 0.2972
-0.8421 1.0263 0.3075
-0.8423 1.1315 0.3319
-0.8230 0.5469 0.3127
-0.7971 -0.8372 0.4149
-0.7979 -0.3740 0.2410
-0.7911 -0.5863 0.3578
-0.7894 0.5856 0.3042
-0.7677 -0.6332 0.3541
-0.7742 0.6577 0.2919
-0.7681 0.8190 0.2815
-0.7668 0.9064 0.3045
-0.7545 -0.3170 0.2049
-0.7599 -0.0112 0.3542
-0.7308 1.1513 0.3107
-0.7211 -0.3250 0.2029
-0.7205 0.0456 0.3543
-0.7174 -0.2912 0.2010
-0.7023 -0.2701 0.2116
-0.6918 0.3658 0.3228
-0.6840 -0.2636 0.2186
-0.6745 -0.9386 0.4176
-0.6732 -0.6636 0.3016
-0.6812 0.3310 0.3324
-0.6675 1.1198 0.2680
-0.6702 0.8384 0.3336
-0.6496 1.1369 0.2757
-0.6022 1.1569 0.3051
-0.6236 0.2397 0.3402
-0.6260 0.3971 0.3332
-0.6107 -0.2940 0.2342
-0.6041 -0.7869 0.3154
-0.6023 0.7135 0.3645
-0.5802 1.0905 0.2924
-0.5607 -0.6268 0.2691
-0.5709 0.0466 0.3097
-0.5629 -0.7216 0.2903
-0.5657 -0.2854 0.2664
-0.5585 -0.0456 0.3145
-0.5387 0.6090 0.4011
-0.5221 -0.4603 0.2554
-0.5148 -1.1471 0.4395
-0.5186 -0.0464 0.3245
-0.4800 -1.1431 0.4138
-0.4869 -0.4237 0.2464
-0.4801 -1.2836 0.5579
-0.4824 -0.5140 0.2384
-0.4791 0.1099 0.3260
-0.4723 1.0885 0.3439
-0.4732 -0.7743 0.2803
-0.4667 -0.5275 0.2351
-0.4657 0.9596 0.3692
-0.4542 0.2219 0.3747
-0.4396 -1.1735 0.4178
-0.4367 0.5354 0.4423
-0.4079 0.0485 0.3439
-0.3880 -0.4013 0.2557
-0.3760 -0.8472 0.2398
-0.3659 -0.6494 0.2762
-0.3290 -0.8721 0.2082
-0.3326 -0.4328 0.2558
-0.3226 -0.3952 0.2687
-0.3124 0.4390 0.4319
-0.3115 -0.6123 0.3035
-0.3117 0.9680 0.3725
-0.2984 1.1350 0.4351
-0.2986 -0.7600 0.2054
-0.2921 -0.8306 0.1861
-0.2725 -0.0710 0.3812
-0.2533 -0.8936 0.1796
-0.2554 0.8363 0.3797
-0.2527 -0.7633 0.2136
-0.2434 -0.2987 0.2944
-0.2292 -0.8446 0.1734
-0.1980 0.1293 0.3665
-0.1940 0.7927 0.3542
-0.1885 -0.9920 0.1805
-0.1877 0.2479 0.4123
-0.1843 0.5142 0.3648
-0.1672 -0.8821 0.1558
-0.1659 -1.0594 0.2127
-0.1437 -0.2799 0.2732
-0.1480 -0.9238 0.1402
-0.1276 -0.4228 0.2424
-0.1289 -0.4503 0.2437
-0.1297 -1.0588 0.1940
-0.1174 -0.1793 0.2761
-0.1123 0.9121 0.2700
-0.0999 -0.8959 0.1178
-0.0976 -0.4529 0.2310
-0.0919 -0.9485 0.1175
-0.0883 1.1524 0.3531
-0.0814 -0.8788 0.1218
-0.0877 0.4397 0.3376
-0.0631 -0.9639 0.1229
-0.0710 0.0541 0.2417
-0.0715 -0.9946 0.1388
-0.0651 -0.5920 0.2529
-0.0586 -0.0287 0.2289
-0.0651 -1.0378 0.1766
-0.0590 0.6553 0.2880
-0.0595 -0.8490 0.1564
-0.0535 -0.4843 0.2224
-0.0519 -0.9056 0.1145
-0.0403 0.9705 0.2125
-0.0321 -0.2161 0.2282
-0.0254 0.5571 0.2804
-0.0241 0.7339 0.2984
-0.0225 -0.0439 0.2058
-0.0172 0.9782 0.1945
-0.0162 -0.9215 0.1300
-0.0026 -0.5951 0.2112
0.0112 0.9763 0.1854
0.0235 -0.0621 0.1943
0.0223 0.5541 0.2760
0.0192 1.0225 0.1867
0.0252 -0.9097 0.1662
0.0394 -0.3150 0.1882
0.0394 0.1116 0.1891
0.0499 0.0792 0.1643
0.0542 -0.2294 0.1798
0.0547 0.9795 0.1875
0.0613 -0.5369 0.2085
0.0527 -0.3532 0.2022
0.0533 0.6702 0.2938
0.0663 -0.9485 0.1782
0.0640 -0.3175 0.1745
0.0718 -0.6128 0.1675
0.0740 1.0043 0.1929
0.0803 -0.1452 0.1958
0.0742 0.1088 0.1688
0.0838 0.0108 0.1568
0.0886 -0.7253 0.2395
0.0988 -0.0135 0.1674
0.0909 -1.0304 0.2234
0.1092 -0.3083 0.1651
0.0988 1.0791 0.2433
0.1075 -0.6089 0.1553
0.1091 0.7639 0.3146
0.1143 0.4982 0.3011
0.1176 0.3766 0.2998
0.1323 0.1172 0.1615
0.1308 0.3024 0.2566
0.1334 -0.3508 0.1998
0.1373 -0.6801 0.1763
0.1447 -0.9868 0.1969
0.1484 -0.8977 0.2294
0.1472 -0.0088 0.1736
0.1495 -0.5892 0.1612
0.1591 -0.9763 0.1936
0.1570 -0.6269 0.1469
0.1580 0.0701 0.1613
0.1653 -0.2337 0.1759
0.1643 -0.1896 0.1653
0.1616 0.3259 0.2643
0.1613 1.0381 0.2357
0.1679 -0.1068 0.1681
0.1837 0.1014 0.1640
0.1866 -0.2055 0.1671
0.2001 -0.6207 0.1536
0.2030 0.2071 0.1701
0.2082 -0.0868 0.1604
0.2281 0.8220 0.3067
0.2366 0.1879 0.1592
0.2450 -0.6255 0.1596
0.2401 -0.3537 0.2469
0.2395 0.9206 0.2656
0.2487 0.2055 0.1712
0.2618 -1.0034 0.2003
0.2618 -0.1447 0.1225
0.2743 -0.6607 0.1700
0.2740 0.1253 0.1679
0.2739 0.1537 0.1666
0.2821 -0.1009 0.1284
0.2879 0.6411 0.3333
0.2973 -1.0187 0.2118
0.2961 -0.9707 0.2025
0.2928 -0.1235 0.1210
0.3020 0.5636 0.3433
0.2952 -0.1887 0.1294
0.2995 -0.6235 0.1592
0.3087 -0.1693 0.1228
0.3021 0.9905 0.2900
0.3100 0.7207 0.3370
0.3150 -0.1017 0.1316
0.3084 -0.0675 0.1494
0.3155 -0.9462 0.2144
0.3143 -0.7789 0.2877
0.3279 -0.6315 0.1579
0.3228 0.9669 0.2997
0.3239 -0.2786 0.1486
0.3234 0.1651 0.2164
0.3252 1.0519 0.3289
0.3339 -1.0393 0.2317
0.3290 -0.2255 0.1258
0.3375 0.0455 0.2290
0.3556 -0.4798 0.2336
0.3625 0.4818 0.3505
0.3629 -0.5860 0.1613
0.3695 -0.2584 0.1210
0.3884 -0.2870 0.1331
0.3820 -0.2364 0.1192
0.3974 -0.5953 0.1644
0.4019 -0.2089 0.1321
0.4043 -0.0398 0.1994
0.4126 -0.3308 0.1596
0.4181 -0.6201 0.1778
0.4197 -0.5595 0.1862
0.4193 -0.3619 0.1724
0.4332 -0.1863 0.1379
0.4364 -0.0766 0.1703
0.4585 -0.9603 0.2039
0.4709 -0.1719 0.1230
0.4674 0.4464 0.3183
0.4801 -0.6959 0.2220
0.4889 -0.1211 0.1236
0.4938 -1.0033 0.1990
0.4941 -0.4438 0.1961
0.4954 -0.2853 0.1656
0.5113 -0.9822 0.1809
0.4982 -0.3844 0.1682
0.5110 0.8516 0.3611
0.5183 -0.4184 0.1846
0.5161 1.1519 0.4371
0.5201 -0.8334 0.2056
0.5212 -0.2106 0.1199
0.5147 -0.1919 0.1142
0.5225 -0.1202 0.1198
0.5249 -0.1415 0.1136
0.5386 -0.9758 0.1689
0.5366 0.6236 0.3292
0.5481 -0.7687 0.2187
0.5438 -0.6188 0.2176
0.5491 -0.0799 0.1537
0.5505 -0.0350 0.1903
0.5548 0.3562 0.2902
0.5586 -0.9590 0.1679
0.5600 -0.8250 0.2049
0.5626 0.7684 0.3450
0.5633 0.0177 0.2449
0.5762 -0.3599 0.1770
0.5791 -0.8098 0.2159
0.5699 -0.2858 0.1674
0.5781 -0.1831 0.1429
0.5795 -0.2143 0.1476
0.5961 0.5593 0.2684
0.6005 -1.0433 0.2109
0.5934 -0.4308 0.2154
0.6178 -0.6093 0.2265
0.6195 -0.6453 0.2176
0.6366 -1.0590 0.2374
0.6365 0.3670 0.2062
0.6547 0.9220 0.2593
0.6660 -0.6347 0.2130
0.6524 -0.2786 0.2020
0.6694 -0.9317 0.2236
0.6626 1.0187 0.2893
0.6709 0.4138 0.1542
0.6734 1.0519 0.3042
0.6856 -0.3557 0.2248
0.6861 0.5410 0.2069
0.6968 0.3890 0.1483
0.6961 0.5245 0.1865
0.7060 -0.9337 0.2473
0.7101 0.0352 0.3183
0.7155 1.1007 0.3270
0.7188 0.0987 0.3251
0.7356 -0.3742 0.2613
0.7354 0.2202 0.2667
0.7310 0.4112 0.1255
0.7531 0.3789 0.1475
0.7442 -1.0794 0.3403
0.7427 -0.5733 0.2130
0.7470 0.8317 0.2163
0.7552 0.8934 0.2215
0.7586 0.4408 0.1257
0.7710 -0.3031 0.2762
0.7731 0.2308 0.2647
0.7669 0.4654 0.1413
0.7791 -0.6226 0.1959
0.7883 0.8029 0.1960
0.7761 0.4448 0.1378
0.8031 -0.6028 0.1961
0.8205 -0.9019 0.3716
0.8212 0.4249 0.1815
0.8201 -0.6487 0.2180
0.8268 0.7929 0.1834
0.8271 -0.6928 0.2588
0.8247 0.8974 0.2247
0.8433 0.2839 0.2671
0.8426 0.7315 0.2207
0.8756 0.8028 0.1755
0.8579 -0.1336 0.2865
0.8749 -0.4585 0.2758
0.8969 1.1614 0.3325
0.9038 -0.5437 0.2688
0.9193 -0.5184 0.2811
0.9202 0.0404 0.3307
0.9168 0.5421 0.2303
0.9381 1.1361 0.3074
0.9393 -0.2662 0.1698
0.9417 -0.2026 0.1778
0.9404 0.8072 0.1921
0.9550 0.7798 0.1903
0.9537 0.5331 0.2273
0.9656 -0.2438 0.1512
0.9830 -0.2736 0.1487
0.9776 0.5135 0.2255
0.9781 0.4765 0.2311
0.9792 -0.1014 0.2562
0.9953 0.7581 0.2120
0.9911 1.1176 0.3010
1.0101 -0.2144 0.1627
0.9999 0.5311 0.2414
1.0060 -0.2897 0.1495
1.0253 -0.3031 0.1606
1.0425 0.7607 0.2405
1.0448 0.0350 0.3359
1.0644 -0.2895 0.1725
1.0505 1.1232 0.3164
1.0779 0.7652 0.2700
1.0740 0.0889 0.3629
1.0865 1.1307 0.3389
1.1038 0.1194 0.3910
1.1084 0.2330 0.3970
1.1118 0.3956 0.3555
1.1107 -0.8804 0.6518
1.1260 1.0917 0.3425
1.1287 0.7805 0.3348
1.1450 -0.3177 0.2708
1.1459 -0.2907 0.2597
1.1470 0.5381 0.3437
1.1484 1.0796 0.3596
