points 
 2 
 1 
Tumour[19065]FoxP310NNCodensity
-1.4042 -1.5215 1.6129
-1.4003 -0.9356 0.9846
-1.4004 -0.4721 0.6712
-1.4015 -0.0164 0.7460
-1.3972 0.6571 0.3190
-1.3382 0.4818 0.2746
-1.3303 0.7136 0.2834
-1.3223 0.5757 0.2355
-1.3042 0.5531 0.2293
-1.2818 -0.5901 0.6055
-1.2815 0.2467 0.5043
-1.2777 0.4357 0.2910
-1.2459 0.8740 0.4113
-1.2332 0.3570 0.3869
-1.2339 0.5663 0.2355
-1.2172 0.5680 0.2468
-1.1943 -0.4384 0.5405
-1.1782 0.7829 0.3258
-1.1717 0.7225 0.2988
-1.1633 0.8446 0.3990
-1.1479 -0.6133 0.5970
-1.1220 -0.8628 0.7992
-1.1005 -0.2328 0.5300
-1.0264 -0.1845 0.5223
-0.9167 -0.2071 0.4518
-0.8519 -0.3806 0.5111
-0.7362 -0.0973 0.3683
-0.7271 0.0932 0.4308
-0.6796 0.3215 0.6090
-0.6644 0.1564 0.4548
-0.6473 0.1877 0.4823
-0.6467 -0.1382 0.3014
-0.6107 -0.1249 0.2878
-0.5860 -0.2153 0.2508
-0.5444 -0.2456 0.2288
-0.5331 -1.0895 0.4277
-0.5258 -0.7841 0.4327
-0.5150 -0.5022 0.4412
-0.5079 0.6072 0.6416
-0.5068 -0.8695 0.3705
-0.4891 -0.8649 0.3581
-0.4656 -0.3211 0.2159
-0.4637 -0.1763 0.2048
-0.4484 -0.1871 0.1940
-0.4048 -0.2112 0.1810
-0.3939 -1.0120 0.2638
-0.3783 -0.2992 0.1683
-0.3518 -0.2837 0.1670
-0.3518 -0.2435 0.1731
-0.3483 -0.3025 0.1759
-0.3406 -1.0779 0.2665
-0.3276 0.4578 0.4921
-0.3163 -0.3589 0.2452
-0.2809 -1.0796 0.2554
-0.2772 -0.9354 0.2316
-0.2776 -0.6780 0.4045
-0.2569 -1.0924 0.2708
-0.2432 0.6199 0.3580
-0.2415 -0.9692 0.2074
-0.2360 -0.6447 0.4067
-0.2306 -0.2313 0.2168
-0.2310 0.7294 0.4025
-0.2259 -1.0182 0.2181
-0.1871 -0.9234 0.2157
-0.1676 -0.1773 0.2706
-0.1571 -0.8634 0.2332
-0.1575 -0.2643 0.2729
-0.1404 -0.1210 0.3448
-0.1255 -0.1920 0.3053
-0.1176 0.6033 0.2439
-0.1045 -0.8545 0.2355
-0.0899 0.3248 0.4431
-0.0676 0.6199 0.2066
-0.0665 -0.8421 0.2454
-0.0485 -0.8813 0.2457
-0.0314 0.6335 0.1913
-0.0219 0.5797 0.1701
-0.0109 -0.5404 0.3444
-0.0091 -0.6266 0.2836
-0.0079 0.7318 0.2785
0.0123 -0.9155 0.2880
0.0255 0.5372 0.1465
0.0517 -0.5698 0.3104
0.0643 -0.7031 0.2563
0.0645 0.5937 0.1501
0.0693 -0.5689 0.3142
0.0753 0.4688 0.1509
0.0752 0.5673 0.1307
0.0813 0.9077 0.5089
0.0868 -1.2182 0.5457
0.0941 0.5440 0.1207
0.1025 0.5240 0.1160
0.1131 -0.8726 0.3109
0.1198 0.5125 0.1233
0.1298 0.4462 0.1695
0.1365 -0.7192 0.2885
0.1423 -0.1564 0.3468
0.1457 0.5098 0.1386
0.1582 0.7797 0.3757
0.1759 0.4305 0.2121
0.1778 -0.6998 0.3211
0.1893 -1.0496 0.4181
0.2104 -0.1967 0.2825
0.2341 -1.2610 0.6423
0.2646 -0.3549 0.3821
0.2797 0.4933 0.2851
0.2859 -0.0166 0.2370
0.2858 -0.0454 0.2191
0.2927 -0.1382 0.2155
0.2923 0.6053 0.3240
0.3079 -0.0356 0.2161
0.3253 -0.9359 0.4109
0.3388 -0.2523 0.2746
0.3496 0.2569 0.2256
0.3602 0.0120 0.2294
0.3729 -0.8286 0.3752
0.3943 -0.2680 0.3067
0.4085 -0.1482 0.2496
0.4102 0.3058 0.1798
0.4174 0.1810 0.1757
0.4190 0.7619 0.2741
0.4198 -0.0530 0.2373
0.4301 -0.9506 0.4541
0.4396 0.2665 0.1412
0.4518 0.1801 0.1584
0.4511 0.3441 0.2035
0.4525 0.2998 0.1588
0.4555 -0.6419 0.3756
0.4716 0.1925 0.1461
0.4811 0.6531 0.2715
0.4845 0.7511 0.2303
0.4905 -0.5789 0.3942
0.4958 0.0064 0.2724
0.4969 0.7373 0.2239
0.4961 0.1998 0.1467
0.4996 -0.3856 0.4151
0.5040 0.8375 0.2888
0.5159 -0.5986 0.4006
0.5171 0.6820 0.2460
0.5368 0.7652 0.2239
0.5424 0.2260 0.1673
0.5531 -0.6818 0.4157
0.5615 0.1994 0.1871
0.5641 0.0416 0.2788
0.5722 0.3738 0.2890
0.6185 0.2080 0.2486
0.6254 -0.8824 0.5628
0.6659 0.7862 0.2599
0.7378 0.0586 0.3657
0.7493 0.7442 0.2342
0.7736 0.7548 0.2225
0.7825 0.9317 0.3459
0.7846 0.7221 0.2259
0.8286 0.4313 0.1796
0.8251 0.5181 0.2263
0.8317 0.3918 0.1873
0.8340 0.2515 0.3100
0.8394 0.7094 0.2278
0.8702 -0.1938 0.6091
0.8704 0.4602 0.1593
0.8769 0.3914 0.1632
0.8766 0.4880 0.1758
0.8860 0.8792 0.2665
0.8852 0.1093 0.3333
0.8916 0.7827 0.2169
0.9139 0.7579 0.2282
0.9453 0.4867 0.1980
0.9517 0.0590 0.3636
0.9545 0.4162 0.1759
0.9645 0.1095 0.3289
0.9669 0.3986 0.1915
1.0106 0.3951 0.2409
1.0109 0.7319 0.3114
1.0422 -0.5844 0.9571
1.0505 0.2085 0.3264
1.0517 0.8391 0.3517
1.0599 0.9011 0.3990
1.0656 0.1400 0.3738
