points 
 2 
 1 
Tumour[19065]CD810NNCodensity
-1.2229 -1.0735 0.1906
-1.2183 -1.0040 0.1739
-1.2008 -0.9493 0.1845
-1.1799 -0.8643 0.1910
-1.2233 -0.7939 0.2190
-1.2024 -0.7269 0.1952
-1.2260 -0.4602 0.1731
-1.2283 -0.3535 0.1662
-1.2225 -0.3090 0.1585
-1.2285 -0.2662 0.1550
-1.2214 -0.1645 0.1812
-1.2159 -0.0945 0.1778
-1.2012 -0.0142 0.1426
-1.2307 0.0370 0.1538
-1.2199 0.0781 0.1358
-1.2140 0.1157 0.1288
-1.2210 0.1641 0.1441
-1.2244 0.3069 0.1562
-1.2263 0.3550 0.1624
-1.2233 0.4568 0.2127
-1.2152 0.5939 0.2161
-1.2276 0.6665 0.2110
-1.2055 1.0201 0.2330
-1.2159 1.1322 0.2037
-1.2031 1.1828 0.1817
-1.2243 1.2649 0.2085
-1.2280 1.3739 0.2912
-1.1923 0.8961 0.2145
-1.1292 0.6310 0.1873
-1.1951 -0.4503 0.1470
-1.2059 0.0444 0.1369
-1.1922 0.3222 0.1358
-1.2052 -1.0527 0.1638
-1.2043 -0.6605 0.1910
-1.1937 0.7043 0.1720
-1.1602 -0.3374 0.1437
-1.1895 -0.5539 0.1684
-1.1927 -0.2719 0.1317
-1.1853 0.1885 0.1226
-1.1684 0.4794 0.2024
-1.1818 1.2795 0.1815
-1.1908 -1.0988 0.1886
-1.1867 0.7515 0.1755
-1.1303 0.8107 0.1624
-1.1558 1.2265 0.1685
-1.1820 -0.2311 0.1411
-1.1420 1.0513 0.2069
-1.1489 -0.7994 0.1775
-1.1485 0.0639 0.1386
-1.1805 0.3491 0.1384
-1.1494 -0.1674 0.1520
-1.1561 -0.0528 0.1440
-1.1805 -0.6432 0.1788
-1.1158 -0.7221 0.1804
-1.1608 0.2553 0.1248
-1.1397 0.4050 0.1627
-1.1645 -0.4907 0.1447
-1.1375 0.1386 0.1201
-1.1636 0.2960 0.1287
-1.1566 -1.0678 0.1538
-1.1405 -0.6258 0.1741
-1.1636 0.6818 0.1634
-1.1424 1.1738 0.1691
-1.1531 -0.4384 0.1382
-1.1354 -0.2740 0.1399
-1.1512 0.9747 0.2029
-1.1361 0.7215 0.1594
-1.1325 -0.5232 0.1545
-1.1356 -0.0919 0.1487
-1.1176 0.2107 0.1214
-1.1348 -0.9094 0.1692
-1.1110 -0.4099 0.1508
-1.1230 -0.0003 0.1420
-1.1567 0.1690 0.1086
-1.1286 0.8955 0.1777
-1.1540 0.1732 0.1084
-1.0917 -0.9919 0.1565
-1.1208 0.2754 0.1458
-1.0994 1.2901 0.1876
-1.1026 -0.4808 0.1558
-1.1221 -1.0320 0.1512
-1.1019 -0.2121 0.1508
-1.1128 0.4620 0.1991
-1.0705 1.1011 0.2067
-1.0911 1.2128 0.1917
-1.0579 -0.6342 0.1932
-1.1089 -0.0435 0.1557
-1.0934 -0.3231 0.1584
-1.0527 0.9044 0.1646
-1.0665 -0.8885 0.1567
-1.0784 0.0388 0.1562
-1.0490 0.3737 0.2030
-1.0765 0.1462 0.1402
-0.8817 1.2465 0.2911
-1.0154 -0.8236 0.1744
-1.0592 0.1949 0.1471
-1.0601 0.7558 0.1802
-1.0834 0.8688 0.1548
-1.0106 0.2440 0.1816
-1.0724 1.3812 0.2542
-1.0509 -1.0961 0.2020
-1.0520 -0.8487 0.1644
-1.0734 -0.1646 0.1603
-1.0603 0.8042 0.1638
-1.0376 -0.4480 0.1660
-1.0386 0.0721 0.1464
-1.0486 -0.2251 0.1731
-1.0352 -0.1340 0.1664
-1.0377 -0.7590 0.1839
-1.0394 -0.3481 0.1558
-1.0263 -0.9217 0.1429
-1.0398 -1.0247 0.1565
-0.9840 0.8062 0.1906
-1.0420 0.5611 0.2372
-1.0234 1.3459 0.2504
-0.9973 -0.5796 0.1772
-0.9986 0.1536 0.1483
-1.0001 0.3055 0.2095
-1.0122 -0.9719 0.1457
-0.9962 0.4666 0.2231
-1.0013 0.6023 0.2528
-0.9883 1.0071 0.1642
-0.9933 0.0123 0.1515
-0.9591 0.7038 0.2550
-0.9869 0.9302 0.1701
-0.9962 -0.3644 0.1566
-0.9955 -0.0957 0.1687
-0.9963 1.0853 0.1654
-0.9967 1.3795 0.2986
-0.9669 -1.0759 0.2012
-0.9866 0.0867 0.1370
-0.9797 -0.4400 0.1610
-0.9886 -0.3121 0.1765
-0.9840 0.8872 0.1696
-0.9506 -0.9125 0.1653
-0.9762 -0.7284 0.1735
-0.9511 -0.5106 0.1513
-0.9481 -0.1093 0.1744
-0.9621 -0.0405 0.1630
-0.9362 -0.4014 0.1568
-0.9718 -0.9777 0.1501
-0.9654 0.1305 0.1431
-0.9073 -0.5515 0.1280
-0.8955 0.8776 0.1891
-0.9356 0.0978 0.1458
-0.9050 0.2002 0.1911
-0.9261 -0.9751 0.1733
-0.9479 -0.6082 0.1417
-0.9416 0.0404 0.1491
-0.9364 1.0720 0.1308
-0.9428 -0.7143 0.1622
-0.8883 -1.0801 0.2133
-0.9125 0.4088 0.2224
-0.9412 0.9863 0.1560
-0.9362 -0.3316 0.1808
-0.9297 -0.6288 0.1388
-0.8827 0.9938 0.1575
-0.9066 -0.6991 0.1604
-0.8884 -0.6162 0.1447
-0.9174 -0.0345 0.1669
-0.8985 1.0489 0.1326
-0.9197 1.1097 0.1444
-0.9215 1.1159 0.1496
-0.8860 -0.8181 0.1983
-0.8715 -0.9521 0.2066
-0.8696 0.1074 0.1650
-0.8970 1.1090 0.1512
-0.9000 -0.4994 0.1378
-0.8776 -0.1426 0.1785
-0.8850 0.3368 0.2053
-0.8851 0.4741 0.2627
-0.8753 -0.2108 0.2078
-0.8325 0.2783 0.1972
-0.8738 -0.4940 0.1392
-0.8260 -0.0488 0.1805
-0.8568 -0.4317 0.1726
-0.8447 -0.7104 0.1765
-0.8395 -0.3230 0.2174
-0.8502 -0.5868 0.1480
-0.8355 0.3667 0.2094
-0.8269 -0.5127 0.1414
-0.7440 0.7183 0.3029
-0.8188 0.9511 0.1520
-0.8107 0.0358 0.1888
-0.8079 1.0273 0.1677
-0.8225 0.1384 0.1748
-0.8180 0.7794 0.2423
-0.8101 0.8998 0.1659
-0.8033 -0.7966 0.1638
-0.7921 -1.0654 0.1743
-0.8003 -0.2089 0.1741
-0.7817 0.1072 0.1762
-0.8009 -1.1103 0.2032
-0.7096 1.3565 0.2561
-0.7948 -0.1275 0.1467
-0.7829 -0.7592 0.1664
-0.7870 -0.5596 0.1652
-0.7754 0.8271 0.2140
-0.7588 -0.0991 0.1462
-0.7660 1.0001 0.1662
-0.7113 -0.7375 0.1817
-0.7625 -0.5103 0.1591
-0.7465 0.3494 0.1877
-0.7722 0.9470 0.1549
-0.7631 -0.3695 0.2049
-0.7384 0.1367 0.1543
-0.7365 -0.9626 0.1762
-0.7613 -0.8099 0.1505
-0.7518 -0.0537 0.1677
-0.7480 -0.1599 0.1432
-0.7379 -1.0258 0.1605
-0.7426 0.2325 0.1536
-0.6884 0.8986 0.2090
-0.7102 -1.0995 0.1713
-0.7349 -1.0661 0.1590
-0.7327 0.2864 0.1486
-0.7221 -0.4739 0.1610
-0.6975 1.1760 0.2217
-0.7123 -0.8463 0.1500
-0.7273 0.9808 0.1735
-0.7163 -0.2199 0.1863
-0.7144 -0.7922 0.1618
-0.7152 -0.5216 0.1657
-0.7107 -0.1453 0.1441
-0.7177 -0.8941 0.1605
-0.7030 0.1692 0.1417
-0.6828 0.2249 0.1301
-0.6373 0.5494 0.2623
-0.6783 0.6224 0.3007
-0.6959 1.1249 0.2222
-0.6772 -0.3827 0.1828
-0.6936 -0.4340 0.1690
-0.6661 -0.6371 0.2038
-0.6862 -0.1744 0.1680
-0.6887 0.2933 0.1342
-0.6828 -1.0569 0.1534
-0.6886 -0.8791 0.1482
-0.6159 -0.5234 0.2046
-0.6435 -0.3385 0.1827
-0.6222 1.0777 0.2087
-0.6432 0.2552 0.1242
-0.6680 0.1118 0.1592
-0.6696 -0.0625 0.1591
-0.6624 1.2932 0.1717
-0.6306 -1.0905 0.1768
-0.6555 0.1561 0.1371
-0.6240 0.0920 0.1687
-0.6505 0.3077 0.1366
-0.6380 -0.0342 0.1730
-0.5397 -0.1480 0.1917
-0.6451 -0.5859 0.1961
-0.5829 0.2026 0.1584
-0.6231 -0.9374 0.1347
-0.6122 -0.4082 0.1868
-0.6168 0.3014 0.1469
-0.6280 0.9745 0.2126
-0.6236 1.2603 0.1514
-0.6034 -0.0835 0.1709
-0.5590 0.3588 0.2122
-0.5873 -0.7294 0.1750
-0.5875 -0.6706 0.1757
-0.5912 0.1416 0.1561
-0.6174 1.3282 0.1550
-0.5994 -0.2796 0.1757
-0.5993 -0.0171 0.1750
-0.5960 1.1831 0.1778
-0.5925 1.3541 0.1693
-0.6093 -0.9661 0.1385
-0.6009 -0.9038 0.1319
-0.5829 -0.9874 0.1391
-0.5976 0.2709 0.1491
-0.5993 1.2903 0.1415
-0.5733 0.8983 0.2397
-0.5762 -0.8698 0.1471
-0.5774 -1.0631 0.1663
-0.5786 -0.9259 0.1264
-0.5613 1.2568 0.1517
-0.5522 -0.7913 0.1550
-0.5464 -0.2275 0.1739
-0.5264 0.0931 0.1820
-0.5580 -1.1057 0.1954
-0.5609 -0.0655 0.1801
-0.5528 -0.2725 0.1570
-0.5020 0.4466 0.2012
-0.5466 1.1335 0.1945
-0.4919 0.6795 0.2293
-0.5572 0.5407 0.1948
-0.5311 -0.6267 0.1741
-0.5050 0.8538 0.2582
-0.4799 1.3297 0.1572
-0.5082 -0.8709 0.1590
-0.5245 1.0567 0.1923
-0.5296 -0.3628 0.1659
-0.5152 0.5234 0.1812
-0.5219 -0.7276 0.1307
-0.5170 -0.9589 0.1428
-0.4928 0.9407 0.2205
-0.5062 1.2722 0.1627
-0.4922 -0.4259 0.1942
-0.4809 0.1546 0.1784
-0.4947 1.3746 0.1861
-0.4722 -1.1073 0.2158
-0.5146 -0.2741 0.1484
-0.5025 -0.7846 0.1339
-0.4732 -0.3389 0.1414
-0.4799 -0.7154 0.1151
-0.4759 1.0177 0.1992
-0.4947 -1.0035 0.1606
-0.4489 1.1129 0.1912
-0.4788 -0.0207 0.1920
-0.4920 0.1925 0.1787
-0.4859 0.6033 0.1702
-0.4592 -0.9239 0.1754
-0.4715 -0.6262 0.1487
-0.4753 0.0504 0.1952
-0.4871 0.5731 0.1591
-0.4439 -1.0292 0.1739
-0.4576 0.3659 0.2263
-0.4371 1.2462 0.1663
-0.4590 -0.7907 0.1321
-0.4343 -0.1168 0.2069
-0.4380 0.5743 0.1564
-0.4530 1.0569 0.1924
-0.4447 0.2157 0.1949
-0.4346 -0.6596 0.1142
-0.4278 -0.4391 0.1656
-0.4070 0.4979 0.1693
-0.4119 -0.0108 0.2037
-0.3987 0.8692 0.2586
-0.4460 -0.1866 0.1874
-0.4472 -0.7004 0.1040
-0.4470 -0.2799 0.1399
-0.4260 -0.3155 0.1189
-0.4429 -0.7454 0.1068
-0.3958 0.6403 0.1826
-0.3888 0.7490 0.2460
-0.3924 0.1729 0.1810
-0.4095 -0.6004 0.1468
-0.3989 -0.3777 0.1237
-0.4123 1.2910 0.1408
-0.4033 -0.7527 0.1201
-0.4164 -0.7125 0.1043
-0.3887 0.4086 0.1989
-0.3936 -0.9449 0.1849
-0.4030 -1.0854 0.2194
-0.3210 1.1485 0.1907
-0.4179 1.3770 0.1811
-0.3776 1.1993 0.1748
-0.3897 -0.6671 0.1157
-0.3865 -0.3263 0.1017
-0.3726 0.2488 0.1864
-0.3646 1.3654 0.1690
-0.3465 -0.2541 0.1503
-0.3546 -0.6439 0.1274
-0.3479 -0.1137 0.1821
-0.3599 0.0308 0.1982
-0.3644 -0.7142 0.1281
-0.3603 -0.5676 0.1419
-0.3560 0.5848 0.1682
-0.3398 1.2586 0.1407
-0.3758 1.2886 0.1357
-0.3608 -0.4156 0.1269
-0.3635 -0.8145 0.1663
-0.3532 -0.5215 0.1360
-0.2879 0.9593 0.2563
-0.3455 -0.9863 0.1834
-0.3538 -0.3471 0.1061
-0.3658 -0.2877 0.1154
-0.3440 1.0830 0.2021
-0.3557 -0.3081 0.1056
-0.3097 0.3564 0.1842
-0.2907 0.8071 0.2701
-0.3424 -0.4539 0.1259
-0.3249 -0.8522 0.1786
-0.3034 0.1714 0.1664
-0.3354 0.4711 0.1680
-0.3306 0.5266 0.1613
-0.3271 -0.5032 0.1255
-0.3116 -0.3968 0.1264
-0.3209 1.0396 0.2162
-0.3015 0.2645 0.1622
-0.3293 -0.3121 0.1144
-0.3001 0.4381 0.1671
-0.2918 0.1015 0.1743
-0.3068 0.6162 0.1916
-0.3029 -0.6348 0.1377
-0.3037 1.3242 0.1383
-0.2898 -0.9875 0.1670
-0.2632 -0.8939 0.1721
-0.2922 -0.4643 0.1325
-0.3007 -0.7950 0.1539
-0.2961 -0.6662 0.1456
-0.2885 -0.0777 0.1415
-0.2857 -0.5240 0.1248
-0.2822 -0.1201 0.1501
-0.2512 0.5728 0.1884
-0.2901 1.2872 0.1345
-0.2531 0.0386 0.1423
-0.2816 0.1957 0.1553
-0.2701 -0.7327 0.1615
-0.2690 -0.3895 0.1412
-0.2534 -0.1515 0.1552
-0.2735 -0.5739 0.1247
-0.2372 -0.6140 0.1326
-0.2295 0.6865 0.2519
-0.2657 1.3136 0.1299
-0.2185 -0.7997 0.1778
-0.2610 0.0076 0.1368
-0.2157 0.4017 0.1893
-0.2424 1.2228 0.1629
-0.2359 -0.7579 0.1747
-0.2370 -0.0635 0.1233
-0.2497 -1.1107 0.1802
-0.2431 -0.3471 0.1389
-0.2219 1.0842 0.2025
-0.2481 -0.9913 0.1442
-0.2478 -0.3098 0.1401
-0.2470 -0.5423 0.1244
-0.2134 0.1975 0.1536
-0.2300 -0.1042 0.1308
-0.2268 0.3260 0.1734
-0.2137 0.4531 0.1769
-0.2232 0.5107 0.1789
-0.1979 1.1772 0.1887
-0.2112 1.3696 0.1851
-0.2019 -0.8646 0.1787
-0.1848 0.7768 0.2972
-0.2390 0.2513 0.1451
-0.2171 -0.0090 0.1228
-0.2390 -1.0780 0.1449
-0.2215 1.2869 0.1373
-0.2078 1.3363 0.1580
-0.1764 0.9914 0.2591
-0.1845 -0.9747 0.1328
-0.1915 0.0848 0.1633
-0.1850 -0.5029 0.1536
-0.2097 -0.3050 0.1345
-0.1968 -0.1733 0.1543
-0.1991 -1.0916 0.1380
-0.2161 -1.0124 0.1268
-0.1713 -0.3524 0.1373
-0.2097 0.2605 0.1455
-0.2002 -0.5740 0.1249
-0.1859 0.0310 0.1395
-0.1426 -0.0714 0.1650
-0.1438 -0.9061 0.1589
-0.1990 -0.0397 0.1299
-0.1507 0.5108 0.2086
-0.1825 -0.5991 0.1353
-0.1840 -0.2769 0.1283
-0.1668 1.2922 0.1653
-0.1504 -1.1082 0.1448
-0.1556 -0.6538 0.1625
-0.1612 -0.5545 0.1418
-0.1642 -0.2171 0.1413
-0.1640 -1.0539 0.1205
-0.1152 -0.7130 0.1817
-0.1275 0.2049 0.1520
-0.1300 -0.3040 0.1248
-0.1339 -0.2484 0.1307
-0.1499 0.2359 0.1426
-0.1368 0.0445 0.1587
-0.1228 -0.1567 0.1614
-0.0972 0.1454 0.1807
-0.1375 1.1629 0.2005
-0.1293 -0.4923 0.1600
-0.1530 -1.0219 0.1200
-0.1387 0.8549 0.3173
-0.0869 1.0542 0.2534
-0.1246 -0.9727 0.1277
-0.1143 -0.4043 0.1280
-0.0989 1.2932 0.2176
-0.1049 -1.0084 0.1301
-0.1110 0.2761 0.1433
-0.0821 0.5764 0.2264
-0.1016 1.1378 0.2197
-0.0681 -1.0389 0.1423
-0.1035 -0.6475 0.1523
-0.0927 -0.9356 0.1348
-0.0660 0.0713 0.1997
-0.0858 0.4632 0.2114
-0.0800 -0.0205 0.1902
-0.0961 -0.3424 0.1192
-0.0873 -0.2692 0.1335
-0.0792 -0.4599 0.1435
-0.0743 0.3093 0.1379
-0.0917 -1.1118 0.1594
-0.0742 -0.1820 0.1539
-0.0806 0.2477 0.1349
-0.0798 -0.4199 0.1209
-0.0769 -0.3654 0.1172
-0.0279 -0.3370 0.1360
-0.0394 -0.7311 0.1642
-0.0463 -0.6335 0.1454
-0.0602 -1.1077 0.1665
-0.0539 -0.3906 0.1184
-0.0174 0.2208 0.1601
-0.0355 -0.9597 0.1460
-0.0587 -0.8683 0.1552
-0.0281 -0.5953 0.1645
-0.0441 -0.2034 0.1491
-0.0210 -0.4557 0.1471
-0.0305 -0.6728 0.1413
-0.0299 0.4172 0.2070
-0.0182 0.6488 0.2076
-0.0334 -0.8764 0.1471
-0.0435 0.3269 0.1421
0.0016 -0.1475 0.1689
-0.0215 0.2960 0.1376
0.0005 0.3543 0.1639
-0.0139 -0.0620 0.1980
0.0383 0.9861 0.2868
-0.0102 -0.2786 0.1514
0.0707 0.7386 0.2278
0.0097 0.5776 0.1977
-0.0070 1.3636 0.2685
-0.0013 -1.1107 0.1997
0.0188 -0.2322 0.1537
-0.0018 -0.7811 0.1630
0.0013 -0.9271 0.1520
0.0311 -1.0425 0.1898
0.0057 1.1958 0.2534
0.0365 -0.6129 0.1474
0.0267 -0.4278 0.1543
0.0389 0.1145 0.1891
0.0198 -0.5575 0.1653
0.0533 -0.0307 0.2039
0.1096 0.8677 0.3190
0.0338 -0.8884 0.1466
0.0315 -0.6897 0.1489
0.0174 0.2886 0.1474
0.0224 -0.8148 0.1557
0.0759 -0.5322 0.1692
0.0393 0.6539 0.1812
0.0302 0.6932 0.1980
0.0435 -0.3010 0.1687
0.0561 1.3623 0.2660
0.0547 0.1722 0.1665
0.0718 1.0903 0.2252
0.0744 -0.6886 0.1438
0.0547 -0.1521 0.1652
0.0686 -0.4793 0.1662
0.1025 0.2691 0.1785
0.0469 -0.3857 0.1602
0.0684 0.0519 0.2089
0.0814 0.5700 0.2083
0.0775 0.6311 0.1799
0.0901 -0.9139 0.1464
0.1070 0.3504 0.2069
0.0931 -0.7832 0.1426
0.0844 -1.1082 0.2226
0.1182 -0.6266 0.1526
0.1163 -0.2403 0.1760
0.0908 0.2065 0.1607
0.1061 -0.1492 0.1617
0.1345 -0.4434 0.1696
0.1712 0.4915 0.2484
0.1430 1.1613 0.1916
0.1148 -0.9569 0.1534
0.1661 1.0132 0.2343
0.1153 -0.8457 0.1285
0.1205 0.1840 0.1660
0.1366 -0.3194 0.2010
0.1165 1.3018 0.2137
0.1190 1.3403 0.2361
0.1532 0.1317 0.1727
0.1902 0.6232 0.2499
0.1467 1.0882 0.2038
0.1738 -0.0665 0.1945
0.1439 -0.7275 0.1386
0.1478 -0.6694 0.1401
0.1646 -1.0873 0.1938
0.1685 -0.1891 0.1582
0.1412 -0.1181 0.1687
0.1646 1.2884 0.2126
0.1480 -0.8541 0.1260
0.1939 -0.5468 0.1716
0.1344 -0.6912 0.1380
0.1649 -0.9934 0.1400
0.1638 -0.9032 0.1226
0.1465 -0.8199 0.1353
0.1552 -0.3867 0.1911
0.1871 0.1699 0.1819
0.1979 0.0447 0.2112
0.1834 -0.4760 0.1735
0.2064 1.1178 0.2068
0.1902 0.3572 0.2116
0.1650 -0.8129 0.1382
0.2000 -0.7042 0.1457
0.1878 0.7392 0.2843
0.1883 -1.0421 0.1584
0.1858 -0.9639 0.1249
0.1961 1.1558 0.1975
0.2139 -0.5946 0.1664
0.2459 -0.4353 0.2002
0.2355 1.2045 0.2173
0.2246 -0.1307 0.1719
0.2414 -0.6431 0.1641
0.2173 -0.9180 0.1328
0.2236 0.3409 0.2056
0.2334 -0.9819 0.1266
0.2159 -0.2075 0.1669
0.2648 1.3146 0.2557
0.2395 -0.8966 0.1466
0.2732 -0.0263 0.2067
0.2566 0.1739 0.2076
0.2657 -0.9444 0.1386
0.2633 0.3583 0.2026
0.2899 -0.5451 0.1606
0.2749 -1.0448 0.1610
0.2598 -0.7407 0.1575
0.2638 -0.1915 0.1751
0.2918 0.4321 0.2009
0.3225 -0.8491 0.1798
0.2746 0.0802 0.1918
0.2609 -0.7687 0.1612
0.3113 0.4953 0.2217
0.2757 -0.4885 0.1777
0.2855 -0.2249 0.1845
0.3113 0.1398 0.1973
0.3718 0.2720 0.2194
0.2966 1.0014 0.2637
0.3117 -1.0176 0.1688
0.2853 -1.1108 0.2246
0.3261 0.3892 0.1975
0.3273 -0.2544 0.1921
0.3300 -0.6307 0.1780
0.3576 -0.1251 0.1801
0.3064 -0.7447 0.1471
0.3487 0.6295 0.2503
0.3881 1.2544 0.2344
0.3298 -0.9720 0.1666
0.3738 -0.3267 0.2267
0.3344 -0.5758 0.1779
0.3539 1.3458 0.2793
0.3412 0.9851 0.2599
0.3622 -0.4943 0.1915
0.3807 0.5539 0.2259
0.3497 -0.7565 0.1390
0.3703 0.0927 0.1776
0.3671 -0.0349 0.1660
0.3976 -0.9369 0.1693
0.4084 0.4342 0.1930
0.3936 -0.7486 0.1522
0.3751 -0.7149 0.1553
0.4166 -0.5465 0.2054
0.4161 1.0291 0.2200
0.4000 -0.1863 0.1677
0.4002 0.0289 0.1561
0.4214 0.7155 0.2596
0.3898 0.6728 0.2572
0.4267 1.1353 0.2204
0.4214 0.1540 0.1866
0.4036 -0.4371 0.2129
0.4033 -0.0413 0.1515
0.4268 -1.0810 0.1929
0.4738 0.5552 0.2375
0.4218 -0.7963 0.1630
0.4172 -0.8561 0.1713
0.4205 -0.7041 0.1771
0.4425 0.9268 0.2288
0.4311 0.0646 0.1629
0.4324 -0.1591 0.1526
0.4372 -0.9630 0.1668
0.4474 -0.8904 0.1716
0.4515 -0.3081 0.1900
0.4463 -0.0294 0.1416
0.5128 -0.1319 0.1525
0.4804 0.0292 0.1561
0.4616 -0.1943 0.1436
0.4630 -0.0808 0.1497
0.4675 -1.1069 0.2021
0.4665 -1.0635 0.1720
0.4797 0.3299 0.1417
0.4678 0.3770 0.1499
0.4956 1.0790 0.1933
0.4755 1.2498 0.2018
0.4710 0.2413 0.1676
0.5089 -0.5383 0.2129
0.4745 -0.2375 0.1506
0.5031 -0.4421 0.1976
0.5547 0.7855 0.2123
0.4869 0.2084 0.1820
0.4810 1.3488 0.2412
0.4888 0.8542 0.2271
0.5118 0.9710 0.1982
0.5045 -0.9282 0.1788
0.5076 0.4263 0.1597
0.5267 -0.6835 0.2022
0.5220 -1.0840 0.1830
0.5250 -0.0172 0.1575
0.4988 0.2646 0.1544
0.5068 1.1551 0.1877
0.5120 1.2317 0.1952
0.5175 1.3790 0.2631
0.5171 -0.9735 0.1766
0.5148 0.3713 0.1244
0.5346 -0.7683 0.1992
0.5517 -0.3178 0.1711
0.5230 0.2902 0.1412
0.5629 0.8816 0.1779
0.5454 -0.3896 0.1842
0.5528 1.0575 0.1852
0.5377 -0.2073 0.1366
0.5419 0.3904 0.1317
0.5475 0.6125 0.2415
0.5434 -0.0606 0.1583
0.5870 -1.0568 0.1923
0.5516 -0.1706 0.1423
0.5420 0.1194 0.2041
0.5819 0.0309 0.1733
0.5853 1.1538 0.1662
0.5470 -0.2556 0.1488
0.6376 -0.8502 0.1870
0.5707 -0.6285 0.2181
0.6060 0.3160 0.1540
0.6168 -0.5628 0.1960
0.6192 0.6169 0.2421
0.5659 -1.1125 0.2125
0.5632 -0.8061 0.1998
0.5745 -0.4289 0.1770
0.5732 0.3660 0.1329
0.5941 -0.6871 0.2150
0.6073 -0.0623 0.1715
0.6024 1.3718 0.2653
0.5864 0.4018 0.1535
0.5793 0.7007 0.2114
0.6034 -0.9331 0.1774
0.6242 1.2737 0.1972
0.6326 1.0623 0.1788
0.6738 -0.9971 0.1772
0.6181 0.9488 0.1651
0.6379 0.0821 0.1712
0.6636 0.6725 0.1903
0.6377 0.2185 0.2007
0.6262 -0.4584 0.1728
0.6253 -0.2336 0.1340
0.6334 -0.8957 0.1720
0.6202 -0.1963 0.1333
0.6338 0.9037 0.1563
0.6301 -0.1619 0.1474
0.6360 0.8398 0.1597
0.6434 1.1409 0.1562
0.6615 1.2176 0.1590
0.6915 -0.4105 0.1507
0.6432 -0.3605 0.1632
0.6822 0.0271 0.1474
0.6671 0.3728 0.1567
0.6812 0.9970 0.1790
0.7049 0.8641 0.1577
0.6519 -0.2753 0.1487
0.6876 -0.1677 0.1401
0.6764 0.9334 0.1584
0.6671 0.2900 0.1769
0.6973 -0.4869 0.1625
0.6656 -0.0424 0.1675
0.6965 0.1633 0.1619
0.6758 1.1100 0.1679
0.6704 -0.9062 0.1626
0.7273 1.2949 0.2029
0.6889 0.7676 0.1555
0.6881 1.1742 0.1470
0.6891 -0.2205 0.1305
0.6868 0.1152 0.1532
0.6887 -0.3348 0.1588
0.7172 -0.7376 0.2312
0.6963 -0.5622 0.1844
0.7067 0.7118 0.1645
0.7285 -0.0457 0.1493
0.6935 0.8142 0.1604
0.7127 -1.0670 0.1787
0.7195 1.2172 0.1557
0.7306 0.1029 0.1356
0.7332 -0.2339 0.1379
0.7289 -0.5344 0.1655
0.7063 0.3678 0.1688
0.7356 0.4387 0.2102
0.7315 0.3505 0.1827
0.7348 -1.1061 0.1899
0.7499 0.7812 0.1491
0.7523 0.9428 0.1723
0.7390 -0.1254 0.1560
0.7368 0.0296 0.1332
0.7625 0.2073 0.1803
0.7488 -0.9320 0.1390
0.7511 1.1853 0.1589
0.7579 0.7018 0.1609
0.7718 -0.5882 0.1696
0.7713 -0.6770 0.2171
0.7540 -0.3857 0.1359
0.7752 0.4037 0.2168
0.7817 -1.0590 0.1464
0.7589 -0.8648 0.1534
0.7593 -0.1711 0.1453
0.7582 -0.4547 0.1479
0.7964 0.1075 0.1449
0.7728 -0.9821 0.1396
0.7722 -0.3403 0.1398
0.7743 -1.1057 0.1705
0.7730 -0.0186 0.1329
0.7791 0.1545 0.1502
0.7986 -0.7489 0.2116
0.7868 0.0229 0.1246
0.8571 0.8252 0.1925
0.7852 -0.9232 0.1176
0.7891 -0.3918 0.1354
0.7911 -0.2495 0.1364
0.7858 -0.2101 0.1404
0.8096 0.5098 0.2416
0.7976 1.0034 0.1795
0.8391 1.1377 0.1919
0.8400 -0.4208 0.1459
0.8067 -0.8817 0.1185
0.8049 0.7365 0.1515
0.8037 1.1972 0.1776
0.8160 -0.3570 0.1395
0.8303 -0.0052 0.1261
0.8133 1.3150 0.2346
0.8303 -0.1057 0.1731
0.8780 -1.0466 0.1516
0.8173 0.0599 0.1327
0.8221 0.1896 0.1868
0.8520 -0.4764 0.1409
0.8490 -0.6004 0.1672
0.8220 -0.9582 0.1172
0.8344 -1.1045 0.1731
0.8173 0.9198 0.1773
0.8280 -0.2561 0.1315
0.8243 0.7643 0.1596
0.8449 1.0501 0.1873
0.8260 -0.0579 0.1449
0.8554 -0.3205 0.1354
0.8514 -0.9975 0.1348
0.8540 0.9837 0.1676
0.8409 -0.8162 0.1646
0.8557 0.6713 0.1943
0.8549 -0.8647 0.1294
0.8429 -0.9116 0.1128
0.8550 0.7232 0.1708
0.8385 -0.5190 0.1308
0.8707 0.9169 0.1782
0.8638 1.2138 0.1904
0.8986 0.1370 0.1711
0.8732 0.0276 0.1294
0.9064 0.0733 0.1517
0.8483 -0.5234 0.1309
0.8701 -0.2641 0.1218
0.8671 -0.9490 0.1211
0.8737 -0.5522 0.1440
0.8913 0.5112 0.2191
0.8991 -1.1025 0.1915
0.9065 -0.0441 0.1371
0.9278 1.3159 0.2314
0.9282 -0.8471 0.1869
0.8892 0.5821 0.2267
0.9021 -0.5300 0.1457
0.9367 1.0716 0.1713
0.9155 -0.2854 0.1123
0.8945 -0.9017 0.1354
0.9019 -0.2438 0.1181
0.9372 1.1662 0.1884
0.9063 0.0135 0.1363
0.9776 0.3953 0.2233
0.9448 0.4730 0.2115
0.9206 0.9895 0.1676
0.9303 -0.9816 0.1596
0.9397 -0.4430 0.1468
0.9305 -0.2153 0.1169
0.9379 -0.0210 0.1361
0.9561 0.7437 0.1946
0.9545 -0.6966 0.2024
0.9894 -0.7728 0.2119
0.9751 0.8805 0.1939
0.9571 -0.6232 0.1763
0.9537 -0.3951 0.1365
0.9453 -0.3072 0.1187
0.9581 -0.2464 0.1050
0.9827 -0.1742 0.1202
0.9835 -1.0722 0.1967
0.9761 -0.9960 0.1888
0.9647 0.1309 0.2064
0.9634 0.1748 0.2233
1.0022 0.2882 0.2284
0.9657 1.3217 0.2372
0.9893 -0.2752 0.1124
0.9576 -0.1358 0.1389
1.1455 1.3093 0.3017
0.9734 -0.0858 0.1345
0.9891 -0.0461 0.1365
0.9800 0.9795 0.1762
1.0143 -0.0038 0.1647
0.9776 1.2360 0.1985
0.9969 0.5114 0.1980
0.9914 -0.5033 0.1706
0.9782 -0.3311 0.1188
0.9879 -0.2177 0.1134
1.0035 0.7655 0.1973
0.9952 1.1335 0.1942
1.0105 -0.1118 0.1278
0.9795 -0.4180 0.1343
0.9965 -0.3713 0.1227
1.0041 0.6978 0.1961
1.0261 1.2816 0.2252
1.0280 -0.7030 0.1791
1.0513 0.4567 0.1976
1.0024 1.0680 0.1865
1.0239 -0.5968 0.1715
1.0210 -0.4553 0.1661
1.0554 -1.1004 0.2041
1.0124 -0.1923 0.1199
1.0389 1.0336 0.1979
1.0652 0.5690 0.1929
1.0492 0.6605 0.1778
1.0385 0.8701 0.1836
1.0840 -1.0205 0.1762
1.0408 -0.6482 0.1642
1.0513 -0.3243 0.1297
1.1025 0.7389 0.1973
1.0434 -0.3769 0.1454
1.0455 -0.2601 0.1200
1.0950 -0.8544 0.2249
1.0678 -0.5837 0.1762
1.1025 0.3569 0.1729
1.0850 0.9646 0.1803
1.0763 0.0081 0.2045
1.0768 0.3953 0.1879
1.0935 -0.7304 0.1983
1.0798 0.6170 0.1791
1.0848 0.2651 0.1861
1.0738 -0.0879 0.1454
1.0704 -0.2810 0.1230
1.0717 -0.1691 0.1212
1.0843 0.8783 0.1732
1.1047 -0.2725 0.1156
1.1016 1.1857 0.2299
1.0875 -0.1212 0.1405
1.1049 0.9100 0.1678
1.1482 -0.0357 0.2058
1.1233 -0.5996 0.1771
1.1169 -0.1652 0.1286
1.1282 0.2054 0.2044
1.1370 0.6104 0.1748
1.1521 0.8657 0.1664
1.1129 -0.2205 0.1116
1.1199 -1.0960 0.1716
1.1348 -0.9578 0.1667
1.1827 -0.8784 0.1714
1.1403 -0.3209 0.1332
1.1490 0.2624 0.1800
1.1890 0.4992 0.2122
1.1682 1.1776 0.2601
1.1230 -0.1910 0.1193
1.1859 0.4198 0.2112
1.1393 -0.2421 0.1112
1.1763 -0.7144 0.2084
1.1495 0.1694 0.2278
1.1464 -1.1094 0.1768
1.1617 0.3320 0.1836
1.1994 -1.0813 0.1612
1.1752 -0.4213 0.1722
1.1665 -0.9775 0.1451
1.1649 0.6724 0.1833
1.2239 -0.1762 0.1811
1.1815 -0.2407 0.1210
1.1759 -0.6120 0.1894
1.1871 -0.3644 0.1486
1.1850 -0.5226 0.1841
1.2042 -0.9366 0.1495
1.1878 -1.0415 0.1391
1.2044 -0.7978 0.2087
1.2099 0.7593 0.2149
1.1985 0.6295 0.1885
1.2316 -0.6402 0.2322
1.1925 -0.2919 0.1191
1.1981 0.9175 0.1594
1.2313 -0.5105 0.1945
1.2026 0.3240 0.2084
1.2150 0.9707 0.1878
1.2290 0.8620 0.1797
1.2220 -0.3320 0.1438
1.2184 -0.4542 0.1821
1.2418 0.5895 0.2262
1.2176 -0.2742 0.1289
1.2434 -1.0210 0.1602
1.2432 -0.0068 0.2595
1.2476 -0.9616 0.1608
1.2469 0.9337 0.1896
1.2488 1.1187 0.2864
1.2517 -0.2868 0.1646
1.2506 0.0774 0.2821
1.2505 0.1623 0.2730
1.2523 -0.8211 0.2231
1.2544 0.7937 0.2307
1.2539 -1.1012 0.2171
1.2525 -0.4541 0.2002
1.2566 0.5148 0.2559
1.2549 0.9806 0.2183
1.2573 -0.0884 0.2516
1.2582 1.2243 0.3500
1.2585 -0.9181 0.1793
