points 
 2 
 1 
Tumour[19065]FoxP310NNCodensity
-1.2498 -0.5538 0.7670
-1.2201 -1.1972 0.8279
-1.2188 -0.1864 0.7582
-1.2158 0.0348 0.7720
-1.1954 -0.4960 0.7286
-1.1908 0.9945 1.2433
-1.1115 -0.9807 0.5642
-1.0712 0.3235 0.7561
-1.0344 0.6811 0.8772
-0.9877 -0.0897 0.6075
-0.9661 -0.9106 0.4457
-0.8871 0.7552 0.7784
-0.8885 -0.0507 0.5530
-0.8671 -1.1101 0.4682
-0.8586 -0.6905 0.5650
-0.8485 -0.9030 0.3848
-0.8292 -0.9255 0.3759
-0.7874 -1.0209 0.3900
-0.7014 0.0971 0.4004
-0.6643 0.0963 0.3635
-0.6217 -1.0170 0.4225
-0.5861 -0.9792 0.4395
-0.5852 0.0556 0.3152
-0.5618 0.8099 0.6704
-0.5546 0.1038 0.2961
-0.5217 -0.8402 0.5484
-0.4998 0.3403 0.4645
-0.4748 0.2242 0.3535
-0.4627 0.3335 0.4645
-0.4549 0.7432 0.6053
-0.4540 -1.2696 0.6523
-0.4492 -0.0443 0.3362
-0.4391 -0.4148 0.4483
-0.4410 -0.2834 0.4218
-0.4269 -0.1026 0.3644
-0.4232 -0.0735 0.3538
-0.3719 0.1069 0.3775
-0.3695 0.7611 0.6060
-0.3566 0.7903 0.6255
-0.3431 -1.1410 0.6540
-0.3412 -0.3668 0.3784
-0.2978 -0.5193 0.4278
-0.2988 -1.2575 0.7802
-0.2259 -0.5454 0.4289
-0.1765 -0.4553 0.3910
-0.1403 -0.4416 0.4025
-0.1031 0.7391 0.6130
-0.0060 -0.3379 0.5096
0.0843 0.4623 0.7282
0.0962 -0.5615 0.4834
0.1028 0.4519 0.7383
0.1874 -0.5007 0.4753
0.1905 0.8779 0.7435
0.2266 0.8315 0.7203
0.2435 -0.7307 0.6424
0.2801 -0.0778 0.6461
0.3358 0.7494 0.6853
0.3755 -0.4737 0.4778
0.4016 -0.3581 0.4633
0.4197 -0.3535 0.4689
0.4928 -0.1047 0.5392
0.5153 -0.2462 0.5140
0.5653 -0.8051 0.8714
0.6631 0.3399 0.4054
0.6765 0.2915 0.3621
0.6869 0.7296 0.6390
0.6944 0.1487 0.3498
0.7775 0.3875 0.3611
0.7968 0.2264 0.2750
0.8155 0.0272 0.4014
0.8720 -0.3394 0.6949
0.8732 0.0387 0.3960
0.8797 0.2642 0.2813
0.8913 0.2694 0.2870
0.9000 0.7825 0.4655
0.9135 0.0984 0.3543
1.0174 0.9469 0.3962
1.0189 0.3922 0.4066
1.0262 0.3802 0.4021
1.0373 0.8635 0.3467
1.0724 -0.2813 0.7738
1.0761 0.8763 0.3375
1.0988 0.8220 0.3422
1.1799 0.1502 0.5155
1.1823 0.7818 0.3788
1.2095 1.1910 0.6906
1.2164 0.7881 0.4020
1.2187 1.0735 0.5461
1.2273 0.2073 0.5511
1.2422 0.5968 0.5200
