points 
 2 
 1 
Tumour[19065]CD810NNCodensity
-1.1932 -0.7897 0.1889
-1.1961 -0.6839 0.1735
-1.1954 -0.4432 0.1957
-1.1836 0.1434 0.1746
-1.2033 0.4209 0.2381
-1.1982 0.6304 0.2278
-1.1903 0.8301 0.1598
-1.1945 1.0330 0.1306
-1.1910 -0.5079 0.1899
-1.1870 -0.1356 0.2306
-1.1804 0.7574 0.1616
-1.1774 0.9817 0.1187
-1.1759 0.0478 0.2083
-1.1760 0.9389 0.1306
-1.1659 1.0217 0.1095
-1.1680 -0.2156 0.2340
-1.1708 0.3095 0.1418
-1.1697 -0.1481 0.2175
-1.1659 0.5141 0.2303
-1.1697 1.0844 0.1309
-1.1636 -1.0129 0.2284
-1.1629 0.2054 0.1402
-1.1522 -0.7704 0.1429
-1.1567 0.3272 0.1454
-1.1513 0.3573 0.1718
-1.1513 -0.6346 0.1568
-1.1555 -0.3679 0.1916
-1.1444 0.5468 0.2132
-1.1528 0.7449 0.1473
-1.1518 0.9722 0.1114
-1.1422 0.0884 0.1707
-1.1514 -0.4469 0.1554
-1.1469 0.7122 0.1615
-1.1415 0.9039 0.1271
-1.1357 0.1690 0.1408
-1.1452 0.3052 0.1304
-1.1478 0.7882 0.1330
-1.1255 0.2248 0.1258
-1.1409 -0.0237 0.2099
-1.1391 1.0928 0.1227
-1.1401 -0.1445 0.2114
-1.1373 0.2732 0.1224
-1.1337 -0.7310 0.1241
-1.1382 0.8785 0.1297
-1.1395 1.0208 0.1103
-1.1310 -0.6661 0.1294
-1.1171 -0.4769 0.1426
-1.1249 1.1371 0.1301
-1.1140 -0.8036 0.1428
-1.1174 -0.0047 0.2062
-1.1068 1.0939 0.1270
-1.1139 1.1946 0.1551
-1.0960 -0.9912 0.1570
-1.0903 -0.9115 0.1643
-1.1161 -0.4527 0.1427
-1.1081 -0.9575 0.1672
-1.1009 -1.1572 0.2400
-1.1025 0.9898 0.1347
-1.1065 -0.6728 0.1250
-1.1065 -0.7505 0.1270
-1.1059 0.1174 0.1682
-1.0961 -0.4306 0.1571
-1.0881 1.1392 0.1208
-1.0897 -0.5922 0.1457
-1.0892 0.6631 0.1838
-1.0879 -1.0768 0.1756
-1.0893 0.2608 0.1457
-1.0873 0.8307 0.1308
-1.0856 -0.2760 0.2161
-1.0385 0.5142 0.1937
-1.0815 0.5931 0.1744
-1.0632 -0.5177 0.1651
-1.0763 0.8018 0.1354
-1.0790 0.8671 0.1275
-1.0764 -0.8120 0.1357
-1.0681 1.1812 0.1367
-1.0686 0.2063 0.1703
-1.0653 0.9342 0.1351
-1.0605 -0.2733 0.2172
-1.0622 1.2068 0.1601
-1.0604 -0.6572 0.1275
-1.0486 -1.0465 0.1563
-1.0476 1.2258 0.1865
-1.0371 -0.5927 0.1435
-1.0370 0.9045 0.1327
-1.0272 -1.1714 0.1968
-1.0148 -0.8810 0.1273
-1.0351 0.7626 0.1462
-1.0035 0.5536 0.1592
-1.0214 -0.9605 0.1351
-1.0176 -0.7997 0.1120
-1.0175 -0.7655 0.1190
-1.0200 -0.6521 0.1355
-1.0161 -0.3996 0.2238
-1.0098 1.0696 0.1805
-0.9966 -0.9174 0.1278
-1.0059 -0.1950 0.2165
-0.9944 0.8008 0.1137
-1.0066 1.0978 0.1751
-1.0034 -0.6036 0.1493
-0.9881 0.0132 0.2471
-1.0021 0.9607 0.1575
-0.9970 -1.0883 0.1614
-0.9714 -1.0315 0.1484
-0.9972 0.8911 0.1206
-0.9920 -0.8103 0.1054
-0.9726 -0.9758 0.1369
-0.9939 -0.7222 0.1217
-0.9903 0.4101 0.2671
-0.9782 0.6579 0.1385
-0.9709 -0.7608 0.1022
-0.9937 0.7568 0.1346
-0.9726 -0.8623 0.1166
-0.9579 0.5689 0.1452
-0.9718 0.6330 0.1269
-0.9511 -1.1898 0.1917
-0.9758 0.8376 0.1085
-0.9672 -0.8111 0.1061
-0.9672 -0.6793 0.1401
-0.9643 0.6085 0.1247
-0.9224 -1.1170 0.1541
-0.9649 0.8062 0.1007
-0.9444 0.8875 0.1254
-0.9498 -0.5342 0.2131
-0.9358 -0.9288 0.1291
-0.9406 0.9566 0.1500
-0.9307 0.6559 0.1362
-0.9429 0.8504 0.1100
-0.9245 -0.8909 0.1279
-0.9144 -0.8223 0.1351
-0.9025 0.6009 0.1472
-0.9097 -1.0321 0.1346
-0.9263 -0.0969 0.2073
-0.9276 0.0037 0.2479
-0.9152 1.1299 0.1455
-0.9264 -0.7351 0.1211
-0.9226 -0.2132 0.1811
-0.9216 0.7870 0.1009
-0.9120 -1.2254 0.2049
-0.9145 -0.7582 0.1239
-0.8952 -0.0543 0.2177
-0.9056 -1.1734 0.1697
-0.8996 0.6324 0.1420
-0.8947 -0.9327 0.1284
-0.8945 0.3307 0.2184
-0.8999 0.7666 0.1102
-0.8991 0.8104 0.1000
-0.8988 -0.2499 0.1731
-0.8936 -0.1373 0.1904
-0.8937 1.0718 0.1582
-0.8932 1.1908 0.1571
-0.8906 -0.7373 0.1462
-0.8709 -1.0517 0.1264
-0.8845 1.0207 0.1677
-0.8873 0.7934 0.0985
-0.8788 0.9302 0.1408
-0.8828 1.1661 0.1379
-0.8841 -0.5682 0.2186
-0.8338 -1.0854 0.1303
-0.8686 1.1487 0.1327
-0.8540 0.9189 0.1303
-0.8572 -0.2830 0.1687
-0.8610 1.0099 0.1684
-0.8616 -0.6518 0.1711
-0.8470 0.7366 0.1320
-0.8538 -1.0150 0.1149
-0.8534 -0.1700 0.1894
-0.8470 0.8264 0.1127
-0.8486 -0.3411 0.1964
-0.8386 0.7954 0.1012
-0.8425 1.2060 0.1604
-0.8407 -0.9779 0.1150
-0.8317 0.3953 0.1811
-0.8370 1.1711 0.1379
-0.8356 -0.9357 0.1250
-0.8314 -0.9139 0.1284
-0.8091 0.6438 0.1616
-0.8228 -0.9990 0.1168
-0.8233 0.1913 0.2098
-0.7953 0.3653 0.1557
-0.8163 0.7490 0.1257
-0.8043 0.8578 0.0968
-0.8224 -0.3014 0.1669
-0.8068 -1.1448 0.1393
-0.8043 -0.8356 0.1286
-0.8151 0.4283 0.2043
-0.8065 0.9079 0.1028
-0.8100 -1.0330 0.1236
-0.7877 -0.8639 0.1190
-0.8041 0.0773 0.2276
-0.7885 0.2914 0.1523
-0.7924 -0.6767 0.1528
-0.7945 0.8059 0.1064
-0.7804 -1.1156 0.1232
-0.7986 0.3303 0.1461
-0.7948 -1.2615 0.1978
-0.7968 -0.6310 0.1693
-0.7941 -0.3458 0.1992
-0.7786 1.2106 0.1776
-0.7743 -1.1725 0.1297
-0.7668 -0.8019 0.1258
-0.7764 -0.8228 0.1193
-0.7755 -0.2490 0.1898
-0.7789 0.2404 0.1692
-0.7701 0.9231 0.1026
-0.7722 0.0635 0.2252
-0.7549 0.8126 0.1088
-0.7748 0.8873 0.0877
-0.7709 0.5974 0.1653
-0.7697 0.8869 0.0889
-0.7697 0.8898 0.0891
-0.7573 -0.6814 0.1522
-0.7605 -0.8807 0.1160
-0.7578 -0.7123 0.1533
-0.7546 1.1339 0.1553
-0.7131 -1.2522 0.1703
-0.7519 -1.1912 0.1291
-0.7549 -0.7586 0.1418
-0.7563 0.4329 0.2158
-0.7463 0.7849 0.1227
-0.7379 0.6850 0.1408
-0.7144 -1.1740 0.1285
-0.7138 -1.1312 0.1192
-0.7327 -0.9506 0.1249
-0.7417 0.1694 0.1908
-0.7398 -1.0731 0.1280
-0.7231 -0.9754 0.1263
-0.7311 -0.5863 0.1910
-0.7333 0.6369 0.1314
-0.7360 1.0626 0.1383
-0.7284 0.9765 0.1226
-0.7242 0.2689 0.1618
-0.7284 0.7429 0.1461
-0.7198 0.8041 0.1356
-0.7264 1.0338 0.1261
-0.7260 1.0923 0.1377
-0.7211 -0.8394 0.1166
-0.7188 0.9051 0.1169
-0.7118 0.0221 0.2281
-0.7111 0.3001 0.1724
-0.7121 0.6133 0.1265
-0.6939 -0.9398 0.1148
-0.7107 -0.3221 0.1883
-0.6986 -0.9912 0.1218
-0.6953 0.9566 0.1145
-0.6803 1.1771 0.1505
-0.6979 -1.0885 0.1205
-0.6829 -0.8460 0.1336
-0.6883 -0.3346 0.1852
-0.6896 0.5968 0.1339
-0.6826 -1.0189 0.1199
-0.6853 -0.8998 0.1157
-0.6887 -0.5098 0.2409
-0.6628 1.1450 0.1299
-0.6686 -1.2269 0.1574
-0.6682 -0.8866 0.1231
-0.6752 -0.6258 0.1876
-0.6756 1.0091 0.1010
-0.6749 -1.0688 0.1223
-0.6662 0.6528 0.1468
-0.6641 0.0299 0.2075
-0.6648 0.6089 0.1379
-0.6586 0.9647 0.1090
-0.6617 1.0320 0.1034
-0.6539 0.1847 0.1866
-0.6492 -1.0888 0.1338
-0.6307 -0.1857 0.1511
-0.6367 0.8979 0.1441
-0.6323 0.9946 0.1044
-0.6380 1.0870 0.1211
-0.6367 1.1773 0.1474
-0.6131 -0.9201 0.1230
-0.6201 -0.1339 0.1718
-0.6287 -1.2301 0.1589
-0.6175 1.1486 0.1328
-0.6239 -0.6574 0.2152
-0.6157 -1.0352 0.1513
-0.6184 0.5376 0.1932
-0.6164 0.5799 0.1699
-0.6077 -0.4036 0.1764
-0.6152 -0.2201 0.1315
-0.6080 0.2447 0.1449
-0.6117 1.0262 0.1052
-0.6138 1.0565 0.1152
-0.5967 -0.8328 0.1690
-0.6137 0.9104 0.1347
-0.6023 -0.6528 0.2245
-0.5956 -0.3111 0.1511
-0.6000 -0.2346 0.1263
-0.5930 0.3046 0.1439
-0.5785 -0.4754 0.1957
-0.5828 -0.1747 0.1284
-0.5628 -0.0197 0.1902
-0.5709 0.2139 0.1436
-0.5820 0.9097 0.1479
-0.5843 -0.2642 0.1348
-0.5659 -1.1907 0.1251
-0.5791 -1.2590 0.1791
-0.5800 0.2670 0.1346
-0.5773 1.1838 0.1493
-0.5709 0.9535 0.1315
-0.5717 -1.1206 0.1353
-0.5739 -0.4272 0.1773
-0.5696 -0.3623 0.1582
-0.5635 0.0491 0.1839
-0.5424 0.1484 0.1713
-0.5716 0.5045 0.2287
-0.5740 1.0462 0.1332
-0.5726 -0.9292 0.1214
-0.5737 0.0746 0.1757
-0.5583 -1.1525 0.1196
-0.5686 -0.9091 0.1227
-0.5529 0.9920 0.1455
-0.5613 -0.9956 0.1541
-0.5594 0.3306 0.1453
-0.5566 -0.9262 0.1231
-0.5506 -0.2214 0.1296
-0.5415 0.0877 0.1833
-0.5287 -0.1506 0.1481
-0.5468 0.3920 0.1915
-0.5412 0.6759 0.2623
-0.5363 1.1538 0.1477
-0.5351 -1.1839 0.1113
-0.5243 0.1975 0.1654
-0.5247 -0.9285 0.1259
-0.5232 -0.1030 0.1643
-0.5151 0.2849 0.1441
-0.5053 -1.1511 0.1072
-0.5117 0.3776 0.1874
-0.5046 -1.1073 0.1277
-0.5022 1.2157 0.1810
-0.4922 -0.8700 0.1692
-0.4998 -0.5528 0.1850
-0.5014 0.3118 0.1544
-0.4915 -1.1818 0.1112
-0.4895 -0.6147 0.1953
-0.4907 -0.3378 0.1480
-0.4895 0.8876 0.2062
-0.4897 1.1045 0.1572
-0.4905 -0.2561 0.1528
-0.4763 -1.1333 0.1192
-0.4637 -1.0065 0.1510
-0.4770 -0.0532 0.1984
-0.4652 -0.3854 0.1638
-0.4642 -0.4990 0.1763
-0.4558 -0.3444 0.1596
-0.4488 1.0719 0.1591
-0.4689 1.1931 0.1647
-0.4626 -0.7499 0.2218
-0.4571 -0.1688 0.1593
-0.4660 1.1888 0.1624
-0.4509 -1.0597 0.1467
-0.4595 -0.5340 0.1755
-0.4567 0.7441 0.3176
-0.4534 -1.2050 0.1394
-0.4448 -0.9743 0.1554
-0.4409 -0.9162 0.1741
-0.4483 -0.2747 0.1568
-0.4385 -0.4162 0.1824
-0.4370 0.9210 0.1997
-0.4374 -0.1070 0.1765
-0.4304 0.9975 0.1720
-0.4273 -0.6173 0.1949
-0.4213 1.0440 0.1620
-0.4136 -1.2080 0.1636
-0.4109 -0.7712 0.2035
-0.4142 0.5137 0.2982
-0.4063 -1.0757 0.1517
-0.4094 -0.1951 0.1600
-0.4039 -1.1870 0.1561
-0.4066 -1.0542 0.1505
-0.3842 -0.6120 0.2062
-0.3849 -0.2943 0.1810
-0.3829 1.1035 0.1572
-0.3776 -0.7477 0.2018
-0.3799 1.1354 0.1602
-0.3605 0.2242 0.2084
-0.3704 0.3068 0.1842
-0.3633 0.9402 0.1925
-0.3620 0.1448 0.2609
-0.3532 0.3761 0.2150
-0.3623 0.2818 0.1846
-0.3475 -0.0507 0.2254
-0.3388 -0.9594 0.1597
-0.3444 -0.2071 0.1617
-0.3434 0.4399 0.2478
-0.3359 -0.8019 0.1926
-0.3355 -0.4898 0.2263
-0.3329 -1.1786 0.1993
-0.3359 0.2750 0.1933
-0.3299 -0.1220 0.1828
-0.3177 0.7650 0.2917
-0.3202 -0.1905 0.1673
-0.3238 0.9652 0.1885
-0.3132 -1.0074 0.1582
-0.3226 -0.9245 0.1535
-0.3171 1.0889 0.1596
-0.3156 -0.8694 0.1660
-0.3096 -1.0889 0.1798
-0.2962 -0.3904 0.2070
-0.2972 1.2115 0.2040
-0.2909 -0.8464 0.1722
-0.2803 -0.1804 0.1764
-0.2903 0.0272 0.2914
-0.2784 1.1376 0.1683
-0.2773 0.8711 0.2095
-0.2711 -0.6703 0.2081
-0.2668 0.9715 0.1912
-0.2629 -0.9973 0.1502
-0.2597 1.1143 0.1717
-0.2420 -1.0742 0.1691
-0.2609 -0.2385 0.1780
-0.2466 -0.9277 0.1482
-0.2522 1.0878 0.1821
-0.2531 -0.3431 0.1903
-0.2434 -0.4721 0.2063
-0.2324 -0.3415 0.1864
-0.2267 -0.6330 0.1804
-0.2292 0.2796 0.2156
-0.2211 1.2250 0.2161
-0.2200 0.4923 0.1942
-0.2204 0.8604 0.2030
-0.2110 -0.8953 0.1694
-0.2105 -0.5663 0.1744
-0.2036 -1.2016 0.1820
-0.1884 0.5409 0.2176
-0.2013 -1.1700 0.1701
-0.1992 -0.6327 0.1652
-0.1944 -1.0335 0.1667
-0.1885 -0.7346 0.1857
-0.1851 -0.3287 0.1766
-0.1812 1.2268 0.2363
-0.1810 -0.1310 0.1633
-0.1815 0.1972 0.2368
-0.1734 0.4380 0.1427
-0.1727 -0.8559 0.1741
-0.1668 0.7007 0.2961
-0.1635 -0.9572 0.1709
-0.1625 0.8816 0.1894
-0.1550 -1.1187 0.1554
-0.1587 -0.5149 0.1922
-0.1642 -0.1943 0.1502
-0.1312 -0.1531 0.1124
-0.1616 0.9753 0.1993
-0.1553 -1.0452 0.1669
-0.1522 0.0745 0.2511
-0.1453 -1.2187 0.1657
-0.1392 -0.3094 0.1669
-0.1524 0.4505 0.1347
-0.1452 -0.5701 0.1725
-0.1380 0.2898 0.1720
-0.1393 0.3874 0.1425
-0.1486 0.4459 0.1329
-0.1342 0.4915 0.1673
-0.1341 0.9404 0.1840
-0.1241 -1.1571 0.1502
-0.1232 -0.7618 0.1818
-0.1201 -0.6456 0.1719
-0.0985 0.3764 0.1482
-0.1157 -0.2517 0.1380
-0.1117 -0.5070 0.2069
-0.1147 -0.1172 0.1069
-0.1058 0.8785 0.1966
-0.1089 1.2235 0.2851
-0.1106 -0.7912 0.1845
-0.1072 -1.2604 0.1881
-0.1010 -0.7189 0.1851
-0.1056 0.3162 0.1598
-0.0974 -0.1154 0.0993
-0.0979 -0.0840 0.1169
-0.0861 -0.8695 0.1863
-0.0814 -1.2261 0.1636
-0.0776 -0.2008 0.1046
-0.0787 -0.1543 0.0971
-0.0752 0.2755 0.1681
-0.0761 -0.9212 0.1832
-0.0808 -0.4001 0.2016
-0.0695 1.2034 0.3141
-0.0663 0.0670 0.1837
-0.0495 -1.0322 0.1678
-0.0605 0.4219 0.1723
-0.0558 -0.6523 0.2184
-0.0583 -0.2780 0.1405
-0.0589 0.6816 0.2720
-0.0523 -1.1640 0.1628
-0.0535 -1.0769 0.1680
-0.0505 -0.3796 0.1882
-0.0516 -0.2252 0.1075
-0.0559 -0.1872 0.1037
-0.0516 0.1111 0.1759
-0.0540 0.8998 0.2091
-0.0506 -0.0824 0.1079
-0.0502 0.2517 0.1733
-0.0280 -1.2541 0.1827
-0.0380 -0.9959 0.1628
-0.0383 -0.1418 0.1005
-0.0424 -0.0186 0.1576
-0.0325 0.9126 0.2152
-0.0324 1.0196 0.2708
-0.0216 -0.2210 0.1067
-0.0244 -0.0952 0.1067
-0.0084 0.2430 0.1758
-0.0024 -0.1036 0.1176
0.0042 -0.2679 0.1411
-0.0050 0.6346 0.2466
0.0135 -0.1540 0.1214
0.0155 0.1057 0.1615
0.0146 0.1841 0.1600
0.0239 -0.9932 0.1441
0.0381 -0.0185 0.1551
0.0271 0.0816 0.1602
0.0339 -1.1177 0.1817
0.0303 -0.8669 0.1649
0.0389 -0.0735 0.1362
0.0350 0.1194 0.1606
0.0332 0.5749 0.2280
0.0389 -0.3839 0.1629
0.0395 -0.2234 0.1370
0.0413 0.4418 0.2415
0.0607 0.6118 0.2304
0.0419 -1.1762 0.1563
0.0536 -1.0177 0.1508
0.0504 -0.9517 0.1296
0.0473 -0.8794 0.1505
0.0478 -0.3618 0.1592
0.0482 -0.1938 0.1421
0.0478 0.3703 0.2249
0.0561 0.8164 0.2734
0.0593 -0.5761 0.2666
0.0618 -1.2450 0.1498
0.0826 -0.0500 0.1750
0.0715 -0.9389 0.1229
0.0678 0.2532 0.1910
0.0849 -0.3941 0.1609
0.0895 -0.3518 0.1592
0.0950 -0.2505 0.1820
0.0879 -1.2608 0.1474
0.1100 -1.0122 0.1577
0.1179 0.7383 0.2650
0.1154 -0.9190 0.1265
0.1141 -0.0097 0.2019
0.1165 0.2109 0.1847
0.1166 0.4537 0.2332
0.1149 -1.2489 0.1296
0.1152 -1.2060 0.1128
0.1156 -1.1947 0.1153
0.1226 -0.8426 0.1566
0.1248 -0.4765 0.1930
0.1232 -0.4382 0.1737
0.1326 0.5942 0.2394
0.1222 1.0182 0.2982
0.1414 -0.9168 0.1310
0.1397 0.8526 0.2823
0.1447 -0.5741 0.2597
0.1485 -0.8760 0.1365
0.1497 0.0778 0.2172
0.1469 0.1607 0.1949
0.1633 -1.1718 0.1116
0.1621 -1.1220 0.1461
0.1775 -1.0175 0.1669
0.1875 -0.8327 0.1901
0.1870 -0.3603 0.1830
0.1792 -1.2365 0.1204
0.1885 -1.1037 0.1493
0.1948 1.1498 0.2328
0.2031 -0.2577 0.2011
0.2031 0.2107 0.1980
0.2022 0.2649 0.1794
0.2094 -0.8984 0.1577
0.2035 -0.6027 0.2730
0.2258 0.3381 0.1429
0.2076 0.6112 0.2557
0.2047 -1.1871 0.1079
0.2201 -0.3605 0.2034
0.2119 -1.2237 0.1207
0.2251 1.2106 0.2432
0.2513 0.4118 0.1268
0.2336 -1.1798 0.1128
0.2511 -0.2378 0.2080
0.2399 -0.1007 0.2751
0.2468 0.3684 0.1199
0.2407 -0.9440 0.1626
0.2409 -1.2207 0.1297
0.2468 -1.0560 0.1537
0.2538 -0.4382 0.2211
0.2499 0.9979 0.2077
0.2629 0.4470 0.1377
0.2683 0.4924 0.1716
0.2757 0.3151 0.1242
0.2677 -0.9889 0.1576
0.2707 -0.2079 0.2235
0.2686 0.3791 0.1095
0.2806 1.1336 0.1650
0.2829 1.0913 0.1696
0.2858 -0.1844 0.2434
0.3227 0.4903 0.1500
0.2902 -1.1699 0.1249
0.2928 -1.1280 0.1289
0.3003 -0.5678 0.2305
0.2921 0.7387 0.2581
0.2969 -1.0803 0.1443
0.3104 0.3529 0.1128
0.3156 1.2190 0.2031
0.3128 0.9108 0.1604
0.3173 1.0773 0.1628
0.3210 0.3022 0.1308
0.3430 0.4020 0.1193
0.3201 0.8620 0.1592
0.3249 -0.9768 0.1451
0.3196 -1.2087 0.1494
0.3256 -0.8910 0.1842
0.3280 0.2230 0.1505
0.3413 0.3659 0.1223
0.3341 1.0489 0.1611
0.3411 -1.0985 0.1388
0.3411 0.8718 0.1454
0.3404 0.9024 0.1452
0.3427 -1.1581 0.1269
0.3493 0.2649 0.1377
0.3599 -0.9892 0.1400
0.3550 -0.4823 0.1932
0.3589 0.4413 0.1257
0.3602 -0.5065 0.1886
0.3653 0.1153 0.1577
0.3646 0.1667 0.1314
0.3725 0.9487 0.1573
0.3617 1.1016 0.1602
0.4162 0.5202 0.1512
0.3691 0.5639 0.1922
0.3778 0.0773 0.1958
0.3898 0.4480 0.1369
0.3783 0.8750 0.1414
0.3740 1.2301 0.2271
0.3824 -0.8995 0.1822
0.3912 -1.0248 0.1356
0.3777 -0.2963 0.2498
0.3801 0.1510 0.1289
0.3912 -0.5064 0.1771
0.4072 0.3950 0.1436
0.4030 -0.9916 0.1390
0.4056 0.2456 0.1352
0.4019 1.2128 0.2259
0.4058 -1.1538 0.1275
0.4102 0.2651 0.1444
0.4074 0.8224 0.1573
0.4173 0.1024 0.1644
0.4272 -1.1096 0.1337
0.4109 -1.1784 0.1279
0.4226 0.1856 0.1298
0.4345 0.4298 0.1461
0.4271 -0.8998 0.1892
0.4223 -0.6792 0.3102
0.4322 0.7737 0.1501
0.4413 -1.1792 0.1254
0.4394 1.0886 0.1768
0.4476 -1.2171 0.1420
0.4463 -1.0158 0.1401
0.4509 -0.5792 0.2112
0.4589 0.5656 0.1341
0.4568 0.9427 0.1691
0.4559 1.0097 0.1599
0.4547 1.0627 0.1674
0.4596 -0.2870 0.2436
0.4571 0.3121 0.1727
0.4526 0.7237 0.1461
0.4618 -1.0855 0.1359
0.4980 0.5165 0.1218
0.4843 0.7467 0.1172
0.4707 -0.4498 0.1852
0.4904 0.8274 0.1368
0.4724 -1.2609 0.1778
0.4721 -0.5292 0.1921
0.5071 -0.4080 0.2063
0.4800 -1.0209 0.1463
0.4838 -0.2901 0.2437
0.4798 0.1499 0.1748
0.4910 0.5994 0.1259
0.4892 0.2023 0.1749
0.4984 1.0152 0.1492
0.4914 -1.2465 0.1599
0.4949 -0.4429 0.1929
0.5121 0.4033 0.1448
0.5036 0.5722 0.1074
0.5084 0.6910 0.1326
0.5070 -1.0597 0.1438
0.5432 -1.1280 0.1341
0.5080 -0.1407 0.2922
0.5380 0.8565 0.1189
0.5230 0.8061 0.1175
0.5290 0.7315 0.1158
0.5221 0.3454 0.1651
0.5387 0.5046 0.1166
0.5285 0.5883 0.1075
0.5214 0.7557 0.1088
0.5280 -1.1706 0.1368
0.5401 0.9310 0.1294
0.5364 -0.8578 0.2288
0.5314 0.4390 0.1311
0.5357 0.6091 0.1198
0.5467 1.0631 0.1633
0.5881 1.0094 0.1399
0.5603 0.7083 0.1313
0.5609 0.5517 0.1013
0.5638 -0.9772 0.1716
0.5646 -0.0302 0.2569
0.5781 -1.1375 0.1242
0.5632 0.9077 0.1192
0.5774 0.9534 0.1288
0.5758 0.3995 0.1363
0.5873 0.8595 0.1147
0.5747 0.0474 0.2359
0.5845 0.3351 0.1549
0.5755 0.4988 0.1162
0.5872 0.5315 0.1117
0.5769 -1.1868 0.1421
0.5806 -0.3407 0.2491
0.6118 0.6626 0.1256
0.5796 0.8097 0.1175
0.6085 0.7597 0.1332
0.6062 -1.0892 0.1219
0.5969 0.8959 0.1191
0.5916 -1.0161 0.1517
0.5927 0.2196 0.1701
0.5933 -1.2039 0.1533
0.5973 -0.9083 0.2060
0.6080 -0.0404 0.2611
0.6251 0.5453 0.1173
0.5991 0.4378 0.1306
0.6139 0.6028 0.1124
0.6063 0.8076 0.1317
0.6071 -0.8570 0.2464
0.6079 -0.5802 0.3169
0.6155 -0.0775 0.2756
0.6178 0.2611 0.1477
0.6281 0.9236 0.1364
0.6213 1.0638 0.1533
0.6219 -0.7836 0.3075
0.6255 0.4306 0.1440
0.6293 0.2054 0.1583
0.6405 -1.1308 0.1283
0.6430 0.2960 0.1441
0.6405 0.5853 0.1132
0.6482 -1.0960 0.1278
0.6402 -1.0370 0.1455
0.6510 1.0943 0.1535
0.6506 0.6698 0.1214
0.6458 1.0235 0.1456
0.6842 0.9678 0.1645
0.6680 -0.2853 0.3080
0.6661 0.6237 0.1232
0.6676 0.7214 0.1354
0.7223 1.0447 0.1450
0.6713 0.6540 0.1274
0.6662 -1.0395 0.1550
0.6896 0.4221 0.1488
0.6743 0.5107 0.1426
0.6916 0.8377 0.1434
0.6848 -1.1207 0.1440
0.6815 0.1769 0.1618
0.6777 0.2771 0.1307
0.7043 0.5528 0.1605
0.7179 1.1080 0.1432
0.6912 0.7315 0.1419
0.6966 -1.2304 0.1789
0.7038 0.3417 0.1470
0.6954 1.1541 0.1710
0.7027 -0.3578 0.3266
0.6955 0.0446 0.2526
0.7026 -1.2627 0.2088
0.7090 1.1729 0.1861
0.7272 0.2665 0.1227
0.7297 0.7803 0.1263
0.7345 0.1895 0.1360
0.7351 0.4681 0.1472
0.7328 0.8577 0.1139
0.7624 -1.1979 0.1668
0.7453 0.2187 0.1203
0.7500 -0.1559 0.3471
0.7568 0.2798 0.1134
0.7646 0.9017 0.1137
0.7825 0.9814 0.1378
0.7592 -1.1451 0.1669
0.7592 0.4225 0.1198
0.7615 0.8372 0.0950
0.7663 0.8706 0.0986
0.7760 1.0430 0.1382
0.7624 1.1896 0.2010
0.7772 0.7607 0.1444
0.7725 0.8051 0.1069
0.7790 -1.0736 0.2148
0.7794 0.4067 0.1095
0.7956 -0.5150 0.2606
0.7925 -0.7162 0.3230
0.7898 0.3364 0.1066
0.7851 0.4476 0.1227
0.7975 0.8964 0.1043
0.8049 0.2134 0.1083
0.7992 0.2951 0.1017
0.7987 -0.5718 0.2480
0.8035 0.3723 0.0989
0.8134 0.9339 0.1187
0.8146 1.0949 0.1314
0.8226 -1.2558 0.2167
0.8039 0.1653 0.1380
0.8184 0.2620 0.0991
0.8149 1.0453 0.1250
0.8074 -1.1602 0.1824
0.8312 0.4117 0.1026
0.8101 0.8318 0.1065
0.8229 0.1652 0.1322
0.8242 0.3219 0.0938
0.8289 0.8149 0.1271
0.8452 0.8917 0.1099
0.8348 0.3768 0.1016
0.8415 0.2149 0.1116
0.8460 0.2763 0.1003
0.8461 1.0654 0.1163
0.8632 1.0945 0.1149
0.8510 0.5212 0.1732
0.8643 0.3550 0.1064
0.8672 0.9342 0.1305
0.8607 0.9667 0.1387
0.9053 1.0473 0.1347
0.8742 -1.2317 0.2148
0.8831 0.2574 0.1268
0.8705 0.3066 0.1096
0.8702 0.4648 0.1293
0.8724 -0.5188 0.2035
0.8821 0.4344 0.1178
0.8858 0.8625 0.1365
0.8926 0.6964 0.2179
0.8856 1.1199 0.1237
0.9102 0.1913 0.1305
0.9009 -0.5176 0.1925
0.9020 0.1553 0.1290
0.9047 0.4304 0.1206
0.9081 1.0976 0.1253
0.9183 0.8842 0.1400
0.9069 1.1522 0.1551
0.9094 0.5238 0.1670
0.9197 0.3580 0.1236
0.9208 -0.9706 0.3080
0.9246 -0.6634 0.2059
0.9233 -0.5429 0.1822
0.9283 0.1555 0.1273
0.9237 1.1717 0.1872
0.9342 -0.2010 0.3195
0.9621 0.3321 0.1562
0.9352 0.3872 0.1262
0.9456 -1.1565 0.2003
0.9555 -0.6351 0.1816
0.9706 0.9765 0.1424
0.9764 1.0426 0.1644
0.9465 0.7224 0.1734
0.9572 -0.3735 0.2830
0.9507 0.1363 0.1279
0.9583 -1.1954 0.1952
0.9732 0.9012 0.1305
0.9751 0.9371 0.1335
0.9648 -0.9786 0.2824
0.9688 0.0836 0.1338
0.9664 0.5123 0.1540
0.9731 0.0446 0.1532
0.9814 0.4099 0.1471
0.9794 0.8254 0.1485
1.0003 0.1834 0.1497
0.9901 -0.3969 0.2748
1.0096 0.9964 0.1436
0.9982 -0.8000 0.2373
0.9958 -0.6377 0.1826
0.9916 0.1372 0.1312
1.0051 -0.7460 0.2167
1.0020 0.4669 0.1377
1.0110 -1.1802 0.1664
1.0132 0.7292 0.1487
1.0254 0.2519 0.1773
1.0198 0.0418 0.1449
1.0180 0.5299 0.1452
1.0227 0.6751 0.1786
1.0157 0.7009 0.1587
1.0169 0.7073 0.1556
1.0192 0.8120 0.1467
1.0357 -1.1521 0.1569
1.0274 -0.5689 0.2115
1.0290 -0.2057 0.2784
1.0343 0.9161 0.1222
1.0408 -0.1234 0.2343
1.0351 0.0042 0.1682
1.0441 0.0788 0.1393
1.0422 0.8771 0.1221
1.0577 0.2872 0.1732
1.0552 -1.1823 0.1479
1.0537 -0.7289 0.2165
1.0566 -0.5840 0.2331
1.0620 0.4735 0.1143
1.0592 -0.8367 0.2124
1.0576 0.8283 0.1485
1.0685 0.0177 0.1619
1.0686 0.4543 0.1185
1.0708 0.5342 0.1323
1.0801 0.9360 0.1306
1.0727 -1.1369 0.1534
1.0773 0.9024 0.1280
1.0736 1.0345 0.1622
1.0819 0.3210 0.1713
1.1053 0.1384 0.1527
1.1165 0.3384 0.1566
1.0972 0.5032 0.1147
1.0918 -0.9891 0.2272
1.0974 -0.1502 0.2288
1.1081 0.4367 0.1220
1.1039 1.0471 0.1662
1.1034 -0.3380 0.3220
1.1066 0.5326 0.1284
1.1073 0.1912 0.1529
1.1263 -1.1637 0.1295
1.1320 -0.8737 0.1584
1.1644 -1.1222 0.1398
1.1513 0.9773 0.1291
1.1477 0.1867 0.1299
1.1339 0.8835 0.1438
1.1484 0.0473 0.1449
1.1462 0.4164 0.1155
1.1496 0.4591 0.1099
1.1465 1.0150 0.1353
1.1501 -1.1624 0.1236
1.1529 0.9409 0.1310
1.1515 -1.2320 0.1762
1.1642 0.1156 0.1261
1.1826 0.2359 0.1212
1.1806 -0.9029 0.1372
1.1633 0.7207 0.2473
1.1683 -0.9375 0.1629
1.1693 -0.0324 0.1542
1.1735 0.5637 0.1419
1.1859 0.3937 0.1093
1.1984 -1.2020 0.1484
1.1816 0.2671 0.1266
1.1859 -0.8635 0.1336
1.1970 -0.9507 0.1779
1.1992 0.1072 0.1146
1.1988 0.1687 0.1157
1.1943 0.4588 0.0988
1.1945 0.5066 0.1078
1.1896 0.9533 0.1292
1.1969 -0.0548 0.1481
1.2042 0.0218 0.1251
1.2087 0.3650 0.1126
1.2181 1.0149 0.1243
1.2078 0.4410 0.0963
1.2216 0.8088 0.2088
1.2142 0.5327 0.1056
1.2222 0.8664 0.1606
1.2173 1.0718 0.1536
1.2257 -0.8662 0.1412
1.2161 -0.0773 0.1508
1.2267 0.2691 0.1102
1.2247 0.5122 0.0980
1.2238 0.3945 0.1013
1.2277 -1.1123 0.1640
1.2257 -0.8435 0.1410
1.2274 0.3031 0.1068
1.2242 -1.1442 0.1431
1.2273 -1.1388 0.1472
1.2287 0.0407 0.1252
1.2353 0.1020 0.1126
1.2356 0.2191 0.1146
1.2352 -0.1102 0.1604
1.2401 -0.8120 0.1643
1.2387 0.5675 0.1198
1.2360 0.8840 0.1512
1.2426 -0.7816 0.1926
1.2387 0.1532 0.1156
1.2451 -0.1995 0.2332
1.2640 -0.1875 0.2310
1.2554 0.2950 0.1123
1.2604 0.3448 0.1180
1.2495 0.4358 0.1073
1.2534 1.0625 0.1551
1.2473 0.0528 0.1312
1.2596 1.0156 0.1407
1.2535 1.2000 0.3199
1.2770 -0.1364 0.1961
1.2663 0.8848 0.1730
1.2724 0.9770 0.1532
1.2675 -0.7322 0.2687
1.2749 0.3808 0.1281
1.2699 0.2699 0.1279
1.2740 0.4588 0.1185
1.2779 0.5277 0.1156
1.2763 0.1711 0.1411
1.2764 0.6168 0.1850
1.2783 -0.4852 0.4183
1.2844 -0.0194 0.1759
1.2847 0.1325 0.1473
1.2827 0.5650 0.1352
1.2864 0.4968 0.1216
1.2880 -1.1889 0.2311
1.2882 -0.4681 0.4264
1.2877 1.0700 0.1897
