points 
 2 
 1 
Tumour[19065]CD6810NNCodensity
-1.2512 0.0301 0.2817
-1.2488 0.0923 0.2264
-1.2422 1.1673 0.4042
-1.2303 0.2382 0.1659
-1.2320 0.2197 0.1620
-1.2193 0.1591 0.1694
-1.2222 0.8720 0.2795
-1.2180 0.1925 0.1538
-1.2143 -0.1338 0.4036
-1.2005 1.0181 0.2786
-1.1805 0.2533 0.1499
-1.1858 0.7052 0.2561
-1.1825 0.2219 0.1424
-1.1793 0.7440 0.2467
-1.1676 -0.0311 0.3259
-1.1390 0.9769 0.2165
-1.1364 0.6673 0.2332
-1.1297 -1.2236 0.4221
-1.1178 0.2059 0.1676
-1.1108 0.3466 0.2044
-1.1061 0.8918 0.2161
-1.1104 0.9671 0.2006
-1.1128 0.5729 0.2260
-1.1061 0.3262 0.1878
-1.0843 0.3701 0.2199
-1.0805 0.8496 0.2159
-1.0700 0.1837 0.2125
-1.0671 0.5654 0.1915
-1.0551 0.7318 0.2000
-1.0432 -0.4081 0.2510
-1.0531 -1.2980 0.3526
-1.0504 -0.6661 0.3368
-1.0322 -0.2713 0.2517
-1.0252 -0.6923 0.3292
-1.0236 1.0925 0.1480
-1.0166 0.2348 0.2341
-1.0125 -0.1314 0.3126
-1.0161 0.4866 0.1751
-1.0058 -0.4492 0.2289
-1.0039 0.5140 0.1552
-1.0044 0.2824 0.2400
-1.0048 1.0667 0.1346
-0.9861 -0.3057 0.2065
-0.9923 0.7971 0.1928
-0.9948 1.1483 0.1499
-0.9957 1.1847 0.1804
-0.9908 1.0230 0.1372
-0.9835 1.0737 0.1283
-0.9785 0.5636 0.1466
-0.9860 0.7202 0.1636
-0.9720 -1.2588 0.2513
-0.9789 0.5011 0.1611
-0.9797 1.1297 0.1362
-0.9730 0.9606 0.1599
-0.9633 -0.1725 0.2677
-0.9501 1.1838 0.1685
-0.9553 -1.1254 0.2598
-0.9554 1.0019 0.1365
-0.9509 0.6197 0.1514
-0.9471 -1.2487 0.2338
-0.9399 0.4827 0.1957
-0.9357 0.9430 0.1661
-0.9320 -1.2315 0.2247
-0.9334 -0.3327 0.1721
-0.9369 0.7005 0.1325
-0.9226 0.8625 0.2048
-0.9291 -0.7135 0.2896
-0.9215 0.6880 0.1284
-0.9170 0.6192 0.1490
-0.9141 0.7351 0.1391
-0.9085 -0.7564 0.3259
-0.8987 0.5742 0.1746
-0.8987 -0.4575 0.1665
-0.8989 1.0149 0.1484
-0.8948 -0.3812 0.1457
-0.8843 -1.0837 0.2640
-0.8923 -0.4961 0.1973
-0.8868 -0.5825 0.2477
-0.8829 1.1921 0.1943
-0.8742 0.9905 0.1582
-0.8791 -1.1316 0.2290
-0.8758 -0.2561 0.2068
-0.8757 0.7114 0.1293
-0.8541 -0.3631 0.1570
-0.8596 -0.4354 0.1655
-0.8478 0.6961 0.1309
-0.8388 -0.3947 0.1654
-0.8307 0.8547 0.1676
-0.8222 1.1643 0.1735
-0.8302 1.0316 0.1630
-0.8279 1.1858 0.1877
-0.8223 -0.3494 0.1860
-0.8180 -0.6459 0.2719
-0.8165 0.7672 0.1381
-0.8142 -0.1737 0.2678
-0.8071 0.7075 0.1294
-0.7986 1.0221 0.1440
-0.7746 -1.1669 0.2317
-0.7709 -0.1031 0.3383
-0.7691 0.7447 0.1248
-0.7783 0.8560 0.1293
-0.7711 0.9167 0.1392
-0.7658 0.6909 0.1500
-0.7584 -1.2889 0.3261
-0.7581 0.5001 0.2888
-0.7500 1.0004 0.1225
-0.7482 1.1903 0.1738
-0.7439 -1.1361 0.2200
-0.7542 -0.1581 0.3073
-0.7471 0.9278 0.1359
-0.7491 0.8739 0.1285
-0.7424 1.0457 0.1184
-0.7387 -0.6825 0.3144
-0.7273 0.7521 0.1317
-0.7335 0.7920 0.1251
-0.7326 0.6860 0.1699
-0.7327 1.1160 0.1306
-0.7225 -1.0766 0.2313
-0.7222 1.1353 0.1313
-0.7148 0.8316 0.1232
-0.7111 1.0207 0.1151
-0.6993 0.8462 0.1260
-0.7086 1.1320 0.1249
-0.6962 0.5388 0.2727
-0.6938 0.9732 0.1379
-0.6874 -0.7675 0.3766
-0.6768 1.0570 0.1113
-0.6799 1.0266 0.1199
-0.6487 -1.0926 0.1818
-0.6588 -0.5246 0.3485
-0.6519 0.8062 0.1459
-0.6502 0.5672 0.2730
-0.6517 1.1775 0.1437
-0.6460 1.0671 0.1234
-0.6220 0.8601 0.1377
-0.6314 0.3648 0.4671
-0.6100 0.9156 0.1601
-0.6224 1.0844 0.1331
-0.6173 -0.0176 0.4484
-0.6152 1.1206 0.1313
-0.5979 1.1856 0.1832
-0.6034 1.1507 0.1518
-0.6017 -1.1218 0.1439
-0.6013 0.8252 0.1402
-0.5889 -1.0830 0.1515
-0.5736 -1.1680 0.1313
-0.5761 -0.3704 0.3466
-0.5656 0.8093 0.1495
-0.5466 -1.1973 0.1361
-0.5595 0.6278 0.2707
-0.5630 0.9132 0.1510
-0.5562 -0.2738 0.3738
-0.5578 -1.0983 0.1247
-0.5413 -0.7171 0.3748
-0.5290 -1.2544 0.2081
-0.5352 0.7386 0.2134
-0.5208 0.8767 0.1391
-0.5184 -0.4321 0.3060
-0.5130 -1.1293 0.1025
-0.5046 0.8588 0.1509
-0.5106 0.8945 0.1461
-0.5074 -1.1761 0.1174
-0.4819 -1.1615 0.1205
-0.4782 -1.1325 0.1149
-0.4919 -0.7127 0.3724
-0.4891 0.9910 0.1652
-0.4815 -1.1051 0.1189
-0.4681 -1.0779 0.1483
-0.4804 1.0611 0.1347
-0.4790 -0.3768 0.3015
-0.4745 -0.0255 0.3924
-0.4627 1.0567 0.1184
-0.4426 1.1145 0.1091
-0.4437 1.0575 0.1080
-0.4330 0.5402 0.3103
-0.4222 0.8946 0.1649
-0.4092 1.1714 0.1449
-0.4156 -1.0742 0.2053
-0.3917 1.0906 0.0977
-0.3998 1.0457 0.1143
-0.4082 1.1229 0.0971
-0.3964 0.5986 0.2613
-0.4024 0.6931 0.2348
-0.4018 0.7640 0.2260
-0.3984 -0.5915 0.2631
-0.3912 1.0054 0.1322
-0.3883 1.1208 0.0966
-0.3755 1.1544 0.1238
-0.3746 0.9458 0.1302
-0.3769 0.6504 0.2410
-0.3703 -0.5688 0.2336
-0.3675 0.8942 0.1493
-0.3427 0.1069 0.3212
-0.3443 1.1306 0.1195
-0.3348 -0.5014 0.1749
-0.3292 1.0667 0.1271
-0.3303 0.9467 0.1137
-0.3244 -1.2109 0.3245
-0.3239 0.9822 0.1200
-0.3056 -0.0348 0.2452
-0.3068 0.9117 0.1185
-0.2920 0.9576 0.1156
-0.2999 1.0486 0.1450
-0.2893 -0.5012 0.1375
-0.2864 0.1337 0.2840
-0.2786 -0.3690 0.1522
-0.2804 -0.0651 0.2082
-0.2777 0.8112 0.1999
-0.2718 1.1134 0.1676
-0.2748 0.9125 0.1210
-0.2647 -0.2113 0.1382
-0.2738 -0.2822 0.1355
-0.2654 -0.3185 0.1295
-0.2563 -0.4876 0.1112
-0.2529 -0.1625 0.1492
-0.2478 1.1401 0.2054
-0.2534 -0.5175 0.1188
-0.2378 0.9321 0.1296
-0.2395 -0.4160 0.1184
-0.2440 0.7180 0.2664
-0.2380 0.8502 0.1759
-0.2386 -0.2678 0.1123
-0.2317 0.5014 0.3072
-0.2308 -0.2354 0.1111
-0.2042 -0.4857 0.0977
-0.2070 -0.4023 0.1069
-0.2133 -0.5512 0.1204
-0.2218 -0.4615 0.0996
-0.2036 -0.2845 0.1047
-0.2072 0.5653 0.3085
-0.1930 -0.3609 0.1104
-0.1872 -0.4381 0.0981
-0.1894 -0.3175 0.1107
-0.2107 0.9608 0.1393
-0.2044 1.0112 0.1625
-0.1974 -0.1750 0.1131
-0.1925 -0.7543 0.1289
-0.1727 -0.2172 0.1100
-0.1933 0.2558 0.2443
-0.1863 -0.7272 0.1145
-0.1813 -0.1008 0.1190
-0.1606 -0.5516 0.0976
-0.1658 -0.7895 0.1211
-0.1660 -0.6963 0.0997
-0.1608 -0.4881 0.1021
-0.1765 -0.6708 0.1119
-0.1672 -0.1653 0.1053
-0.1627 -0.6170 0.1095
-0.1668 -0.5217 0.0999
-0.1561 -0.1156 0.1024
-0.1552 -0.4014 0.1052
-0.1556 -0.3355 0.1020
-0.1526 -0.2662 0.1054
-0.1535 -0.0322 0.1278
-0.1434 -0.0806 0.1049
-0.1692 0.1183 0.1877
-0.1491 -0.5867 0.0994
-0.1428 -0.7183 0.0934
-0.1549 0.9321 0.1565
-0.1385 -0.6514 0.0997
-0.1355 -0.1416 0.0963
-0.1278 0.0203 0.1230
-0.1422 -0.4409 0.1057
-0.1281 -0.2052 0.1012
-0.1368 0.9980 0.1726
-0.1242 -0.5311 0.0950
-0.1233 -0.2975 0.0989
-0.1308 -0.7476 0.1014
-0.1164 -0.3765 0.1015
-0.1159 -0.8011 0.1077
-0.1250 -1.0846 0.1874
-0.1269 -0.8547 0.1588
-0.1219 0.3297 0.1761
-0.1208 -0.5669 0.0936
-0.1097 -0.0458 0.1047
-0.1038 0.0984 0.1195
-0.1100 0.9474 0.1699
-0.1022 -0.6662 0.0965
-0.1016 -0.6156 0.0998
-0.0989 -0.3292 0.0961
-0.1076 -0.1106 0.1004
-0.0870 0.1422 0.1181
-0.1140 0.7757 0.2323
-0.1082 -0.2409 0.0951
-0.1107 0.3721 0.1743
-0.0893 -0.1870 0.1084
-0.0894 -0.7531 0.1040
-0.0708 -0.5697 0.0928
-0.0836 -0.4758 0.0996
-0.0928 -0.4436 0.1007
-0.0913 0.0181 0.0997
-0.0980 0.4581 0.1958
-0.0792 -0.5243 0.0944
-0.0849 -0.3611 0.0953
-0.0844 -0.2697 0.0933
-0.0995 -1.1136 0.1452
-0.0921 -0.8337 0.1289
-0.0859 -0.6955 0.0967
-0.0865 0.0748 0.1090
-0.0907 -1.2993 0.1177
-0.0883 -1.2379 0.0965
-0.0817 -1.1568 0.1274
-0.0785 -0.2308 0.0998
-0.0913 1.0040 0.1878
-0.0725 -0.3032 0.0926
-0.0781 -0.1396 0.1080
-0.0826 -1.2749 0.0893
-0.0752 -0.4053 0.0923
-0.0787 -0.0202 0.1009
-0.0721 -0.8122 0.1153
-0.0686 -1.0729 0.1500
-0.0647 -0.0747 0.1084
-0.0614 0.1964 0.1104
-0.0599 -0.4978 0.0935
-0.0696 -1.2118 0.0999
-0.0490 -0.3473 0.0906
-0.0438 0.0045 0.1049
-0.0613 -1.2589 0.0719
-0.0629 0.0359 0.1007
-0.0549 -0.7008 0.0965
-0.0621 -1.2888 0.0885
-0.0454 -0.7608 0.1076
-0.0569 0.2447 0.1196
-0.0438 -0.2458 0.0999
-0.0562 -0.6616 0.0948
-0.0570 -0.6156 0.1033
-0.0469 -0.5465 0.0934
-0.0366 -0.0356 0.1090
-0.0601 0.2901 0.1296
-0.0547 0.8847 0.1885
-0.0289 -0.4525 0.0952
-0.0519 0.1443 0.1000
-0.0518 -0.4210 0.0932
-0.0407 -0.1294 0.1100
-0.0335 0.0693 0.1067
-0.0280 -1.1103 0.1170
-0.0372 -1.2378 0.0783
-0.0412 -1.2702 0.0763
-0.0255 -0.5218 0.0943
-0.0323 0.3951 0.1326
-0.0258 -0.4061 0.0966
-0.0269 0.1285 0.1006
-0.0191 0.4491 0.1325
-0.0296 -0.7933 0.1241
-0.0269 -0.2938 0.0954
-0.0194 0.4855 0.1382
-0.0111 -1.1440 0.1187
-0.0315 -0.6804 0.0974
-0.0200 -0.6063 0.1078
-0.0073 -0.1788 0.1076
-0.0363 0.1848 0.0928
-0.0143 0.2930 0.1131
-0.0106 0.2507 0.1035
-0.0196 0.3284 0.1185
-0.0131 -1.1976 0.1055
-0.0212 0.7356 0.1412
0.0022 0.9272 0.1813
-0.0252 1.0746 0.2603
-0.0202 -0.3767 0.0962
-0.0158 -1.2805 0.1024
-0.0203 -1.0832 0.1280
-0.0049 -0.7592 0.1120
-0.0073 -0.2163 0.1096
-0.0059 0.1893 0.0899
0.0078 -0.2647 0.1028
-0.0149 -0.5593 0.1040
0.0022 -0.4834 0.1077
-0.0162 -0.1335 0.1070
0.0015 0.3842 0.1235
-0.0073 -0.3194 0.0928
0.0019 -0.6775 0.1037
-0.0053 -1.2388 0.0985
0.0035 -0.3439 0.0990
0.0144 0.1376 0.1021
0.0050 0.7459 0.1197
0.0081 -0.0640 0.1099
0.0142 0.2202 0.0981
0.0218 0.6264 0.1213
0.0097 0.0754 0.1063
0.0135 0.5383 0.1184
0.0268 -0.4317 0.1249
0.0237 0.3320 0.1129
0.0281 0.1690 0.0931
0.0326 -0.1504 0.1021
0.0149 0.7268 0.1144
0.0144 -1.1897 0.1235
0.0162 -0.7104 0.1045
0.0225 0.0384 0.1038
0.0281 0.5702 0.1087
0.0249 -0.4946 0.1258
0.0416 -0.3336 0.1150
0.0322 -0.3010 0.1026
0.0413 -0.0306 0.0977
0.0342 -0.6129 0.1251
0.0273 -0.0100 0.1006
0.0296 0.7874 0.1166
0.0285 1.1841 0.3755
0.0468 -0.1759 0.1100
0.0297 -1.0691 0.1488
0.0455 0.5176 0.1087
0.0576 0.5825 0.0928
0.0324 0.7564 0.1090
0.0445 0.2111 0.0956
0.0403 -0.2437 0.1140
0.0394 -0.1149 0.0988
0.0452 0.0662 0.1023
0.0550 0.3094 0.1099
0.0566 0.4792 0.1138
0.0466 -0.7465 0.1098
0.0550 -0.0601 0.0948
0.0608 0.3889 0.1136
0.0443 -0.6957 0.1182
0.0458 0.6770 0.1182
0.0660 0.6469 0.1021
0.0661 0.2471 0.1033
0.0567 0.8078 0.1166
0.0482 0.8700 0.1338
0.0534 0.8975 0.1511
0.0504 0.4340 0.1184
0.0676 0.6103 0.0915
0.0576 -0.6291 0.1380
0.0730 -0.1359 0.1137
0.0801 0.0857 0.1026
0.0763 0.1759 0.0948
0.0875 0.2814 0.1083
0.0601 -1.1187 0.1254
0.0732 0.0324 0.1013
0.0651 0.1242 0.1037
0.0825 0.5492 0.0956
0.0814 -0.0160 0.1002
0.0712 -0.7578 0.1146
0.0859 -0.1087 0.1068
0.0711 -1.0764 0.1456
0.0913 0.2086 0.0994
0.0783 -0.5850 0.1547
0.0837 -0.2996 0.1243
0.0959 0.3331 0.1056
0.0933 0.4324 0.1078
0.0832 0.7803 0.1231
0.0784 -0.7946 0.1147
0.0882 -0.0606 0.0979
0.0944 0.1457 0.0991
0.0881 1.1697 0.3881
0.1002 0.6062 0.0891
0.0881 -1.2838 0.1510
0.0950 -1.2442 0.1256
0.1053 0.0273 0.1116
0.1073 0.3655 0.1075
0.1142 0.6381 0.0941
0.0961 -0.2400 0.1378
0.0968 -1.1854 0.1152
0.0960 -0.8181 0.1334
0.0950 0.8859 0.1575
0.1013 -0.8439 0.1614
0.1049 0.5083 0.1131
0.1056 0.8593 0.1499
0.1081 -0.7823 0.1246
0.1059 -0.4624 0.1548
0.1166 -0.0536 0.1167
0.1128 0.7394 0.1271
0.1111 -0.4391 0.1636
0.1103 -1.1423 0.1134
0.1300 0.4084 0.0980
0.1162 0.6837 0.1088
0.1329 0.5833 0.0893
0.1341 0.3095 0.1224
0.1180 0.1911 0.1060
0.1229 -1.2545 0.1120
0.1330 0.5511 0.0975
0.1225 0.2598 0.1183
0.1299 -1.1726 0.0999
0.1389 0.4569 0.1022
0.1511 -0.5336 0.1797
0.1411 0.0693 0.1214
0.1367 0.1129 0.1155
0.1509 -1.1435 0.1032
0.1541 0.3620 0.1108
0.1360 -0.8336 0.1598
0.1414 1.0016 0.2834
0.1420 -0.2641 0.1501
0.1502 -0.4371 0.1817
0.1449 -0.2983 0.1600
0.1611 0.6163 0.0901
0.1511 -0.0840 0.1595
0.1551 0.7312 0.1122
0.1663 -1.2947 0.1304
0.1704 -1.2317 0.0957
0.1495 -1.0874 0.1456
0.1515 -0.5557 0.1865
0.1549 0.1493 0.1170
0.1496 0.6407 0.0940
0.1636 0.4437 0.0936
0.1815 0.5115 0.1043
0.1650 -1.1860 0.0941
0.1630 0.0414 0.1419
0.1721 0.5554 0.0960
0.1819 0.5920 0.0973
0.1751 0.4090 0.0935
0.1857 0.7431 0.1089
0.1871 0.4802 0.1083
0.1759 0.6857 0.1024
0.1898 -1.2070 0.0900
0.1932 0.6540 0.1096
0.1854 -1.2649 0.1042
0.1901 -0.7043 0.1775
0.1823 0.2044 0.1442
0.1978 -0.7263 0.1691
0.1922 -1.1562 0.0994
0.1953 0.3876 0.1042
0.2120 0.7096 0.1008
0.2012 0.5569 0.1067
0.2009 0.4379 0.1000
0.2188 0.7566 0.1048
0.2141 -0.1990 0.1732
0.2089 0.1571 0.1552
0.2235 -0.2593 0.1514
0.2133 0.8067 0.1440
0.2193 -1.2195 0.0898
0.2184 -0.6850 0.1887
0.2362 -1.2505 0.1009
0.2398 -1.1549 0.1172
0.2242 -1.1245 0.1270
0.2238 0.0270 0.1882
0.2315 -0.4455 0.2318
0.2278 0.3307 0.1503
0.2498 -1.2856 0.1300
0.2359 -0.2276 0.1532
0.2472 0.7415 0.0975
0.2395 0.1517 0.1813
0.2454 -1.2113 0.1020
0.2421 -0.6807 0.1958
0.2367 0.4137 0.1182
0.2386 0.5410 0.1339
0.2739 0.7927 0.1137
0.2603 -0.8503 0.2330
0.2639 0.6243 0.1268
0.2667 -0.2735 0.1365
0.2641 0.3915 0.1432
0.2691 0.6743 0.1040
0.2831 -1.2173 0.1356
0.2730 -0.8169 0.2071
0.2877 0.7413 0.1019
0.2755 -0.0193 0.2337
0.2761 0.7022 0.0983
0.2809 -1.0834 0.1893
0.2824 0.8389 0.1398
0.2898 -1.2974 0.1751
0.2996 0.6851 0.0993
0.2885 0.3662 0.1749
0.2993 -1.0667 0.2234
0.3022 0.5402 0.1841
0.3034 0.2572 0.2410
0.3356 0.8338 0.1242
0.3225 0.7483 0.1145
0.3128 -0.2793 0.1169
0.3096 -0.3543 0.1607
0.3384 0.7944 0.1208
0.3268 -0.7171 0.1960
0.3174 -0.1277 0.1883
0.3342 -0.3289 0.1286
0.3214 0.6188 0.1425
0.3263 0.6488 0.1234
0.3362 -0.2201 0.1215
0.3308 0.9441 0.1875
0.3362 0.9239 0.1666
0.3465 -0.7616 0.1895
0.3644 0.8629 0.1222
0.3560 0.6852 0.1309
0.3567 -0.2412 0.1171
0.3686 -0.2809 0.1121
0.3611 -0.1787 0.1464
0.3763 -0.3119 0.1171
0.3748 0.0355 0.2873
0.3782 -0.2138 0.1332
0.3850 1.0041 0.2336
0.3826 -0.1390 0.1983
0.3909 -0.3472 0.1391
0.3982 0.7242 0.1619
0.4089 0.7923 0.1306
0.4217 -0.4653 0.1839
0.4238 0.8219 0.1192
0.4135 0.8621 0.1154
0.4212 -0.7722 0.1542
0.4158 -0.4863 0.1983
0.4414 -0.3167 0.1417
0.4470 -0.4817 0.1924
0.4436 0.8673 0.1154
0.4489 -0.7622 0.1457
0.4540 -0.6308 0.2280
0.4540 -0.8435 0.1721
0.4543 -0.3742 0.1506
0.4578 0.8486 0.1222
0.4759 -0.8130 0.1478
0.4752 0.8945 0.1417
0.4884 0.0081 0.3104
0.4866 1.1639 0.1845
0.4881 -0.7850 0.1432
0.4877 -0.7299 0.1649
0.5042 -0.2861 0.1594
0.4993 -0.4235 0.1739
0.4959 -0.5532 0.2332
0.5058 -0.8548 0.1942
0.5056 -0.3090 0.1445
0.5026 0.9197 0.1791
0.5122 1.1334 0.1357
0.5147 0.8780 0.1804
0.5156 1.0875 0.1410
0.5211 -1.3001 0.3302
0.5278 1.1100 0.1204
0.5360 0.1249 0.3368
0.5492 -0.3361 0.1432
0.5583 1.0555 0.1498
0.5481 1.1330 0.1142
0.5514 -0.8544 0.2325
0.5587 -1.2035 0.2300
0.5614 -0.6838 0.2462
0.5704 -0.1363 0.2093
0.5823 1.1655 0.1382
0.5911 -0.3693 0.1754
0.5884 -0.2873 0.1345
0.5954 -0.3141 0.1383
0.5934 -1.1513 0.1837
0.6046 -0.1299 0.1832
0.6208 1.1710 0.1671
0.6336 -1.1531 0.1576
0.6187 0.3353 0.3519
0.6168 1.0707 0.1530
0.6215 -0.1927 0.1298
0.6250 1.1258 0.1449
0.6327 -1.2331 0.2017
0.6300 -1.0906 0.1978
0.6285 0.1392 0.2875
0.6474 -0.2720 0.1236
0.6412 1.0629 0.1836
0.6554 -0.2390 0.1092
0.6526 -0.4904 0.2934
0.6647 -0.1596 0.1303
0.6684 -1.1747 0.1601
0.6824 -0.2570 0.1085
0.6800 0.7324 0.3862
0.6978 -1.1614 0.1642
0.6903 -0.2088 0.1023
0.6897 0.1820 0.2434
0.6957 -0.5480 0.3560
0.7038 -0.1812 0.1140
0.7001 -1.1122 0.1765
0.7106 -0.2857 0.1253
0.7149 0.7824 0.4002
0.7211 -0.1958 0.1091
0.7505 -0.2852 0.1296
0.7443 -1.0868 0.2211
0.7480 0.1440 0.2616
0.7557 0.2202 0.2152
0.7609 -0.2475 0.1097
0.7562 -0.1115 0.1613
0.7712 0.2009 0.2244
0.7814 -0.1943 0.1171
0.7837 -0.2331 0.1163
0.7936 0.2675 0.2358
0.7917 0.3463 0.2894
0.7931 -1.0826 0.2622
0.8386 -0.3381 0.1802
0.8138 -0.2579 0.1382
0.8221 -1.2945 0.3099
0.8281 0.6650 0.4647
0.8289 -0.1480 0.1359
0.8321 -0.1143 0.1662
0.8323 -0.1695 0.1330
0.8382 0.3639 0.3244
0.8550 -0.3790 0.2061
0.8598 -0.1279 0.1765
0.8805 -1.2708 0.3144
0.9035 -0.2784 0.1886
0.9024 1.0360 0.4526
0.9150 -1.2122 0.2958
0.9053 -0.7321 0.2613
0.9218 -0.7512 0.2720
0.9344 -0.3288 0.1603
0.9464 -0.4252 0.1616
0.9323 -0.7747 0.3007
0.9331 -0.6330 0.1924
0.9345 -0.5768 0.1968
0.9390 0.2584 0.3348
0.9540 0.0229 0.3277
0.9781 -0.6277 0.1821
0.9832 -0.5995 0.1846
0.9862 -0.3723 0.1314
0.9846 0.0492 0.3394
0.9990 -0.4964 0.1563
1.0132 -0.3508 0.1202
1.0052 -0.4632 0.1391
1.0153 -1.2257 0.2873
1.0287 -0.2832 0.1258
1.0320 -0.4785 0.1500
1.0341 -0.3944 0.1188
1.0303 -0.6837 0.2398
1.0371 0.8153 0.2580
1.0621 -0.3456 0.1117
1.0427 -0.2963 0.1099
1.0577 -1.1085 0.2969
1.0573 0.7085 0.2339
1.0659 -0.4152 0.1297
1.0805 -0.2922 0.0945
1.0774 0.9967 0.2970
1.0774 -0.4347 0.1436
1.0875 -0.2519 0.0956
1.1106 -0.3154 0.1021
1.1091 -0.2697 0.0851
1.1144 -0.0846 0.2318
1.1170 -1.1704 0.2809
1.1238 0.7673 0.1549
1.1224 -0.2126 0.1108
1.1316 -0.2917 0.0913
1.1283 -0.2324 0.0936
1.1452 0.7206 0.1429
1.1558 0.1384 0.4060
1.1648 -0.2688 0.1010
1.1566 -0.2340 0.1006
1.1541 0.8042 0.1628
1.1576 0.9605 0.2658
1.1579 1.0686 0.3290
1.1582 -1.1577 0.3071
1.1600 -0.1859 0.1329
1.1696 -0.3768 0.1271
1.1746 -1.0959 0.3510
1.1758 -0.3522 0.1102
1.1822 1.1268 0.4061
1.1773 -1.2512 0.3649
1.1796 -0.3325 0.1042
1.1786 0.0228 0.2969
1.1854 0.7095 0.1288
1.1887 0.8019 0.1664
1.2002 0.7249 0.1281
1.2010 -0.3176 0.1155
1.2061 1.0697 0.3513
1.2055 0.4639 0.4050
1.2315 -0.1745 0.1782
1.2203 0.8034 0.1853
1.2305 -1.1131 0.4057
1.2248 -0.2231 0.1541
1.2175 -0.0673 0.2279
1.2173 -0.3795 0.1531
1.2268 0.6813 0.1452
1.2339 0.6280 0.1872
1.2368 0.6538 0.1674
1.2382 -0.0741 0.2346
1.2402 -0.3827 0.1792
1.2410 0.6119 0.2074
