points 
 2 
 1 
Tumour[19065]CD810NNCodensity
-1.2823 -0.8061 0.2000
-1.2822 -0.7168 0.1526
-1.2888 -0.6640 0.1738
-1.2858 0.1099 0.2138
-1.2790 0.0269 0.2349
-1.2580 -0.6779 0.1411
-1.2522 -0.7600 0.1417
-1.2593 -0.0062 0.2498
-1.2016 -0.7888 0.1390
-1.2136 -0.7291 0.1260
-1.2287 0.1289 0.1660
-1.2240 -0.5285 0.1596
-1.2183 -0.6392 0.1340
-1.2131 0.0791 0.1693
-1.1891 -0.5623 0.1146
-1.1535 -0.6773 0.1259
-1.1760 -0.6277 0.1226
-1.1870 0.1222 0.1578
-1.1778 0.2244 0.1893
-1.1758 -0.4027 0.1722
-1.1590 -0.7165 0.1246
-1.1757 -0.5129 0.1261
-1.1731 0.1441 0.1610
-1.1613 -0.8199 0.1551
-1.1600 0.1710 0.1680
-1.1509 -0.5809 0.1038
-1.1396 -0.7596 0.1114
-1.1507 -0.5288 0.1076
-1.1357 -0.4851 0.1331
-1.1387 -0.3452 0.1563
-1.1090 -0.8043 0.1345
-1.1355 -0.3919 0.1434
-1.1352 0.3872 0.1698
-1.1287 -0.6065 0.1065
-1.1317 -0.2341 0.1847
-1.1260 0.2316 0.1732
-1.1269 0.4520 0.1865
-1.1260 -0.2546 0.1657
-1.1002 -0.7593 0.1078
-1.1090 -0.5752 0.0999
-1.0962 -0.5413 0.1039
-1.1084 -0.3775 0.1338
-1.1051 -0.0251 0.2480
-1.0891 0.3318 0.1270
-1.0889 -0.7360 0.1059
-1.0844 -0.6360 0.1135
-1.0736 -0.7042 0.1124
-1.0761 -0.0230 0.2406
-1.0675 -0.5756 0.0924
-1.0702 -0.4713 0.1379
-1.0657 0.3142 0.1190
-1.0506 -0.7617 0.1092
-1.0660 -0.2534 0.1384
-1.0526 0.3936 0.1152
-1.0504 0.2960 0.1286
-1.0554 0.4328 0.1259
-1.0582 0.4864 0.1612
-1.0564 -0.3604 0.1340
-1.0226 -0.7976 0.1223
-1.0455 -0.6439 0.1096
-1.0502 -0.2037 0.1712
-1.0431 -0.4098 0.1297
-1.0422 0.3185 0.1109
-1.0375 -0.7070 0.1173
-1.0390 -0.5896 0.0916
-1.0330 -0.5653 0.0936
-1.0415 -0.5149 0.1137
-1.0347 -0.2507 0.1384
-1.0369 -0.1025 0.2367
-1.0133 -0.6165 0.0970
-1.0196 -0.4358 0.1322
-1.0227 -0.3714 0.1362
-1.0276 0.1656 0.1984
-0.9986 -0.7496 0.1162
-1.0199 0.3537 0.0999
-1.0160 0.5062 0.1695
-1.0163 0.4026 0.1190
-1.0088 -0.5509 0.0921
-1.0047 -0.2962 0.1378
-1.0044 -0.2629 0.1419
-0.9924 0.3580 0.1121
-0.9828 -0.8151 0.1264
-0.9725 -0.5122 0.1148
-0.9851 0.4514 0.1351
-0.9758 -0.6078 0.0944
-0.9709 -0.4288 0.1460
-0.9770 0.0717 0.1900
-0.9787 0.1229 0.1896
-0.9769 -0.6561 0.1203
-0.9609 -0.5654 0.0909
-0.9561 -0.7665 0.1081
-0.9581 -0.5401 0.0976
-0.9598 0.3162 0.1390
-0.9423 0.4777 0.1700
-0.9404 -0.7911 0.1036
-0.9451 -0.8163 0.1193
-0.9350 -0.2891 0.1790
-0.9458 0.0845 0.1930
-0.9460 0.2003 0.1820
-0.9466 0.3545 0.1441
-0.9431 -0.5899 0.0953
-0.9356 -0.6532 0.1208
-0.9355 -0.0085 0.2430
-0.9222 -0.3217 0.1778
-0.9243 -0.3922 0.1569
-0.9226 0.0427 0.2218
-0.9239 0.2463 0.1726
-0.9200 0.5206 0.2123
-0.9156 -0.7419 0.1171
-0.9121 -0.6005 0.0998
-0.9086 -0.7918 0.1069
-0.9047 -0.5180 0.1059
-0.9033 -0.5439 0.1000
-0.8922 -0.6366 0.1224
-0.8878 -0.4681 0.1267
-0.8863 0.2502 0.1951
-0.8631 -0.7989 0.1228
-0.8509 -0.5709 0.1116
-0.8805 0.3899 0.1980
-0.8761 0.6045 0.3424
-0.8676 -0.7216 0.1240
-0.8660 -0.5248 0.1132
-0.8599 -0.4537 0.1405
-0.8547 -0.6137 0.1298
-0.8450 -0.4203 0.1708
-0.8508 0.2908 0.2219
-0.8426 -0.7783 0.1209
-0.8315 -0.7459 0.1197
-0.8040 -0.5257 0.1221
-0.8039 -0.7003 0.1359
-0.7947 -0.5693 0.1274
-0.8034 -0.7627 0.1369
-0.7909 1.3618 0.6725
-0.7726 -0.5448 0.1157
-0.7537 -0.4946 0.1227
-0.7691 1.3585 0.6463
-0.7605 -0.6970 0.1350
-0.7336 -0.5383 0.1096
-0.7295 -0.6930 0.1341
-0.7061 -0.4795 0.1220
-0.7041 -0.5187 0.1097
-0.7053 -0.6708 0.1307
-0.6834 -0.6940 0.1275
-0.6932 -0.5522 0.1232
-0.6871 -0.6486 0.1330
-0.6627 -0.4748 0.1178
-0.6767 0.0898 0.2670
-0.6632 -0.5222 0.1150
-0.6658 -0.8206 0.2227
-0.6670 0.0378 0.2583
-0.6622 1.0790 0.5091
-0.6462 -0.6652 0.1282
-0.6372 -0.4236 0.1215
-0.6435 -0.3788 0.1582
-0.6377 1.0216 0.5173
-0.6335 -0.8009 0.1947
-0.6160 -0.6860 0.1308
-0.6128 -0.4217 0.1145
-0.5947 -0.5644 0.1275
-0.6019 1.0728 0.4686
-0.5902 -0.5022 0.1043
-0.5893 -0.7319 0.1461
-0.5792 -0.6603 0.1425
-0.5784 -0.5224 0.1069
-0.5859 -0.4748 0.1058
-0.5710 -0.4499 0.1079
-0.5764 -0.3974 0.1234
-0.5668 -0.5636 0.1217
-0.5603 0.1737 0.2001
-0.5291 -0.4051 0.1333
-0.5593 -0.3245 0.1640
-0.5538 -0.7196 0.1498
-0.5566 0.0894 0.1605
-0.5589 0.0185 0.1513
-0.5229 -0.4821 0.1156
-0.5393 -0.6064 0.1467
-0.5213 -0.2800 0.1440
-0.5339 -0.0121 0.1342
-0.5120 0.0435 0.1229
-0.5261 1.0801 0.4498
-0.5208 0.2209 0.2090
-0.5160 -0.7751 0.1663
-0.5145 -0.5386 0.1152
-0.5190 1.2231 0.4567
-0.5068 -0.1913 0.1185
-0.5064 0.1677 0.1634
-0.4913 -0.1706 0.1094
-0.4807 0.0875 0.1374
-0.4842 -0.7705 0.1722
-0.4767 -0.3777 0.1326
-0.4796 -0.2262 0.1000
-0.4893 -0.0758 0.1089
-0.4862 -0.0082 0.1045
-0.4767 -0.5205 0.1136
-0.4808 -0.1173 0.1039
-0.4660 -0.0450 0.0968
-0.4668 -0.4769 0.1155
-0.4751 -0.2634 0.1075
-0.4712 -0.8200 0.2167
-0.4666 -0.1970 0.0973
-0.4606 -0.0943 0.0945
-0.4635 -0.5777 0.1338
-0.4154 -0.2377 0.1035
-0.4521 -0.3143 0.1154
-0.4502 0.1307 0.1497
-0.4410 -0.1574 0.0988
-0.4578 0.0286 0.1163
-0.4236 -0.4057 0.1213
-0.4478 -0.3613 0.1246
-0.4342 -0.0320 0.0998
-0.4486 -0.7411 0.1736
-0.4336 -0.5104 0.1127
-0.4366 -0.4555 0.1152
-0.4399 -0.2105 0.0976
-0.4371 0.0223 0.1176
-0.4339 -0.0728 0.0951
-0.4191 -0.2815 0.1096
-0.4183 -0.1056 0.0971
-0.4233 -0.3176 0.1154
-0.4198 -0.5400 0.1180
-0.4040 -0.1335 0.1030
-0.4140 0.2242 0.1921
-0.3767 -0.1642 0.1063
-0.4079 -0.6042 0.1446
-0.3799 -0.0064 0.1200
-0.3856 0.1262 0.1406
-0.3732 -0.0735 0.1087
-0.3884 -0.7389 0.1616
-0.3910 -0.4816 0.1359
-0.3684 -0.1985 0.1081
-0.3819 -0.4303 0.1275
-0.3682 0.0683 0.1205
-0.3751 0.1610 0.1563
-0.3799 -0.6066 0.1423
-0.3807 0.2167 0.1982
-0.3487 -0.7055 0.1281
-0.3643 -0.2769 0.1303
-0.3604 -0.2280 0.1189
-0.3471 -0.1137 0.1089
-0.3505 -0.5972 0.1435
-0.3513 -0.3745 0.1220
-0.3412 -0.3535 0.1280
-0.3153 -0.0329 0.1125
-0.3398 0.0471 0.1091
-0.3371 -0.3853 0.1261
-0.3331 -0.6735 0.1137
-0.3313 0.0114 0.1094
-0.3310 0.0901 0.1304
-0.3281 -0.0898 0.1140
-0.3104 -0.6461 0.1102
-0.3203 -0.1712 0.1192
-0.3023 -0.0800 0.1224
-0.3034 0.0477 0.1062
-0.3018 -0.7421 0.1138
-0.3001 -0.7111 0.1004
-0.2969 -0.3341 0.1491
-0.2987 -0.1905 0.1317
-0.2802 -0.4429 0.1646
-0.2736 -0.7967 0.1648
-0.2740 0.0382 0.1084
-0.2671 -0.4167 0.1572
-0.2651 -0.5023 0.1939
-0.2631 -0.7513 0.1169
-0.2600 -0.7212 0.1024
-0.2607 -0.1935 0.1544
-0.2607 -0.0653 0.1335
-0.2567 0.0039 0.1153
-0.2596 -0.6495 0.0972
-0.2548 1.4349 0.1930
-0.2579 -0.6438 0.1001
-0.2549 -0.6497 0.0967
-0.2403 -0.2499 0.1440
-0.2396 1.5616 0.1648
-0.2282 1.0555 0.2773
-0.2400 1.5138 0.1639
-0.2200 -0.7217 0.1133
-0.2320 0.0256 0.1174
-0.2245 -0.3038 0.1440
-0.2121 0.0518 0.1167
-0.2036 -0.6506 0.1137
-0.2140 1.5928 0.1613
-0.2150 1.6469 0.2193
-0.1852 -0.5868 0.1371
-0.2072 -0.0886 0.1637
-0.1985 1.3852 0.1484
-0.2035 1.4768 0.1473
-0.2025 -0.6760 0.1134
-0.1996 0.0818 0.1314
-0.1942 -0.2383 0.1358
-0.1924 -0.5595 0.1534
-0.1747 1.1009 0.1801
-0.1830 -0.7574 0.1507
-0.1580 0.1013 0.1353
-0.1757 -0.0314 0.1463
-0.1767 1.3677 0.1337
-0.1748 1.5541 0.1301
-0.1753 -0.3615 0.1595
-0.1738 -0.3277 0.1359
-0.1559 -0.2611 0.1284
-0.1561 0.0094 0.1332
-0.1364 1.3015 0.1255
-0.1524 1.3814 0.1210
-0.1317 -0.6230 0.1257
-0.1404 -0.2909 0.1234
-0.1378 1.2576 0.1382
-0.1373 -0.2177 0.1494
-0.1408 1.2364 0.1404
-0.1295 -0.1558 0.1739
-0.1339 0.0626 0.1253
-0.1124 1.3401 0.1104
-0.1088 1.4284 0.1122
-0.1225 -0.7017 0.1264
-0.1299 1.1727 0.1288
-0.1259 1.5272 0.1161
-0.1299 -0.5173 0.1553
-0.1258 1.1296 0.1301
-0.1245 1.6140 0.1705
-0.0953 -0.6723 0.1226
-0.1148 0.1708 0.1299
-0.1246 1.4922 0.1117
-0.0556 -0.5770 0.1310
-0.0970 1.1777 0.1186
-0.1178 -0.0833 0.1669
-0.0912 1.2743 0.1236
-0.1150 0.0803 0.1236
-0.1056 -0.7461 0.1520
-0.0925 -0.6244 0.1270
-0.0952 -0.5425 0.1319
-0.1026 1.0895 0.1442
-0.0993 1.3860 0.0988
-0.0992 1.5167 0.1031
-0.0891 -0.3643 0.1411
-0.0945 0.1981 0.1327
-0.0828 -0.4945 0.1496
-0.0940 0.1911 0.1288
-0.0822 -0.2896 0.1306
-0.0768 0.2099 0.1324
-0.0683 1.1150 0.1152
-0.0804 1.3679 0.0957
-0.0730 -0.7221 0.1333
-0.0522 0.1073 0.1351
-0.0690 1.4557 0.1001
-0.0437 1.2475 0.1256
-0.0693 -0.3447 0.1349
-0.0702 1.4897 0.0979
-0.0733 1.5598 0.1326
-0.0694 -0.1436 0.1668
-0.0691 0.0295 0.1405
-0.0662 0.1491 0.1229
-0.0525 -0.6257 0.1313
-0.0289 -0.7019 0.1292
-0.0576 -0.3994 0.1564
-0.0457 1.3507 0.0927
-0.0522 1.4056 0.0915
-0.0516 1.1782 0.1131
-0.0492 1.5211 0.1133
-0.0323 1.1410 0.1086
-0.0388 1.4758 0.1072
-0.0448 -0.4914 0.1326
-0.0402 1.3899 0.0914
-0.0358 -0.3377 0.1561
-0.0265 1.3132 0.1099
-0.0348 -0.0643 0.1303
-0.0334 0.0460 0.1494
-0.0251 -0.2683 0.1687
-0.0217 -0.0415 0.1277
-0.0283 1.1009 0.1265
-0.0223 -0.2300 0.1799
-0.0070 1.4078 0.0969
-0.0075 1.3595 0.0914
-0.0082 -0.7580 0.1422
-0.0168 0.3176 0.1663
-0.0040 1.6540 0.2084
0.0134 -0.5953 0.1307
-0.0055 -0.0097 0.1448
-0.0011 0.1594 0.1262
-0.0024 1.1762 0.1085
-0.0013 0.2702 0.1362
-0.0015 1.2356 0.1176
0.0045 -0.4917 0.1167
0.0330 1.5246 0.1464
0.0112 -0.4665 0.1263
0.0109 1.3068 0.1094
0.0133 1.4531 0.1113
0.0353 -0.5569 0.1192
0.0345 1.3792 0.1118
0.0150 -0.1171 0.1366
0.0243 1.1447 0.1065
0.0229 1.3467 0.1080
0.0223 -0.0551 0.1256
0.0300 1.2367 0.1086
0.0201 1.6376 0.1890
0.0264 -0.7131 0.1134
0.0255 0.2253 0.1030
0.0283 0.5631 0.1799
0.0345 0.2055 0.0945
0.0283 1.1119 0.1228
0.0405 1.4782 0.1346
0.0387 -0.7652 0.1299
0.0559 -0.6369 0.1137
0.0389 -0.0794 0.1234
0.0391 0.3644 0.1323
0.0453 1.4365 0.1213
0.0468 -0.4979 0.1141
0.0590 -0.6888 0.1070
0.0514 -0.1257 0.1502
0.0477 0.1784 0.0990
0.0502 0.4948 0.1423
0.0647 1.2645 0.1024
0.0660 -0.4768 0.1277
0.0597 -0.7354 0.1067
0.0594 -0.5327 0.1174
0.0718 0.2759 0.0941
0.0604 1.1800 0.1027
0.0613 0.3227 0.1101
0.0641 0.1542 0.1220
0.0757 0.2379 0.0814
0.0756 -0.6028 0.1200
0.0717 0.6775 0.1541
0.0744 0.7279 0.1735
0.0676 1.5921 0.1550
0.0792 -0.4573 0.1500
0.0869 0.4122 0.1101
0.0817 1.1082 0.1471
0.0900 1.3009 0.1127
0.0783 0.1763 0.1011
0.0915 -0.7533 0.1096
0.0967 -0.6522 0.1089
0.0957 0.4761 0.1076
0.0865 1.1566 0.1123
0.0852 1.2005 0.1009
0.0903 1.2318 0.0973
0.0888 0.5940 0.1376
0.0910 0.3165 0.1015
0.0933 1.6000 0.1518
0.1016 -0.1062 0.1605
0.0997 0.3483 0.1026
0.1018 0.3779 0.1017
0.0985 -0.6189 0.1206
0.1208 -0.7735 0.1160
0.1084 -0.7078 0.1041
0.0963 0.2497 0.0826
0.0995 0.2277 0.0825
0.1124 0.5056 0.1092
0.1118 0.5409 0.1158
0.1064 1.4091 0.1369
0.1050 0.2281 0.0844
0.1164 0.6802 0.1199
0.1109 1.2392 0.1030
0.1166 0.4198 0.1054
0.1163 -0.0650 0.1466
0.1541 0.5960 0.1324
0.1286 0.6526 0.1215
0.1267 0.4409 0.1079
0.1253 1.2621 0.1126
0.1243 1.3153 0.1219
0.1269 1.5738 0.1471
0.1364 -0.6786 0.1151
0.1318 0.2521 0.0935
0.1313 0.7403 0.1390
0.1391 0.0489 0.1394
0.1452 0.5396 0.1284
0.1379 -0.4310 0.2331
0.1434 -0.0287 0.1385
0.1588 -0.7040 0.1062
0.1453 1.1634 0.1586
0.1470 1.3760 0.1327
0.1485 0.2879 0.1036
0.1537 0.4089 0.1234
0.1472 0.4991 0.1202
0.1538 1.3132 0.1346
0.1604 1.4583 0.1336
0.1549 0.0140 0.1222
0.1618 -0.7803 0.1181
0.1643 0.6986 0.1175
0.1610 1.5488 0.1401
0.1716 1.6071 0.1366
0.1690 0.2570 0.1193
0.1682 0.3392 0.1260
0.1810 -0.0244 0.1361
0.1876 -0.7365 0.1012
0.1807 0.7588 0.1473
0.1768 1.4188 0.1319
0.1801 -0.7561 0.1025
0.1998 1.5042 0.1303
0.1852 0.0598 0.1118
0.1866 1.3925 0.1401
0.2054 0.1110 0.1429
0.1929 0.6434 0.1282
0.1877 1.6694 0.1831
0.2025 0.2918 0.1399
0.2051 -0.7730 0.1225
0.2044 0.0492 0.1073
0.2142 0.6698 0.1202
0.2091 -0.6998 0.1248
0.2105 0.7565 0.1545
0.2168 1.6604 0.1749
0.2290 0.0243 0.1258
0.2256 1.4595 0.1392
0.2306 1.4916 0.1335
0.2372 0.3622 0.1260
0.2570 -0.7129 0.1346
0.2500 0.4964 0.1679
0.2456 0.6213 0.1438
0.2414 1.5854 0.1346
0.2477 1.6208 0.1485
0.2569 -0.8174 0.1653
0.2432 0.0500 0.1290
0.2458 0.1656 0.1719
0.2531 0.0847 0.1438
0.2576 0.3734 0.1219
0.2587 0.7192 0.1498
0.2747 0.2076 0.1647
0.2757 0.3261 0.1337
0.2751 0.4034 0.1269
0.2643 0.6878 0.1429
0.2757 0.5170 0.1681
0.2909 0.3792 0.1219
0.2874 1.5192 0.1513
0.2944 -0.6927 0.1405
0.2948 0.5541 0.1699
0.2991 0.6487 0.1625
0.2935 1.5426 0.1479
0.3167 -0.8083 0.1556
0.3218 -0.7136 0.1191
0.3212 0.1933 0.1456
0.3229 0.3656 0.1213
0.3379 1.6011 0.1970
0.3371 -0.7790 0.1291
0.3481 0.2660 0.1300
0.3428 0.4893 0.1516
0.3438 0.4158 0.1317
0.3510 -0.7548 0.1168
0.3575 1.5735 0.2137
0.3628 0.2373 0.1178
0.3820 0.6279 0.2027
0.3695 -0.6760 0.1343
0.3822 0.3055 0.1369
0.3745 -0.7525 0.1185
0.3777 0.1269 0.1736
0.3864 0.2155 0.1114
0.3795 0.4508 0.1490
0.3856 -0.7125 0.1216
0.3897 1.1979 0.4746
0.3955 0.3859 0.1488
0.4061 0.4967 0.1797
0.4038 -0.6582 0.1598
0.4095 0.2354 0.1099
0.4151 0.1696 0.1313
0.4219 0.7023 0.2272
0.4372 0.2997 0.1528
0.4493 -0.8182 0.1723
0.4534 -0.7468 0.1432
0.4596 0.1474 0.1727
0.4468 0.2475 0.1353
0.4510 0.4084 0.1962
0.4591 -0.6410 0.1951
0.4530 0.7406 0.2514
0.4553 0.1905 0.1440
0.4773 0.5710 0.2304
0.4851 -0.7835 0.1616
0.5179 -0.7445 0.1714
0.5296 1.6732 0.4285
0.5273 -0.8135 0.1703
0.5226 -0.4975 0.2498
0.5236 0.6386 0.2194
0.5357 1.6569 0.4297
0.5443 -0.6071 0.2009
0.5425 0.6629 0.2100
0.5911 -0.8087 0.1522
0.5866 0.1364 0.2632
0.6022 -0.5288 0.1506
0.6105 0.1390 0.2871
0.6114 0.7098 0.1882
0.6245 -0.7981 0.1350
0.6266 0.6936 0.1934
0.6300 -0.8183 0.1447
0.6431 -0.5879 0.1115
0.6452 -0.6113 0.1220
0.6672 -0.8003 0.1243
0.6528 -0.7239 0.1448
0.6598 -0.5320 0.1065
0.6700 0.7970 0.1661
0.6637 -0.5456 0.0983
0.6800 -0.7565 0.1187
0.6698 0.1266 0.3676
0.6779 -0.5613 0.0926
0.6820 0.7391 0.1637
0.6874 -0.5289 0.1044
0.6943 0.7768 0.1501
0.7015 -0.6088 0.0921
0.7114 0.8311 0.1818
0.7198 -0.7513 0.1114
0.7206 -0.6519 0.0994
0.7229 -0.7225 0.1149
0.7251 0.7749 0.1567
0.7372 -0.8190 0.1394
0.7320 -0.6106 0.0901
0.7366 -0.4699 0.1039
0.7327 -0.3966 0.1194
0.7321 -0.6303 0.0890
0.7415 -0.5352 0.1129
0.7336 -0.6262 0.0885
0.7606 -0.7574 0.1008
0.7539 -0.5021 0.1072
0.7555 -0.4324 0.0896
0.7766 -0.6079 0.0997
0.7521 0.8104 0.1815
0.7598 -0.4049 0.0940
0.7632 -0.3493 0.1190
0.7715 -0.6550 0.1018
0.7691 -0.4443 0.0837
0.7822 -0.6956 0.1130
0.7792 0.8362 0.2250
0.7894 -0.4921 0.1012
0.7974 -0.4046 0.0870
0.7864 -0.8011 0.1144
0.7970 -0.7427 0.0992
0.7977 -0.3211 0.1173
0.8081 -0.2611 0.1387
0.8283 -0.6302 0.1198
0.8123 -0.5464 0.1070
0.8091 -0.4657 0.0993
0.8183 -0.7931 0.1008
0.8287 -0.7283 0.1017
0.8243 -0.3193 0.1074
0.8262 -0.5842 0.1126
0.8260 -0.4177 0.0973
0.8178 -0.3608 0.0987
0.8282 -0.7674 0.0933
0.8572 -0.6756 0.1184
0.8372 1.2597 0.3225
0.8419 -0.4331 0.1108
0.8467 -0.1907 0.1631
0.8576 -0.8179 0.1249
0.8525 -0.5710 0.1138
0.8543 -0.3844 0.1080
0.8536 -0.5294 0.1138
0.8701 -0.7409 0.0988
0.8702 -0.3328 0.1054
0.8588 -0.2501 0.1197
0.8609 0.7903 0.3164
0.9018 -0.5540 0.1319
0.8781 -0.5255 0.1227
0.8749 1.3148 0.2564
0.8837 -0.2616 0.1120
0.8823 -0.8025 0.1175
0.9018 -0.7700 0.1081
0.8857 -0.6910 0.1190
0.9177 -0.6548 0.1379
0.9018 -0.3076 0.1028
0.8965 0.2327 0.3063
0.9193 -0.7285 0.1132
0.9107 -0.2419 0.1188
0.9177 -0.3822 0.1088
0.9160 -0.1528 0.1256
0.9172 1.2966 0.2266
0.9423 -0.4692 0.1363
0.9263 -0.3323 0.0988
0.9327 1.3352 0.2110
0.9338 -0.4200 0.1279
0.9404 -0.2050 0.1210
0.9534 -0.7903 0.1312
0.9471 -0.3228 0.0978
0.9407 1.4275 0.2654
0.9871 -0.6636 0.1187
0.9531 -0.1057 0.1012
0.9474 -0.0632 0.1300
0.9499 -0.3561 0.0993
0.9539 -0.1690 0.1079
0.9571 -0.0804 0.1086
0.9616 0.2821 0.2514
0.9757 -0.7484 0.1188
0.9709 -0.1432 0.0942
0.9841 -0.5031 0.1287
0.9793 -0.2766 0.1146
0.9978 -0.7883 0.1319
0.9795 -0.5478 0.1244
0.9856 -0.6959 0.1205
0.9807 -0.4132 0.1270
0.9883 -0.3363 0.1037
1.0013 -0.6153 0.1111
0.9925 1.2640 0.2441
1.0018 -0.0848 0.0919
0.9982 1.3315 0.2147
1.0067 -0.3036 0.1110
0.9997 -0.1561 0.0950
1.0069 1.5657 0.3948
1.0044 0.0409 0.1736
1.0082 1.3033 0.2233
1.0208 -0.5159 0.1203
1.0122 0.2707 0.1998
1.0119 1.2789 0.2405
1.0287 -0.7066 0.1098
1.0157 -0.5736 0.1084
1.0221 -0.0284 0.1261
1.0251 -0.0966 0.0895
1.0387 -0.3209 0.1224
1.0336 -0.2832 0.1250
1.0257 -0.1871 0.1201
1.0268 0.0832 0.1822
1.0410 -0.7781 0.1204
1.0329 -0.4564 0.1358
1.0344 -0.1559 0.0991
1.0374 -0.1099 0.0913
1.0395 -0.6298 0.0938
1.0425 -0.5957 0.1024
1.0730 -0.7319 0.1136
1.0697 -0.1309 0.0977
1.0515 -0.0835 0.0977
1.0519 0.1116 0.1749
1.0642 -0.8087 0.1344
1.0531 0.1383 0.1731
1.0715 -0.6599 0.0994
1.0613 -0.4311 0.1499
1.0617 -0.5663 0.1177
1.0704 -0.6842 0.1030
1.0730 0.2541 0.1662
1.0762 -0.2703 0.1354
1.0755 0.2827 0.1740
1.0779 -0.6341 0.1045
1.0823 -0.3950 0.1559
1.0834 -0.0200 0.1383
1.0987 -0.5111 0.1676
1.1019 -0.2199 0.1251
1.1119 -0.1412 0.1073
1.1022 -0.0289 0.1325
1.1144 -0.7749 0.1035
1.1063 -0.6628 0.1236
1.1119 -0.0848 0.1077
1.1112 0.1641 0.1747
1.1148 -0.8084 0.1164
1.1355 -0.7297 0.1217
1.1180 -0.1726 0.1143
1.1184 -0.3586 0.1641
1.1351 0.1657 0.1901
1.1327 1.6555 0.5425
1.1429 -0.7904 0.1098
1.1439 0.2291 0.1874
1.1709 -0.7971 0.1327
1.1383 -0.2203 0.1219
1.1483 -0.1055 0.1050
1.1460 0.3394 0.2198
1.1705 -0.1301 0.1153
1.1550 0.4027 0.2981
1.1622 1.6240 0.5284
1.1698 -0.7620 0.1283
1.1699 -0.3355 0.1771
1.1701 -0.2391 0.1302
1.1661 0.3527 0.2450
1.1765 -0.2765 0.1504
1.1739 0.0150 0.1818
1.1704 -0.0887 0.1147
1.1938 -0.0575 0.1348
1.1992 -0.8130 0.1764
1.1997 -0.0071 0.1731
1.2015 -0.2402 0.1542
1.2017 -0.1427 0.1386
