points 
 2 
 1 
Tumour[19065]CD6810NNCodensity
-1.1417 -0.5236 0.1616
-1.1268 -0.4717 0.1432
-1.1490 -0.2227 0.1800
-1.1359 0.2744 0.2057
-1.1376 0.0673 0.1884
-1.1251 -0.6975 0.1532
-1.1399 0.9089 0.4462
-1.1254 -0.3658 0.1431
-1.1376 0.6449 0.3056
-1.1313 -0.1339 0.1788
-1.1298 0.6246 0.2990
-1.1100 -0.7681 0.1478
-1.1265 -0.6287 0.1611
-1.1208 -0.5937 0.1547
-1.1303 0.4939 0.3161
-1.1246 -0.4142 0.1396
-1.0982 -0.4332 0.1262
-1.1143 0.2050 0.1630
-1.0847 0.0137 0.1418
-1.0943 0.0497 0.1497
-1.1024 -0.2315 0.1358
-1.0973 -0.0395 0.1599
-1.0891 -0.7448 0.1267
-1.0982 -0.5020 0.1385
-1.0757 -0.0610 0.1483
-1.0877 -0.3772 0.1152
-1.0752 -0.6972 0.1335
-1.0868 -0.2643 0.1257
-1.0708 -0.2992 0.1136
-1.0740 0.1013 0.1502
-1.0784 0.1930 0.1429
-1.0769 0.2136 0.1347
-1.0560 -0.8051 0.1227
-1.0529 -0.7587 0.1174
-1.0581 -0.6223 0.1498
-1.0593 -0.1610 0.1291
-1.0559 -0.5460 0.1403
-1.0527 -0.3416 0.1043
-1.0532 -0.2505 0.1183
-1.0559 1.5687 0.3926
-1.0444 0.2880 0.1356
-1.0563 0.5821 0.2493
-1.0496 -0.1333 0.1300
-1.0267 -0.2045 0.1211
-1.0248 0.0312 0.1344
-1.0375 0.2111 0.1330
-1.0412 -0.7305 0.1305
-1.0292 0.2423 0.1217
-1.0296 -0.5801 0.1486
-1.0255 -0.4185 0.1152
-1.0343 -0.3138 0.1049
-1.0272 -0.8713 0.1383
-1.0165 -0.4790 0.1438
-1.0226 -0.3563 0.0951
-1.0091 0.9831 0.3601
-1.0138 0.0763 0.1330
-1.0064 -0.1479 0.1156
-1.0159 -0.8221 0.1104
-0.9906 -0.7885 0.1283
-1.0035 -0.0557 0.1321
-0.9982 0.2884 0.1296
-1.0029 -0.3767 0.0976
-1.0001 1.1975 0.2684
-0.9970 1.3151 0.2484
-0.9963 0.5546 0.2456
-0.9864 -0.8981 0.1383
-0.9825 -0.8717 0.1148
-0.9781 -0.5736 0.1415
-0.9836 -0.3071 0.1168
-0.9878 1.3732 0.2559
-0.9863 -0.3896 0.1024
-0.9820 -0.2153 0.1298
-0.9772 0.0562 0.1228
-0.9781 0.3160 0.1365
-0.9785 -0.1189 0.1160
-0.9770 -0.8423 0.1091
-0.9600 -0.3505 0.1128
-0.9637 0.1234 0.1406
-0.9715 0.7363 0.2409
-0.9649 -0.4620 0.1192
-0.9658 0.2709 0.1294
-0.9684 1.5020 0.2688
-0.9607 -0.1795 0.1184
-0.9543 -0.4064 0.1093
-0.9544 -0.0508 0.1148
-0.9534 -0.8450 0.1111
-0.9448 -0.0009 0.1085
-0.9478 -0.1131 0.1139
-0.9486 -0.2965 0.1284
-0.9417 0.3990 0.1730
-0.9387 1.3120 0.2115
-0.9363 -0.5805 0.1332
-0.9256 -0.4457 0.1054
-0.9388 0.1088 0.1227
-0.9381 0.2945 0.1311
-0.9171 1.2720 0.2039
-0.9077 -0.4883 0.1113
-0.9298 -0.0412 0.1070
-0.9309 0.7457 0.2522
-0.9281 0.6764 0.2272
-0.9176 -0.6665 0.1346
-0.9103 -0.5964 0.1229
-0.9125 -0.1656 0.1135
-0.9207 0.0237 0.1038
-0.9075 -0.2536 0.1282
-0.9118 0.0980 0.1108
-0.9159 0.4088 0.1751
-0.8986 -0.6364 0.1222
-0.9021 -0.7144 0.1351
-0.9131 0.8886 0.3207
-0.9089 -0.5296 0.1232
-0.8894 -0.8893 0.1342
-0.8842 -0.8479 0.1146
-0.8803 -0.7544 0.1284
-0.8996 0.0102 0.0966
-0.8976 0.1202 0.1179
-0.9036 0.2555 0.1387
-0.8987 0.4622 0.2200
-0.8965 -0.4415 0.1007
-0.9019 0.6852 0.2360
-0.8944 1.5747 0.2683
-0.8852 -0.3090 0.1249
-0.8934 1.1155 0.2754
-0.8713 -0.4138 0.1074
-0.8936 -0.1190 0.1120
-0.8740 0.4150 0.1863
-0.8717 -0.7921 0.1199
-0.8862 0.6913 0.2453
-0.8865 1.0449 0.3159
-0.8660 -0.2682 0.1336
-0.8812 -0.1752 0.1130
-0.8752 -0.0062 0.0939
-0.8780 1.2090 0.2252
-0.8776 1.5471 0.2413
-0.8732 -0.8695 0.1198
-0.8635 -0.3635 0.1204
-0.8588 -0.2225 0.1343
-0.8748 -0.0332 0.1056
-0.8699 -0.4459 0.1061
-0.8602 -0.6748 0.1178
-0.8574 -0.1177 0.1061
-0.8686 0.2920 0.1460
-0.8424 -0.3418 0.1270
-0.8607 0.1530 0.1379
-0.8536 -0.0925 0.1135
-0.8482 -0.6391 0.1217
-0.8544 -0.4866 0.1095
-0.8497 0.0457 0.1008
-0.8481 0.0090 0.0979
-0.8449 0.0840 0.1143
-0.8504 1.2181 0.2308
-0.8463 0.2071 0.1590
-0.8414 0.2702 0.1651
-0.8345 -0.8510 0.1117
-0.8429 -0.5438 0.1255
-0.8407 1.4056 0.2103
-0.8303 -0.8002 0.1117
-0.8336 -0.1665 0.1151
-0.8140 0.0088 0.1130
-0.8300 0.1252 0.1398
-0.8332 0.3168 0.1755
-0.8225 -0.6914 0.1226
-0.8116 -0.7345 0.1156
-0.8196 -0.5702 0.1286
-0.8088 -0.4418 0.1167
-0.8062 -0.3796 0.1263
-0.8119 0.0379 0.1186
-0.8018 -0.1472 0.1176
-0.7862 -0.8898 0.1416
-0.8042 -0.5253 0.1245
-0.7980 -0.7662 0.1157
-0.8020 -0.3358 0.1361
-0.7987 -0.8489 0.1205
-0.7982 -0.0692 0.1274
-0.7928 1.5836 0.2622
-0.7899 -0.1035 0.1251
-0.7702 -0.5796 0.1217
-0.7752 -0.6313 0.1268
-0.7759 -0.4514 0.1211
-0.7672 1.3648 0.2034
-0.7668 1.5200 0.2162
-0.7548 -0.7664 0.1148
-0.7570 -0.1745 0.1318
-0.7489 0.4684 0.2254
-0.7573 1.3985 0.2020
-0.7422 -0.8617 0.1246
-0.7477 -0.7059 0.1096
-0.7488 1.4336 0.1994
-0.7504 -0.4598 0.1271
-0.7421 -0.0009 0.1803
-0.7388 -0.3159 0.1388
-0.7366 -0.1017 0.1563
-0.7295 -0.6492 0.1164
-0.7276 -0.4554 0.1343
-0.7255 1.3951 0.2029
-0.7164 -0.7963 0.1103
-0.7269 -0.2891 0.1257
-0.7252 -0.7296 0.1033
-0.7233 -0.5352 0.1193
-0.7215 -0.2468 0.1169
-0.7162 -0.6856 0.1071
-0.7147 -0.5922 0.1102
-0.7212 -0.2020 0.1235
-0.7198 0.4524 0.2244
-0.7117 -0.4963 0.1286
-0.7153 0.5919 0.2442
-0.7071 -0.2161 0.1144
-0.7019 -0.8437 0.1139
-0.7058 -0.8982 0.1460
-0.6906 -0.5653 0.1074
-0.7005 0.5208 0.2191
-0.6909 -0.7621 0.0984
-0.6857 1.2595 0.2766
-0.6762 -0.8373 0.1075
-0.6804 -0.3086 0.1146
-0.6673 -0.3409 0.1230
-0.6665 -0.6737 0.1015
-0.6664 -0.5941 0.0992
-0.6672 0.8174 0.2366
-0.6652 -0.7105 0.0959
-0.6603 -0.2281 0.1163
-0.6636 -0.1773 0.1257
-0.6624 0.9187 0.2250
-0.6563 1.2415 0.3008
-0.6394 1.0212 0.2829
-0.6529 -0.7926 0.0960
-0.6507 -0.7331 0.0917
-0.6454 -0.6149 0.0975
-0.6468 -0.5754 0.0992
-0.6418 -0.3797 0.1301
-0.6477 0.7138 0.2495
-0.6439 -0.4425 0.1461
-0.6347 -0.2738 0.1240
-0.6390 0.9220 0.2207
-0.6379 -0.8691 0.1349
-0.6386 -0.7639 0.0893
-0.6338 -0.6807 0.1043
-0.6354 0.8750 0.2100
-0.6151 -0.5477 0.1105
-0.6263 1.5696 0.2499
-0.6210 -0.8973 0.1724
-0.6220 -0.6249 0.0976
-0.6235 -0.3462 0.1147
-0.6236 0.5066 0.1960
-0.6224 0.7816 0.2277
-0.6242 1.0594 0.3008
-0.6207 -0.7766 0.0922
-0.6182 -0.1939 0.1272
-0.6130 0.5911 0.2027
-0.6145 0.8756 0.2099
-0.6133 -0.1570 0.1458
-0.6037 -0.4091 0.1245
-0.5992 -0.6910 0.1083
-0.5968 -0.3093 0.1170
-0.5973 -0.7825 0.0983
-0.5885 0.4146 0.2308
-0.5854 -0.1329 0.1608
-0.5882 0.3516 0.2072
-0.5800 -0.5542 0.1020
-0.5854 1.4534 0.2177
-0.5796 -0.7478 0.0913
-0.5662 -0.6348 0.0997
-0.5699 0.2964 0.1628
-0.5823 -0.5974 0.0884
-0.5746 -0.7740 0.0974
-0.5751 1.4939 0.1997
-0.5629 -0.4870 0.1213
-0.5676 -0.4606 0.1302
-0.5589 -0.2692 0.1280
-0.5574 0.2627 0.1508
-0.5603 0.5944 0.1879
-0.5560 -0.5887 0.0848
-0.5457 -0.7226 0.0954
-0.5511 -0.2120 0.1363
-0.5487 -0.3577 0.1086
-0.5433 -0.3330 0.1077
-0.5477 1.5728 0.2061
-0.5310 -0.6822 0.0997
-0.5398 -0.5541 0.0911
-0.5353 -0.7486 0.0943
-0.5309 0.2745 0.1336
-0.5267 -0.3603 0.1117
-0.5187 0.5871 0.1653
-0.5237 -0.6191 0.0878
-0.5286 -0.5941 0.0845
-0.5307 -0.4069 0.1177
-0.5290 0.1690 0.1869
-0.5061 -0.1912 0.1374
-0.5178 -0.4856 0.1169
-0.5203 0.0085 0.1972
-0.5220 1.5262 0.1659
-0.5120 -0.7655 0.0991
-0.4921 -0.5812 0.1013
-0.5074 -0.2908 0.1183
-0.4942 -0.1498 0.1495
-0.5059 -0.6691 0.0948
-0.5067 0.1982 0.1523
-0.4976 -0.5499 0.0970
-0.4857 -0.3859 0.1159
-0.4989 -0.0467 0.1610
-0.4966 -0.0244 0.1644
-0.4918 -0.5199 0.1085
-0.4917 -0.0762 0.1500
-0.4882 0.5668 0.1589
-0.4882 -0.8921 0.1813
-0.4903 -0.6493 0.0969
-0.4848 -0.7520 0.0873
-0.4794 -0.2880 0.1192
-0.4818 0.2860 0.1271
-0.4653 -0.8227 0.1146
-0.4762 -0.7343 0.0846
-0.4700 0.2388 0.1283
-0.4628 -0.2001 0.1426
-0.4655 -0.6608 0.1017
-0.4611 -0.6996 0.0860
-0.4607 -0.5212 0.1216
-0.4579 -0.4329 0.1326
-0.4634 0.2774 0.1248
-0.4533 0.6833 0.1578
-0.4567 0.6315 0.1393
-0.4510 -0.7399 0.0791
-0.4478 1.2053 0.1767
-0.4516 1.4353 0.1429
-0.4400 1.3758 0.1532
-0.4481 0.7356 0.2032
-0.4346 -0.3165 0.1297
-0.4447 -0.2705 0.1349
-0.4437 1.3260 0.1677
-0.4460 1.4800 0.1240
-0.4389 -0.3656 0.1228
-0.4383 1.5306 0.1293
-0.4344 -0.7676 0.0822
-0.4284 -0.6910 0.0980
-0.4338 -0.2304 0.1489
-0.4262 0.6625 0.1427
-0.4275 -0.8377 0.0994
-0.4298 -0.7903 0.0842
-0.4289 0.0980 0.1706
-0.4229 -0.3854 0.1280
-0.4205 -0.7265 0.0886
-0.4160 -0.5369 0.1387
-0.4225 -0.0874 0.1523
-0.4110 0.3471 0.1256
-0.4164 0.6022 0.1353
-0.4164 1.1872 0.1608
-0.4252 1.4708 0.1153
-0.4143 0.2913 0.1247
-0.4198 0.3934 0.1331
-0.4163 0.4847 0.1405
-0.4064 0.4404 0.1344
-0.4129 1.2240 0.1407
-0.4060 -0.7935 0.0888
-0.3923 -0.7560 0.1010
-0.4031 1.5892 0.1652
-0.4068 -0.8941 0.1288
-0.4017 -0.0569 0.1504
-0.4011 0.0683 0.1538
-0.3992 0.5466 0.1321
-0.3886 -0.8233 0.0962
-0.3938 0.1636 0.1636
-0.3825 0.3883 0.1262
-0.3786 1.2253 0.1359
-0.3925 1.2754 0.1374
-0.3764 -0.4967 0.1338
-0.3825 -0.4048 0.1206
-0.3908 0.2135 0.1528
-0.3914 0.7258 0.1871
-0.3935 0.9538 0.1800
-0.3905 0.9897 0.1668
-0.3887 1.4420 0.1188
-0.3924 0.4875 0.1338
-0.3855 -0.6656 0.1295
-0.3853 1.5282 0.1089
-0.3861 -0.8627 0.1056
-0.3818 -0.6018 0.1548
-0.3812 0.0454 0.1468
-0.3821 1.3155 0.1456
-0.3812 0.3213 0.1280
-0.3709 0.3600 0.1306
-0.3687 1.1560 0.1731
-0.3723 -0.8778 0.1171
-0.3745 0.9780 0.1575
-0.3519 -0.1396 0.1936
-0.3636 0.2226 0.1634
-0.3678 -0.4543 0.1209
-0.3655 0.9305 0.1756
-0.3659 1.4818 0.1119
-0.3646 1.5136 0.1083
-0.3520 -0.0769 0.1848
-0.3555 0.0073 0.1552
-0.3494 -0.8920 0.1315
-0.3526 -0.6912 0.1424
-0.3530 0.0492 0.1506
-0.3516 0.4774 0.1392
-0.3503 0.5574 0.1379
-0.3541 1.5800 0.1600
-0.3432 -0.4243 0.1104
-0.3461 0.6289 0.1560
-0.3438 1.4043 0.1493
-0.3378 -0.5694 0.1617
-0.3297 -0.3169 0.1581
-0.3406 1.3632 0.1581
-0.3359 -0.7892 0.1370
-0.3352 0.9798 0.1528
-0.3243 0.5701 0.1501
-0.3252 1.5383 0.1469
-0.3258 1.0671 0.1798
-0.3248 0.7607 0.2379
-0.3177 -0.4474 0.1079
-0.3139 1.1937 0.1842
-0.3109 -0.3735 0.1182
-0.3100 0.9756 0.1655
-0.2995 -0.3925 0.1133
-0.3019 0.0654 0.1903
-0.2950 0.3120 0.1799
-0.2985 -0.4983 0.1326
-0.2926 -0.2086 0.2084
-0.2992 1.2992 0.1935
-0.2998 1.4656 0.1681
-0.2932 -0.6663 0.1711
-0.2820 -0.3067 0.1555
-0.2938 0.1537 0.2066
-0.2761 0.6271 0.1876
-0.2813 1.0577 0.2007
-0.2788 -0.8223 0.1275
-0.2812 -0.8970 0.1545
-0.2779 -0.4650 0.1266
-0.2620 0.3728 0.1443
-0.2682 0.9092 0.2190
-0.2638 -0.7527 0.1359
-0.2549 -0.5208 0.1453
-0.2593 0.4381 0.1311
-0.2497 0.4044 0.1277
-0.2575 0.5072 0.1554
-0.2569 -0.8587 0.1346
-0.2446 -0.4111 0.1367
-0.2439 -0.3543 0.1390
-0.2421 -0.8198 0.1177
-0.2320 -0.7893 0.1136
-0.2210 -0.5863 0.1309
-0.2297 -0.1901 0.2113
-0.2182 0.4545 0.1133
-0.2036 -0.6634 0.1395
-0.2055 0.4042 0.1085
-0.2088 -0.3510 0.1532
-0.1984 -0.8844 0.1739
-0.1903 -0.7084 0.1320
-0.1917 -0.5856 0.1142
-0.1921 -0.7597 0.1131
-0.1827 -0.6103 0.1180
-0.1850 0.4331 0.1083
-0.1796 0.5211 0.1193
-0.1785 -0.5612 0.1180
-0.1765 -0.2876 0.1627
-0.1757 0.5763 0.1289
-0.1758 -0.7793 0.1205
-0.1720 0.6729 0.1647
-0.1661 0.2455 0.1908
-0.1519 0.4817 0.1138
-0.1736 0.6131 0.1437
-0.1750 0.7645 0.1841
-0.1669 -0.7453 0.1264
-0.1699 -0.4805 0.1717
-0.1679 1.2871 0.3224
-0.1564 0.4259 0.1129
-0.1644 0.3237 0.1306
-0.1582 -0.2216 0.1923
-0.1420 -0.7682 0.1426
-0.1553 0.1518 0.2216
-0.1589 0.3528 0.1198
-0.1431 0.5483 0.1109
-0.1453 -0.2842 0.1723
-0.1498 -0.0776 0.2119
-0.1468 0.7674 0.1724
-0.1452 0.8118 0.1947
-0.1292 -0.5869 0.1279
-0.1460 -0.0086 0.2038
-0.1371 -0.6070 0.1239
-0.1313 -0.5308 0.1555
-0.1413 0.2894 0.1576
-0.1371 0.0689 0.2102
-0.1155 -0.0552 0.1980
-0.1244 0.5280 0.1133
-0.1206 0.6007 0.1264
-0.1222 0.4007 0.1247
-0.1181 0.0032 0.1932
-0.1138 -0.3067 0.1793
-0.1148 0.3000 0.1602
-0.1057 0.3753 0.1337
-0.1061 0.4999 0.1256
-0.1063 0.7473 0.1598
-0.0828 0.1398 0.2262
-0.0894 -0.4032 0.2092
-0.0810 -0.8322 0.1625
-0.0832 0.7788 0.1798
-0.0782 1.0340 0.1760
-0.0812 0.6886 0.1727
-0.0772 0.9837 0.1802
-0.0763 -0.6617 0.1494
-0.0748 -0.9035 0.2032
-0.0770 0.5474 0.1311
-0.0642 0.6196 0.1658
-0.0398 -0.8841 0.1752
-0.0404 -0.1505 0.2069
-0.0396 -0.6614 0.1424
-0.0372 0.4120 0.1773
-0.0410 0.9975 0.1403
-0.0392 -0.7053 0.1351
-0.0167 -0.2261 0.2134
-0.0335 -0.0458 0.1798
-0.0247 -0.7305 0.1249
-0.0262 0.4789 0.1682
-0.0263 -0.6242 0.1549
-0.0090 -0.7565 0.1229
-0.0214 0.9104 0.1945
-0.0196 1.1660 0.1483
-0.0072 1.2275 0.1931
-0.0047 0.8339 0.2339
-0.0108 0.9822 0.1352
-0.0067 1.0926 0.1269
-0.0021 -0.8651 0.1484
0.0011 0.5453 0.1976
0.0041 -0.8142 0.1253
-0.0007 -0.3205 0.1858
0.0043 1.1697 0.1340
0.0121 -0.3497 0.1785
0.0071 0.1591 0.2614
0.0220 -0.3906 0.1930
0.0163 1.0799 0.1197
0.0376 -0.7935 0.1165
0.0348 1.0518 0.1196
0.0256 1.4864 0.2275
0.0383 0.4389 0.2075
0.0343 1.1218 0.1168
0.0617 -0.7588 0.1118
0.0354 -0.7262 0.1169
0.0512 -0.1246 0.1589
0.0574 -0.0379 0.1659
0.0449 0.0533 0.2266
0.0480 0.3052 0.2054
0.0460 0.9754 0.1580
0.0485 1.1496 0.1259
0.0582 -0.5737 0.1524
0.0610 1.4212 0.1809
0.0625 -0.8385 0.1445
0.0728 -0.7166 0.1211
0.0625 1.0338 0.1373
0.0636 1.1833 0.1519
0.0664 -0.0654 0.1547
0.0695 -0.1056 0.1506
0.0704 0.3709 0.1918
0.0693 -0.6375 0.1315
0.0732 0.2433 0.2169
0.0744 -0.6028 0.1317
0.0966 -0.3551 0.1511
0.0877 1.0336 0.1619
0.0880 1.3871 0.1740
0.1051 -0.6393 0.1235
0.1003 1.2369 0.2169
0.1110 -0.0122 0.1749
0.1032 1.4258 0.1466
0.1054 -0.8501 0.1661
0.1096 -0.7303 0.1267
0.1256 -0.3948 0.1578
0.1311 -0.2788 0.1508
0.1275 -0.2110 0.1418
0.1283 -0.5077 0.1523
0.1345 -0.2563 0.1475
0.1243 -0.1244 0.1439
0.1348 -0.3612 0.1537
0.1346 -0.7639 0.1237
0.1350 -0.5787 0.1086
0.1430 1.3791 0.1701
0.1413 0.3012 0.1454
0.1431 1.4927 0.1409
0.1555 1.4686 0.1348
0.1452 -0.6070 0.1103
0.1542 -0.7547 0.1233
0.1632 -0.4493 0.1503
0.1515 0.6535 0.3139
0.1711 -0.2743 0.1517
0.1637 -0.1902 0.1299
0.1630 -0.5759 0.1090
0.1628 0.2860 0.1452
0.1643 0.5275 0.1749
0.1688 1.4274 0.1535
0.1890 1.5510 0.2111
0.1749 1.5816 0.2425
0.1737 0.4027 0.1428
0.1851 1.4858 0.1588
0.1987 -0.4413 0.1315
0.1932 -0.8028 0.1395
0.1858 -0.1470 0.1429
0.1947 0.4815 0.1343
0.1849 0.5407 0.1750
0.1971 -0.6570 0.1376
0.1922 -0.5835 0.1059
0.1941 -0.0034 0.1686
0.2031 -0.7660 0.1203
0.2010 -0.5522 0.1112
0.1925 0.2869 0.1451
0.2036 -0.1824 0.1333
0.2094 0.3507 0.1300
0.2028 0.4300 0.1291
0.2078 0.5109 0.1467
0.2071 0.3176 0.1352
0.2196 -0.7276 0.1166
0.2132 0.0281 0.1748
0.2255 -0.6591 0.1372
0.2248 -0.1278 0.1519
0.2449 0.4124 0.1280
0.2276 -0.5557 0.1154
0.2422 -0.7624 0.1226
0.2347 0.3848 0.1340
0.2340 -0.8867 0.2024
0.2479 1.3011 0.2045
0.2443 -0.4390 0.1187
0.2434 0.2260 0.1857
0.2585 -0.7270 0.1231
0.2583 -0.1408 0.1640
0.2515 -0.5163 0.1201
0.2489 0.1791 0.2005
0.2708 0.4910 0.1520
0.2539 0.0002 0.1493
0.2686 -0.4637 0.1189
0.2662 -0.3763 0.1350
0.2751 -0.4249 0.1198
0.2699 -0.5525 0.1179
0.2719 -0.3997 0.1248
0.2701 0.0510 0.1625
0.2785 -0.6023 0.1320
0.2848 -0.2885 0.1788
0.2854 -0.2278 0.1850
0.2810 1.2880 0.1877
0.2831 -0.0180 0.1445
0.2990 -0.7473 0.1280
0.3092 -0.0199 0.1561
0.2904 -0.8731 0.1559
0.2912 -0.3607 0.1420
0.2945 -0.0734 0.1606
0.2951 0.9521 0.4383
0.3070 -0.6452 0.1483
0.3146 1.3409 0.1800
0.3242 -0.5237 0.1071
0.3202 0.4651 0.1538
0.3304 -0.7553 0.1287
0.3265 0.4237 0.1444
0.3373 0.1426 0.1970
0.3448 1.2550 0.1691
0.3424 -0.7923 0.1218
0.3548 -0.5658 0.1036
0.3450 -0.8442 0.1147
0.3461 -0.5053 0.1001
0.3536 0.3726 0.1722
0.3530 -0.8718 0.1207
0.3493 0.2337 0.2263
0.3485 1.3379 0.1715
0.3671 -0.7079 0.1330
0.3563 0.0962 0.2032
0.3626 -0.5304 0.0925
0.3775 -0.8105 0.1175
0.3778 -0.8652 0.1137
0.3741 -0.6173 0.1156
0.3706 -0.4949 0.0901
0.3694 0.1611 0.2265
0.3883 0.4101 0.1505
0.3773 1.3389 0.1772
0.3863 -0.8896 0.1298
0.3973 -0.5518 0.0983
0.3769 -0.3682 0.1379
0.3831 -0.2314 0.1565
0.3844 1.4818 0.2989
0.3789 1.5254 0.3196
0.4014 1.2273 0.1749
0.3856 0.5476 0.2049
0.4069 -0.5257 0.0981
0.3862 -0.4559 0.1059
0.3986 -0.4313 0.1101
0.3860 -0.0804 0.2111
0.3945 1.2564 0.1626
0.4034 -0.3557 0.1248
0.4014 -0.3074 0.1388
0.4203 -0.7508 0.1457
0.4088 -0.6780 0.1136
0.4044 -0.6263 0.1032
0.4073 0.4375 0.1364
0.4132 -0.8908 0.1375
0.4266 -0.1583 0.1608
0.4215 -0.5905 0.1045
0.4213 -0.4792 0.0993
0.4231 -0.2275 0.1363
0.4354 1.2273 0.1882
0.4318 0.4567 0.1416
0.4404 -0.4662 0.1053
0.4444 -0.1917 0.1348
0.4383 -0.6694 0.1038
0.4437 0.4321 0.1503
0.4487 -0.6436 0.1006
0.4475 -0.4148 0.1081
0.4483 -0.3119 0.1184
0.4581 0.5092 0.1840
0.4611 -0.8168 0.1426
0.4653 -0.6103 0.1102
0.4698 1.1957 0.1982
0.4753 -0.4308 0.1060
0.4669 0.7888 0.3337
0.4690 -0.3446 0.1050
0.4880 -0.1874 0.1219
0.4855 -0.8805 0.1647
0.4817 -0.6732 0.1216
0.4959 -0.3191 0.1147
0.4902 -0.3659 0.0959
0.4909 -0.2348 0.1236
0.4897 0.9762 0.2629
0.4966 0.5063 0.2157
0.4925 -0.6202 0.1168
0.5079 -0.4687 0.1105
0.5011 -0.5332 0.1316
0.5027 0.7139 0.3255
0.5126 -0.8315 0.1523
0.5283 -0.2618 0.1241
0.5204 -0.1506 0.1289
0.5319 -0.8600 0.1607
0.5227 -0.3516 0.0998
0.5226 -0.4008 0.0895
0.5295 -0.7608 0.1401
0.5344 -0.5350 0.1170
0.5376 -0.4133 0.0922
0.5466 -0.3885 0.0962
0.5530 -0.2091 0.1123
0.5381 0.0962 0.2774
0.5443 1.1499 0.1822
0.5503 -0.6524 0.1280
0.5538 -0.7534 0.1298
0.5663 -0.4977 0.1044
0.5602 -0.4313 0.1027
0.5584 0.3800 0.2477
0.5551 0.7376 0.2973
0.5580 1.0896 0.1815
0.5591 -0.5679 0.1207
0.5742 -0.2625 0.1125
0.5677 -0.1517 0.1209
0.5743 -0.4719 0.1086
0.5796 -0.1727 0.1210
0.5706 -0.6677 0.1238
0.5750 -0.7443 0.1258
0.5798 -0.3677 0.1056
0.5837 -0.0885 0.1369
0.5817 -0.0194 0.1717
0.5981 -0.3294 0.1038
0.5817 -0.5970 0.1252
0.5894 0.0066 0.1878
0.5879 1.1475 0.1621
0.5927 -0.1240 0.1340
0.5961 -0.5033 0.1090
0.5995 -0.7050 0.1200
0.6019 -0.2917 0.0984
0.6035 -0.0724 0.1470
0.6075 -0.2368 0.1165
0.6321 -0.3106 0.0963
0.6123 0.9500 0.1542
0.6150 0.9913 0.1496
0.6130 1.1916 0.1544
0.6267 -0.3463 0.1182
0.6191 1.2663 0.1771
0.6221 -0.5324 0.1096
0.6263 -0.9018 0.1704
0.6310 1.0096 0.1538
0.6309 -0.7141 0.1251
0.6331 -0.7808 0.1229
0.6396 0.9017 0.1818
0.6368 1.0343 0.1641
0.6451 -0.8271 0.1246
0.6392 0.9330 0.1592
0.6443 1.2266 0.1582
0.6482 -0.2599 0.1147
0.6420 -0.6370 0.1358
0.6461 0.3064 0.2998
0.6525 -0.8569 0.1246
0.6517 -0.5877 0.1231
0.6577 -0.5396 0.1153
0.6535 -0.4832 0.1233
0.6559 -0.3025 0.1041
0.6505 0.3389 0.2971
0.6648 1.3825 0.3175
0.6576 -0.0296 0.1725
0.6608 1.2803 0.1901
0.6651 1.1005 0.1874
0.6746 -0.8640 0.1237
0.6911 -0.7233 0.1454
0.6720 1.2144 0.1714
0.6796 -0.5916 0.1374
0.6902 -0.2680 0.1313
0.6772 0.2038 0.2964
0.6948 0.8720 0.2251
0.6934 -0.8014 0.1199
0.6839 -0.4436 0.1371
0.6852 0.0751 0.2325
0.6944 0.8962 0.2114
0.6979 -0.7525 0.1391
0.6975 0.6923 0.3427
0.7146 -0.5490 0.1349
0.7020 0.3269 0.3047
0.7191 -0.8795 0.1393
0.7297 -0.4752 0.1302
0.7135 1.2967 0.2392
0.7179 -0.3154 0.1249
0.7221 -0.3861 0.1162
0.7307 -0.8304 0.1313
0.7283 -0.5170 0.1340
0.7338 -0.4278 0.1188
0.7468 -0.0386 0.1678
0.7584 -0.3959 0.1097
0.7493 -0.3580 0.1159
0.7690 -0.2590 0.1429
0.7562 -0.8826 0.1542
0.7517 0.6524 0.3899
0.7576 -0.0969 0.1566
0.7654 -0.6863 0.2141
0.7656 -0.1785 0.1523
0.7762 -0.3536 0.1123
0.7774 -0.2156 0.1523
0.7875 -0.0755 0.1535
0.7967 -0.3927 0.1118
0.7888 -0.1549 0.1501
0.8045 -0.0222 0.1687
0.8146 -0.2276 0.1655
0.8192 -0.5447 0.1746
0.8199 0.0634 0.1981
0.8302 -0.8611 0.1259
0.8379 -0.1046 0.1763
0.8307 -0.8319 0.1279
0.8353 -0.4952 0.1539
0.8451 -0.4558 0.1407
0.8465 -0.3841 0.1182
0.8415 -0.3271 0.1373
0.8402 0.0205 0.1768
0.8712 -0.3671 0.1349
0.8692 -0.8682 0.0988
0.8666 0.4523 0.2769
0.8776 -0.6103 0.2073
0.8821 -0.4326 0.1442
0.8812 -0.8331 0.0881
0.8863 -0.3366 0.1575
0.8904 0.0927 0.1823
0.8897 0.4265 0.2368
0.9000 -0.7349 0.1731
0.8969 -0.8453 0.0793
0.9167 -0.5366 0.1674
0.9128 -0.8960 0.1132
0.9154 -0.8543 0.0799
0.9236 0.0724 0.1719
0.9227 1.2137 0.3576
0.9175 -0.8033 0.1025
0.9406 -0.7368 0.1698
0.9365 -0.4846 0.1683
0.9245 -0.8319 0.0862
0.9305 0.1911 0.1714
0.9355 0.3028 0.1506
0.9379 -0.8577 0.0906
0.9387 0.4699 0.2366
0.9390 0.1212 0.1732
0.9627 -0.5567 0.1750
0.9647 0.2957 0.1196
0.9719 -0.2958 0.1888
0.9789 -0.8836 0.1446
0.9894 0.2149 0.1360
0.9794 0.2691 0.1115
0.9779 -0.0125 0.2062
0.9996 0.9303 0.1929
0.9821 1.0025 0.2036
0.9782 0.3131 0.1196
0.9839 -0.8235 0.1386
0.9976 -0.1714 0.1633
1.0278 -0.4894 0.1668
1.0034 0.3225 0.1221
1.0151 -0.6678 0.1940
1.0090 0.0543 0.1766
1.0110 0.2580 0.1151
1.0061 1.5780 0.4056
1.0144 -0.0312 0.1959
1.0209 -0.1385 0.1499
1.0205 1.0270 0.1716
1.0399 -0.5281 0.1464
1.0245 1.5591 0.3702
1.0423 -0.2456 0.1349
1.0398 -0.2052 0.1291
1.0467 0.8747 0.1674
1.0459 -0.3159 0.1680
1.0524 -0.1575 0.1317
1.0510 0.1943 0.1689
1.0546 0.3757 0.1627
1.0494 0.1387 0.1755
1.0607 -0.3068 0.1599
1.0535 -0.1880 0.1270
1.0790 -0.5771 0.1195
1.0606 1.0387 0.1577
1.0619 1.0967 0.1815
1.0653 0.2710 0.1500
1.0666 0.3371 0.1549
1.0749 -0.4312 0.2005
1.0812 1.1847 0.2328
1.0772 0.4409 0.1670
1.0859 -0.6025 0.1165
1.0946 -0.5434 0.1283
1.0843 0.7986 0.1615
1.1058 1.4634 0.2464
1.0853 -0.6854 0.1462
1.0872 0.5323 0.1493
1.0865 0.5986 0.1270
1.0871 0.9163 0.1429
1.1124 1.1385 0.2011
1.0945 -0.7825 0.1579
1.0981 -0.3810 0.2114
1.0950 0.0909 0.1907
1.0889 0.9809 0.1501
1.0991 0.6555 0.1231
1.0936 0.7004 0.1376
1.1041 -0.1061 0.1690
1.0995 0.4530 0.1553
1.1071 1.4241 0.2467
1.1114 -0.9017 0.1686
1.1186 0.7972 0.1493
1.1327 -0.7580 0.1344
1.1165 -0.5968 0.1113
1.1195 0.6077 0.1111
1.1228 0.6380 0.1133
1.1209 1.0682 0.1821
1.1348 -0.0977 0.1878
1.1263 -0.8687 0.1375
1.1329 -0.6988 0.1328
1.1250 0.5716 0.1249
1.1309 0.0259 0.2095
1.1285 0.6776 0.1221
1.1343 0.9026 0.1361
1.1428 0.9525 0.1576
1.1289 1.4374 0.2311
1.1398 -0.5657 0.1291
1.1329 -0.2116 0.1484
1.1374 0.0884 0.2072
1.1517 -0.8135 0.1211
1.1484 -0.2663 0.1747
1.1443 0.8702 0.1361
1.1493 0.5094 0.1466
1.1469 1.2124 0.2444
1.1531 -0.6194 0.1193
1.1463 0.6710 0.1314
1.1529 0.7543 0.1590
1.1571 -0.8936 0.1415
1.1497 0.8291 0.1501
1.1584 -0.5907 0.1252
1.1663 -0.8577 0.1163
1.1728 -0.7351 0.1268
1.1649 -0.2116 0.1703
1.1756 -0.6925 0.1230
1.1758 0.3975 0.1610
1.1755 0.4259 0.1608
1.1683 0.5283 0.1585
1.1955 0.9276 0.1961
1.1940 -0.8745 0.1228
1.2017 1.4181 0.2030
1.2121 -0.8266 0.1168
1.2156 -0.1786 0.2140
1.2430 -0.7701 0.1130
1.2291 -0.6933 0.1081
1.2261 0.1115 0.2646
1.2319 0.1766 0.2504
1.2283 0.3916 0.1972
1.2317 -0.6500 0.1243
1.2311 0.3136 0.2207
1.2402 1.3887 0.1951
1.2397 -0.5223 0.1677
1.2424 1.2518 0.2295
1.2449 0.3425 0.2238
1.2448 1.5516 0.2997
1.2635 -0.8124 0.1114
1.2593 -0.6920 0.1011
1.2674 -0.3243 0.2378
1.2629 -0.8408 0.1199
1.2664 -0.4782 0.1963
1.2637 1.1008 0.2967
1.2681 -0.6646 0.1135
1.2946 -0.7071 0.1132
1.2911 -0.5878 0.1516
1.2742 -0.7451 0.1081
1.2890 -0.5493 0.1654
1.2883 -0.8510 0.1427
1.2901 -0.5059 0.1892
1.3010 -0.3280 0.2552
1.3004 1.2744 0.2296
1.2986 -0.7549 0.1175
1.3115 -0.8071 0.1376
1.3206 -0.6590 0.1478
1.3083 -0.3767 0.2543
1.3061 1.3335 0.2131
1.3252 0.2167 0.3296
1.3283 1.4559 0.2547
1.3318 -0.1388 0.3430
1.3412 1.2915 0.2498
1.3425 1.4179 0.2442
