points 
 2 
 1 
Tumour[19065]FoxP310NNCodensity
-1.0995 -0.7014 0.5293
-1.0981 -0.6137 0.5806
-1.0891 -0.7124 0.5172
-1.0605 -0.7297 0.4984
-1.0576 0.6836 0.7337
-1.0059 0.8152 0.7667
-0.9875 -0.7781 0.4885
-0.9680 -0.8176 0.5089
-0.9612 -0.5288 0.6033
-0.9123 0.6479 0.5872
-0.8905 0.4092 0.6373
-0.8413 0.1553 0.8154
-0.7467 -0.3222 0.7977
-0.7185 -1.1057 0.7638
-0.7165 0.2610 0.7105
-0.7167 0.7399 0.5747
-0.7154 0.7246 0.5660
-0.6012 0.8126 0.6941
-0.4854 0.6592 0.7071
-0.4642 -1.0752 0.8739
-0.4510 -0.9101 0.7833
-0.3952 -1.0060 0.8706
-0.3209 0.1026 0.4579
-0.2864 -0.3869 0.5760
-0.2831 -0.4027 0.5918
-0.2814 -0.0419 0.3929
-0.2024 0.1135 0.3664
-0.1561 0.2565 0.5125
-0.1143 -0.3255 0.4756
-0.0979 -0.0021 0.2785
-0.0837 0.0747 0.3245
-0.0794 -0.0632 0.2827
-0.0457 -0.1519 0.3470
-0.0414 -0.0755 0.3027
-0.0250 -0.0690 0.3148
0.0811 0.6520 0.7749
0.2473 0.6344 0.7256
0.3917 0.9026 0.8009
0.4360 -0.8162 1.0629
0.4374 0.8840 0.7652
0.4815 0.5426 0.6964
0.5509 0.8285 0.7251
0.5650 0.5097 0.7185
0.8029 -0.6250 0.7059
0.8096 -0.3232 0.8127
0.8346 1.3525 1.2475
0.8523 -0.5621 0.6779
0.8824 -0.7930 0.7783
0.9037 0.2202 0.8529
0.9480 0.2480 0.8351
1.0317 -0.6205 0.7041
1.0991 0.6699 0.8170
1.0984 -0.7996 0.8414
1.1047 -0.4544 0.7816
1.1950 -1.0778 1.2301
1.2385 1.3449 1.4026
1.3305 0.6223 0.9372
1.3373 0.4501 0.9820
1.3404 0.5740 0.9463
