points 
 2 
 1 
Tumour[19065]FoxP310NNCodensity
-1.3439 1.1248 0.7433
-1.3349 1.1166 0.7270
-1.3165 -0.5331 0.5644
-1.3110 0.5933 0.6766
-1.3067 1.1013 0.6978
-1.2807 0.0063 0.4424
-1.2634 -0.2567 0.3829
-1.2622 -0.5389 0.5298
-1.2249 -0.2852 0.3664
-1.2241 0.0084 0.4009
-1.1950 -0.4333 0.4166
-1.1811 0.8515 0.5378
-1.1615 -0.4751 0.4358
-1.1491 0.2937 0.5717
-1.1355 0.1295 0.4632
-1.1309 -0.2436 0.3722
-1.1104 0.5586 0.6049
-1.0698 0.0002 0.3844
-1.0512 -0.0908 0.3854
-0.9688 0.7539 0.5386
-0.9549 -0.0565 0.4211
-0.9474 0.7762 0.5452
-0.9443 0.6953 0.5470
-0.9000 1.1504 0.7743
-0.8176 -0.4075 0.4030
-0.7654 -0.4068 0.3558
-0.7407 -1.2733 0.7457
-0.7136 -0.4372 0.3247
-0.7034 -0.3713 0.3080
-0.6980 -0.0269 0.3445
-0.6915 -0.4172 0.3079
-0.6786 -0.0100 0.3269
-0.6471 -0.0138 0.3178
-0.6370 -0.0049 0.3132
-0.6017 0.2704 0.3189
-0.6013 0.2875 0.3359
-0.5949 -1.1823 0.5354
-0.5776 -0.7861 0.2859
-0.5649 -0.2794 0.3171
-0.5648 0.2060 0.2814
-0.5663 0.2352 0.2919
-0.5631 -0.7911 0.2721
-0.5576 0.1832 0.2839
-0.5513 -0.7680 0.2774
-0.5464 -0.8381 0.2628
-0.5426 -0.9524 0.2999
-0.5449 0.7609 0.5013
-0.5330 -0.2216 0.3334
-0.5264 -0.9514 0.2945
-0.5135 -0.9230 0.2783
-0.5113 -0.2749 0.3396
-0.4903 0.7793 0.4875
-0.4774 0.5694 0.4830
-0.4682 -0.4279 0.3643
-0.4644 -0.6244 0.3562
-0.4379 0.1919 0.3935
-0.3981 0.7299 0.4532
-0.3736 -0.6061 0.3776
-0.3416 -0.2006 0.5085
-0.3151 -1.0109 0.4385
-0.3050 0.6663 0.4510
-0.2801 -0.8015 0.4068
-0.2710 -0.6030 0.4171
-0.2341 0.8570 0.4665
-0.1982 -1.0771 0.5538
-0.1836 0.8598 0.4767
-0.1375 0.7750 0.4666
-0.1285 -0.7018 0.4616
-0.0868 -0.4590 0.5204
-0.0672 -0.0406 0.6268
-0.0067 -1.1163 0.6247
0.0111 0.2582 0.4493
0.0096 0.5148 0.4776
0.0338 -0.6260 0.5271
0.1039 0.9896 0.5603
0.1268 -0.6321 0.5804
0.1500 0.6074 0.4279
0.1612 0.2488 0.3159
0.1632 0.0959 0.3661
0.1740 0.2131 0.3186
0.1884 0.2779 0.3035
0.1955 -0.5147 0.6748
0.2184 -1.1487 0.6605
0.2411 -0.9961 0.5898
0.2581 0.4938 0.2918
0.3030 0.5114 0.2745
0.3111 0.4776 0.2524
0.3120 1.1564 0.5428
0.3295 -1.0772 0.6313
0.3312 0.2894 0.2668
0.3403 1.0596 0.4521
0.3521 0.8883 0.3930
0.3629 -0.0693 0.4126
0.3638 0.0954 0.3174
0.3896 0.7279 0.3460
0.3951 0.4237 0.2076
0.4066 0.7271 0.3412
0.4166 0.3593 0.2162
0.4170 0.1617 0.3220
0.4213 0.0050 0.3442
0.4347 -0.0498 0.3572
0.4341 0.4349 0.2113
0.4527 0.3379 0.2316
0.4750 1.1542 0.5018
0.5008 0.3971 0.2397
0.5047 0.8988 0.3744
0.5366 0.8645 0.3831
0.5674 0.3341 0.2804
0.5712 -1.0453 0.5392
0.5725 0.5175 0.3230
0.5840 0.6353 0.3673
0.6189 -0.1365 0.3544
0.6273 0.6942 0.4154
0.6493 0.1619 0.3097
0.6770 0.0489 0.2694
0.6855 -0.9470 0.4924
0.6965 0.3038 0.3232
0.7088 -0.0776 0.2989
0.7231 -1.2742 0.5571
0.7225 -0.0661 0.2951
0.7219 1.1341 0.5101
0.7321 0.0491 0.2682
0.7740 0.2410 0.3286
0.7801 0.1048 0.2885
0.7811 -0.0573 0.3189
0.7913 1.1442 0.5349
0.7966 0.3674 0.4047
0.8934 -0.9403 0.3051
0.9268 -1.0161 0.2348
0.9286 -0.3055 0.5076
0.9319 -1.1074 0.2561
0.9330 1.1457 0.6053
0.9427 -1.0289 0.2229
0.9419 -0.4401 0.6088
0.9450 1.1366 0.6055
0.9756 0.5562 0.4685
0.9874 -1.1591 0.2830
1.0128 -1.0358 0.2069
1.0145 0.1724 0.4292
1.0187 -0.4002 0.6176
1.0215 0.6271 0.5128
1.0344 0.6281 0.5176
1.0394 -1.0337 0.2141
1.0450 0.1755 0.4593
1.0627 0.1963 0.4799
1.0645 0.6134 0.5304
1.0887 -1.1791 0.3534
1.0898 -0.9442 0.2853
1.1011 -0.7767 0.4886
1.1244 -1.0138 0.2870
1.1255 1.0271 0.6924
1.1317 -0.1980 0.6088
