points 
 2 
 1 
Tumour[19065]CD810NNCodensity
-0.9590 1.0497 0.2604
-0.9605 1.0783 0.2596
-0.9438 0.7970 0.4156
-0.9488 0.6026 0.4408
-0.9327 1.0442 0.2479
-0.9174 1.1073 0.2315
-0.9174 0.9393 0.3119
-0.9068 0.3944 0.5237
-0.8828 -0.2485 0.2917
-0.8819 -1.1324 0.2748
-0.8724 -0.9932 0.2986
-0.8682 1.1148 0.2253
-0.8634 0.8360 0.3729
-0.8632 1.2448 0.2601
-0.8527 -1.1633 0.2502
-0.8336 1.2431 0.2479
-0.8290 -0.2100 0.2066
-0.8205 -1.1351 0.2144
-0.8172 -0.2363 0.1995
-0.8044 -0.8426 0.3428
-0.7962 -1.1886 0.2258
-0.7843 1.2728 0.2522
-0.7785 -0.2127 0.1625
-0.7311 -0.1832 0.1382
-0.7490 -1.0232 0.2064
-0.7405 0.5127 0.3012
-0.7145 -0.1315 0.1348
-0.7199 1.2571 0.2206
-0.7051 1.1447 0.2410
-0.6932 -1.0722 0.1530
-0.6894 0.6362 0.2840
-0.6764 -0.2211 0.1199
-0.6762 0.5475 0.2783
-0.6729 0.5082 0.3068
-0.6716 0.5879 0.2731
-0.6743 -0.2566 0.1466
-0.6769 -0.1911 0.1131
-0.6747 -0.0730 0.1370
-0.6718 -0.9306 0.1737
-0.6710 -1.1625 0.1274
-0.6669 -1.1146 0.1208
-0.6724 -0.9952 0.1562
-0.6518 -0.1495 0.1021
-0.6540 -0.1050 0.1073
-0.6528 -0.0749 0.1220
-0.6524 -0.9627 0.1532
-0.6503 1.2076 0.2162
-0.6491 -0.8493 0.1966
-0.6298 -0.2162 0.1082
-0.6316 -0.1176 0.1049
-0.6359 0.5669 0.2978
-0.6318 -1.1732 0.1047
-0.6328 0.9458 0.4029
-0.6229 -1.1514 0.0921
-0.6211 -1.0885 0.1137
-0.6273 -0.5471 0.1820
-0.6201 1.2263 0.2340
-0.6155 1.1212 0.2695
-0.6034 0.6395 0.3261
-0.6108 -1.1908 0.1149
-0.6054 -1.1113 0.1013
-0.6010 -0.1393 0.1093
-0.6065 0.9238 0.4257
-0.6056 -0.5254 0.1747
-0.6040 -1.1693 0.0978
-0.6050 -0.2580 0.1424
-0.5916 -0.9841 0.1321
-0.6018 -0.5547 0.1507
-0.5983 -0.3553 0.2045
-0.5834 -1.0820 0.1181
-0.5947 -0.2259 0.1248
-0.5988 -0.0354 0.1420
-0.5612 -1.0121 0.1147
-0.5897 -0.1658 0.1106
-0.5639 -1.1761 0.1121
-0.5819 -0.8922 0.1400
-0.5509 -0.9521 0.1212
-0.5550 -0.0414 0.1388
-0.5547 -1.0587 0.1119
-0.5334 -0.9001 0.1301
-0.5672 1.2645 0.2955
-0.5573 -0.5689 0.1236
-0.5513 -0.8610 0.1415
-0.5551 -0.6106 0.1122
-0.5516 -0.7629 0.1106
-0.5512 -0.7259 0.0906
-0.5508 -0.3788 0.2135
-0.5495 -0.1790 0.1367
-0.5542 1.2614 0.3087
-0.5531 -0.6694 0.0907
-0.5473 -0.8062 0.1351
-0.5426 -0.0688 0.1292
-0.5361 -0.1261 0.1330
-0.5181 -1.1479 0.1088
-0.5247 -0.3501 0.2124
-0.5248 -0.6904 0.0651
-0.5215 -0.6371 0.0863
-0.5221 -0.0435 0.1550
-0.5224 -0.7512 0.0868
-0.5148 -0.6058 0.1120
-0.5083 -1.1802 0.1161
-0.5156 -0.4078 0.2132
-0.5134 -1.0537 0.0864
-0.5150 -0.6695 0.0694
-0.5117 -0.9966 0.0927
-0.5093 -0.7397 0.0816
-0.5113 -0.6618 0.0729
-0.4963 -0.9347 0.1236
-0.4703 -0.7770 0.1165
-0.5076 -0.6969 0.0639
-0.5010 -0.5307 0.1800
-0.5021 -0.7013 0.0674
-0.4905 -1.1562 0.1006
-0.4882 -1.1233 0.0962
-0.4806 -0.7049 0.0851
-0.4776 -0.0501 0.1911
-0.4824 -1.0290 0.0642
-0.4741 -1.0071 0.0754
-0.4763 -1.0438 0.0606
-0.4719 -1.0447 0.0609
-0.4494 -1.1601 0.1055
-0.4734 -1.0402 0.0602
-0.4556 -0.8786 0.1356
-0.4631 -0.9584 0.1204
-0.4630 -0.1584 0.2106
-0.4474 -1.0973 0.0952
-0.4578 -1.0312 0.0692
-0.4550 -1.1315 0.0980
-0.4412 -1.0653 0.0867
-0.4286 -1.1895 0.1310
-0.4476 0.2071 0.5072
-0.4272 -0.8569 0.1372
-0.4215 -0.7474 0.1288
-0.4256 -0.8225 0.1309
-0.4230 -0.6953 0.1425
-0.4143 -0.7921 0.1287
-0.4000 -0.8336 0.1537
-0.3768 -1.0881 0.1329
-0.3704 -1.1777 0.1252
-0.3701 -0.3932 0.3053
-0.3698 -0.3823 0.3006
-0.3440 -1.1629 0.1152
-0.3479 -1.1212 0.1163
-0.3256 -1.1532 0.1181
-0.3211 -1.1289 0.1202
-0.2918 -0.0691 0.2030
-0.2872 -0.1437 0.1707
-0.2821 -1.1276 0.1468
-0.2740 0.7009 0.5556
-0.2678 -0.0913 0.1708
-0.2542 -0.2229 0.1971
-0.2513 -0.8805 0.3465
-0.2497 -1.1506 0.1825
-0.2280 -0.2442 0.2183
-0.2289 -0.1880 0.1627
-0.2360 -0.0615 0.1796
-0.2112 -0.0801 0.1640
-0.1993 -1.1208 0.2565
-0.1780 -0.5543 0.4401
-0.1739 -0.6229 0.4353
-0.1787 -0.1260 0.1631
-0.1608 -0.1928 0.1930
-0.1613 0.9718 0.4807
-0.1523 1.2391 0.6240
-0.1431 0.3132 0.2583
-0.1252 0.9767 0.4627
-0.1129 0.6660 0.4843
-0.1068 0.3167 0.2185
-0.1085 0.9601 0.4530
-0.0888 -0.0073 0.2467
-0.0782 0.3629 0.2084
-0.0701 -0.0727 0.2378
-0.0706 -0.1000 0.2395
-0.0629 0.2105 0.2604
-0.0444 0.9655 0.4464
-0.0321 0.3519 0.1881
-0.0268 0.0651 0.3154
-0.0196 0.4023 0.2159
-0.0072 -0.5041 0.4983
-0.0085 0.3572 0.1951
0.0022 0.3900 0.2104
0.0111 0.1248 0.3316
0.0397 -0.9782 0.4962
0.0504 0.3896 0.2419
0.1273 -0.4601 0.5097
0.1369 -0.9772 0.4941
0.1744 -0.7245 0.3437
0.1929 0.5936 0.2308
0.2360 0.5185 0.1815
0.2371 1.2480 0.3168
0.2515 0.4874 0.1824
0.2494 -0.8151 0.3129
0.2749 0.5132 0.1525
0.2765 0.7128 0.2402
0.2693 0.9984 0.2828
0.2880 1.0421 0.2384
0.2901 -0.6993 0.2702
0.3052 -0.7306 0.2680
0.3143 0.6086 0.1395
0.3111 -0.8234 0.3135
0.3133 0.4998 0.1435
0.3250 0.6331 0.1376
0.3429 1.1574 0.1826
0.3516 1.1896 0.1793
0.3564 0.5510 0.1204
0.3513 0.6024 0.1149
0.3651 0.6291 0.1153
0.3623 0.4217 0.1994
0.3598 0.6844 0.1621
0.3667 1.2908 0.2169
0.3632 -0.6537 0.2895
0.3741 1.0751 0.1701
0.3833 1.0984 0.1671
0.3925 0.5001 0.1255
0.3946 -0.6637 0.2969
0.4086 0.5088 0.1195
0.4212 0.5634 0.0991
0.4252 1.2595 0.1788
0.4339 0.5829 0.1056
0.4299 0.9257 0.2238
0.4367 0.9870 0.1927
0.4343 0.6082 0.1186
0.4383 1.0756 0.1827
0.4430 0.5562 0.1107
0.4533 1.1744 0.1761
0.4472 0.6111 0.1292
0.4516 0.7559 0.1892
0.4495 1.2897 0.2127
0.4610 0.4837 0.1543
0.4568 1.2232 0.1744
0.4707 1.0227 0.1988
0.4684 0.4505 0.1933
0.4711 -0.6837 0.3610
0.4723 -0.5513 0.4147
0.4798 0.7658 0.1866
0.4778 1.2845 0.2290
0.5016 0.9005 0.2288
0.5040 0.7037 0.1609
0.5249 0.7142 0.1726
0.5257 0.9360 0.2402
0.5494 0.7191 0.1943
0.5773 0.1953 0.4641
0.5773 0.7441 0.2297
0.6917 -0.0973 0.4575
0.6821 0.9309 0.3203
0.6930 -0.4694 0.5853
0.7162 0.0940 0.3544
0.7201 1.1031 0.3207
0.7389 0.9862 0.3263
0.7567 1.1468 0.3613
0.7528 0.3387 0.3104
0.7737 -0.3769 0.5948
0.7919 1.0364 0.3679
0.8095 1.1630 0.4239
0.8152 0.2923 0.2324
0.8312 -0.1229 0.4200
0.8344 0.2561 0.2181
0.8556 0.3175 0.2395
0.8752 0.0074 0.3256
0.8827 -0.0785 0.3854
0.8961 0.0600 0.3088
0.9154 0.2969 0.2244
0.9268 0.2142 0.2357
0.9221 0.3249 0.2398
0.9553 0.2255 0.2417
1.1016 -1.0868 1.1204
1.1521 0.5360 0.2308
1.1554 0.0947 0.3178
1.1593 0.5960 0.2480
1.1598 0.2792 0.2582
1.1620 0.2762 0.2569
1.1657 0.2814 0.2590
1.1681 0.5402 0.2217
1.1751 0.1054 0.3123
1.1746 0.6710 0.2982
1.2047 0.5435 0.2235
1.2090 0.6064 0.2545
1.2054 1.2943 0.3580
1.2157 0.7802 0.3784
1.2147 0.4995 0.2303
1.2230 -0.5202 0.7253
1.2648 0.1725 0.2705
1.2630 0.3813 0.2974
1.2801 -0.3945 0.6910
1.2970 0.1270 0.2895
1.3009 0.9389 0.4110
1.3167 1.1463 0.2276
1.3265 0.9847 0.3682
1.3349 1.1859 0.1958
1.3596 1.2008 0.1884
1.3625 1.2349 0.1875
1.3579 1.2819 0.2178
1.3842 -0.8306 0.9563
1.3907 1.2769 0.2177
1.3993 1.2546 0.2091
1.4136 1.2856 0.2443
1.4395 -0.4352 0.7423
1.4377 -0.8855 1.0447
1.4480 -0.0640 0.4459
1.4810 0.1413 0.3085
1.4766 0.2047 0.3159
1.4861 0.0376 0.3688
1.4979 0.2130 0.3371
1.5066 0.1688 0.3296
1.5346 0.9458 0.5196
