points 
 2 
 1 
Tumour[19065]CD810NNCodensity
-1.2593 -0.3792 0.2809
-1.2560 1.2242 0.5916
-1.2494 -0.5102 0.3249
-1.2472 0.2467 0.3561
-1.2442 -0.1948 0.2568
-1.2401 -0.1907 0.2556
-1.2329 -0.2908 0.2350
-1.2213 1.0299 0.4155
-1.2236 0.0720 0.3806
-1.2215 0.5252 0.3680
-1.2111 1.0054 0.4025
-1.2057 0.2437 0.3204
-1.1917 -0.3616 0.2381
-1.1729 0.2505 0.3027
-1.1534 -0.5204 0.2540
-1.1472 0.2683 0.2962
-1.1408 0.5707 0.3072
-1.1391 -0.2462 0.1951
-1.1080 -0.1658 0.2335
-1.1122 0.6783 0.3045
-1.1011 0.8761 0.3491
-1.0971 -0.3438 0.2397
-1.0998 0.9597 0.3527
-1.0915 -1.2315 0.9535
-1.0861 -0.7046 0.3407
-1.0873 -0.1980 0.2221
-1.0804 -0.6269 0.2696
-1.0769 0.2410 0.3178
-1.0598 1.0818 0.3655
-1.0536 0.4753 0.2823
-1.0491 0.5097 0.2702
-1.0485 -0.5214 0.2319
-1.0436 -0.5436 0.2327
-1.0285 -0.1578 0.2691
-1.0251 -0.6649 0.2877
-1.0219 1.1879 0.4183
-1.0180 -0.4236 0.2760
-1.0160 -0.2586 0.2602
-1.0037 0.6365 0.2440
-0.9957 0.5105 0.2750
-0.9708 0.0116 0.3343
-0.9647 0.0923 0.3419
-0.9591 0.7664 0.2813
-0.9328 -0.5490 0.2871
-0.9245 1.1997 0.4116
-0.9194 0.6092 0.2574
-0.8777 0.7063 0.2675
-0.8608 -0.0939 0.3376
-0.8556 0.7912 0.2923
-0.8475 0.8216 0.2990
-0.8388 -0.2900 0.3254
-0.8354 0.1267 0.3372
-0.8366 -0.7515 0.3300
-0.8228 0.6165 0.2893
-0.8155 0.1585 0.3497
-0.8127 -0.5231 0.3042
-0.7482 1.1191 0.2523
-0.7502 -0.3073 0.2980
-0.7480 -0.0205 0.3180
-0.7264 -0.3862 0.2747
-0.7245 -0.6645 0.2189
-0.7086 0.1245 0.3151
-0.7126 0.9759 0.2006
-0.7077 -0.6433 0.2156
-0.7068 0.5741 0.3332
-0.6959 -0.6172 0.2206
-0.6987 0.4536 0.3206
-0.6854 1.1639 0.2416
-0.6875 -0.6956 0.2200
-0.6780 1.0743 0.1981
-0.6775 1.0128 0.1836
-0.6787 0.4322 0.3127
-0.6772 0.9459 0.1839
-0.6649 -1.0184 0.3785
-0.6642 -0.1689 0.3287
-0.6565 1.1895 0.2591
-0.6589 -1.0485 0.4090
-0.6594 -0.7781 0.2585
-0.6617 -0.4000 0.2606
-0.6561 0.9028 0.2036
-0.6524 0.9287 0.1851
-0.6401 -0.6481 0.2267
-0.6368 -0.3928 0.2674
-0.6276 1.1991 0.2735
-0.6064 -0.3774 0.2903
-0.5968 0.4198 0.2797
-0.5929 0.9370 0.1820
-0.5923 0.6913 0.3748
-0.5847 -0.0488 0.3247
-0.5642 -0.0117 0.3191
-0.5638 0.1780 0.2592
-0.5612 -0.6006 0.2856
-0.5427 -0.8264 0.2912
-0.5558 0.3233 0.2343
-0.5585 0.9185 0.2079
-0.5515 0.2867 0.2303
-0.5460 -0.9098 0.2865
-0.5376 -0.9506 0.2971
-0.5242 1.1189 0.2471
-0.5248 0.3063 0.2237
-0.5079 0.1534 0.2567
-0.4999 0.9719 0.2111
-0.4933 1.0753 0.2244
-0.4866 -0.9990 0.3160
-0.4839 -0.5026 0.3041
-0.4526 0.1369 0.2781
-0.4467 -0.1704 0.4044
-0.4387 0.9978 0.2039
-0.4297 0.5543 0.3533
-0.4156 -0.8744 0.3350
-0.4224 0.5845 0.3741
-0.4159 0.2631 0.2559
-0.4109 -0.2251 0.3961
-0.4026 1.0162 0.1978
-0.3721 0.4239 0.3370
-0.3730 0.7527 0.4054
-0.3689 0.3334 0.3094
-0.3554 1.0254 0.2079
-0.3473 1.1348 0.2371
-0.3351 -0.4411 0.2182
-0.3373 1.0454 0.2092
-0.3269 -0.5156 0.2308
-0.3203 -0.4754 0.2026
-0.2978 0.1108 0.4356
-0.2916 -0.4979 0.1982
-0.2754 1.1402 0.2511
-0.2534 -1.0034 0.3413
-0.2476 1.0543 0.2472
-0.2458 -0.4632 0.1696
-0.2349 -0.3738 0.2076
-0.2320 -0.9710 0.3457
-0.2317 -0.9270 0.3645
-0.2183 -0.4498 0.1668
-0.1930 1.2030 0.3373
-0.1820 -1.0554 0.3705
-0.1540 0.8555 0.3707
-0.1479 -0.4035 0.1726
-0.1201 -0.4449 0.1706
-0.1068 1.1232 0.3061
-0.1043 -0.3895 0.1669
-0.0937 -1.1191 0.3852
-0.0929 -1.2181 0.4689
-0.0815 1.1085 0.3141
-0.0791 -0.4123 0.1590
-0.0804 0.9207 0.3470
-0.0538 -0.4734 0.1987
-0.0572 0.6920 0.4035
-0.0069 -0.3497 0.1485
-0.0083 -0.4063 0.1509
-0.0066 0.8270 0.3462
0.0023 -0.7574 0.5009
0.0309 0.1535 0.3973
0.0402 -0.4047 0.1485
0.0488 -0.3526 0.1322
0.0616 -0.3303 0.1398
0.0780 0.7339 0.3354
0.0829 -0.2877 0.1892
0.0869 1.1260 0.3726
0.0829 -0.3244 0.1504
0.0885 -0.3220 0.1553
0.1016 1.0713 0.3468
0.1103 0.4870 0.2956
0.1105 0.6294 0.3009
0.1150 -0.9281 0.2861
0.1276 -0.4354 0.2119
0.1361 0.1005 0.3202
0.1375 -0.9929 0.2462
0.1529 -1.2456 0.4322
0.1523 0.0313 0.3489
0.1580 0.4082 0.2819
0.1685 0.0607 0.3269
0.1895 -0.9915 0.1871
0.1879 0.1033 0.3036
0.1865 0.6693 0.3156
0.1989 0.9639 0.3319
0.2026 0.4500 0.2345
0.2045 1.0651 0.3439
0.2317 -1.0483 0.1866
0.2302 0.4461 0.2335
0.2442 -0.9951 0.1533
0.2424 0.8741 0.3491
0.2424 -0.5555 0.3592
0.2438 0.0455 0.3581
0.2490 -0.4562 0.2817
0.2480 -0.4022 0.2598
0.2576 0.2465 0.3165
0.2694 0.3675 0.2726
0.2696 0.5116 0.2479
0.2769 -0.9782 0.1538
0.2878 -1.0093 0.1598
0.2935 -0.3787 0.3092
0.3061 -0.9531 0.1705
0.3227 0.6023 0.3161
0.3290 -1.1222 0.2679
0.3490 -0.9856 0.1919
0.3521 -0.9016 0.2388
0.3854 0.5182 0.3294
0.3916 0.9269 0.3487
0.4069 1.0906 0.4109
0.4173 -0.6642 0.3548
0.4161 0.9360 0.3528
0.4234 -0.8760 0.2732
0.4302 1.1511 0.4767
0.4415 -1.1706 0.3756
0.4428 0.2798 0.4090
0.4715 0.7482 0.3404
0.4857 0.2803 0.4453
0.4949 -0.5745 0.3690
0.4896 -0.2965 0.3635
0.5172 -0.6768 0.3310
0.5447 -0.3266 0.3284
0.5608 0.7144 0.2811
0.5645 -0.7763 0.2886
0.5697 -1.1689 0.4547
0.5713 -0.8289 0.2787
0.5772 0.5925 0.3065
0.5899 -0.8835 0.2881
0.5914 -0.2709 0.3365
0.5949 -0.3008 0.3190
0.6171 0.7358 0.2345
0.6242 -0.9672 0.3322
0.6473 -0.4905 0.3347
0.6607 0.5176 0.3295
0.7174 0.7884 0.1725
0.7279 0.7311 0.1671
0.7212 0.8234 0.1861
0.7569 -0.8280 0.2590
0.7581 -0.1852 0.3998
0.7652 0.9487 0.3012
0.7635 0.6546 0.2028
0.7655 0.7884 0.1545
0.7654 0.8607 0.1953
0.7661 0.5441 0.2750
0.7764 -0.9232 0.3020
0.7702 -0.4661 0.2968
0.7821 0.6840 0.1799
0.7857 -0.4819 0.2892
0.7976 -0.6787 0.2409
0.8001 -0.8269 0.2489
0.8128 -0.3165 0.3441
0.8126 0.2031 0.4201
0.8217 -0.0739 0.4207
0.8246 -1.2218 0.3565
0.8260 -0.6580 0.2280
0.8265 0.8102 0.1696
0.8361 0.4599 0.3408
0.8392 0.6957 0.1916
0.8654 0.7163 0.1970
0.8752 -0.7434 0.1961
0.8815 0.2519 0.3754
0.8936 -0.6461 0.2127
0.8942 -0.7172 0.1927
0.8999 0.8066 0.2201
0.9161 -0.5391 0.2636
0.9044 0.1064 0.3158
0.9200 0.8602 0.2660
0.9337 -1.2162 0.2413
0.9426 -1.1941 0.2242
0.9386 -0.4125 0.3521
0.9493 1.1531 0.5317
0.9497 -0.9817 0.2461
0.9462 0.5044 0.2942
0.9732 -1.1918 0.2084
0.9799 -0.8398 0.1844
0.9867 -0.7616 0.1879
0.9874 -1.2310 0.2306
0.9877 -0.8751 0.1896
0.9917 -0.9021 0.1970
1.0187 -1.1568 0.2089
1.0227 0.0487 0.2401
1.0275 0.7217 0.2755
1.0295 -0.6324 0.2421
1.0323 -0.7698 0.1975
1.0672 0.5432 0.2151
1.0457 -0.9060 0.2034
1.0465 -0.6910 0.2265
1.0533 -1.0930 0.2258
1.0554 0.5669 0.2152
1.0659 0.3489 0.3586
1.0666 0.1279 0.2476
1.0666 -1.0562 0.2356
1.0695 -0.0528 0.2671
1.0687 0.6337 0.2267
1.0793 -0.9493 0.2268
1.0771 0.0121 0.2307
1.0942 -0.5580 0.3398
1.0951 0.1222 0.2487
1.1044 0.0375 0.2367
1.1121 0.4770 0.2653
1.1366 -0.2372 0.4226
1.1420 1.2365 0.6558
1.1389 -1.2314 0.2859
1.1481 0.5930 0.2456
1.1468 0.6511 0.2740
1.1660 -0.2920 0.4698
1.1679 -0.7497 0.3196
1.1690 -0.0507 0.2945
1.1813 0.5551 0.2823
1.1982 1.2346 0.6881
1.2216 -1.2044 0.3450
1.2163 0.0791 0.3399
1.2245 1.2030 0.6858
1.2292 -1.0026 0.3434
1.2335 -1.1006 0.3300
