points 
 2 
 1 
Tumour[19065]CD810NNCodensity
-1.2898 -0.3717 0.2787
-1.2877 0.1327 0.1379
-1.2887 0.2794 0.1583
-1.2891 1.3261 0.2562
-1.2897 1.4019 0.2249
-1.2906 1.4957 0.1732
-1.2910 1.5582 0.1764
-1.2876 -0.2596 0.2528
-1.2661 0.0542 0.1403
-1.2722 1.4219 0.2039
-1.2745 0.2383 0.1290
-1.2809 1.0460 0.3815
-1.2766 1.5396 0.1578
-1.2700 -0.0411 0.1656
-1.2638 0.0987 0.1190
-1.2601 0.1539 0.1131
-1.2666 -0.6355 0.3030
-1.2565 -0.0951 0.1542
-1.2525 1.1054 0.2898
-1.2402 1.6008 0.1806
-1.2443 0.3531 0.2037
-1.2421 -0.7843 0.3787
-1.2425 -0.2028 0.1875
-1.2424 0.1954 0.1064
-1.2450 0.2307 0.1083
-1.2124 0.2549 0.1082
-1.2415 0.5803 0.4655
-1.2418 1.1896 0.2208
-1.2398 1.1843 0.2220
-1.2221 0.1128 0.1003
-1.2236 -0.5853 0.2582
-1.2186 -0.0444 0.1288
-1.2120 0.0307 0.1330
-1.2036 -0.1403 0.1308
-1.2056 0.3060 0.1406
-1.2051 1.1218 0.2673
-1.2061 1.5466 0.1484
-1.2040 1.2539 0.2204
-1.2018 1.4847 0.1743
-1.2017 0.2109 0.1041
-1.1849 0.0619 0.1346
-1.1868 0.1022 0.1132
-1.1988 0.1343 0.1008
-1.2014 1.5759 0.1582
-1.1912 -0.6507 0.2646
-1.1838 0.2913 0.1379
-1.1825 -0.2377 0.1712
-1.1731 -0.0895 0.1092
-1.1839 -0.0573 0.1149
-1.1767 -0.8087 0.3694
-1.1670 -0.1461 0.1267
-1.1776 0.1840 0.1071
-1.1681 0.1432 0.1151
-1.1666 -0.4575 0.1920
-1.1637 -0.3860 0.1782
-1.1608 -0.0425 0.1284
-1.1572 -0.4201 0.1777
-1.1481 1.5816 0.1901
-1.1490 0.6652 0.5583
-1.1460 0.2271 0.1309
-1.1418 -0.1181 0.1169
-1.1364 -0.4953 0.1929
-1.1236 1.6089 0.2283
-1.1271 -0.2827 0.1646
-1.1275 -0.5151 0.1998
-1.1180 0.2066 0.1535
-1.1139 -0.1288 0.1250
-1.1088 -0.0311 0.1607
-1.1017 -0.8141 0.3766
-1.1038 1.2510 0.2468
-1.0968 1.3062 0.2436
-1.0941 -0.3682 0.1737
-1.0901 -0.1890 0.1420
-1.0850 -0.2775 0.1550
-1.0761 -0.2973 0.1585
-1.0660 0.3550 0.2386
-1.0619 0.1407 0.2119
-1.0549 -0.1160 0.1585
-1.0376 1.4152 0.2403
-1.0444 1.3703 0.2487
-1.0357 -0.2463 0.1592
-1.0375 0.0418 0.2359
-1.0326 -0.1338 0.1716
-1.0279 0.3761 0.2888
-1.0287 1.5259 0.2332
-1.0254 0.3538 0.2737
-1.0106 -0.5491 0.2785
-1.0131 -0.2027 0.1694
-1.0119 -0.4221 0.2411
-1.0005 1.4374 0.2462
-0.9526 -0.2633 0.1945
-0.9781 -0.0095 0.2661
-0.9644 1.2528 0.3405
-0.9567 -0.6913 0.3651
-0.9117 1.5540 0.2861
-0.9058 -0.6414 0.3412
-0.8866 -0.3015 0.1445
-0.8815 1.5923 0.3371
-0.8871 1.5436 0.3007
-0.8668 -0.3401 0.1382
-0.8544 -0.2721 0.1295
-0.8300 -0.3546 0.1257
-0.8088 -0.3945 0.1262
-0.8143 -0.4722 0.1462
-0.7906 -0.4289 0.1117
-0.8144 -0.3306 0.1127
-0.8129 -0.2704 0.1139
-0.8046 1.0179 0.3256
-0.7974 -0.2426 0.1222
-0.7980 -0.5084 0.1697
-0.7979 -0.0610 0.1829
-0.7834 -0.2772 0.1117
-0.7830 0.0895 0.2717
-0.7750 0.7067 0.4721
-0.7766 -0.0699 0.1572
-0.7706 1.3952 0.3896
-0.7731 -0.1040 0.1350
-0.7633 0.9476 0.2914
-0.7579 -0.4573 0.1044
-0.7590 -0.1734 0.1314
-0.7537 -0.2829 0.1186
-0.7477 -0.4312 0.1001
-0.7520 -0.1000 0.1233
-0.7510 1.2104 0.3597
-0.7317 -0.4443 0.1038
-0.7244 -0.1815 0.1239
-0.7253 -0.3048 0.1305
-0.7258 -0.4734 0.1226
-0.7211 -0.2056 0.1240
-0.7178 -0.3742 0.1259
-0.7036 -0.1309 0.1159
-0.7135 0.2154 0.2464
-0.7092 0.9729 0.2494
-0.7013 -0.2530 0.1259
-0.6957 0.1126 0.2109
-0.6990 0.9447 0.2574
-0.6871 -0.3732 0.1261
-0.6766 -0.4366 0.1298
-0.6801 -0.1120 0.1198
-0.6659 0.3091 0.2783
-0.6558 -0.0812 0.1198
-0.6560 -0.6473 0.3657
-0.6530 -0.2411 0.1431
-0.6406 -0.3735 0.1417
-0.6365 -0.4143 0.1498
-0.6454 0.1384 0.1818
-0.6321 -0.1159 0.1376
-0.6323 1.0482 0.2323
-0.6262 -0.3117 0.1401
-0.6258 -0.0767 0.1116
-0.6327 0.1529 0.1778
-0.6267 0.5062 0.3514
-0.6139 0.0132 0.1411
-0.6238 -0.0477 0.1072
-0.6147 0.5257 0.3659
-0.6159 -0.2635 0.1460
-0.6124 0.8616 0.3450
-0.6130 -0.0255 0.1120
-0.5941 1.1893 0.2836
-0.5813 1.0028 0.2486
-0.5752 -0.0205 0.1101
-0.5699 1.0395 0.2504
-0.5744 -0.3118 0.1555
-0.5694 -0.2133 0.1705
-0.5682 0.1475 0.1688
-0.5580 -0.0043 0.1126
-0.5579 0.2188 0.1809
-0.5500 -0.0240 0.1129
-0.5540 0.4193 0.2776
-0.5507 1.3085 0.3821
-0.5515 0.4736 0.3209
-0.5394 -0.4728 0.2775
-0.5331 0.1557 0.1632
-0.5290 0.2566 0.1973
-0.5317 1.2002 0.2976
-0.5281 -0.2735 0.1743
-0.5078 0.0545 0.1525
-0.4990 -0.1664 0.1508
-0.4990 -0.0951 0.1407
-0.5000 -0.3157 0.2082
-0.4895 -0.0168 0.1320
-0.4892 1.1495 0.3070
-0.4893 0.0369 0.1506
-0.4603 -0.1196 0.1220
-0.4560 -0.1754 0.1344
-0.4520 0.1954 0.1864
-0.4522 0.3383 0.2758
-0.4432 0.2312 0.2046
-0.4292 -0.1532 0.1177
-0.4336 -0.0790 0.1313
-0.4255 -0.0274 0.1457
-0.4012 -0.1720 0.1289
-0.4107 0.1467 0.1827
-0.4050 0.0601 0.1704
-0.3963 -0.1188 0.1242
-0.3740 -0.8632 0.3536
-0.3696 -0.3571 0.3023
-0.3680 0.0161 0.1780
-0.3556 1.2447 0.4854
-0.3530 -0.1868 0.1448
-0.3491 -0.8086 0.2963
-0.3272 -0.8232 0.2901
-0.3359 -0.0547 0.1790
-0.3302 -0.1511 0.1397
-0.3232 -0.8702 0.3322
-0.3179 0.0977 0.1687
-0.3031 0.1448 0.1795
-0.2948 -0.1841 0.1454
-0.2997 0.1221 0.1738
-0.2704 -0.2159 0.1573
-0.2622 -0.7876 0.2585
-0.2501 -0.1843 0.1409
-0.2458 -0.0690 0.1833
-0.2383 -0.7351 0.2497
-0.2383 0.0591 0.1880
-0.2448 0.1902 0.2483
-0.2332 0.5651 0.2913
-0.2290 -0.2778 0.2008
-0.2255 -0.1120 0.1536
-0.2082 0.0760 0.1980
-0.2012 -0.6604 0.2605
-0.1921 -0.1145 0.1568
-0.1801 -0.1912 0.1580
-0.1745 0.4750 0.2477
-0.1740 1.4979 0.7935
-0.1640 -0.4294 0.1523
-0.1673 0.5897 0.2388
-0.1669 0.7325 0.3543
-0.1609 0.5323 0.2197
-0.1493 -0.4850 0.1367
-0.1561 -0.7573 0.3004
-0.1502 -0.5418 0.1712
-0.1353 -0.3827 0.1385
-0.1485 0.4322 0.2555
-0.1465 -0.3059 0.1662
-0.1479 -0.5680 0.1952
-0.1275 -0.2070 0.1680
-0.1271 -0.0776 0.1937
-0.1224 0.0431 0.2323
-0.1170 -0.4924 0.1239
-0.1053 -0.4563 0.1169
-0.1059 -0.1118 0.1920
-0.1119 0.4421 0.2409
-0.0915 -0.3472 0.1267
-0.0922 0.0720 0.2645
-0.0785 -0.3850 0.1155
-0.0789 -0.4903 0.1318
-0.0801 0.8664 0.3821
-0.0642 -0.2109 0.1565
-0.0574 -0.4570 0.1281
-0.0596 -0.3419 0.1192
-0.0556 0.2576 0.3579
-0.0537 -0.2652 0.1317
-0.0404 -0.3602 0.1162
-0.0281 -0.2650 0.1308
-0.0264 0.5223 0.2067
-0.0170 -0.4262 0.1264
-0.0073 -0.2191 0.1498
0.0034 -0.3712 0.1173
-0.0006 0.6740 0.2168
0.0118 0.5409 0.1777
0.0155 -0.4153 0.1292
0.0159 -0.2179 0.1534
0.0105 -0.0260 0.2712
0.0266 -0.5155 0.2045
0.0329 0.5639 0.1549
0.0436 -0.2931 0.1363
0.0473 -0.3432 0.1251
0.0617 -0.3743 0.1193
0.0539 0.6259 0.1479
0.0654 0.2546 0.4016
0.0669 0.6448 0.1560
0.0788 -0.1631 0.1855
0.1143 -0.3438 0.1146
0.0896 0.6607 0.1641
0.1024 -0.4353 0.1317
0.0960 -0.2806 0.1476
0.0985 0.7931 0.2046
0.1171 -0.3959 0.1114
0.1086 0.5581 0.1557
0.1155 0.5367 0.1659
0.1102 0.8838 0.2546
0.1363 -0.8409 0.1627
0.1258 -0.7925 0.1763
0.1305 -0.1567 0.1799
0.1300 0.8231 0.2028
0.1415 -0.8750 0.1805
0.1440 -0.4121 0.1111
0.1399 -0.1246 0.1959
0.1497 0.8637 0.2193
0.1492 -0.4985 0.1538
0.1742 -0.8589 0.1452
0.1690 -0.2702 0.1241
0.1540 0.5262 0.1862
0.1608 -0.4346 0.1212
0.1685 -0.3724 0.1020
0.1668 0.6431 0.1937
0.1666 -0.3122 0.1031
0.1747 -0.0409 0.2563
0.1815 -0.8064 0.1330
0.1872 -0.3293 0.0995
0.1842 -0.1959 0.1581
0.1948 0.7787 0.1948
0.1951 -0.7062 0.1722
0.1965 -0.3604 0.1059
0.1975 0.7074 0.2179
0.2087 -0.2918 0.1159
0.2129 -0.7353 0.1502
0.2194 -0.8771 0.1576
0.2235 -0.3336 0.1120
0.2630 -0.8359 0.1499
0.2231 -0.5816 0.1277
0.2298 -0.5608 0.1112
0.2240 -0.5347 0.1075
0.2241 -0.5181 0.1080
0.2240 0.4598 0.2655
0.2277 0.4576 0.2703
0.2365 -0.4307 0.1321
0.2426 -0.2652 0.1333
0.2501 -0.1336 0.1869
0.2469 -0.4606 0.1255
0.2915 -0.7769 0.1356
0.2599 1.4009 0.6307
0.2516 -0.7473 0.1322
0.2564 -0.5103 0.1085
0.2540 -0.5900 0.1178
0.2795 0.8147 0.2038
0.2819 -0.8747 0.1790
0.2671 0.3793 0.3221
0.2798 -0.7021 0.1290
0.2757 -0.2014 0.1486
0.2835 0.1947 0.2777
0.2856 1.3690 0.5855
0.3029 -0.4932 0.1215
0.2903 0.1556 0.2548
0.2889 0.8549 0.1899
0.3085 -0.2381 0.1485
0.2924 1.3491 0.5682
0.2981 -0.6214 0.1179
0.2983 -0.3495 0.1490
0.3046 0.0767 0.2150
0.3026 -0.3876 0.1386
0.3080 -0.1545 0.1920
0.3134 -0.6777 0.1238
0.3163 -0.5653 0.1177
0.3163 -0.4250 0.1263
0.3361 -0.7703 0.1421
0.3379 -0.7352 0.1275
0.3230 0.9278 0.2141
0.3344 -0.6040 0.1113
0.3331 1.2745 0.5063
0.3508 -0.4827 0.1209
0.3398 0.0491 0.1982
0.3741 -0.6753 0.1234
0.3410 -0.2335 0.1639
0.3641 0.0913 0.2102
0.3561 -0.6255 0.1130
0.3581 -0.3840 0.1466
0.3545 0.8635 0.1809
0.3566 -0.2513 0.1680
0.3642 0.0479 0.1962
0.3706 -0.5762 0.1099
0.3881 -0.7194 0.1376
0.3791 -0.5170 0.1065
0.3809 -0.4755 0.1090
0.3794 0.0172 0.2034
0.3884 0.8982 0.1883
0.4024 -0.8582 0.1902
0.4068 -0.3527 0.1842
0.4102 -0.5879 0.1149
0.4205 -0.6846 0.1419
0.4111 -0.8761 0.2040
0.4600 -0.6332 0.1450
0.4113 -0.4592 0.1157
0.4119 -0.5511 0.1101
0.4153 0.9082 0.2006
0.4187 0.8867 0.1970
0.4295 0.2986 0.3934
0.4531 -0.4800 0.1140
0.4421 -0.5101 0.1052
0.4393 -0.4437 0.1309
0.4383 0.8439 0.2240
0.4705 -0.8647 0.1945
0.4476 -0.5582 0.1152
0.4553 -0.0527 0.1952
0.5134 -0.8058 0.1545
0.4756 -0.7215 0.1654
0.4677 -0.2190 0.1921
0.4643 -0.1613 0.1755
0.5164 -0.7542 0.1566
0.5144 -0.5732 0.1483
0.4844 -0.1538 0.1750
0.5501 -0.6294 0.1574
0.5027 -0.5127 0.1329
0.4918 -0.0830 0.1739
0.5434 -0.8509 0.1705
0.5376 -0.4521 0.1517
0.5461 -0.1739 0.1798
0.5404 -0.0021 0.2067
0.5435 -0.1281 0.1729
0.5470 -0.3449 0.1560
0.5475 0.8820 0.3015
0.5587 -0.5026 0.1552
0.5774 -0.7153 0.1380
0.5876 -0.8245 0.1435
0.6066 -0.7496 0.1309
0.5867 -0.3763 0.1139
0.5945 -0.2820 0.1543
0.5971 -0.3427 0.1133
0.5919 0.0103 0.2140
0.6250 -0.5838 0.1170
0.6042 -0.4051 0.1093
0.6213 -0.6155 0.1125
0.6166 -0.4248 0.1159
0.6213 -0.7718 0.1342
0.6255 -0.6872 0.1186
0.6321 0.9972 0.3348
0.6263 1.0293 0.3366
0.6370 -0.6546 0.1094
0.6365 -0.5521 0.1249
0.6309 0.0144 0.2117
0.6386 -0.8233 0.1318
0.6344 -0.3158 0.1197
0.6435 -0.2550 0.1665
0.6394 -0.0871 0.2156
0.6567 -0.6785 0.1172
0.6529 -0.4037 0.0980
0.6667 -0.5230 0.1314
0.6555 -0.3826 0.0954
0.6803 0.0518 0.2243
0.6755 -0.6049 0.1042
0.6841 -0.3291 0.1270
0.6795 -0.8786 0.1585
0.6872 -0.6303 0.1123
0.6858 -0.4089 0.1011
0.6897 -0.8142 0.1161
0.6898 -0.4350 0.1116
0.6993 -0.5332 0.1275
0.7100 -0.8410 0.1144
0.7168 -0.6771 0.1541
0.7059 -0.5760 0.1257
0.7028 -0.2243 0.1738
0.7106 -0.3497 0.1250
0.7303 -0.4660 0.1239
0.7254 -0.8000 0.1063
0.7330 -0.4081 0.1085
0.7393 1.2028 0.3877
0.7432 0.0922 0.2449
0.7410 -0.8245 0.1006
0.7587 -0.1978 0.1772
0.7507 -0.7823 0.1097
0.7552 0.6975 0.5021
0.7587 1.1769 0.3692
0.7651 -0.3656 0.1256
0.7648 -0.0685 0.2222
0.7660 1.1585 0.3665
0.7675 -0.5085 0.1422
0.7763 -0.4401 0.1242
0.7848 -0.1673 0.1961
0.7849 -0.1267 0.2126
0.7853 0.0375 0.2356
0.7956 -0.2379 0.1744
0.7931 0.1177 0.2553
0.7888 -0.8262 0.1100
0.7930 -0.8228 0.1094
0.8034 -0.4019 0.1270
0.8025 -0.7956 0.1034
0.8145 -0.7080 0.1198
0.8137 -0.5155 0.1494
0.8133 -0.2813 0.1670
0.8181 -0.6010 0.1199
0.8185 1.0101 0.3934
0.8242 1.5739 0.3245
0.8225 0.2400 0.3234
0.8203 -0.7782 0.1062
0.8308 -0.3923 0.1273
0.8283 -0.3454 0.1350
0.8330 -0.6332 0.0918
0.8395 -0.6307 0.0869
0.8668 -0.3585 0.1367
0.8689 -0.6780 0.0863
0.8547 -0.6582 0.0837
0.8558 -0.7693 0.1221
0.8612 -0.6375 0.0780
0.8632 -0.5224 0.1397
0.8672 -0.7324 0.1071
0.8796 -0.6013 0.0914
0.8701 -0.7272 0.1048
0.8803 0.3202 0.3692
0.8838 1.5527 0.2371
0.8932 -0.4610 0.1405
0.8941 0.6301 0.4401
0.9123 -0.5910 0.1134
0.9095 -0.6643 0.0933
0.9056 -0.5505 0.1310
0.9188 -0.3909 0.1259
0.9147 -0.6195 0.0992
0.9208 -0.3432 0.1567
0.9250 -0.6784 0.1070
0.9259 0.0084 0.2184
0.9269 0.5908 0.4398
0.9401 -0.4653 0.1276
0.9448 1.2576 0.3567
0.9439 1.5836 0.1836
0.9504 -0.6851 0.1353
0.9561 -0.4269 0.1133
0.9651 0.1272 0.2086
0.9684 1.3943 0.2634
0.9790 -0.0085 0.1983
0.9787 -0.5017 0.1430
0.9905 -0.3950 0.1145
0.9813 0.1625 0.2216
0.9806 1.5514 0.1490
0.9924 -0.4410 0.1167
0.9997 -0.0958 0.2804
1.0028 1.5779 0.1399
1.0122 -0.0013 0.1894
1.0108 -0.3830 0.1181
1.0197 0.0627 0.1739
1.0240 0.1317 0.1890
1.0321 -0.4122 0.1173
1.0272 0.4348 0.4040
1.0380 -0.6493 0.1840
1.0412 1.5331 0.1225
1.0477 0.8574 0.2258
1.0381 1.5832 0.1347
1.0475 -0.5342 0.1486
1.0557 1.3027 0.3009
1.0628 1.5150 0.1268
1.0595 -0.5193 0.1395
1.0795 -0.4111 0.1186
1.0688 -0.3684 0.1279
1.0762 0.8784 0.1936
1.0854 1.5311 0.1230
1.0748 1.5696 0.1292
1.0745 0.7748 0.2782
1.1014 1.4917 0.1465
1.0863 -0.3445 0.1533
1.0898 -0.0349 0.2552
1.0981 0.9091 0.1797
1.1022 -0.5340 0.1278
1.1040 1.3302 0.2739
1.1022 -0.5721 0.1343
1.1055 -0.6617 0.1835
1.1048 0.1827 0.2210
1.1161 1.0113 0.2510
1.1203 0.0679 0.2295
1.1196 -0.3570 0.1603
1.1274 -0.4294 0.1328
1.1227 -0.4864 0.1242
1.1416 1.4022 0.2279
1.1324 -0.6074 0.1454
1.1389 0.1860 0.2416
1.1444 0.2611 0.2873
1.1420 1.5425 0.1668
1.1485 -0.6872 0.2260
1.1585 -0.4557 0.1445
1.1578 0.8475 0.2119
1.1601 0.9740 0.2161
1.1635 0.9119 0.1869
1.1789 -0.5196 0.1472
1.1832 -0.8754 0.4763
1.1880 0.3025 0.3593
1.1825 0.9020 0.2039
1.1869 -0.6070 0.1833
1.1917 0.9578 0.2272
1.1942 -0.4855 0.1678
1.1959 1.5087 0.2330
