points 
 2 
 1 
Tumour[19065]FoxP310NNCodensity
-1.3230 0.6969 0.1960
-1.3237 -0.5142 0.4442
-1.2981 -0.8047 0.4798
-1.2973 0.9485 0.4262
-1.2938 -1.0006 0.5337
-1.2759 0.6317 0.1588
-1.2758 0.6880 0.1356
-1.2697 -0.4030 0.3591
-1.2729 1.1064 0.5621
-1.2620 -0.0377 0.2189
-1.2591 0.6590 0.1297
-1.2581 -0.0979 0.1929
-1.2571 0.6978 0.1295
-1.2537 0.6788 0.1217
-1.2432 1.3023 0.7993
-1.2404 0.6712 0.1240
-1.2404 -0.4194 0.3498
-1.2247 -0.0809 0.1628
-1.2221 -1.1052 0.5414
-1.2054 -0.1218 0.1560
-1.2046 0.4847 0.2660
-1.2024 -0.4310 0.3448
-1.2013 0.5137 0.2476
-1.1961 0.1737 0.3267
-1.1921 0.7242 0.1674
-1.1845 -0.6661 0.4076
-1.1856 0.0692 0.2759
-1.1781 -0.9824 0.4265
-1.1758 -0.1788 0.1791
-1.1741 0.4536 0.2782
-1.1603 -0.0406 0.1737
-1.1566 -0.9631 0.4134
-1.1449 -0.1005 0.1501
-1.1427 0.7564 0.2322
-1.1352 1.2087 0.6580
-1.1263 -0.2252 0.2347
-1.1190 0.7250 0.2372
-1.1165 -0.0943 0.1637
-1.1153 -0.1520 0.1677
-1.0936 0.3153 0.2415
-1.0848 0.2531 0.2557
-1.0714 0.3174 0.2465
-1.0631 0.4209 0.2776
-1.0453 -0.5834 0.3839
-1.0197 0.2059 0.2677
-1.0156 -0.1750 0.2416
-1.0148 0.2599 0.2695
-1.0053 -0.0519 0.2247
-0.9790 -0.6162 0.3807
-0.9582 0.6233 0.3264
-0.9306 0.0084 0.1868
-0.9219 -0.8764 0.3436
-0.9222 0.6520 0.3231
-0.9161 -0.5175 0.3855
-0.9011 0.5832 0.3766
-0.8997 -0.0105 0.1526
-0.8965 -0.0935 0.1563
-0.8830 -0.1355 0.1661
-0.8773 0.7859 0.3397
-0.8651 -1.0410 0.3346
-0.8650 0.0719 0.1893
-0.8593 0.8390 0.3728
-0.8454 0.1547 0.2802
-0.8332 -0.1468 0.1344
-0.8338 0.0009 0.1159
-0.8331 -1.1050 0.3701
-0.8255 -0.1259 0.1210
-0.8231 -0.0403 0.0913
-0.8131 -0.0384 0.0823
-0.8118 -0.9011 0.2601
-0.8080 -0.7959 0.2920
-0.8087 -0.6029 0.3701
-0.7936 -0.0267 0.0707
-0.7918 -0.1595 0.1403
-0.7817 -0.0519 0.0704
-0.7862 0.8138 0.3925
-0.7810 -0.0326 0.0656
-0.7748 -0.0819 0.0946
-0.7728 -0.8931 0.2482
-0.7598 -0.0297 0.0667
-0.7576 0.8624 0.4133
-0.7486 -0.1883 0.1668
-0.7422 -0.0497 0.0788
-0.7418 -0.6908 0.3517
-0.7427 -0.3854 0.2316
-0.7333 -0.1419 0.1472
-0.7360 -0.0274 0.0781
-0.7308 0.0085 0.1055
-0.7183 -0.0207 0.0901
-0.7159 0.0784 0.1948
-0.7108 -0.9121 0.2552
-0.7062 -0.3541 0.1671
-0.7067 -0.2331 0.1650
-0.7038 -0.3355 0.1527
-0.7025 1.1792 0.4674
-0.6798 -0.9416 0.2581
-0.6710 -0.3131 0.1294
-0.6719 -0.0564 0.1188
-0.6679 -0.2891 0.1319
-0.6629 -0.0389 0.1148
-0.6486 -0.3367 0.1363
-0.6456 -1.0575 0.2749
-0.6325 -0.0176 0.1337
-0.6216 -0.1358 0.1862
-0.6223 -1.1114 0.3069
-0.6187 -0.1999 0.1746
-0.6050 -0.0370 0.1452
-0.6063 0.0124 0.1546
-0.5829 -0.3190 0.1328
-0.5837 0.1269 0.2310
-0.5775 -0.2548 0.1424
-0.5675 -0.2674 0.1390
-0.5677 -0.8158 0.3606
-0.5524 0.0647 0.1984
-0.5441 -0.3019 0.1384
-0.5265 -0.3664 0.1650
-0.5320 1.2585 0.2856
-0.5241 -1.1428 0.3546
-0.5217 -0.9923 0.2889
-0.5225 -0.0524 0.1869
-0.5193 0.1674 0.2333
-0.5139 -0.3076 0.1531
-0.5039 0.9908 0.2483
-0.4901 -0.0509 0.1851
-0.4903 1.1891 0.2286
-0.4823 -1.1135 0.3496
-0.4803 0.1858 0.2129
-0.4726 0.9942 0.2123
-0.4534 -0.9172 0.3590
-0.4543 -0.3518 0.1591
-0.4334 -0.4500 0.1852
-0.4315 -0.4129 0.1584
-0.4302 -0.2330 0.2013
-0.4292 1.3285 0.2873
-0.4290 1.3037 0.2606
-0.4270 1.0549 0.1695
-0.4238 1.2358 0.2085
-0.4228 0.2518 0.2104
-0.4140 0.9820 0.1859
-0.4134 0.1596 0.1890
-0.4098 1.0648 0.1652
-0.4063 -0.4139 0.1549
-0.4037 -0.0185 0.1495
-0.3994 -0.0852 0.1443
-0.3865 1.0503 0.1724
-0.3888 1.0603 0.1705
-0.3840 0.0976 0.1977
-0.3832 0.2878 0.2193
-0.3814 -0.0488 0.1366
-0.3789 -0.1098 0.1523
-0.3775 1.2035 0.2053
-0.3724 0.0057 0.1589
-0.3599 -0.2594 0.1777
-0.3606 -0.5852 0.3163
-0.3587 -0.3704 0.1542
-0.3541 -0.1997 0.1819
-0.3497 -0.4095 0.1700
-0.3456 -0.0525 0.1331
-0.3344 -0.3304 0.1669
-0.3188 0.8980 0.2212
-0.3090 0.1499 0.1811
-0.3093 -0.0630 0.1369
-0.3104 1.1939 0.2227
-0.3042 -0.4473 0.2172
-0.3082 -0.2461 0.1896
-0.3076 0.2086 0.1785
-0.3024 0.8761 0.2235
-0.2955 -1.0531 0.3292
-0.2906 0.1432 0.1873
-0.2868 0.8798 0.2218
-0.2849 0.2521 0.1966
-0.2784 0.6675 0.1995
-0.2718 -0.0955 0.1500
-0.2695 0.5404 0.2222
-0.2676 0.2758 0.2132
-0.2635 -0.2629 0.2176
-0.2635 0.7646 0.1770
-0.2516 0.3578 0.2366
-0.2511 0.0327 0.1728
-0.2443 0.7614 0.1726
-0.2382 0.8075 0.1905
-0.2332 0.5324 0.1948
-0.2322 1.1675 0.1968
-0.2301 -0.0327 0.1439
-0.2267 -0.1151 0.1714
-0.2221 1.0639 0.2347
-0.2140 0.0545 0.2025
-0.2099 1.0628 0.2410
-0.2071 -0.7922 0.3009
-0.2059 -0.0646 0.1526
-0.2062 0.6416 0.1580
-0.2044 1.2653 0.2127
-0.1979 0.6602 0.1580
-0.1960 -0.6617 0.2278
-0.1938 -0.1297 0.1958
-0.1874 1.0940 0.2348
-0.1839 -0.0031 0.1729
-0.1829 0.4152 0.2236
-0.1789 1.2486 0.2039
-0.1774 0.6500 0.1610
-0.1642 1.2927 0.2423
-0.1653 -0.9541 0.2518
-0.1633 -0.5924 0.2046
-0.1604 -0.4615 0.2742
-0.1566 -0.7094 0.2131
-0.1557 0.4395 0.2178
-0.1542 0.7387 0.2058
-0.1513 -1.0129 0.2247
-0.1524 0.4577 0.2113
-0.1468 -1.1101 0.2469
-0.1343 -0.5814 0.1895
-0.1274 -0.5373 0.2165
-0.1287 0.5666 0.1755
-0.1262 1.2251 0.2244
-0.1176 -1.0913 0.2177
-0.1044 -0.3233 0.3511
-0.1104 1.3380 0.3139
-0.1074 -1.0445 0.2029
-0.1075 -0.7239 0.1997
-0.1043 0.6001 0.1819
-0.0612 -0.0438 0.1595
-0.0569 -0.9865 0.2032
-0.0515 -0.0167 0.1559
-0.0537 0.6077 0.2148
-0.0429 -0.1107 0.1883
-0.0411 -0.0633 0.1522
-0.0408 0.3293 0.3080
-0.0361 -0.8807 0.2348
-0.0316 -0.6412 0.1605
-0.0287 0.6142 0.2173
-0.0231 -0.1268 0.2011
-0.0165 0.1292 0.1855
-0.0139 -0.5710 0.1715
-0.0111 0.0628 0.1483
-0.0017 -0.7374 0.1479
-0.0011 -0.6731 0.1380
0.0280 -0.0133 0.1257
0.0210 -0.7696 0.1541
0.0206 0.0454 0.1292
0.0260 -0.5681 0.1635
0.0261 0.1326 0.1602
0.0373 -0.6633 0.1343
0.0380 -1.1073 0.1754
0.0405 -0.6352 0.1391
0.0399 -1.0030 0.1671
0.0452 -1.1446 0.2089
0.0459 0.8852 0.2178
0.0486 0.8396 0.1968
0.0561 -0.8434 0.1877
0.0602 0.1747 0.1801
0.0553 0.8062 0.1837
0.0561 0.9278 0.2256
0.0583 1.2537 0.3575
0.0616 -1.1172 0.1741
0.0624 1.0863 0.3082
0.0676 -0.8119 0.1697
0.0687 0.0011 0.1237
0.0723 -0.7418 0.1380
0.0689 0.3693 0.2715
0.0734 -1.0249 0.1402
0.0793 -0.5187 0.1769
0.0786 -0.0404 0.1379
0.0787 0.0485 0.1286
0.0783 0.7464 0.1696
0.0817 -0.7197 0.1340
0.0811 0.0822 0.1389
0.0868 1.0802 0.2992
0.0912 -0.0359 0.1349
0.1008 -1.0209 0.1344
0.1055 0.6601 0.1471
0.1017 0.7029 0.1536
0.1050 0.6784 0.1481
0.1129 -0.5763 0.1446
0.1193 -0.9355 0.1899
0.1177 0.1547 0.1712
0.1217 0.5464 0.1551
0.1230 0.8775 0.1941
0.1235 -1.0548 0.1368
0.1297 0.6188 0.1386
0.1300 -0.0276 0.1424
0.1309 -0.9901 0.1629
0.1317 0.5076 0.1694
0.1344 0.5299 0.1598
0.1370 0.6012 0.1415
0.1413 0.2566 0.2041
0.1438 -0.5478 0.1497
0.1473 0.5215 0.1620
0.1531 -0.6624 0.1476
0.1579 -0.5119 0.1609
0.1586 1.2835 0.4615
0.1606 -0.6872 0.1464
0.1650 0.0889 0.1981
0.1641 -1.0850 0.1786
0.1671 -0.7229 0.1522
0.1708 0.9679 0.2333
0.1798 -0.8232 0.1934
0.1765 -0.5878 0.1640
0.1801 0.7703 0.2002
0.1872 -0.0562 0.2035
0.1889 0.7014 0.1945
0.1849 0.2267 0.1941
0.1899 -0.5058 0.1614
0.1923 -0.0284 0.1948
0.2016 0.2507 0.2015
0.2041 -1.0501 0.1993
0.2095 0.3802 0.2198
0.2174 -0.7255 0.1652
0.2281 0.2228 0.1991
0.2333 0.4733 0.1852
0.2364 -0.7152 0.1741
0.2459 -0.4653 0.1808
0.2479 0.9733 0.2394
0.2598 -0.4849 0.1651
0.2643 0.9180 0.2025
0.2723 -0.8275 0.2157
0.2713 0.4193 0.1926
0.2722 0.8347 0.2072
0.2816 -0.8205 0.2126
0.2964 0.1246 0.2317
0.3124 -1.0540 0.2832
0.3175 -0.5011 0.1410
0.3253 -0.8342 0.2407
0.3295 0.3664 0.1917
0.3286 0.5161 0.1589
0.3317 -0.5330 0.1384
0.3367 -0.0869 0.3450
0.3353 0.1242 0.2269
0.3475 0.5907 0.1657
0.3472 0.4573 0.1558
0.3516 -1.0540 0.2961
0.3539 0.7547 0.2179
0.3553 -0.6455 0.1575
0.3610 0.8146 0.2008
0.3657 -0.6585 0.1583
0.3632 -0.5094 0.1079
0.3658 0.4738 0.1512
0.3680 0.6072 0.1614
0.3687 0.2522 0.2142
0.3688 0.8906 0.1873
0.3760 0.6871 0.1936
0.3785 -0.6564 0.1489
0.3801 0.3493 0.2076
0.3848 -0.5234 0.0997
0.3845 0.9202 0.1947
0.3871 0.9077 0.1931
0.4028 -0.6250 0.1236
0.3997 -0.4781 0.1032
0.4010 0.5529 0.1416
0.4099 -0.4432 0.1364
0.4110 0.1297 0.2080
0.4138 0.2530 0.2120
0.4160 0.5526 0.1451
0.4155 0.9610 0.2341
0.4221 -0.4322 0.1549
0.4297 -0.5087 0.0995
0.4298 -0.5634 0.1107
0.4314 0.6709 0.1842
0.4345 -0.5340 0.1025
0.4439 -0.6433 0.1290
0.4441 -0.5243 0.1037
0.4477 0.4331 0.2096
0.4492 0.5039 0.1750
0.4610 -0.7789 0.2333
0.4632 -1.1345 0.3400
0.4664 0.1250 0.2057
0.4804 -0.9720 0.2178
0.4807 0.1043 0.2230
0.4930 -0.0695 0.3599
0.4907 -0.5785 0.1208
0.4913 0.6139 0.1898
0.4971 -0.6368 0.1453
0.4966 -0.6251 0.1375
0.5081 0.2269 0.2019
0.5065 0.6650 0.2229
0.5149 -0.8996 0.1838
0.5219 1.0160 0.2852
0.5222 -0.5604 0.1335
0.5248 0.1546 0.2022
0.5383 -0.8388 0.1903
0.5506 -1.0032 0.2004
0.5654 -0.4569 0.1946
0.5674 1.1105 0.3054
0.5689 -0.5084 0.1570
0.5778 -1.0048 0.2006
0.5747 0.2706 0.1980
0.5788 -0.9627 0.1741
0.5790 -0.9338 0.1643
0.5916 -0.7702 0.1887
0.5971 -0.5604 0.1480
0.5936 0.5282 0.2800
0.5929 1.0601 0.2787
0.5987 -0.6733 0.1942
0.6100 -0.7944 0.1853
0.6076 1.0739 0.2775
0.6130 -0.5374 0.1481
0.6257 0.2474 0.1521
0.6259 0.4068 0.2666
0.6254 0.6533 0.3420
0.6298 -0.8225 0.1897
0.6313 -0.5256 0.1556
0.6561 0.2143 0.1343
0.6568 -0.6712 0.1943
0.6778 -0.9469 0.1992
0.6766 -0.1009 0.3248
0.6789 0.1548 0.1484
0.6836 0.3071 0.1629
0.6916 -0.1225 0.3437
0.6990 0.1078 0.1649
0.7003 -0.4499 0.2531
0.6992 0.2430 0.1287
0.7042 0.3388 0.1940
0.7057 0.2301 0.1282
0.7058 -0.5588 0.1897
0.7121 -0.5949 0.1884
0.7112 0.1594 0.1380
0.7168 -0.7794 0.1793
0.7268 0.2247 0.1395
0.7349 1.1527 0.2953
0.7499 0.0907 0.1661
0.7612 -0.7024 0.1531
0.7630 -0.9675 0.2029
0.7729 0.0541 0.1852
0.7702 1.0465 0.2919
0.7709 1.1266 0.2812
0.7797 -1.0951 0.3249
0.7818 -0.7989 0.1805
0.7838 -0.7330 0.1536
0.7850 -0.9160 0.1977
0.7905 -0.9550 0.2061
0.8003 -0.9838 0.2279
0.8006 -0.7147 0.1483
0.8057 0.0796 0.1748
0.8213 -0.7106 0.1573
0.8173 -0.6205 0.1799
0.8293 0.1512 0.1795
0.8238 0.3151 0.2208
0.8415 -0.0613 0.2713
0.8441 1.1417 0.3038
0.8604 1.1384 0.3067
0.8652 0.0286 0.1888
0.8704 -0.8711 0.2316
0.8714 -0.7104 0.1898
0.8890 -0.5470 0.2081
0.8897 -0.4812 0.2450
0.8913 0.3848 0.2325
0.8918 -0.6024 0.1952
0.8976 0.2259 0.1718
0.9004 0.4619 0.2964
0.9100 0.1289 0.1464
0.9202 0.1866 0.1500
0.9368 0.2997 0.1788
0.9446 0.2210 0.1607
0.9446 0.9549 0.3720
0.9639 0.0269 0.1807
0.9602 0.0759 0.1523
0.9591 0.1146 0.1405
0.9841 0.1428 0.1361
0.9936 -0.8695 0.3197
0.9942 0.3706 0.1577
1.0039 -0.5980 0.1693
1.0077 -0.5703 0.1498
1.0152 -0.5003 0.1493
1.0224 -0.7001 0.2760
1.0247 -0.5536 0.1438
1.0295 0.2046 0.1673
1.0382 -0.9076 0.3842
1.0351 0.3743 0.1386
1.0453 -0.4900 0.1589
1.0467 0.0805 0.1311
1.0564 0.0036 0.1454
1.0552 0.2986 0.1236
1.0559 0.3281 0.1106
1.0612 0.1249 0.1373
1.0652 0.3200 0.1093
1.0698 0.9756 0.3529
1.0724 -0.2968 0.3949
1.0767 -0.4907 0.1749
1.0766 -0.5235 0.1670
1.0835 0.2903 0.1296
1.0792 0.3610 0.1192
1.0787 1.1935 0.2896
1.0894 0.1441 0.1561
1.0898 1.2271 0.3089
1.0953 0.0425 0.1100
1.1062 -0.4896 0.2073
1.1122 -0.0090 0.1390
1.1105 0.3830 0.1516
1.1160 0.0106 0.1228
1.1195 0.0948 0.1312
1.1287 0.0708 0.1206
1.1299 1.0072 0.3425
1.1315 -0.0495 0.1973
1.1358 1.2944 0.3866
1.1365 1.3289 0.4305
1.1517 0.3713 0.1826
1.1550 0.0407 0.1403
1.1573 0.3052 0.1842
1.1535 1.0243 0.3448
1.1588 1.1276 0.3147
