points 
 2 
 1 
Tumour[19065]CD6810NNCodensity
-1.1745 -0.3946 0.1954
-1.1749 -0.1001 0.2537
-1.1716 0.0967 0.2002
-1.1711 0.2614 0.1433
-1.1725 0.3065 0.1233
-1.1727 0.3453 0.1253
-1.1709 0.4061 0.1613
-1.1703 0.6768 0.1348
-1.1749 0.7221 0.1275
-1.1714 1.1037 0.1910
-1.1700 1.2051 0.1713
-1.1698 1.2386 0.1909
-1.1708 -0.1724 0.2540
-1.1668 1.0039 0.1989
-1.1663 0.5649 0.2207
-1.1618 0.9346 0.1787
-1.1584 1.0647 0.1996
-1.1643 0.4780 0.2156
-1.1582 0.6360 0.1585
-1.1506 0.7580 0.1176
-1.1401 0.3739 0.1242
-1.1452 0.7092 0.1131
-1.1309 0.8354 0.1293
-1.1516 -0.1597 0.2395
-1.1502 1.2410 0.1783
-1.1393 -0.3546 0.1692
-1.1405 0.3318 0.1030
-1.1343 1.1289 0.1662
-1.1317 0.7995 0.1188
-1.1374 0.1756 0.1270
-1.1301 0.6407 0.1524
-1.1153 0.7429 0.1153
-1.1238 1.2319 0.1636
-1.1191 0.1178 0.1481
-1.1224 0.1534 0.1248
-1.1135 0.9521 0.1691
-1.1129 0.1822 0.1163
-1.0996 1.2113 0.1558
-1.1041 -0.4300 0.1240
-1.1145 0.3056 0.1023
-1.1193 0.3619 0.1166
-1.0997 0.6979 0.1300
-1.1072 0.8699 0.1367
-1.0983 -0.4582 0.1247
-1.1058 0.2373 0.1245
-1.1003 -0.3585 0.1439
-1.0932 0.7962 0.1255
-1.0852 -0.4952 0.1268
-1.0923 -0.2874 0.1910
-1.0931 0.8383 0.1342
-1.0818 0.1519 0.1293
-1.0790 0.2721 0.1188
-1.0724 -0.5396 0.1527
-1.0701 0.9000 0.1563
-1.0666 -0.4055 0.1207
-1.0696 -0.2284 0.2175
-1.0626 0.3032 0.1179
-1.0606 -0.0439 0.1705
-1.0561 0.0157 0.1518
-1.0508 0.9891 0.1984
-1.0414 0.1610 0.1468
-1.0475 1.1990 0.1771
-1.0433 0.4422 0.2045
-1.0384 0.3205 0.1311
-1.0300 -0.5076 0.1099
-1.0123 -0.0306 0.1349
-1.0159 0.3044 0.1383
-1.0281 -0.4113 0.1174
-1.0244 -0.4381 0.1053
-1.0282 0.0083 0.1311
-1.0162 0.2258 0.1440
-1.0113 -0.4756 0.0988
-0.9928 -0.3542 0.1565
-1.0113 -0.0734 0.1730
-1.0005 0.7019 0.1692
-1.0098 -1.0025 0.4513
-1.0067 -0.5926 0.1615
-0.9990 1.1528 0.1973
-0.9984 -0.5061 0.1067
-0.9768 0.3644 0.1602
-0.9734 0.0700 0.1454
-0.9791 1.0660 0.2186
-0.9787 0.0305 0.1239
-0.9785 0.6680 0.1604
-0.9770 -0.4721 0.0982
-0.9579 -0.4652 0.1058
-0.9580 0.6958 0.1499
-0.9590 -0.2758 0.1832
-0.9681 0.0967 0.1597
-0.9532 0.8777 0.2258
-0.9640 1.0901 0.2187
-0.9498 1.1855 0.2368
-0.9476 0.0170 0.1298
-0.9441 -0.4200 0.1274
-0.9467 0.2464 0.1731
-0.9390 -0.6236 0.1338
-0.9337 0.4010 0.1464
-0.9361 0.9161 0.2252
-0.9388 0.6700 0.1329
-0.9390 -0.4976 0.1114
-0.9284 -0.5620 0.1188
-0.9302 -0.3593 0.1450
-0.9334 0.2246 0.1742
-0.9274 -0.2319 0.1905
-0.9267 -0.0142 0.1327
-0.9265 0.4351 0.1370
-0.9246 -0.6052 0.1183
-0.9014 0.4597 0.1313
-0.9129 0.6479 0.1306
-0.9123 -0.7371 0.1787
-0.9058 -0.6366 0.1214
-0.9076 -0.5177 0.1252
-0.9095 0.5400 0.1662
-0.9006 0.4840 0.1367
-0.8982 -0.1875 0.1881
-0.8849 0.1667 0.1754
-0.8913 0.9606 0.2167
-0.8816 -0.0244 0.1469
-0.8885 0.4005 0.1490
-0.8836 0.7325 0.1533
-0.8802 0.5849 0.1519
-0.8781 -0.6378 0.1159
-0.8711 -0.3202 0.1466
-0.8731 -0.5301 0.1406
-0.8681 -0.0553 0.1504
-0.8680 1.2227 0.3002
-0.8593 -0.3625 0.1332
-0.8617 -0.7855 0.1873
-0.8661 -0.4222 0.1502
-0.8615 -0.1446 0.1598
-0.8644 0.1100 0.1852
-0.8585 0.4014 0.1590
-0.8592 0.7128 0.1352
-0.8544 -0.8793 0.2378
-0.8528 -0.6574 0.1165
-0.8425 -0.5705 0.1321
-0.8395 -0.0172 0.1682
-0.8420 0.6861 0.1209
-0.8403 -0.0515 0.1577
-0.8372 -0.3324 0.1426
-0.8368 0.2014 0.2222
-0.8331 0.6174 0.1288
-0.8383 -0.7727 0.1727
-0.8315 0.1744 0.2192
-0.8266 -0.6943 0.1298
-0.8205 0.9404 0.2146
-0.8150 0.5640 0.1472
-0.8247 -0.3814 0.1328
-0.8179 0.4688 0.1556
-0.8130 -0.6419 0.1142
-0.8115 0.6502 0.1175
-0.8008 -0.1980 0.1446
-0.7867 -0.6939 0.1300
-0.7759 -0.6440 0.1183
-0.7912 -0.1313 0.1529
-0.7876 0.4789 0.1740
-0.7873 0.6771 0.1147
-0.7876 -0.9235 0.2084
-0.7850 -0.5717 0.1299
-0.7875 0.8285 0.1994
-0.7784 -1.1388 0.2633
-0.7763 -0.3587 0.1261
-0.7711 0.7101 0.1222
-0.7686 0.8024 0.1732
-0.7551 1.0159 0.2406
-0.7676 -0.5082 0.1457
-0.7658 -0.1524 0.1397
-0.7688 0.9858 0.2276
-0.7644 -0.3764 0.1203
-0.7611 -0.1850 0.1263
-0.7540 -0.5975 0.1179
-0.7632 0.6279 0.1265
-0.7576 -1.1047 0.2208
-0.7511 -0.9465 0.1859
-0.7387 0.7662 0.1415
-0.7419 -0.2443 0.1191
-0.7426 0.5469 0.1802
-0.7422 1.0463 0.2548
-0.7376 -0.8343 0.1972
-0.7280 -0.4141 0.1095
-0.7289 0.6992 0.1254
-0.7325 1.2437 0.3875
-0.7203 -0.4766 0.1214
-0.7058 -0.4505 0.1117
-0.7139 -0.2523 0.1072
-0.7159 -0.5946 0.1153
-0.7124 -0.3325 0.1145
-0.7069 0.4152 0.2333
-0.7125 0.6779 0.1285
-0.7013 -0.5235 0.1159
-0.7065 -0.7314 0.1395
-0.6937 -0.5767 0.1200
-0.6964 -0.4164 0.1002
-0.7074 1.0955 0.2747
-0.6980 -0.9347 0.1758
-0.7037 -0.6752 0.1187
-0.7008 -0.7023 0.1247
-0.7028 -0.2256 0.1043
-0.6888 -0.1893 0.1208
-0.6904 -0.0655 0.1352
-0.6936 -0.9847 0.1544
-0.6913 -0.3586 0.1020
-0.6945 -0.2931 0.1129
-0.6919 -0.7232 0.1365
-0.6926 -1.0873 0.1571
-0.6832 -0.6173 0.1279
-0.6607 -0.7435 0.1577
-0.6813 -0.0162 0.1229
-0.6820 0.6075 0.1697
-0.6744 -0.3797 0.0985
-0.6703 -0.2224 0.1051
-0.6598 0.7794 0.1448
-0.6478 -0.2705 0.1199
-0.6648 -0.5440 0.1198
-0.6682 -0.0930 0.1252
-0.6656 0.0103 0.1172
-0.6527 -1.0733 0.1255
-0.6597 0.2868 0.1560
-0.6587 0.6638 0.1456
-0.6595 -0.4657 0.1172
-0.6438 -0.3600 0.1161
-0.6490 -0.0679 0.1082
-0.6447 0.2469 0.1221
-0.6514 0.7436 0.1366
-0.6490 -0.9520 0.1693
-0.6242 -0.5141 0.1268
-0.6423 0.8072 0.1656
-0.6462 0.0853 0.1081
-0.6297 -0.2340 0.1167
-0.6359 -0.0181 0.1012
-0.6397 0.1103 0.1055
-0.6291 0.4620 0.2384
-0.6353 -0.3933 0.1169
-0.6289 0.1400 0.1063
-0.6308 0.1960 0.1131
-0.6249 -1.0044 0.1303
-0.6191 -1.1233 0.1231
-0.6123 -0.1590 0.1282
-0.6135 -0.0549 0.1076
-0.6163 0.0997 0.0936
-0.6209 0.1681 0.1062
-0.6248 0.2283 0.1087
-0.6212 0.7984 0.1668
-0.6181 -1.2282 0.1865
-0.5940 -1.0908 0.1004
-0.6142 0.3043 0.1306
-0.6106 -0.3929 0.1422
-0.6052 -0.1248 0.1266
-0.6017 0.2650 0.1111
-0.6052 0.0119 0.0997
-0.6067 0.0517 0.0890
-0.5980 -0.6472 0.1781
-0.6019 -1.0540 0.1011
-0.5937 -0.4949 0.1427
-0.5919 0.6698 0.1588
-0.5929 -0.2333 0.1268
-0.5855 0.0572 0.0859
-0.5885 0.6442 0.1765
-0.5873 -1.1892 0.1282
-0.5851 -1.0300 0.1115
-0.5836 -0.5398 0.1441
-0.5676 -0.8188 0.1870
-0.5797 0.0099 0.1066
-0.5715 -1.0571 0.1030
-0.5670 -0.2024 0.1190
-0.5693 -0.0969 0.1283
-0.5715 0.1047 0.1001
-0.5600 0.7678 0.1772
-0.5734 0.9083 0.1805
-0.5618 -1.1043 0.1074
-0.5725 0.2056 0.1097
-0.5587 0.0758 0.0970
-0.5668 -0.7921 0.1754
-0.5619 -1.2123 0.1390
-0.5536 0.2993 0.1123
-0.5546 -0.5116 0.1497
-0.5432 -1.1607 0.1119
-0.5528 0.9400 0.1598
-0.5532 0.3839 0.1384
-0.5487 0.6737 0.1842
-0.5490 -1.0715 0.1165
-0.5281 1.0071 0.1449
-0.5461 -1.1873 0.1187
-0.5497 -0.0857 0.1301
-0.5432 0.1608 0.1223
-0.5433 0.3485 0.1154
-0.5426 0.0401 0.1096
-0.5266 -0.1908 0.1140
-0.5278 0.2220 0.1116
-0.5169 0.3219 0.1106
-0.5153 0.2846 0.1110
-0.5149 0.0749 0.1210
-0.5252 0.1843 0.1234
-0.5181 -0.6587 0.1284
-0.5232 0.9380 0.1419
-0.5254 1.0474 0.1749
-0.5002 -0.6185 0.1121
-0.5184 -0.2449 0.1302
-0.5156 0.4163 0.1414
-0.5109 -0.9835 0.1627
-0.5151 -0.0472 0.1321
-0.4984 -0.7312 0.1180
-0.5049 -0.5947 0.1096
-0.5010 0.8862 0.1582
-0.5022 -1.1730 0.1437
-0.4965 -0.1980 0.1178
-0.4792 -0.5654 0.1087
-0.4930 -0.2346 0.1266
-0.4945 1.0686 0.1834
-0.4928 0.2511 0.1067
-0.4813 -0.7125 0.1124
-0.4858 -0.1611 0.1203
-0.4863 0.3425 0.1118
-0.4768 0.3774 0.1113
-0.4788 0.1022 0.1337
-0.4746 -0.8116 0.1217
-0.4675 -0.5364 0.1179
-0.4809 -0.0466 0.1324
-0.4812 -0.7770 0.1091
-0.4692 -1.1639 0.1726
-0.4708 -0.6014 0.1032
-0.4744 -0.3093 0.1545
-0.4693 0.7048 0.1847
-0.4675 0.2327 0.1059
-0.4477 0.9276 0.1403
-0.4552 1.1980 0.2991
-0.4631 1.0341 0.1604
-0.4529 -0.9053 0.1617
-0.4586 -0.0707 0.1214
-0.4515 -0.7907 0.1069
-0.4526 -0.3587 0.1596
-0.4559 -0.1663 0.1318
-0.4478 -0.1239 0.1252
-0.4502 0.4523 0.1441
-0.4566 0.9938 0.1443
-0.4510 -1.0356 0.1679
-0.4498 -0.6757 0.1144
-0.4489 -0.5894 0.1102
-0.4423 0.4208 0.1279
-0.4433 -0.4136 0.1583
-0.4464 -0.8414 0.1401
-0.4426 0.1120 0.1400
-0.4423 0.2125 0.1122
-0.4435 -0.5463 0.1180
-0.4292 -0.4703 0.1435
-0.4264 0.5770 0.1909
-0.4287 0.0289 0.1586
-0.4300 -0.9863 0.1620
-0.4270 -0.9211 0.1685
-0.4257 -0.7666 0.1012
-0.4235 -0.7340 0.0972
-0.4290 -0.6962 0.1123
-0.4295 -0.0486 0.1236
-0.4239 0.2468 0.1069
-0.4241 0.2731 0.1054
-0.4158 0.7452 0.1545
-0.4178 0.3512 0.1180
-0.4222 -0.3491 0.1537
-0.4116 0.8587 0.1238
-0.4181 0.8296 0.1272
-0.4153 0.1264 0.1413
-0.4042 -0.3301 0.1614
-0.4116 0.1991 0.1207
-0.4131 0.3797 0.1233
-0.4075 0.9596 0.1514
-0.4077 -0.9718 0.1722
-0.3922 -0.2824 0.1791
-0.4046 0.3142 0.1117
-0.3941 -0.7597 0.1172
-0.3967 -0.1128 0.1307
-0.3933 -1.0775 0.1892
-0.3913 0.4843 0.1372
-0.3943 0.7872 0.1335
-0.3854 -0.6933 0.1259
-0.3835 -0.4959 0.1306
-0.3791 0.2606 0.1179
-0.3782 0.5439 0.1568
-0.3796 0.8762 0.1195
-0.3789 -0.4690 0.1380
-0.3785 0.6718 0.1843
-0.3767 -0.0649 0.1277
-0.3725 0.7781 0.1393
-0.3762 0.8136 0.1311
-0.3699 0.6374 0.1937
-0.3662 0.3189 0.1223
-0.3667 -0.6253 0.1633
-0.3682 0.4681 0.1371
-0.3503 -0.0256 0.1529
-0.3533 0.1709 0.1496
-0.3509 0.4930 0.1482
-0.3483 -0.0641 0.1435
-0.3579 0.1085 0.1745
-0.3519 0.8952 0.1332
-0.3480 -0.7664 0.1617
-0.3342 0.4385 0.1554
-0.3445 1.1349 0.2396
-0.3288 -1.0361 0.2039
-0.3317 -0.4628 0.1597
-0.3242 0.9352 0.1652
-0.3308 1.0906 0.2302
-0.3312 -0.5121 0.1612
-0.3263 -0.6548 0.1599
-0.3245 0.2888 0.1413
-0.3264 0.3473 0.1452
-0.3184 1.1508 0.2501
-0.3243 -0.1414 0.1868
-0.3095 0.9168 0.1675
-0.2924 -0.0055 0.1729
-0.3020 -1.1130 0.2357
-0.3016 -0.4948 0.1748
-0.2901 -0.3412 0.1853
-0.2830 0.5543 0.2004
-0.2856 -1.1256 0.2479
-0.2694 0.2072 0.1584
-0.2606 -0.6887 0.1471
-0.2749 0.1783 0.1714
-0.2647 0.3587 0.1785
-0.2582 0.7458 0.2210
-0.2530 -0.6637 0.1506
-0.2440 -0.3644 0.1527
-0.2389 0.0376 0.1884
-0.2487 0.2606 0.1514
-0.2407 -0.1393 0.1935
-0.2366 -0.6406 0.1634
-0.2321 0.7628 0.2337
-0.2349 -0.7582 0.1600
-0.2342 0.9122 0.2131
-0.2126 -0.3032 0.1523
-0.2216 -0.0093 0.1682
-0.2156 1.2240 0.2231
-0.2013 -0.8024 0.1759
-0.2060 -0.1921 0.1886
-0.2072 0.2262 0.1690
-0.2127 0.5740 0.2134
-0.2077 -0.5925 0.1866
-0.2089 -0.4035 0.1351
-0.2057 -0.9299 0.1894
-0.2053 -0.7466 0.1621
-0.1963 -0.0714 0.1641
-0.1869 -0.8476 0.1821
-0.1867 0.3789 0.1945
-0.1814 -0.4153 0.1270
-0.1808 1.0384 0.2298
-0.1857 -1.0515 0.1879
-0.1805 -0.5255 0.1777
-0.1808 0.4207 0.2010
-0.1802 -0.9027 0.1792
-0.1685 -0.3662 0.1171
-0.1734 -0.0419 0.1601
-0.1772 0.2686 0.1806
-0.1680 -0.3277 0.1309
-0.1723 0.2350 0.1789
-0.1719 -0.9666 0.1636
-0.1618 1.0089 0.2342
-0.1668 -0.7209 0.1838
-0.1539 -0.3981 0.1180
-0.1601 0.6781 0.1917
-0.1461 0.4467 0.1933
-0.1473 1.2419 0.1754
-0.1434 0.8928 0.2388
-0.1464 -0.5040 0.1599
-0.1406 0.6434 0.1781
-0.1454 0.1014 0.1891
-0.1379 0.5877 0.1677
-0.1391 1.1415 0.1503
-0.1289 -0.4593 0.1325
-0.1360 -0.2888 0.1563
-0.1163 -0.0057 0.1678
-0.1214 -0.1466 0.1808
-0.1133 1.1842 0.1203
-0.1219 -1.0319 0.1383
-0.1158 -1.1329 0.1624
-0.1152 -0.2452 0.1762
-0.1131 1.1321 0.1398
-0.1023 1.2365 0.1472
-0.1086 -0.1167 0.1843
-0.0963 -0.3890 0.1222
-0.1031 0.0275 0.1748
-0.0980 -1.0359 0.1288
-0.0893 -0.2304 0.1981
-0.0845 0.4507 0.1975
-0.0858 0.4956 0.1721
-0.0908 0.0668 0.1842
-0.0921 -1.1046 0.1319
-0.0907 -0.9047 0.1694
-0.0815 -0.5377 0.1680
-0.0736 0.5667 0.1529
-0.0715 1.1504 0.1081
-0.0604 -1.1553 0.1633
-0.0627 -0.4297 0.1187
-0.0637 -0.4003 0.1170
-0.0593 0.1050 0.2016
-0.0575 -0.9783 0.1415
-0.0591 -0.6223 0.1956
-0.0599 0.1836 0.1995
-0.0531 0.7769 0.1712
-0.0510 1.1700 0.1002
-0.0483 -0.9386 0.1625
-0.0503 0.6055 0.1503
-0.0553 0.6586 0.1559
-0.0441 -1.0055 0.1426
-0.0483 -1.1041 0.1359
-0.0377 -0.3961 0.1249
-0.0392 -1.1484 0.1610
-0.0283 1.2067 0.1163
-0.0334 -1.0415 0.1418
-0.0306 0.8111 0.1475
-0.0299 0.2044 0.2151
-0.0267 1.1522 0.1075
-0.0214 1.1812 0.1074
-0.0161 0.6960 0.1629
-0.0244 -0.4331 0.1184
-0.0165 -0.5448 0.1520
-0.0131 0.9435 0.1373
-0.0208 -1.2489 0.2730
-0.0154 0.5222 0.1952
-0.0083 0.5835 0.1772
0.0041 0.8359 0.1235
-0.0055 -0.8888 0.2038
-0.0001 -0.6459 0.1687
0.0049 1.1440 0.1136
0.0062 -0.0867 0.2600
0.0077 0.2921 0.2601
0.0074 -0.4221 0.1276
0.0142 -0.3857 0.1410
0.0092 1.2415 0.1496
0.0126 -0.5192 0.1372
0.0175 0.7213 0.1536
0.0198 0.7637 0.1304
0.0197 0.8858 0.1097
0.0179 0.9464 0.1113
0.0226 0.9135 0.1048
0.0284 1.1034 0.1312
0.0262 -0.7064 0.1931
0.0257 0.9824 0.1268
0.0489 -0.5282 0.1304
0.0364 0.2719 0.2535
0.0535 0.8548 0.1033
0.0431 0.9579 0.1083
0.0457 -0.6616 0.1606
0.0461 1.0458 0.1414
0.0802 1.1942 0.1375
0.0591 -0.4631 0.1434
0.0573 -0.0013 0.2703
0.0760 1.1499 0.1302
0.0682 0.8106 0.1136
0.0749 1.0909 0.1347
0.0733 -1.0805 0.1621
0.0691 1.2437 0.1632
0.0757 -0.5346 0.1264
0.0792 -0.5971 0.1362
0.0804 0.8978 0.1035
0.0868 0.7444 0.1614
0.0843 0.8262 0.1078
0.0974 -0.7196 0.1783
0.1014 -1.1634 0.1914
0.0971 -0.3552 0.1462
0.0969 -0.3173 0.1481
0.1141 -0.5375 0.1368
0.0957 0.0584 0.2774
0.0968 -0.8940 0.1775
0.1023 -0.7938 0.1815
0.1075 0.9766 0.1159
0.1039 -0.9244 0.1768
0.1092 -1.0379 0.1518
0.1179 1.1043 0.1392
0.1136 0.8601 0.1070
0.1124 0.8773 0.1082
0.1202 0.9361 0.1079
0.1214 1.0629 0.1432
0.1254 -0.6254 0.1609
0.1293 -0.2262 0.1637
0.1259 0.1353 0.2549
0.1268 -0.2575 0.1464
0.1384 -1.1244 0.1468
0.1455 -1.0513 0.1329
0.1340 -0.5800 0.1522
0.1441 0.4771 0.2747
0.1412 -0.3530 0.1221
0.1456 1.2179 0.1633
0.1473 -0.8706 0.1703
0.1504 0.9472 0.1036
0.1440 -0.4745 0.1694
0.1555 -1.0832 0.1278
0.1502 0.8013 0.1494
0.1609 0.9714 0.1043
0.1527 0.9944 0.1160
0.1556 1.1819 0.1476
0.1641 -1.1229 0.1416
0.1648 -0.9401 0.1731
0.1747 -0.8647 0.1709
0.1769 -0.7339 0.1994
0.1701 0.4989 0.2808
0.1719 -0.3472 0.1122
0.1704 0.8289 0.1447
0.1782 -0.3811 0.1218
0.1929 -1.0608 0.1411
0.1739 -0.2808 0.1329
0.1741 -0.1877 0.1740
0.1743 0.2775 0.2167
0.1825 0.2440 0.2174
0.2083 -0.3500 0.1139
0.1883 1.2176 0.1870
0.1959 -0.7827 0.1895
0.1912 -0.1992 0.1622
0.1937 0.9699 0.1034
0.2102 -0.4073 0.1281
0.2107 0.4548 0.2631
0.2014 1.1335 0.1769
0.2184 0.2081 0.2290
0.2408 0.8691 0.1514
0.2184 0.9082 0.1181
0.2296 -1.0446 0.1635
0.2256 -0.5670 0.1653
0.2270 0.9456 0.1061
0.2251 1.0061 0.1321
0.2399 -0.1750 0.1680
0.2423 0.8952 0.1307
0.2483 0.7094 0.2858
0.2526 -0.5163 0.1350
0.2430 -0.3541 0.1169
0.2443 0.3502 0.2246
0.2544 0.5609 0.3111
0.2625 -0.2931 0.1428
0.2849 -1.0493 0.1797
0.2716 -0.4326 0.1334
0.2724 -1.1762 0.2333
0.2708 -0.4623 0.1296
0.2723 0.9657 0.1207
0.2779 -0.7871 0.2341
0.2932 -0.4860 0.1177
0.2755 -0.1458 0.1780
0.2773 0.2506 0.2176
0.2854 -0.5599 0.1312
0.2857 -0.3242 0.1384
0.2873 -0.0532 0.1889
0.2879 1.1710 0.2207
0.2949 -0.9413 0.1975
0.3021 -0.3912 0.1380
0.3068 0.9510 0.1359
0.2971 1.0464 0.1367
0.3192 -0.5313 0.1095
0.3210 -0.8080 0.2363
0.3173 -0.2994 0.1582
0.3113 0.2664 0.2266
0.3267 -0.2431 0.1578
0.3262 0.9939 0.1243
0.3271 1.0503 0.1260
0.3349 -0.0050 0.1499
0.3340 -1.1929 0.2545
0.3365 -0.5606 0.1255
0.3432 -0.5856 0.1534
0.3423 -0.1397 0.1627
0.3520 1.0706 0.1338
0.3566 -1.0253 0.1511
0.3541 -0.9797 0.1546
0.3634 -0.5098 0.1146
0.3702 -0.4735 0.1124
0.3595 -0.2099 0.1613
0.3687 -0.0264 0.1232
0.3685 0.3549 0.2632
0.3655 0.9822 0.1438
0.3675 0.0342 0.1486
0.3779 -0.4129 0.1314
0.4008 -0.2091 0.1723
0.3763 1.0311 0.1257
0.3801 0.0074 0.1220
0.3918 1.1024 0.1516
0.3909 -0.9758 0.1387
0.3939 -0.0408 0.1228
0.3911 -0.4303 0.1161
0.3982 -1.0163 0.1360
0.4068 -0.5213 0.1367
0.4072 -0.4527 0.1113
0.4161 0.2382 0.2596
0.4173 -0.8705 0.1590
0.4311 -0.0576 0.1269
0.4215 0.7248 0.3442
0.4211 -1.0843 0.1460
0.4230 -0.1626 0.1522
0.4251 0.4720 0.2335
0.4351 -0.4268 0.1140
0.4325 -1.1142 0.1524
0.4369 1.0526 0.1370
0.4380 0.0324 0.1339
0.4570 -0.8750 0.1295
0.4595 -0.1185 0.1349
0.4539 -0.9468 0.1254
0.4685 -0.9127 0.1244
0.4577 -1.1502 0.1650
0.4649 0.0251 0.1324
0.4659 -0.3688 0.1494
0.4603 1.0878 0.1591
0.4707 -0.0237 0.1188
0.4670 -0.4625 0.1359
0.4678 0.1723 0.2056
0.4759 -1.0413 0.1275
0.4814 -0.9508 0.1316
0.4845 -0.7349 0.1496
0.4716 1.1148 0.1872
0.4884 -0.8073 0.1302
0.4933 -0.4304 0.1419
0.4921 0.4899 0.1611
0.4905 0.9641 0.2081
0.4923 0.5366 0.1654
0.4938 -0.1620 0.1655
0.4929 0.7061 0.3050
0.4922 1.0122 0.1693
0.5025 -1.0275 0.1333
0.4999 -0.0443 0.1171
0.5013 -0.3774 0.1463
0.4999 0.1202 0.1592
0.5162 -0.1322 0.1470
0.5093 -0.8948 0.1215
0.5328 -0.8345 0.1112
0.5102 -0.7166 0.1327
0.5174 -0.0944 0.1255
0.5135 -1.0680 0.1105
0.5325 1.0017 0.2077
0.5349 0.0709 0.1405
0.5194 0.4289 0.1915
0.5313 0.5563 0.1519
0.5309 -1.1304 0.1258
0.5356 -1.0758 0.1062
0.5410 -0.7310 0.1091
0.5365 -0.0181 0.1291
0.5461 -0.8662 0.1207
0.5478 -0.7969 0.1034
0.5471 -0.7717 0.1001
0.5485 -0.3338 0.1823
0.5390 0.1189 0.1525
0.5495 0.5177 0.1270
0.5495 -1.0957 0.1067
0.5794 0.5801 0.1513
0.5579 -0.0475 0.1403
0.5657 -1.1278 0.1330
0.5746 -0.7547 0.1028
0.5794 -1.1050 0.1213
0.5709 0.1392 0.1674
0.5954 0.4360 0.1788
0.5910 -0.8269 0.1120
0.5789 -0.6693 0.1397
0.5708 -0.5104 0.1989
0.5765 -0.3711 0.1649
0.5958 -0.8754 0.1404
0.5857 -0.5547 0.2065
0.5969 0.5307 0.1212
0.5946 0.1078 0.1665
0.5899 -0.0371 0.1614
0.6075 -0.7000 0.1148
0.6144 -0.7331 0.1075
0.5998 -0.3490 0.1843
0.6042 -1.0279 0.1492
0.6040 -0.4599 0.1772
0.6104 0.2579 0.2594
0.6064 0.0476 0.1561
0.6112 1.0780 0.2358
0.6268 -0.7909 0.1139
0.6280 0.4764 0.1425
0.6412 -0.6546 0.1411
0.6353 0.5394 0.1227
0.6370 -1.0568 0.1634
0.6410 -1.0259 0.1827
0.6476 0.8508 0.3878
0.6473 -0.4389 0.1815
0.6464 1.1528 0.2076
0.6613 -0.8713 0.1552
0.6553 -0.7850 0.1187
0.6617 -0.6980 0.1120
0.6597 0.5392 0.1248
0.6667 1.1789 0.2020
0.6905 0.0025 0.1835
0.6879 -0.8171 0.1337
0.6763 0.5655 0.1390
0.6768 -0.2609 0.1721
0.6881 -0.7471 0.1208
0.6873 -0.6711 0.1320
0.6894 0.2252 0.2551
0.6924 1.2437 0.2344
0.6942 0.0675 0.1869
0.6985 0.5106 0.1260
0.7162 -0.7165 0.1364
0.7165 -0.5340 0.1511
0.7148 0.3428 0.1841
0.7165 1.2174 0.2090
0.7302 -0.5106 0.1362
0.7269 -1.2109 0.2030
0.7212 1.1923 0.2022
0.7236 -0.8471 0.1605
0.7379 -0.1776 0.1382
0.7332 0.4757 0.1321
0.7285 -0.2635 0.1185
0.7346 -1.1741 0.1791
0.7470 -0.6873 0.1570
0.7434 1.2174 0.2116
0.7400 -0.0052 0.1892
0.7426 -0.2286 0.1006
0.7522 -1.2411 0.2172
0.7526 0.4449 0.1256
0.7508 -0.4633 0.1470
0.7483 -0.2490 0.0994
0.7525 -0.0375 0.2015
0.7573 0.5935 0.1704
0.7592 -0.5001 0.1285
0.7602 -0.5930 0.1481
0.7591 0.3937 0.1192
0.7579 0.5587 0.1553
0.7659 -0.8630 0.1913
0.7647 -1.1330 0.1635
0.7673 0.3625 0.1298
0.7678 0.4614 0.1309
0.7878 1.2405 0.2517
0.7745 -1.0833 0.1833
0.7770 -0.2454 0.0942
0.7898 0.0529 0.1827
0.7904 -0.5195 0.1268
0.7781 -0.2808 0.1132
0.7903 -0.1920 0.1108
0.7902 0.3956 0.1119
0.7909 0.6507 0.2025
0.8054 -0.4920 0.1347
0.8006 -1.0650 0.1856
0.7950 -0.3524 0.1821
0.7986 -0.1631 0.1411
0.8066 -0.2650 0.1119
0.8032 0.1127 0.2040
0.8154 0.4389 0.1311
0.8083 -0.9481 0.2308
0.8210 -0.6369 0.1626
0.8171 -0.8838 0.2430
0.8275 -1.1522 0.1519
0.8166 -0.5891 0.1453
0.8470 -1.1948 0.1624
0.8360 -0.4565 0.1591
0.8585 0.3755 0.1367
0.8334 0.6500 0.1986
0.8355 -0.1943 0.1251
0.8410 0.0825 0.1850
0.8374 0.3400 0.1404
0.8554 -0.2542 0.1356
0.8534 1.0303 0.3210
0.8574 -0.6462 0.1686
0.8599 0.3483 0.1456
0.8594 0.6915 0.2217
0.8537 0.7392 0.2719
0.8695 0.2695 0.2059
0.8701 -0.6309 0.1707
0.8827 -1.2289 0.2002
0.8969 -0.2184 0.1375
0.8919 -0.4313 0.1684
0.8964 0.1191 0.1759
0.8933 -0.0257 0.1941
0.9023 -1.1324 0.1466
0.8947 0.4804 0.1876
0.9165 -0.0885 0.1914
0.9165 -1.0352 0.1984
0.9082 -0.1885 0.1387
0.9133 0.5261 0.2122
0.9274 -1.0686 0.1735
0.9277 1.0641 0.2809
0.9263 -0.4402 0.1672
0.9211 -0.3474 0.1840
0.9204 0.1633 0.1882
0.9256 0.3859 0.1829
0.9312 0.5680 0.2204
0.9347 -0.7173 0.1777
0.9480 -1.1779 0.1749
0.9438 -0.1883 0.1495
0.9467 -1.1372 0.1546
0.9492 -0.2751 0.1713
0.9696 -0.6648 0.1861
0.9499 0.0051 0.1495
0.9797 0.0836 0.1195
0.9662 1.0841 0.2549
0.9781 -1.0925 0.1777
0.9752 -0.4866 0.1920
0.9988 0.0067 0.1320
0.9715 1.1144 0.2586
0.9804 -0.7035 0.1649
0.9918 0.6181 0.2334
0.9904 -0.1716 0.1682
0.9851 0.2405 0.2320
1.0006 -0.4674 0.1744
0.9874 0.0373 0.1153
0.9946 -0.3955 0.1432
0.9949 0.0620 0.1082
0.9953 0.3894 0.2068
0.9991 -0.8036 0.1911
1.0237 -0.7799 0.1684
1.0047 -0.1934 0.1679
1.0276 -0.7510 0.1626
1.0202 -0.3848 0.1386
1.0220 0.6834 0.2398
1.0273 0.0787 0.1093
1.0268 0.1193 0.1362
1.0515 0.9420 0.2542
1.0557 0.1026 0.1228
1.0520 -0.7204 0.1791
1.0524 -1.1289 0.1951
1.0669 -0.3410 0.1300
1.0612 0.0164 0.1396
1.0560 1.1860 0.2361
1.0703 -0.2469 0.1731
1.0790 0.3463 0.1584
1.0811 -0.4156 0.1431
1.0789 -0.3662 0.1208
1.0885 -0.1648 0.2245
1.0906 -0.7861 0.1931
1.0914 0.0363 0.1424
1.0953 0.3353 0.1532
1.0961 -1.0890 0.1838
1.0962 -0.9623 0.2333
1.1066 0.1608 0.1454
1.1076 0.4315 0.1432
1.1060 0.5129 0.1699
1.1075 -0.3571 0.1186
1.1141 -0.3328 0.1277
1.1312 0.0883 0.1306
1.1275 1.0760 0.1778
1.1278 0.3388 0.1388
1.1375 0.3836 0.1232
1.1261 0.4510 0.1401
1.1352 -0.9238 0.2369
1.1348 -0.7633 0.2385
1.1393 0.1657 0.1473
1.1358 0.6709 0.1461
1.1326 0.7881 0.1835
1.1606 -0.3081 0.1575
1.1467 0.5664 0.1558
1.1467 -1.2099 0.2212
1.1726 1.2293 0.1802
1.1479 -0.1829 0.2272
1.1464 0.9352 0.1571
1.1620 -0.3770 0.1480
1.1544 1.1247 0.1514
1.1669 0.4899 0.1277
1.1582 -0.9830 0.2031
1.1579 0.0670 0.1568
1.1831 0.1972 0.1678
1.1583 0.6899 0.1365
1.1698 0.1292 0.1449
1.1658 0.6395 0.1339
1.1666 -1.0832 0.1544
1.1663 0.9889 0.1423
1.1815 1.1713 0.1405
1.1745 0.7113 0.1372
1.1818 0.3510 0.1321
1.1793 0.5229 0.1324
1.1896 -0.3967 0.1755
1.1899 0.7549 0.1518
1.1811 1.0346 0.1417
1.1803 -1.1244 0.1525
1.2042 0.3201 0.1463
1.1895 0.8442 0.1561
1.2121 1.1475 0.1329
1.1980 0.1381 0.1631
1.1924 -1.1589 0.1699
1.1993 0.8911 0.1341
1.2170 0.9859 0.1214
1.2043 1.1941 0.1434
1.2025 0.4734 0.1287
1.2072 0.6692 0.1325
1.2221 1.0690 0.1295
1.2084 -1.1061 0.1611
1.2076 0.9289 0.1216
1.2159 -0.9919 0.2207
1.2134 0.8166 0.1669
1.2156 0.3814 0.1316
1.2298 0.6323 0.1354
1.2355 0.4004 0.1303
1.2415 0.9320 0.1180
1.2350 1.2363 0.1865
1.2396 0.5021 0.1304
1.2391 -1.1353 0.1877
1.2589 -0.2498 0.1815
1.2547 0.2534 0.1847
1.2614 1.0763 0.1387
1.2515 0.5957 0.1443
1.2601 -0.3530 0.1957
1.2627 0.5468 0.1412
1.2669 1.2386 0.2089
1.2788 0.9624 0.1299
1.2805 0.4017 0.1546
1.2753 0.4421 0.1422
1.2726 0.5989 0.1611
1.2826 1.1019 0.1615
1.2808 -1.2356 0.3120
1.2828 1.0111 0.1330
1.2863 0.2821 0.1916
1.2904 -0.1187 0.2708
1.2890 0.9212 0.1442
1.2922 -0.3163 0.1998
1.3034 0.4711 0.1660
1.3045 0.0452 0.3007
1.3068 1.0433 0.1600
1.3111 -0.2633 0.2003
1.3125 -0.2187 0.2131
1.3126 -0.1724 0.2390
1.3122 0.8986 0.1762
1.3139 0.2309 0.2401
