points 
 2 
 1 
Tumour[19065]CD6810NNCodensity
-1.1259 -0.1161 0.2194
-1.1247 0.3954 0.4199
-1.1237 0.5705 0.3506
-1.1266 0.8579 0.3544
-1.1275 1.3465 0.6485
-1.1216 -0.0185 0.2147
-1.1164 1.4526 0.7468
-1.1057 0.1514 0.2920
-1.1013 1.2011 0.5707
-1.0953 -0.1807 0.2341
-1.0941 0.0077 0.2011
-1.0870 0.5119 0.3490
-1.0769 1.4117 0.6949
-1.0845 0.8823 0.3365
-1.0660 1.5184 0.8384
-1.0570 -0.1575 0.1985
-1.0410 -0.1182 0.1709
-1.0455 0.1688 0.2623
-1.0337 -0.0652 0.1575
-1.0320 -0.3168 0.3503
-1.0230 0.0262 0.1675
-1.0203 0.8610 0.2752
-1.0056 -0.5196 0.4956
-0.9865 -0.8288 0.4533
-0.9679 -0.0888 0.1722
-0.9843 0.6690 0.1816
-0.9783 0.0583 0.1760
-0.9541 -0.0154 0.1577
-0.9710 0.7711 0.1862
-0.9560 0.6916 0.1626
-0.9416 0.6758 0.1662
-0.9108 -0.7847 0.3772
-0.9301 0.0261 0.1815
-0.9346 0.1077 0.2075
-0.9289 -0.0325 0.1661
-0.9300 0.7286 0.1691
-0.9152 0.7067 0.1737
-0.8958 -0.8882 0.3967
-0.9163 0.6798 0.1766
-0.9137 0.3705 0.3244
-0.9013 -0.1450 0.2451
-0.8907 0.1986 0.2540
-0.8805 -0.5463 0.4373
-0.8637 0.3138 0.2939
-0.8550 -0.8543 0.3586
-0.8597 0.6808 0.2434
-0.8542 0.1962 0.2604
-0.8472 -0.3402 0.4120
-0.8223 0.3786 0.3416
-0.8220 -0.0815 0.2929
-0.8023 -0.8791 0.3647
-0.7525 -0.9405 0.4042
-0.7237 0.3535 0.3195
-0.7132 0.1466 0.3366
-0.6921 -0.6972 0.4148
-0.6456 -0.4486 0.4972
-0.6213 0.1025 0.3878
-0.5963 0.5460 0.3098
-0.5726 0.5463 0.2919
-0.5574 -0.5344 0.4551
-0.5463 0.1745 0.3100
-0.5499 0.3492 0.2104
-0.5304 0.5772 0.3001
-0.5141 0.3873 0.1768
-0.5058 0.3067 0.1837
-0.4922 -0.8834 0.3960
-0.4607 0.3413 0.1381
-0.4532 0.3810 0.1316
-0.4390 0.3087 0.1624
-0.4384 -0.8673 0.3670
-0.4381 -0.4386 0.3809
-0.4270 0.4147 0.1331
-0.4123 -0.9333 0.4061
-0.3963 0.4376 0.1407
-0.3849 -0.0670 0.2757
-0.3882 -0.0408 0.2673
-0.3782 0.3174 0.1677
-0.3702 -0.8275 0.3146
-0.3631 0.4708 0.1555
-0.3593 0.4008 0.1319
-0.3598 0.4266 0.1358
-0.3220 0.3917 0.1494
-0.3188 -0.3568 0.3079
-0.3091 0.0219 0.1970
-0.2888 0.5312 0.1613
-0.2986 -0.0963 0.2472
-0.3019 0.1051 0.1846
-0.2994 0.0590 0.1843
-0.2977 0.5594 0.1805
-0.2726 0.2438 0.1612
-0.2699 -0.7263 0.2412
-0.2660 -0.5911 0.2077
-0.2650 -0.2957 0.2905
-0.2694 0.1645 0.1645
-0.2638 0.2948 0.1615
-0.2504 0.2758 0.1535
-0.2578 0.3469 0.1755
-0.2555 -0.7948 0.2740
-0.2531 0.4728 0.1626
-0.2464 -0.5672 0.1928
-0.2423 -0.2123 0.2798
-0.2479 -0.1748 0.2692
-0.2403 0.0944 0.1550
-0.2383 -0.5427 0.1956
-0.2255 0.2525 0.1406
-0.2225 0.5600 0.1229
-0.2056 0.0662 0.1680
-0.2015 0.5627 0.1152
-0.1929 0.5101 0.1104
-0.1893 -0.6294 0.1639
-0.1977 -0.6017 0.1649
-0.1725 0.1516 0.1358
-0.1681 0.1827 0.1310
-0.1760 0.5425 0.1010
-0.1651 -0.7073 0.2044
-0.1584 -0.4445 0.1784
-0.1607 0.5631 0.1150
-0.1507 0.5202 0.1023
-0.1575 0.1089 0.1533
-0.1517 0.2207 0.1369
-0.1310 -0.9012 0.3415
-0.1456 0.1952 0.1363
-0.1458 0.4504 0.1586
-0.1260 -0.4392 0.1476
-0.1281 0.5530 0.1249
-0.1123 -0.5762 0.1706
-0.1166 -0.6876 0.2083
-0.1186 -0.3973 0.1722
-0.1201 0.4640 0.1541
-0.1097 0.2108 0.1532
-0.0983 0.2796 0.1861
-0.1021 0.0159 0.2229
-0.1005 -0.4755 0.1276
-0.0948 0.5346 0.1517
-0.0941 -0.0829 0.2876
-0.0747 -0.1823 0.3020
-0.0646 -0.6482 0.1941
-0.0638 -0.5097 0.1353
-0.0552 -0.5347 0.1423
-0.0530 0.0865 0.1794
-0.0453 -0.4572 0.1284
-0.0227 -0.3865 0.1702
-0.0376 0.3819 0.1903
-0.0186 -0.8048 0.2383
-0.0283 -0.4202 0.1471
-0.0193 -0.4882 0.1399
-0.0201 0.0740 0.1685
-0.0134 0.2113 0.1588
-0.0140 0.3225 0.1748
0.0137 -0.3187 0.2356
0.0156 -0.6001 0.1904
0.0121 0.4354 0.1955
0.0313 -0.8089 0.2170
0.0281 0.0960 0.1281
0.0352 0.1544 0.1114
0.0279 0.4069 0.1872
0.0361 0.1849 0.1152
0.0422 -0.5811 0.2006
0.0451 -0.2803 0.2726
0.0507 0.3000 0.1572
0.0508 -0.8235 0.2016
0.0538 -0.5441 0.1965
0.0548 0.2096 0.1174
0.0641 0.1164 0.1097
0.0792 0.0605 0.1363
0.0704 -0.8033 0.1999
0.0747 0.1796 0.1096
0.0753 0.3004 0.1652
0.0861 0.5314 0.2451
0.0977 0.1414 0.1103
0.0983 0.2168 0.1353
0.1102 -0.9383 0.2298
0.1125 0.0657 0.1346
0.1097 0.3621 0.1978
0.1130 0.6142 0.3277
0.1118 -0.1157 0.3094
0.1356 0.0446 0.1588
0.1344 0.1358 0.1408
0.1366 -0.0281 0.2227
0.1429 -0.4340 0.2330
0.1408 -0.9010 0.1853
0.1442 0.4734 0.2335
0.1675 -0.4120 0.2429
0.1641 0.5519 0.2840
0.1870 -0.8263 0.1687
0.1975 -0.8521 0.1647
0.1995 -0.4199 0.2517
0.2103 0.0644 0.2207
0.2245 -0.8479 0.1704
0.2290 -0.8273 0.1761
0.2201 0.3819 0.2798
0.2547 0.1983 0.2941
0.2583 -0.8879 0.2002
0.2589 -0.6151 0.2111
0.2685 -0.4793 0.2202
0.2691 -0.5401 0.1971
0.2907 -0.5496 0.1858
0.3489 0.4026 0.2542
0.3521 -0.7880 0.1971
0.3457 -0.7487 0.1916
0.3457 0.6939 0.3676
0.3491 1.5466 0.5898
0.3487 -0.6440 0.1486
0.3594 -0.6800 0.1544
0.3564 -0.5677 0.1620
0.3667 1.4121 0.4631
0.3748 0.6357 0.3060
0.3949 1.3317 0.4151
0.4069 -0.9192 0.2500
0.4034 0.6276 0.3021
0.4090 -0.6703 0.1397
0.4254 -0.6098 0.1493
0.4298 -0.5844 0.1678
0.4223 0.3708 0.2493
0.4354 0.5227 0.2442
0.4334 -0.6581 0.1412
0.4375 -0.8282 0.1787
0.4319 0.3479 0.2729
0.4395 0.4018 0.2414
0.4579 0.3904 0.2574
0.4681 -0.7922 0.1676
0.4644 0.5587 0.2773
0.4859 -0.6302 0.1792
0.4996 -0.7981 0.1604
0.5173 1.1691 0.3704
0.5163 -0.7747 0.1616
0.5160 -0.6966 0.1768
0.5213 -0.9170 0.2035
0.5605 1.2288 0.2994
0.5690 -0.8492 0.1649
0.5661 -0.8851 0.1787
0.5980 -0.7360 0.1999
0.6038 1.3305 0.2497
0.6289 1.3699 0.2501
0.6348 -0.9070 0.2012
0.6429 -0.7571 0.2100
0.6572 -0.9332 0.2311
0.6818 1.1922 0.2669
0.6810 1.4363 0.2863
0.6991 1.0799 0.3513
0.7056 -0.7682 0.2285
0.7161 -0.8709 0.2264
0.7503 1.3232 0.2204
0.7542 -0.5835 0.2916
0.7565 1.3458 0.2185
0.7766 1.3550 0.2307
0.7801 1.3849 0.2439
0.7872 -0.8748 0.2585
0.7953 -0.6528 0.2357
0.8158 1.1353 0.2868
0.8396 -0.7197 0.2195
0.8606 -0.5430 0.2997
0.8625 1.1105 0.3049
0.8824 -0.5642 0.2735
0.9144 1.0466 0.3666
0.9094 -0.6909 0.1980
0.9019 1.4843 0.3719
0.9274 -0.8244 0.1848
0.9149 -0.8495 0.2057
0.9320 -0.6674 0.2041
0.9794 -0.7287 0.1747
0.9820 1.0388 0.3978
0.9799 1.1971 0.3698
0.9905 -0.8220 0.1594
0.9936 -0.8462 0.1661
1.0139 1.4601 0.4169
1.0313 -0.8513 0.1649
1.0521 -0.7282 0.1899
1.0635 -0.7516 0.1851
1.0821 -0.9056 0.2063
1.0939 1.4204 0.4611
1.1262 -0.8913 0.2002
1.1393 -0.9362 0.2414
1.1308 -0.7018 0.2145
1.1771 -0.8094 0.2016
1.1739 1.0078 0.4165
1.2009 -0.6471 0.2135
1.2276 -0.6297 0.2236
1.2264 -0.7870 0.2134
1.2308 1.3729 0.5162
1.2639 -0.9146 0.3060
1.2610 1.0206 0.4375
1.2840 -0.7844 0.2452
1.2867 -0.6788 0.2293
1.2890 -0.6041 0.2728
1.3267 1.1586 0.4586
1.3477 1.1105 0.4764
1.3560 -0.6017 0.3436
1.3618 0.9915 0.5456
