points 
 2 
 1 
Tumour[19065]FoxP310NNCodensity
-1.0858 -0.9761 0.3184
-1.0844 -0.4060 0.2183
-1.0719 0.3606 0.1769
-1.0601 1.0675 0.4157
-1.0598 -0.8128 0.1880
-1.0600 -0.7754 0.1817
-1.0541 -0.4328 0.1995
-1.0532 1.1204 0.3837
-1.0461 0.3714 0.1404
-1.0437 -0.7488 0.1679
-1.0326 0.5454 0.1808
-1.0275 -0.3853 0.1725
-1.0229 1.3114 0.4209
-1.0224 -0.4774 0.2063
-1.0222 0.3936 0.1185
-1.0223 -0.7050 0.1752
-1.0192 -1.0449 0.3353
-1.0218 -0.4518 0.1943
-1.0173 -0.2285 0.2446
-1.0177 1.1931 0.3509
-1.0088 -0.3997 0.1756
-1.0089 0.3548 0.1273
-1.0124 0.4205 0.1205
-1.0099 -0.8134 0.1609
-1.0102 1.2775 0.3819
-1.0043 -0.3119 0.1844
-0.9968 -0.8554 0.1879
-0.9990 0.3808 0.1126
-0.9939 -0.2664 0.2030
-0.9879 1.2160 0.3465
-0.9839 0.5300 0.1335
-0.9802 0.2748 0.2274
-0.9788 1.3643 0.4802
-0.9705 -0.8183 0.1659
-0.9758 0.6044 0.1439
-0.9729 0.4354 0.1232
-0.9638 0.5547 0.1205
-0.9546 0.4622 0.1307
-0.9505 -0.6981 0.1485
-0.9400 -0.6271 0.1582
-0.9274 0.5373 0.1241
-0.9310 1.2640 0.3837
-0.9270 -0.6048 0.1700
-0.9200 0.5524 0.1222
-0.9098 -0.2606 0.2121
-0.9058 0.3939 0.1745
-0.9062 0.4200 0.1656
-0.9068 0.6195 0.1265
-0.9040 -0.6165 0.1569
-0.9043 0.6845 0.1621
-0.9017 -0.7220 0.1410
-0.8981 -0.9101 0.2352
-0.8935 -0.6927 0.1270
-0.8939 -0.2115 0.2290
-0.8917 0.6041 0.1199
-0.8862 0.6175 0.1236
-0.8661 -0.7259 0.1420
-0.8579 -1.0967 0.2515
-0.8535 -0.9498 0.2212
-0.8496 -0.2770 0.2472
-0.8442 0.7385 0.1540
-0.8410 -0.7675 0.1756
-0.8391 0.7169 0.1444
-0.8402 0.8053 0.2066
-0.8403 -0.6321 0.1630
-0.8162 -0.6809 0.1629
-0.8160 -0.2260 0.2588
-0.8038 0.5741 0.1481
-0.8043 0.7087 0.1509
-0.8021 -0.7982 0.2070
-0.7965 0.6102 0.1457
-0.7890 -1.0150 0.1686
-0.7873 0.6301 0.1536
-0.7832 0.5246 0.1896
-0.7836 0.7762 0.1710
-0.7790 -0.1217 0.2662
-0.7689 -1.0759 0.1765
-0.7667 0.5276 0.2042
-0.7662 -0.0703 0.2729
-0.7572 -0.9851 0.1694
-0.7531 0.8025 0.1810
-0.7457 -1.0074 0.1557
-0.7408 -1.0447 0.1552
-0.7387 -0.5733 0.1901
-0.7301 -0.5550 0.1988
-0.7217 -1.1052 0.1925
-0.7187 -0.6932 0.1999
-0.7136 -0.8479 0.2560
-0.7046 -0.6034 0.1864
-0.7037 0.8497 0.1973
-0.6871 -0.6259 0.1992
-0.6909 -0.0203 0.2610
-0.6712 0.8450 0.2004
-0.6692 -0.5937 0.1998
-0.6654 -0.0442 0.2409
-0.6535 -0.0662 0.2423
-0.6387 -0.4037 0.1984
-0.6394 0.8472 0.2127
-0.6312 -0.9506 0.1989
-0.6339 -0.3493 0.2342
-0.6175 -1.0454 0.1697
-0.6185 -1.0137 0.1732
-0.6198 0.8915 0.2242
-0.6017 -0.9377 0.2200
-0.6018 -0.4331 0.1751
-0.6030 0.9455 0.2428
-0.5962 -1.0904 0.1921
-0.5636 -0.4782 0.2004
-0.5629 0.0377 0.2201
-0.5618 -0.4196 0.1800
-0.5462 -1.1263 0.2431
-0.5492 -0.4144 0.1876
-0.5424 0.9322 0.2424
-0.5379 -0.0297 0.1991
-0.5373 -1.1047 0.2281
-0.5310 -0.3804 0.2094
-0.5252 0.3028 0.4245
-0.5116 0.0070 0.1810
-0.5095 -0.3548 0.2353
-0.4952 0.9772 0.2479
-0.4833 -0.9849 0.2262
-0.4524 0.5445 0.5494
-0.4504 1.0633 0.2592
-0.4383 -0.0112 0.1400
-0.4289 0.1388 0.1825
-0.4206 -0.9738 0.2507
-0.4130 0.0046 0.1194
-0.4013 -0.0074 0.1233
-0.4018 0.0273 0.1081
-0.4006 0.0480 0.1077
-0.3979 0.1489 0.1673
-0.3956 0.9925 0.2597
-0.3732 -0.8934 0.2718
-0.3711 0.0699 0.1048
-0.3626 1.0364 0.2321
-0.3688 1.1122 0.2249
-0.3605 0.0446 0.0993
-0.3384 -0.9899 0.2542
-0.3356 1.1233 0.2115
-0.3322 -0.3144 0.3746
-0.3228 0.1131 0.1244
-0.3176 0.0746 0.1165
-0.3077 0.0325 0.1284
-0.3046 0.1515 0.1367
-0.3088 -0.9307 0.2367
-0.2951 0.0716 0.1267
-0.2912 -0.0450 0.1756
-0.2840 0.2321 0.1693
-0.2789 -1.0761 0.2739
-0.2783 1.1640 0.1986
-0.2758 -0.3228 0.4045
-0.2737 -0.5939 0.3679
-0.2625 -0.0798 0.2155
-0.2673 0.1989 0.1482
-0.2510 -0.1083 0.2557
-0.2428 0.1783 0.1456
-0.2413 0.2166 0.1514
-0.2376 -0.7615 0.2056
-0.2212 -0.7161 0.2280
-0.2052 0.3192 0.2650
-0.2009 -0.8031 0.1823
-0.1963 -0.7574 0.1955
-0.2012 0.0370 0.1821
-0.1999 0.0797 0.1741
-0.1990 1.1240 0.1574
-0.1938 1.1050 0.1707
-0.1946 -0.8764 0.2019
-0.1897 1.1466 0.1489
-0.1904 -1.0251 0.2055
-0.1797 0.0560 0.1900
-0.1801 0.2350 0.1917
-0.1666 1.2619 0.1927
-0.1657 1.1201 0.1583
-0.1556 -0.7980 0.1793
-0.1563 0.2704 0.2370
-0.1522 1.2674 0.1931
-0.1491 0.5669 0.3875
-0.1335 1.1268 0.1668
-0.1243 -1.0617 0.1601
-0.1128 -0.5424 0.3717
-0.1122 -1.1263 0.1989
-0.1132 -0.8892 0.1870
-0.1075 1.2280 0.1664
-0.1057 -1.1011 0.1718
-0.0948 0.6140 0.3600
-0.0882 -1.0556 0.1440
-0.0857 -0.9307 0.1762
-0.0844 -0.7513 0.2172
-0.0779 -1.0091 0.1535
-0.0772 1.3029 0.1533
-0.0588 0.0770 0.2614
-0.0554 1.1425 0.2097
-0.0506 -1.0861 0.1552
-0.0505 0.0466 0.2849
-0.0421 -0.9621 0.1648
-0.0400 1.2616 0.1474
-0.0255 0.0809 0.2997
-0.0150 1.3586 0.1548
-0.0038 1.3484 0.1412
-0.0007 -0.8484 0.1427
-0.0029 0.4874 0.2802
0.0032 1.3308 0.1292
0.0169 1.3427 0.1401
0.0154 -0.6667 0.2316
0.0198 -0.8821 0.1175
0.0214 1.2610 0.1411
0.0328 -0.8932 0.1117
0.0334 -0.7658 0.1858
0.0392 0.4969 0.2501
0.0449 -1.0400 0.1431
0.0401 -0.8870 0.1087
0.0491 -1.0681 0.1478
0.0463 -0.8845 0.1092
0.0533 1.2586 0.1608
0.0519 0.5292 0.2239
0.0542 -0.6613 0.2131
0.0537 1.2015 0.2090
0.0654 -1.0207 0.1482
0.0636 -0.8731 0.1199
0.0702 -1.1294 0.1949
0.0793 0.5506 0.2070
0.0808 -0.9726 0.1450
0.0841 -1.1302 0.2035
0.0911 1.3273 0.1927
0.1019 -1.0689 0.1737
0.1071 -0.6673 0.1925
0.1251 -0.7112 0.1782
0.1296 -0.8579 0.1823
0.1287 -0.9524 0.1737
0.1416 0.6126 0.1668
0.1541 0.5577 0.1892
0.1805 -0.6026 0.2209
0.1876 -0.7239 0.1974
0.1965 0.6388 0.1377
0.2045 -0.6665 0.2085
0.2040 0.6541 0.1295
0.2096 1.2163 0.3167
0.2096 0.6887 0.1284
0.2159 0.6823 0.1240
0.2360 -0.7340 0.2159
0.2383 0.6969 0.1324
0.2387 -0.5048 0.2354
0.2509 0.6349 0.1510
0.2554 0.7598 0.1687
0.2734 -0.4171 0.2315
0.2738 0.7681 0.1764
0.2777 1.2706 0.3672
0.2808 -0.4552 0.2099
0.2807 -1.1044 0.1977
0.2943 -1.0027 0.1039
0.2954 -1.0217 0.1120
0.3041 -0.9763 0.1003
0.2975 0.2104 0.5322
0.3004 -0.4901 0.2055
0.3061 -1.0004 0.0945
0.3142 0.2342 0.5375
0.3193 -0.9371 0.1144
0.3316 0.8819 0.2780
0.3330 -1.1028 0.1734
0.3338 -0.9964 0.0881
0.3360 -0.8514 0.1824
0.3438 -0.7394 0.2073
0.3457 -0.9332 0.1176
0.3555 0.6838 0.2045
0.3556 0.8013 0.2169
0.3560 -0.8224 0.1996
0.3602 -0.9747 0.0945
0.3592 1.2923 0.3626
0.3650 -0.4888 0.1896
0.3774 -0.4212 0.1786
0.3837 -0.9791 0.1117
0.3929 -1.0237 0.1331
0.4042 -0.4173 0.1801
0.4072 0.9684 0.3455
0.4166 -1.1202 0.2280
0.4203 -0.3137 0.2382
0.4198 0.4567 0.4455
0.4244 -0.6682 0.1917
0.4256 -0.8590 0.1969
0.4259 -0.6859 0.1860
0.4334 -1.0137 0.1734
0.4330 0.7278 0.2174
0.4432 -0.6532 0.1942
0.4456 -0.1527 0.1720
0.4649 -0.1355 0.1535
0.4627 -0.0630 0.1840
0.4688 -0.4166 0.1979
0.4726 0.7109 0.2428
0.4706 0.9904 0.3606
0.4766 -0.6850 0.1970
0.4826 -0.0761 0.1576
0.4835 -0.0961 0.1467
0.4886 0.7219 0.2484
0.4875 -0.2730 0.2030
0.4893 -0.5772 0.2128
0.5021 -0.7725 0.2267
0.5093 -0.9074 0.2585
0.5141 -0.4617 0.2121
0.5167 0.7872 0.2601
0.5224 -0.4742 0.2210
0.5280 -0.2172 0.1496
0.5503 -0.1712 0.1246
0.5589 1.3142 0.1790
0.5597 1.2306 0.1763
0.5698 -0.2313 0.1467
0.5719 -0.1860 0.1222
0.5798 -0.6561 0.2862
0.5811 -0.0993 0.1295
0.5785 1.2511 0.1528
0.5871 1.1339 0.2672
0.5871 1.2703 0.1450
0.5895 -0.0356 0.1611
0.6006 0.7943 0.3355
0.6080 -0.1449 0.1175
0.6126 1.3197 0.1644
0.6142 -0.0362 0.1604
0.6226 -0.3792 0.1975
0.6244 1.2909 0.1507
0.6263 -0.1236 0.1184
0.6280 1.3188 0.1691
0.6358 -0.2158 0.1348
0.6321 -0.1445 0.1245
0.6482 -0.3728 0.1851
0.6573 1.2760 0.1764
0.6673 -0.0399 0.1476
0.6770 -0.2745 0.1409
0.6826 -0.3012 0.1370
0.6853 -0.0909 0.1293
0.6986 -0.2340 0.1449
0.7113 -0.3536 0.1460
0.7211 0.6744 0.3545
0.7338 -0.2313 0.1403
0.7355 1.2433 0.2844
0.7405 -0.1006 0.1306
0.7426 -0.3850 0.1715
0.7488 -0.0634 0.1393
0.7499 0.4975 0.4201
0.7491 -0.0811 0.1314
0.7542 -0.3312 0.1397
0.7617 0.5547 0.3786
0.7655 -0.2070 0.1494
0.7730 0.5634 0.3815
0.7854 -0.1028 0.1334
0.8061 -0.0289 0.1669
0.8059 -0.3027 0.1326
0.8093 -0.2363 0.1415
0.8088 -0.1563 0.1518
0.8306 -0.3099 0.1372
0.8494 -0.3604 0.1755
0.8529 -0.2773 0.1397
0.8651 -0.1142 0.1732
0.8671 0.4765 0.4177
0.8690 -0.0096 0.2009
0.8968 -0.0950 0.1992
0.9028 -0.2709 0.1518
0.9234 -0.2634 0.1561
0.9371 0.0155 0.2701
0.9618 0.7923 0.4360
0.9778 -0.3051 0.1622
0.9827 -0.9563 0.7942
1.0048 -0.2176 0.1775
1.0219 -0.2792 0.1690
1.0217 0.8397 0.3805
1.0288 0.0021 0.3382
1.0356 -0.2828 0.1809
1.0446 -0.9901 0.8699
1.0463 -0.2085 0.2126
1.0589 -0.2839 0.2098
1.0597 0.2365 0.3247
1.0996 0.2797 0.2898
1.0996 0.9447 0.2643
1.1228 1.0230 0.2141
1.1383 0.9897 0.2163
1.1513 0.3934 0.2346
1.1565 1.0662 0.1747
1.1659 0.3636 0.2265
1.1723 -0.6492 0.6407
1.1780 0.3725 0.2240
1.1927 0.4556 0.2240
1.2015 1.0705 0.1465
1.2038 0.4141 0.2239
1.2104 0.6992 0.3271
1.2183 1.0817 0.1385
1.2302 0.1774 0.3562
1.2331 1.0819 0.1401
1.2366 1.1590 0.1613
1.2419 0.1380 0.3970
1.2626 1.1966 0.1973
1.2724 0.8583 0.3579
1.2878 1.1304 0.1572
1.2837 1.1672 0.1723
1.2986 0.5966 0.2230
1.3005 0.5365 0.2062
1.3048 -0.4989 0.6328
1.3167 0.5308 0.2131
1.3188 1.0573 0.2113
1.3221 0.6074 0.2337
1.3459 0.5701 0.2337
1.3686 1.1735 0.2677
1.3959 0.6404 0.3187
