points 
 2 
 1 
Tumour[19065]FoxP310NNCodensity
-1.1115 1.3959 0.9284
-1.0652 0.0602 0.4310
-1.0615 0.0021 0.4341
-1.0528 0.0349 0.4205
-1.0212 -1.0120 0.3554
-1.0226 -0.3616 0.4892
-1.0102 0.7800 0.5174
-1.0032 -0.4026 0.4739
-0.9991 -0.8908 0.2814
-0.9957 -0.9981 0.3186
-0.9950 0.2317 0.4296
-0.9747 -0.8825 0.2636
-0.9644 -0.8136 0.3010
-0.9559 -0.0181 0.4167
-0.9349 -0.4404 0.4080
-0.8832 -0.9564 0.2556
-0.8797 0.3428 0.4450
-0.8757 0.4349 0.4346
-0.8743 -0.9877 0.2805
-0.8653 0.7480 0.3653
-0.8582 -0.9707 0.2748
-0.8540 -0.4042 0.3744
-0.8467 -0.0036 0.4472
-0.8317 0.8534 0.3122
-0.8064 0.2182 0.4205
-0.7845 -0.6774 0.4082
-0.7695 -0.8461 0.3431
-0.7621 0.8663 0.2795
-0.7546 0.9611 0.2623
-0.7371 0.6833 0.3322
-0.7404 0.9387 0.2581
-0.7221 -0.6640 0.4284
-0.6922 1.3074 0.4670
-0.6867 0.5608 0.3068
-0.6842 -0.3735 0.3509
-0.6731 -0.4018 0.3349
-0.6742 1.0586 0.2331
-0.6722 1.1507 0.2678
-0.6647 1.0703 0.2298
-0.6481 1.1199 0.2428
-0.6246 0.3239 0.3740
-0.6237 0.7654 0.3535
-0.6230 -0.4833 0.3312
-0.5917 -0.3286 0.3618
-0.5890 0.5333 0.2502
-0.5849 0.5115 0.2516
-0.5790 0.9925 0.2870
-0.5500 0.5610 0.2593
-0.5479 0.0211 0.4837
-0.5462 1.1721 0.3224
-0.5036 0.1451 0.4450
-0.4885 0.4872 0.2409
-0.4748 1.1351 0.3672
-0.4707 0.5038 0.2528
-0.4682 0.4711 0.2466
-0.4670 -0.3500 0.3176
-0.4222 -0.3868 0.3095
-0.4049 -0.5377 0.3582
-0.3765 -0.5366 0.3682
-0.3676 0.3075 0.3612
-0.3540 -0.0513 0.3731
-0.3244 0.3549 0.3638
-0.3188 -0.1529 0.3195
-0.3121 -0.1131 0.3291
-0.2998 -0.4542 0.3507
-0.2993 0.3433 0.3926
-0.2677 1.0540 0.5627
-0.2586 -0.4606 0.3758
-0.2061 0.8624 0.5504
-0.2010 -0.1244 0.3473
-0.1890 -0.1676 0.3312
-0.1734 -0.9661 0.5835
-0.1652 -0.9499 0.5695
-0.1626 -0.1376 0.3624
-0.1322 -1.0058 0.5885
-0.1291 0.5817 0.4760
-0.1128 -0.3246 0.4040
-0.0777 0.8062 0.4866
-0.0642 -1.0058 0.5504
-0.0111 1.4521 1.0310
0.0287 0.5197 0.4823
0.0485 0.5140 0.4807
0.0577 -0.6706 0.4602
0.0736 0.8194 0.4470
0.0772 -0.3790 0.3740
0.1272 0.8464 0.4690
0.1553 -0.6405 0.3492
0.2260 -0.4091 0.1974
0.2345 -0.5081 0.2062
0.2858 -0.3267 0.1963
0.2883 0.7156 0.4305
0.2877 -0.5994 0.2431
0.2874 -0.4451 0.1483
0.2928 -0.4736 0.1541
0.2978 -0.8463 0.2569
0.2972 -0.4129 0.1433
0.2985 0.6885 0.4234
0.3056 -0.2941 0.2205
0.3373 -0.9540 0.2330
0.3426 -0.8427 0.2053
0.3550 -0.5623 0.2082
0.3577 -0.3692 0.1595
0.3635 -0.4471 0.1577
0.3679 0.6253 0.4286
0.3862 -0.4864 0.1696
0.3945 -0.9638 0.2025
0.3975 -0.3704 0.1815
0.4076 0.5713 0.4465
0.4162 -0.8041 0.1922
0.4291 -0.5479 0.2316
0.4293 0.0282 0.5064
0.4322 -0.2956 0.2275
0.4424 -0.0839 0.3839
0.4505 -0.8605 0.1521
0.4554 -0.8211 0.1796
0.4594 -0.8940 0.1564
0.4628 -1.0003 0.2529
0.4690 -0.1919 0.3016
0.4828 -0.8450 0.1805
0.4833 0.1224 0.6172
0.4962 -0.4668 0.2142
0.4994 -0.9095 0.1963
0.5472 -0.4039 0.2058
0.5484 -0.6636 0.3216
0.5608 -0.3874 0.2100
0.5617 -0.3096 0.2301
0.5906 -0.4264 0.2238
0.5994 1.2917 0.5228
0.6113 0.4756 0.5489
0.6121 -0.2995 0.2475
0.6432 1.2362 0.4594
0.6640 0.6433 0.4946
0.6804 1.3271 0.4787
0.6816 -0.6280 0.3078
0.6971 1.1681 0.4337
0.6982 1.0808 0.4752
0.7010 0.6582 0.5072
0.7210 -0.5135 0.2529
0.7191 -0.7851 0.4090
0.7210 -0.4716 0.2370
0.7292 0.6369 0.5362
0.7441 -0.6017 0.3098
0.7465 1.3308 0.4540
0.7588 -0.3274 0.2184
0.7886 -0.3570 0.2226
0.7971 -0.2468 0.2478
0.8060 -0.3092 0.2273
0.8107 -0.2350 0.2574
0.8347 -0.4924 0.3020
0.8563 1.2932 0.4475
0.8612 -0.2077 0.2805
0.9583 0.9258 0.6172
0.9849 1.4090 0.6136
0.9883 -0.1618 0.3311
1.0224 -0.3718 0.3028
1.0559 -0.3288 0.2795
1.0901 -0.3114 0.2750
1.1256 -0.2937 0.2857
1.1736 -0.2601 0.3104
1.1740 1.0298 0.7417
1.2143 -0.2472 0.3457
1.2888 0.0150 0.6407
1.2928 1.0976 0.8760
1.3238 -0.2698 0.4854
