points 
 2 
 1 
Tumour[19065]CD810NNCodensity
-1.1916 -1.5876 0.5242
-1.1910 -0.7372 0.5208
-1.1893 0.0233 0.2581
-1.1910 0.3459 0.3206
-1.1853 0.6518 0.1818
-1.1913 0.7042 0.1778
-1.1862 -0.0457 0.2190
-1.1447 0.3717 0.2438
-1.1622 0.0017 0.2196
-1.1708 -1.4327 0.4401
-1.1607 -0.0368 0.2012
-1.1597 0.6776 0.1422
-1.1444 -1.0699 0.4466
-1.1490 -1.5903 0.4828
-1.1417 -0.0769 0.1924
-1.1303 -0.2812 0.2311
-1.1335 -0.1235 0.1918
-1.1241 -0.4668 0.3522
-1.1244 -1.5788 0.4568
-1.1190 -0.3431 0.2446
-1.1132 0.7211 0.1228
-1.1079 0.7695 0.1675
-1.0961 0.6919 0.1177
-1.0963 0.6159 0.1486
-1.0925 -0.3150 0.2193
-1.0886 -0.1676 0.1908
-1.0911 0.4156 0.1674
-1.0892 0.6530 0.1271
-1.0762 0.7357 0.1355
-1.0656 0.4026 0.1635
-1.0640 -1.0715 0.3708
-1.0701 -0.8566 0.4367
-1.0652 -0.1849 0.1947
-1.0657 0.4313 0.1504
-1.0554 0.7635 0.1669
-1.0400 0.4165 0.1567
-1.0318 -0.2230 0.2021
-1.0166 0.4571 0.1444
-1.0238 0.6400 0.1304
-1.0184 -1.2381 0.3063
-1.0194 0.5814 0.1242
-0.9986 0.6601 0.1437
-0.9946 0.5375 0.1255
-0.9922 -0.2325 0.2106
-0.9991 0.6071 0.1198
-0.9859 -0.4582 0.2581
-0.9928 0.0669 0.2400
-0.9852 -0.7470 0.4003
-0.9757 0.5137 0.1318
-0.9815 0.0273 0.2170
-0.9800 0.4848 0.1447
-0.9601 0.5839 0.1130
-0.9628 -0.9728 0.3570
-0.9542 -1.3533 0.2522
-0.9535 -0.4236 0.2149
-0.9512 0.0729 0.2231
-0.9354 0.8181 0.1826
-0.9283 -0.0038 0.1712
-0.9327 -1.3504 0.2302
-0.9268 0.5683 0.1230
-0.9253 0.7812 0.1604
-0.8850 -0.2748 0.1324
-0.9137 0.8311 0.1868
-0.9146 -0.8752 0.3852
-0.9058 0.8848 0.2488
-0.9021 0.5828 0.1230
-0.9065 0.6488 0.1077
-0.8898 -0.0263 0.1500
-0.8907 0.6665 0.1066
-0.8919 0.7115 0.1235
-0.8728 0.6199 0.1071
-0.8793 -0.3502 0.1159
-0.8551 -0.0401 0.1240
-0.8821 0.7744 0.1474
-0.8787 -0.3961 0.1381
-0.8658 0.6518 0.0973
-0.8674 -0.3172 0.1024
-0.8610 -1.1898 0.1951
-0.8606 -0.3004 0.1002
-0.8410 -0.1634 0.1401
-0.8375 -1.3782 0.1884
-0.8501 0.6793 0.0970
-0.8356 -0.4246 0.1361
-0.8428 0.0091 0.1371
-0.8479 0.5191 0.1561
-0.8336 -0.1219 0.1333
-0.8451 -1.2161 0.1727
-0.8436 -1.2233 0.1703
-0.8345 -0.2890 0.0940
-0.8261 0.6662 0.1031
-0.8254 -0.2383 0.1094
-0.8134 -0.1956 0.1153
-0.8264 -0.3500 0.0979
-0.8219 -1.2498 0.1601
-0.8171 0.5511 0.1464
-0.7965 0.7409 0.1319
-0.7960 -0.3084 0.1023
-0.8143 -0.0655 0.1097
-0.8096 -1.3877 0.1901
-0.7965 -0.5486 0.1885
-0.8099 0.4364 0.2467
-0.7767 -0.1388 0.1162
-0.7840 -0.4400 0.1430
-0.7923 -0.5744 0.1900
-0.7997 -0.3569 0.1097
-0.7867 -0.0164 0.1140
-0.7977 0.5405 0.1575
-0.8031 0.6630 0.1148
-0.7922 0.7149 0.1199
-0.7845 -0.0917 0.1149
-0.7880 -0.2417 0.0965
-0.7803 -0.0534 0.1125
-0.7770 -0.4710 0.1549
-0.7851 -0.3737 0.1225
-0.7792 0.0337 0.1365
-0.7422 0.7135 0.1394
-0.7746 -1.3925 0.1950
-0.7761 0.4991 0.1984
-0.7772 -1.2493 0.1630
-0.7700 -0.2815 0.1091
-0.7712 -1.1903 0.1707
-0.7487 -0.1874 0.1035
-0.7564 -0.2312 0.0960
-0.7556 -0.0278 0.1201
-0.7324 -0.6273 0.1688
-0.7512 0.7862 0.1764
-0.7466 -1.0813 0.2786
-0.7387 -1.3670 0.1900
-0.7331 -0.2201 0.1041
-0.7345 0.0535 0.1301
-0.7328 0.6672 0.1527
-0.7390 -0.4351 0.1735
-0.7195 -0.5711 0.1747
-0.7293 -0.2488 0.1147
-0.7183 -0.1362 0.1455
-0.7192 -0.6952 0.1719
-0.7087 -1.3916 0.2124
-0.7067 -1.1393 0.2355
-0.7086 -0.1797 0.1303
-0.6952 0.0575 0.1400
-0.6965 0.1056 0.1626
-0.7004 0.5978 0.1919
-0.6921 -1.2449 0.2083
-0.6877 0.0220 0.1426
-0.6903 0.7727 0.1608
-0.6807 -0.8143 0.2731
-0.6822 0.1244 0.1798
-0.6685 -0.6642 0.1579
-0.6810 -0.6250 0.1645
-0.6772 -0.0003 0.1590
-0.6765 -1.5954 0.4357
-0.6696 -1.5010 0.3139
-0.6657 -0.7301 0.1781
-0.6583 0.1905 0.2415
-0.6404 0.8613 0.1642
-0.6464 0.6080 0.2134
-0.6432 -0.2907 0.1929
-0.6392 -0.7829 0.2339
-0.6354 0.8284 0.1415
-0.6357 -0.6859 0.1646
-0.6291 0.7321 0.1702
-0.6322 -0.2510 0.1803
-0.6192 -1.2647 0.2679
-0.6176 0.2304 0.2959
-0.6150 0.6822 0.1901
-0.5990 0.8353 0.1226
-0.5664 0.8095 0.1107
-0.5672 0.8385 0.1132
-0.5662 -0.2875 0.2592
-0.5367 0.8348 0.1100
-0.5433 0.5420 0.2673
-0.5392 0.2523 0.3646
-0.5344 0.7819 0.1248
-0.5361 -1.3383 0.3559
-0.5332 -0.6540 0.2640
-0.5288 -0.5967 0.2986
-0.5281 -0.2025 0.2737
-0.5082 0.6636 0.1898
-0.5093 0.8611 0.1286
-0.4976 0.7738 0.1315
-0.4701 0.8078 0.1192
-0.4487 -0.9600 0.4421
-0.4502 0.8285 0.1203
-0.4485 0.0452 0.3741
-0.4482 0.6483 0.1718
-0.4437 0.6442 0.1704
-0.4361 -0.1736 0.3069
-0.4333 0.8974 0.1774
-0.4319 -0.0550 0.3496
-0.4299 0.5886 0.1927
-0.4032 0.7652 0.1499
-0.4089 0.8115 0.1322
-0.3700 -0.9765 0.4862
-0.3711 -1.2162 0.4574
-0.3671 0.8245 0.1328
-0.3645 -0.3608 0.3480
-0.3690 0.6103 0.1512
-0.3598 0.8497 0.1410
-0.3363 0.6581 0.1191
-0.3204 0.7289 0.1115
-0.3054 0.6784 0.0958
-0.3118 -0.1346 0.3564
-0.3038 0.7567 0.1094
-0.3049 -0.4161 0.3451
-0.2988 0.8554 0.1378
-0.2955 0.6462 0.1017
-0.2903 0.2432 0.4742
-0.2872 0.7353 0.0933
-0.2736 0.6084 0.1302
-0.2764 0.7907 0.1024
-0.2698 0.6646 0.0962
-0.2621 0.7111 0.0923
-0.2737 -1.5272 0.3610
-0.2693 0.6347 0.1122
-0.2720 -0.8410 0.5016
-0.2673 -0.4731 0.3424
-0.2575 0.8253 0.1071
-0.2554 0.8553 0.1267
-0.2549 -0.1550 0.3620
-0.2382 0.7345 0.0943
-0.2350 -1.4575 0.3210
-0.2396 0.5299 0.2288
-0.2317 0.7588 0.0919
-0.2320 -0.4920 0.3339
-0.2284 -0.7749 0.5090
-0.2265 -1.5023 0.3425
-0.2219 0.8138 0.1005
-0.2109 0.7320 0.1058
-0.2045 0.4039 0.3826
-0.2085 -1.5005 0.3505
-0.1954 0.8169 0.1070
-0.2048 -1.4352 0.3331
-0.1963 0.6450 0.1547
-0.1898 0.1966 0.4924
-0.1855 0.8602 0.1369
-0.1843 0.7353 0.1099
-0.1641 0.7942 0.1069
-0.1604 -1.3760 0.3784
-0.1320 0.7481 0.1286
-0.1294 0.7747 0.1238
-0.1136 0.8348 0.1456
-0.1118 -1.4030 0.4258
-0.0911 -0.4007 0.2267
-0.0968 0.8940 0.2107
-0.0940 0.6796 0.2074
-0.0814 -0.0547 0.3768
-0.0712 -0.3645 0.2157
-0.0612 0.7984 0.1777
-0.0479 -0.3899 0.2139
-0.0467 -0.2675 0.2265
-0.0319 -0.3513 0.1985
-0.0093 -0.1078 0.3247
0.0011 -0.3573 0.1957
0.0073 -0.1399 0.2975
0.0352 0.7635 0.2687
0.0597 -0.3636 0.2083
0.0672 -0.1730 0.2943
0.1003 0.4125 0.1880
0.1062 0.3512 0.1688
0.1092 0.8202 0.2811
0.1059 0.3782 0.1721
0.1078 0.4635 0.2174
0.1236 0.3341 0.1605
0.1351 -0.3876 0.2211
0.1440 0.5766 0.2509
0.1477 0.3251 0.1559
0.1944 -0.3900 0.1823
0.1891 0.2810 0.1709
0.1901 0.3048 0.1592
0.2103 0.7691 0.1936
0.2185 -0.3397 0.1480
0.2356 0.0835 0.2741
0.2232 0.4540 0.2060
0.2355 0.7886 0.1930
0.2367 0.6659 0.1658
0.2406 -0.3701 0.1358
0.2437 0.6915 0.1643
0.2350 0.8776 0.2774
0.2409 -0.8943 0.6351
0.2867 0.2901 0.1835
0.2628 0.6466 0.1606
0.2692 -0.3275 0.1130
0.2631 -0.9904 0.6426
0.2804 0.5005 0.2090
0.2945 0.3539 0.1991
0.2832 -0.1430 0.2767
0.2881 -0.0414 0.2631
0.2979 0.4476 0.2342
0.2886 0.6192 0.1759
0.2999 -0.3361 0.0957
0.3032 0.2274 0.2067
0.2974 0.2666 0.1960
0.3078 -0.3110 0.0998
0.3078 -0.3652 0.1095
0.3123 0.0694 0.2182
0.3085 0.5533 0.2023
0.3099 0.6448 0.1799
0.3141 0.7672 0.1878
0.3146 -0.8048 0.5701
0.3315 -0.2880 0.1064
0.3366 -0.3260 0.0847
0.3313 0.0315 0.2109
0.3422 0.2018 0.2308
0.3534 -0.3460 0.0913
0.3564 0.7973 0.2220
0.3767 -0.2592 0.1164
0.3909 -0.3388 0.0956
0.3948 -0.3343 0.0939
0.4004 -0.3353 0.0978
0.4159 -0.2506 0.1128
0.4141 -0.2904 0.0994
0.4134 0.8336 0.2769
0.4268 0.0132 0.1748
0.4232 0.0482 0.1817
0.4527 -0.2950 0.1188
0.4366 -0.2225 0.1250
0.4658 -0.1050 0.1971
0.4711 -0.2287 0.1180
0.4659 0.0388 0.1780
0.5040 -0.2533 0.1388
0.4821 0.8207 0.3206
0.4926 0.0217 0.1773
0.5023 -0.1917 0.1414
0.5034 -0.1658 0.1619
0.5210 0.0111 0.1786
0.5341 -0.0226 0.1939
0.5480 -0.2170 0.1823
0.5604 0.8246 0.4073
0.5735 -0.4158 0.3348
0.6036 -0.8758 0.3572
0.6275 -1.0767 0.4230
0.6307 0.1124 0.1727
0.6414 -0.6584 0.4290
0.6366 0.0850 0.1697
0.6430 0.7522 0.4687
0.6530 -0.9450 0.3311
0.6634 0.2272 0.1698
0.6578 0.1090 0.1685
0.6563 0.1716 0.1650
0.6642 -1.1674 0.4709
0.6712 -0.8728 0.3051
0.6721 0.3508 0.2230
0.6761 0.0554 0.1899
0.7003 0.1396 0.1692
0.6978 0.2706 0.1562
0.7206 0.2953 0.1497
0.7431 0.3109 0.1472
0.7599 0.2577 0.1554
0.7627 0.0068 0.2006
0.7848 0.3251 0.1467
0.7801 -0.8533 0.2747
0.7966 -0.4877 0.3724
0.7961 -0.3041 0.3226
0.8243 -0.0061 0.1931
0.8295 -0.2958 0.3164
0.8301 -0.7555 0.2997
0.8349 0.3295 0.1377
0.8465 -0.0121 0.1973
0.8462 0.2503 0.1708
0.8412 0.4284 0.1369
0.8547 -0.7820 0.2894
0.8551 -1.2078 0.4509
0.8597 0.0107 0.1886
0.8618 0.4196 0.1158
0.8723 0.3376 0.1224
0.8666 0.0177 0.1890
0.8735 -0.8818 0.2808
0.8741 -0.2618 0.3063
0.8737 -0.1610 0.2818
0.8672 0.4193 0.1128
0.9026 0.0373 0.2011
0.8828 0.5033 0.1740
0.8959 -1.2539 0.4665
0.8960 0.4259 0.1103
0.9507 0.4896 0.1499
0.9198 0.3071 0.1171
0.9240 0.4007 0.1093
0.9298 0.6324 0.1861
0.9494 0.1213 0.1924
0.9151 0.3532 0.1054
0.9252 -0.3919 0.2907
0.9239 0.2640 0.1377
0.9244 -0.8821 0.2989
0.9854 0.5838 0.1610
0.9480 0.3585 0.1023
0.9527 -0.4367 0.3003
0.9508 0.1885 0.1479
0.9779 0.3137 0.1009
0.9861 0.2647 0.1148
0.9594 0.6588 0.1627
0.9676 0.7024 0.1640
0.9766 0.3846 0.1117
1.0300 0.7349 0.1605
0.9912 0.6646 0.1454
0.9902 0.3562 0.0994
0.9881 -0.6606 0.3943
0.9907 0.4832 0.1394
0.9911 0.1719 0.1439
0.9989 -0.9407 0.3483
1.0047 0.7824 0.2148
1.0196 0.3059 0.1008
1.0340 0.3635 0.1020
1.0410 0.6529 0.1515
1.0172 0.1901 0.1315
1.0213 0.2205 0.1149
1.0320 -1.0225 0.3533
1.0402 0.4218 0.1119
1.0372 0.5210 0.1453
1.0406 0.3215 0.1052
1.0416 0.4892 0.1259
1.0448 0.2214 0.1243
1.0575 0.2547 0.1243
1.0667 0.4370 0.1083
1.0572 0.3176 0.1166
1.0737 0.3986 0.1140
1.0911 0.4802 0.1251
1.0940 0.6741 0.1450
1.0919 -0.1459 0.1521
1.1071 -0.4278 0.2064
1.1154 -1.3132 0.3985
1.1297 0.6921 0.1371
1.1169 0.7490 0.1615
1.1183 -0.1311 0.1179
1.1184 0.4391 0.1355
1.1214 0.4169 0.1419
1.1270 -0.3359 0.1674
1.1423 -0.2851 0.1537
1.1408 -0.0659 0.0979
1.1431 -0.4531 0.1999
1.1474 -0.2115 0.1382
1.1443 0.5292 0.1782
1.1439 -0.0407 0.1130
1.1529 -0.0974 0.0904
1.1601 0.6109 0.1678
1.1780 0.6706 0.1517
1.1712 0.7066 0.1467
1.2003 0.7503 0.1679
1.1635 -0.0381 0.1108
1.1599 -0.0766 0.0908
1.1760 -0.1128 0.0945
1.1660 0.0108 0.1606
1.1705 -0.3196 0.1387
1.1770 0.5950 0.1855
1.1780 -0.4078 0.1480
1.1830 -0.1423 0.1026
1.2053 -1.1531 0.2531
1.1979 -0.1988 0.1074
1.1994 -0.1219 0.1091
1.2131 0.7990 0.1936
1.2052 -0.8612 0.4278
1.2028 -0.3728 0.1390
1.2173 -0.2258 0.1029
1.2137 0.0303 0.1942
1.2115 -0.7495 0.4851
1.2120 -1.1226 0.2561
1.2169 -1.1793 0.2676
1.2164 -0.2678 0.1097
1.2271 -0.1765 0.1110
1.2331 -1.1285 0.2630
1.2355 -1.1880 0.2847
1.2639 -1.1346 0.2927
1.2429 -0.4558 0.1936
1.2678 -0.2382 0.1126
1.2532 -0.2078 0.1110
1.2583 0.0860 0.2937
1.2567 -0.2680 0.1072
1.2620 -0.3700 0.1341
1.2682 -0.2939 0.1147
1.2701 0.3255 0.3646
1.2770 0.8373 0.2556
1.2900 0.7898 0.2380
1.2948 -0.4114 0.1831
1.2861 -0.3559 0.1427
1.2967 -0.2873 0.1358
1.3004 -0.1301 0.1967
1.3007 0.8718 0.3155
