points 
 2 
 1 
Tumour[19065]FoxP310NNCodensity
-1.2227 -0.8585 0.5521
-1.1956 -0.0585 0.5327
-1.1875 1.0645 0.8435
-1.1003 -0.6402 0.3570
-1.0900 -0.1724 0.3308
-1.0649 -0.3408 0.1954
-1.0349 -0.3840 0.1657
-1.0242 -0.4426 0.1950
-1.0222 -0.2880 0.1805
-1.0066 -0.4073 0.1602
-0.9948 -0.2610 0.1958
-0.9825 -0.7881 0.2188
-0.9842 -0.5044 0.2351
-0.9480 -0.2955 0.1726
-0.9383 -0.4137 0.1816
-0.9352 -0.2977 0.1758
-0.9235 -0.5868 0.2713
-0.9151 -0.7530 0.1505
-0.9117 -0.7094 0.1786
-0.9067 -0.7692 0.1464
-0.9035 -0.3921 0.1993
-0.9024 1.2535 0.3437
-0.8987 -0.7418 0.1493
-0.8799 0.0431 0.3776
-0.8755 1.2731 0.3006
-0.8628 -0.8079 0.1562
-0.8620 -0.7672 0.1471
-0.8587 -0.8638 0.1997
-0.8552 -0.9004 0.2451
-0.8480 0.0800 0.3967
-0.8409 0.1087 0.4241
-0.8306 -0.2069 0.2694
-0.8255 1.3469 0.2463
-0.8108 -0.2577 0.2403
-0.8050 -0.0299 0.3063
-0.8000 1.3828 0.2504
-0.7955 -0.4733 0.2080
-0.7731 1.3315 0.2081
-0.7530 -0.7239 0.1959
-0.7536 -0.4113 0.1670
-0.7439 -0.4660 0.1771
-0.7311 -0.3548 0.1652
-0.7236 1.3872 0.2330
-0.7167 -0.7242 0.2014
-0.7094 -0.0567 0.2848
-0.7036 -0.7283 0.1960
-0.7059 -0.3718 0.1457
-0.7001 -0.4536 0.1544
-0.6937 -0.7578 0.1878
-0.6938 -0.8447 0.2167
-0.6859 -0.2537 0.2147
-0.6862 -0.5702 0.2562
-0.6747 1.2504 0.1904
-0.6689 -0.4000 0.1421
-0.6561 0.4028 0.7604
-0.6487 1.2976 0.1689
-0.6429 -0.8990 0.2692
-0.6304 -0.3520 0.1658
-0.6304 -0.1769 0.1988
-0.6261 1.2717 0.1548
-0.6188 1.2375 0.1531
-0.6095 -0.4144 0.1562
-0.5953 -0.1929 0.1824
-0.6004 -0.1068 0.2142
-0.5936 -0.3815 0.1637
-0.5861 1.1898 0.1614
-0.5763 1.3254 0.1799
-0.5745 -0.8196 0.1727
-0.5644 -0.8135 0.1652
-0.5605 -0.1452 0.1881
-0.5491 1.3067 0.1668
-0.5412 -0.7454 0.1481
-0.5475 -0.7071 0.1784
-0.5351 -0.5353 0.2040
-0.5345 -0.4170 0.1610
-0.5308 -0.2187 0.1924
-0.5324 -0.7136 0.1627
-0.5260 -0.5067 0.1815
-0.5175 1.2610 0.1482
-0.5134 1.1207 0.1452
-0.5105 1.1780 0.1261
-0.5013 -0.4335 0.1630
-0.4998 1.1362 0.1290
-0.4971 0.9437 0.2878
-0.4903 -0.0886 0.2769
-0.4885 -0.4438 0.1692
-0.4884 1.1832 0.1245
-0.4861 -0.2466 0.2353
-0.4820 1.2366 0.1479
-0.4778 -0.1626 0.2415
-0.4661 1.0864 0.1719
-0.4625 -0.8145 0.1520
-0.4616 -0.7801 0.1332
-0.4556 -0.7527 0.1402
-0.4575 -0.4845 0.1891
-0.4596 1.1356 0.1393
-0.4538 -0.8100 0.1520
-0.4316 1.0749 0.1926
-0.4214 -0.7792 0.1689
-0.4193 1.2508 0.1799
-0.3970 -0.5168 0.2412
-0.3958 -0.6551 0.2500
-0.3914 0.8931 0.2982
-0.3748 1.2999 0.2491
-0.3665 0.9243 0.2817
-0.3481 1.2669 0.2597
-0.3391 0.8283 0.3740
-0.3213 0.2283 0.7031
-0.3176 1.0030 0.2987
-0.2967 -0.4757 0.3045
-0.2354 -0.6672 0.2898
-0.1807 0.7649 0.4121
-0.1775 -0.5617 0.3155
-0.1754 -0.5039 0.3593
-0.1353 -0.7365 0.2843
-0.1336 -0.0957 0.5105
-0.1168 -0.7555 0.2824
-0.1040 -0.7437 0.2779
-0.0418 0.8304 0.3778
-0.0255 -0.7432 0.2826
-0.0002 0.9899 0.4634
0.0125 0.7539 0.3419
0.0219 0.1655 0.5649
0.0229 0.8020 0.3477
0.0288 -0.2712 0.4333
0.0619 -0.8616 0.2644
0.0668 -0.7824 0.2620
0.0623 -0.1156 0.3525
0.0897 -0.9125 0.2637
0.0893 -0.1339 0.3368
0.0993 -0.0080 0.3899
0.1191 0.6277 0.3309
0.1775 0.5320 0.3891
0.1904 -0.8354 0.1739
0.1903 0.6864 0.3283
0.1984 0.4877 0.4286
0.2112 1.1676 0.3353
0.2156 1.1930 0.3502
0.2211 -0.9438 0.1635
0.2167 -0.2502 0.2984
0.2223 -0.9127 0.1444
0.2421 -0.7547 0.1901
0.2438 -0.7733 0.1663
0.2555 0.4547 0.4824
0.2636 0.7749 0.3563
0.2747 -0.9651 0.1533
0.2759 -0.8679 0.1082
0.2768 0.8098 0.3510
0.2815 -0.8433 0.1050
0.2851 -0.1109 0.2491
0.2901 -0.9555 0.1410
0.2991 -0.8448 0.0982
0.3034 1.1444 0.2361
0.3120 -0.8238 0.1036
0.3142 -0.8993 0.1091
0.3180 -0.8504 0.0903
0.3354 -0.1734 0.1751
0.3454 -0.1693 0.1693
0.3526 -0.2840 0.2415
0.3664 0.9896 0.1961
0.3706 1.1407 0.2086
0.3703 -0.8543 0.0965
0.3800 -0.9675 0.1751
0.3841 -0.8668 0.1064
0.3866 -0.2060 0.1675
0.3887 1.0443 0.1630
0.3856 -0.9125 0.1294
0.3876 -0.8345 0.1175
0.3944 -0.1415 0.1567
0.3937 0.9835 0.1830
0.3974 -0.8532 0.1176
0.4186 -0.4686 0.3505
0.4224 1.1593 0.2242
0.4277 -0.7365 0.2337
0.4248 1.0132 0.1558
0.4290 -0.5265 0.3413
0.4443 -0.1009 0.1620
0.4598 1.0705 0.1629
0.4615 -0.0896 0.1676
0.4674 -0.2320 0.2072
0.4714 1.0381 0.1605
0.4734 -0.5976 0.2876
0.4769 -0.2287 0.2106
0.4821 -0.9293 0.1403
0.4830 1.0043 0.1679
0.4850 -0.0745 0.1773
0.4927 -0.8865 0.1342
0.4921 -0.0406 0.1757
0.4936 0.0147 0.1777
0.4954 -0.6301 0.2682
0.4980 0.8777 0.2844
0.5161 0.0433 0.1859
0.5271 -0.9144 0.1273
0.5383 -0.8986 0.1231
0.5449 -0.9369 0.1381
0.5430 0.1592 0.3104
0.5476 0.0933 0.2310
0.5612 -0.8925 0.1252
0.5790 -0.9100 0.1312
0.5833 0.0662 0.2225
0.5800 1.1598 0.2258
0.5880 1.0214 0.2300
0.5924 1.2003 0.2571
0.6068 0.0160 0.2267
0.6091 0.9698 0.2586
0.6175 -0.8087 0.1952
0.6258 1.2101 0.2705
0.6315 -0.8895 0.1682
0.6360 -0.6323 0.2710
0.6375 0.6343 0.4912
0.6423 -0.6962 0.2505
0.6445 -0.3677 0.3240
0.6477 -0.2921 0.3053
0.6499 -0.3486 0.3189
0.6485 -0.7529 0.2382
0.6673 0.4414 0.4352
0.6718 -0.9459 0.2277
0.6796 0.4462 0.4374
0.6802 0.5828 0.4936
0.6808 1.1112 0.2197
0.6851 -0.5793 0.2995
0.7242 -0.2289 0.3132
0.7281 1.1523 0.2272
0.7586 -0.0861 0.3715
0.7620 0.3326 0.4217
0.7640 0.9699 0.2512
0.7932 1.0252 0.2041
0.7999 -0.8320 0.2810
0.8076 -0.8812 0.3026
0.8131 1.1234 0.2034
0.8124 -0.6743 0.2782
0.8319 0.9843 0.2156
0.8532 1.1592 0.2263
0.8569 -0.2313 0.4138
0.8623 -0.2106 0.4178
0.8732 -0.6381 0.3261
0.8744 -0.6689 0.3088
0.8797 1.1174 0.1974
0.9054 0.1554 0.5309
0.9159 0.3322 0.5564
0.9234 1.0107 0.1951
0.9374 0.9557 0.2359
0.9497 1.0316 0.2008
0.9656 1.1060 0.2113
0.9847 -0.8841 0.3257
0.9952 -0.8315 0.3019
1.0318 1.1674 0.2671
1.0326 0.9103 0.3122
1.0937 -0.4549 0.5897
1.0917 -0.7431 0.3598
1.1047 1.0649 0.2344
1.1194 1.1045 0.2493
1.1389 -0.9233 0.4213
1.1697 1.0424 0.2823
1.1851 1.0702 0.2943
1.1825 -0.8330 0.4247
1.1917 -0.8974 0.4577
1.2569 0.0089 0.8781
1.2624 1.2265 0.4853
