points 
 2 
 1 
Tumour[19065]CD810NNCodensity
-1.1509 -1.1569 0.2194
-1.1630 -0.5364 0.1312
-1.1666 -0.3837 0.1537
-1.1585 -0.1588 0.1678
-1.1667 0.1436 0.3032
-1.1634 0.7341 0.2312
-1.1689 0.9786 0.2900
-1.1444 -0.0785 0.1780
-1.1579 0.0045 0.2301
-1.1490 0.8775 0.1665
-1.1495 -0.8504 0.3170
-1.1407 -0.5015 0.0967
-1.1494 -0.4743 0.0924
-1.1345 -0.5761 0.1368
-1.1291 -0.4203 0.0943
-1.1407 -0.4554 0.0846
-1.1354 -1.0400 0.2469
-1.1176 -0.6590 0.1733
-1.1294 -0.1379 0.1483
-1.1336 -0.4545 0.0816
-1.1220 1.1774 0.4829
-1.1255 -0.8294 0.2966
-1.1194 -0.1701 0.1358
-1.1191 -1.1005 0.1888
-1.1198 0.1444 0.2645
-1.1142 -0.4532 0.0834
-1.1165 0.8357 0.1120
-1.1133 -0.2504 0.1492
-1.1099 -0.1893 0.1345
-1.1109 -0.5361 0.1113
-1.1028 -0.4078 0.1058
-1.1025 0.0293 0.2198
-1.0978 1.1965 0.5071
-1.0925 -0.6936 0.1900
-1.0768 -0.5003 0.1151
-1.0726 -0.0717 0.1599
-1.0467 -0.3073 0.1325
-1.0762 -0.2798 0.1369
-1.0768 0.8739 0.1148
-1.0773 -0.6166 0.1379
-1.0731 -0.4344 0.1077
-1.0639 -0.3683 0.1391
-1.0852 0.8088 0.0909
-1.0849 0.8132 0.0890
-1.0726 -0.7682 0.2528
-1.0702 -0.5810 0.1281
-1.0814 0.8095 0.0899
-1.0547 0.8534 0.0991
-1.0584 -0.2505 0.1301
-1.0525 -1.1861 0.1271
-1.0518 0.7942 0.1144
-1.0432 -1.2065 0.1201
-1.0465 0.2061 0.2566
-1.0395 -1.1199 0.1343
-1.0237 -1.0119 0.1981
-1.0363 -0.6312 0.1628
-1.0310 -1.2735 0.1336
-1.0065 -1.1753 0.1110
-1.0297 0.8464 0.1111
-1.0282 -1.2483 0.1179
-1.0289 -0.4937 0.1426
-1.0199 -0.1616 0.1421
-1.0190 -1.2913 0.1457
-1.0223 -0.2487 0.1422
-1.0200 -0.1105 0.1337
-1.0171 0.8269 0.1248
-1.0011 -1.1083 0.1296
-1.0023 -0.5699 0.1681
-1.0004 -0.4132 0.1551
-0.9901 -1.2913 0.1458
-0.9836 -1.1981 0.1207
-0.9890 -0.3087 0.1435
-0.9879 -0.0069 0.1832
-0.9770 -1.1294 0.1281
-0.9760 -0.5223 0.1751
-0.9810 -0.0977 0.1305
-0.9743 -0.3232 0.1481
-0.9749 -0.0915 0.1345
-0.9629 -1.1003 0.1408
-0.9645 -0.1316 0.1414
-0.9589 0.9185 0.2457
-0.9507 0.0858 0.2259
-0.9539 0.1337 0.2089
-0.9489 -1.2415 0.1397
-0.9406 -0.1037 0.1458
-0.9344 0.1920 0.2015
-0.9302 -0.3338 0.1783
-0.9225 -1.0249 0.1694
-0.9186 -0.4173 0.1732
-0.9176 -1.0648 0.1641
-0.9184 0.2558 0.2160
-0.9147 -0.4438 0.1811
-0.9177 -0.9643 0.2064
-0.9113 -1.2620 0.1862
-0.8973 -0.0929 0.1782
-0.8855 0.0692 0.2283
-0.8890 0.2662 0.2121
-0.8487 -0.4254 0.2104
-0.8567 -0.9932 0.1980
-0.8256 -1.1717 0.2537
-0.8201 -0.8805 0.2061
-0.8180 -0.7764 0.2008
-0.8133 -0.1202 0.2051
-0.8162 0.2423 0.1729
-0.8057 0.2198 0.1756
-0.8004 -1.0696 0.2348
-0.7958 -0.9618 0.2018
-0.7921 -0.4462 0.2188
-0.7771 -0.7896 0.1634
-0.7747 -0.7350 0.1722
-0.7589 -0.0373 0.1502
-0.7624 -0.6693 0.2067
-0.7563 0.2594 0.1615
-0.7484 0.0801 0.1352
-0.7482 0.0016 0.1285
-0.7422 -0.4436 0.2051
-0.7396 -0.1960 0.2451
-0.7387 -0.0930 0.1720
-0.7294 -0.2372 0.2588
-0.7131 0.1908 0.1592
-0.7333 0.0164 0.1162
-0.7301 0.2449 0.1589
-0.7219 0.3550 0.2454
-0.7186 -0.8629 0.1615
-0.7130 0.0449 0.1101
-0.7170 0.0838 0.1187
-0.7110 0.3139 0.2012
-0.7120 -0.7751 0.1477
-0.6881 0.0167 0.1258
-0.6969 -0.7950 0.1572
-0.6920 -0.0559 0.1616
-0.6919 -0.9451 0.1839
-0.6900 0.1075 0.1255
-0.6814 -0.7023 0.1765
-0.6849 -0.3614 0.2078
-0.6616 -0.9571 0.2000
-0.6625 1.1628 0.4930
-0.6509 -0.4095 0.1901
-0.6564 0.0926 0.1328
-0.6607 -0.6388 0.2104
-0.6563 -0.8432 0.1698
-0.6508 -0.5472 0.2132
-0.6562 0.1339 0.1430
-0.6527 0.2723 0.1932
-0.6511 -0.3672 0.2032
-0.6366 -0.9324 0.1996
-0.6385 -0.4605 0.1919
-0.6368 -0.7152 0.2023
-0.6243 -0.5548 0.2211
-0.6199 -0.0751 0.2241
-0.6127 -0.9154 0.2162
-0.6030 0.6712 0.3931
-0.6055 0.9555 0.3662
-0.6039 0.6376 0.4094
-0.5906 0.1611 0.1689
-0.5798 -1.2079 0.4886
-0.5810 0.1460 0.1769
-0.5538 -0.2003 0.1804
-0.5542 -0.3071 0.1900
-0.5413 -0.4763 0.2641
-0.5383 1.0049 0.3045
-0.5308 -0.1740 0.1767
-0.5289 0.2065 0.1789
-0.5082 -0.2796 0.1572
-0.5160 -0.2475 0.1470
-0.5161 0.2381 0.1818
-0.5093 -0.2131 0.1451
-0.4946 0.7783 0.2679
-0.4793 0.2313 0.1809
-0.4594 0.9392 0.2234
-0.4471 0.2484 0.1795
-0.4428 0.6591 0.3288
-0.4393 -0.2696 0.1379
-0.4325 0.4140 0.2744
-0.4315 0.2813 0.1719
-0.4333 -0.6886 0.3568
-0.4292 -0.7302 0.3704
-0.4186 -0.1922 0.1548
-0.4022 -0.2996 0.1495
-0.4056 -0.1407 0.1965
-0.3942 0.9970 0.1919
-0.3951 0.2847 0.1697
-0.3824 -0.2141 0.1466
-0.3873 0.7367 0.2755
-0.3776 1.1268 0.2087
-0.3738 0.8068 0.2185
-0.3760 1.1768 0.2495
-0.3631 -0.2570 0.1413
-0.3681 -0.3215 0.1781
-0.3660 0.0597 0.2024
-0.3651 0.8476 0.1982
-0.3703 1.1823 0.2550
-0.3465 -0.2858 0.1548
-0.3636 0.9438 0.1767
-0.3470 0.8744 0.1898
-0.3175 0.0390 0.1726
-0.3298 0.9568 0.1784
-0.3386 -0.0133 0.1810
-0.3310 0.2792 0.1618
-0.3245 0.0775 0.1743
-0.3228 1.0923 0.1919
-0.3128 0.1274 0.1919
-0.3225 1.1561 0.2351
-0.3196 0.3381 0.1443
-0.3037 -0.0377 0.1840
-0.3119 -0.6542 0.4545
-0.3023 -0.1553 0.1688
-0.2979 0.1000 0.1767
-0.2925 0.3345 0.1240
-0.2895 -1.0821 0.3722
-0.2925 1.0364 0.2008
-0.2819 -0.0696 0.1919
-0.2763 -0.2914 0.1807
-0.2727 0.3228 0.1188
-0.2646 -1.2477 0.3049
-0.2473 0.4326 0.1520
-0.2580 0.9644 0.2379
-0.2456 0.3415 0.1133
-0.2444 0.4141 0.1365
-0.2337 0.3130 0.1203
-0.2232 -0.1601 0.1042
-0.2216 -1.2617 0.2652
-0.2188 -0.2168 0.0943
-0.2208 -0.2035 0.0892
-0.2143 0.2167 0.1912
-0.2092 0.4482 0.1530
-0.2163 -0.2073 0.0859
-0.1992 0.3577 0.1198
-0.1900 0.3110 0.1243
-0.1965 -0.1695 0.0788
-0.1735 -0.1718 0.0730
-0.1827 0.1926 0.2093
-0.1722 0.0635 0.2646
-0.1679 -1.2956 0.2539
-0.1656 -0.2180 0.0764
-0.1532 0.4272 0.1284
-0.1551 -1.1205 0.2336
-0.1494 -0.2555 0.1101
-0.1490 -0.1966 0.0730
-0.1551 -0.3739 0.2025
-0.1485 -0.3780 0.2060
-0.1514 -0.1747 0.0702
-0.1234 0.3736 0.1190
-0.1441 -0.1763 0.0694
-0.1387 0.3020 0.1294
-0.1346 -0.2239 0.0897
-0.1313 0.4505 0.1413
-0.1334 -0.1307 0.1034
-0.1153 0.4841 0.1669
-0.1198 0.3473 0.1169
-0.1270 -0.1338 0.1015
-0.1078 -1.2303 0.1881
-0.1074 0.3124 0.1353
-0.1088 -0.3040 0.1376
-0.0949 -0.2008 0.0985
-0.0840 0.2708 0.1820
-0.0922 -1.0607 0.2409
-0.0856 -0.1540 0.1120
-0.0869 -0.2660 0.1228
-0.0824 -0.3482 0.1774
-0.0753 0.3796 0.1311
-0.0761 -0.8983 0.2309
-0.0756 -1.2134 0.1826
-0.0662 -1.1237 0.2021
-0.0674 -0.5652 0.2394
-0.0519 0.4201 0.1329
-0.0422 -0.5937 0.1962
-0.0436 -0.2371 0.1325
-0.0448 -0.1956 0.1270
-0.0219 0.4270 0.1507
-0.0151 -0.1993 0.1401
-0.0180 -1.2937 0.2670
-0.0142 -1.2229 0.2107
-0.0019 -0.7772 0.1491
-0.0074 0.4521 0.1597
-0.0006 -0.0554 0.1778
-0.0015 -0.8763 0.1553
0.0010 -0.1024 0.1556
0.0081 0.4761 0.1771
0.0087 -1.2045 0.2210
0.0059 -1.0638 0.2417
0.0133 0.0140 0.1977
0.0206 -0.3037 0.1872
0.0224 -0.5609 0.1545
0.0337 -0.0659 0.1619
0.0262 -0.8465 0.1338
0.0359 -0.8869 0.1560
0.0277 -0.8150 0.1253
0.0279 -0.8097 0.1260
0.0362 -0.7624 0.1365
0.0400 -0.6599 0.1256
0.0431 -0.1526 0.1571
0.0502 -0.5377 0.1666
0.0534 -1.0196 0.2575
0.0794 -0.1791 0.1774
0.0635 0.5139 0.1981
0.0705 -0.6329 0.1139
0.0823 0.0365 0.1627
0.0690 0.5551 0.1832
0.0679 1.1383 0.5972
0.0731 -0.7081 0.1248
0.0749 -0.8874 0.1812
0.0722 -0.6848 0.1180
0.0789 -0.3596 0.2082
0.0764 -0.6774 0.1164
0.0897 -0.5738 0.1456
0.0934 0.6447 0.1655
0.1005 0.6983 0.1958
0.1005 -0.4762 0.1942
0.1001 0.1044 0.1848
0.1038 -0.6109 0.1329
0.1116 -0.0962 0.1905
0.1204 0.6448 0.1494
0.1243 -0.3327 0.1913
0.1203 0.0696 0.1648
0.1191 0.6175 0.1548
0.1208 -0.2532 0.1956
0.1240 -0.6697 0.1512
0.1281 0.0879 0.1719
0.1234 0.1381 0.2019
0.1413 -0.0596 0.2070
0.1400 0.6714 0.1576
0.1624 -0.3897 0.1793
0.1628 -0.2674 0.2143
0.1600 0.6232 0.1570
0.1975 0.0657 0.2091
0.2060 -0.4814 0.1787
0.2172 -0.4375 0.1612
0.2366 -0.4504 0.1597
0.2387 0.6420 0.2019
0.2423 0.1635 0.1925
0.2595 -0.5260 0.2132
0.2717 0.2460 0.2032
0.2734 0.2160 0.1937
0.2630 0.7294 0.2108
0.2782 -0.3540 0.1881
0.2884 0.6992 0.2187
0.3008 0.2607 0.2001
0.3093 0.2073 0.2029
0.3077 0.9729 0.2308
0.3134 0.7550 0.2288
0.3211 -0.2990 0.1990
0.3175 -0.3766 0.1860
0.3147 -0.4829 0.2040
0.3358 1.0117 0.2100
0.3399 0.2624 0.1935
0.3235 -0.9421 0.5225
0.3531 -0.4529 0.2112
0.3760 1.0257 0.1848
0.3763 0.7863 0.2212
0.3959 0.3243 0.1955
0.3793 0.8301 0.2032
0.4025 -0.3014 0.1361
0.3890 -0.1575 0.1856
0.3952 0.9805 0.1619
0.4015 -0.2296 0.1343
0.3948 -0.1344 0.2023
0.4114 0.9095 0.1727
0.4187 1.0437 0.1866
0.4428 0.3617 0.1617
0.4432 0.4667 0.1650
0.4303 -1.2846 0.5462
0.4433 0.8371 0.2053
0.4514 -0.3024 0.1109
0.4372 -0.2418 0.1084
0.4650 0.4050 0.1366
0.4452 -0.2601 0.0998
0.4606 -1.2660 0.5293
0.4910 0.5118 0.1489
0.4850 0.8997 0.1798
0.4751 -0.3322 0.1378
0.4743 -0.2744 0.0978
0.4776 0.3178 0.1795
0.4744 0.9766 0.1659
0.4809 -0.2416 0.1063
0.4851 -0.0971 0.2333
0.5086 0.4163 0.1201
0.5055 1.0812 0.2295
0.5348 0.3236 0.1808
0.5112 0.5640 0.1815
0.5160 -0.2299 0.1364
0.5177 -0.1622 0.1826
0.5213 0.9877 0.1698
0.5175 0.4688 0.1199
0.5197 -0.2853 0.1295
0.5301 0.4015 0.1258
0.5393 0.4791 0.1226
0.5466 0.8982 0.1773
0.5586 -0.3411 0.2100
0.5637 0.4435 0.1359
0.5772 0.6048 0.2158
0.6048 0.5083 0.1627
0.6130 1.0095 0.1590
0.6052 0.3699 0.1917
0.6105 0.5482 0.1759
0.6142 0.9273 0.1328
0.6314 1.1193 0.2634
0.6400 0.9858 0.1363
0.6387 0.9607 0.1270
0.6515 0.8930 0.1497
0.6561 -1.1575 0.3396
0.6596 -0.1429 0.2941
0.6709 0.2535 0.3498
0.6767 0.9515 0.1347
0.6794 0.9245 0.1343
0.6790 -1.1174 0.3187
0.6783 -0.0704 0.3531
0.6862 -1.1830 0.3404
0.6955 0.5749 0.2138
0.6983 -1.0749 0.3200
0.7084 0.4367 0.2646
0.7236 0.9388 0.1619
0.7221 1.1701 0.3521
0.7396 0.7189 0.1980
0.7573 0.8543 0.1669
0.7519 -1.0776 0.3023
0.7510 0.6013 0.2088
0.7553 0.6627 0.1860
0.7873 0.8212 0.1584
0.8059 0.7791 0.1429
0.8069 -0.1341 0.4357
0.8291 -0.5954 0.5837
0.8342 0.6740 0.1426
0.8364 0.8323 0.1456
0.8384 0.6140 0.1632
0.8501 1.0018 0.2192
0.8508 0.7871 0.1350
0.8524 -0.9829 0.3118
0.8552 0.8665 0.1552
0.8562 -0.1239 0.4981
0.8789 0.6809 0.1110
0.8953 0.9320 0.1900
0.8740 0.9722 0.1968
0.8794 0.9920 0.2099
0.8872 -0.9280 0.3021
0.8880 0.7881 0.1379
0.8916 0.7083 0.1038
0.9169 0.6769 0.0871
0.9194 0.5874 0.1610
0.9258 0.6943 0.0836
0.9373 0.6718 0.0834
0.9488 0.7684 0.1313
0.9606 -1.1504 0.3833
0.9649 0.6383 0.1040
0.9585 0.7223 0.0976
0.9592 -0.9590 0.2534
0.9615 0.6782 0.0869
0.9741 0.7034 0.0931
0.9828 -0.8227 0.2196
1.0128 -1.1916 0.4311
1.0149 0.6619 0.1115
1.0169 1.0510 0.1755
1.0204 0.6161 0.1360
1.0304 0.7430 0.1177
1.0206 0.7926 0.1363
1.0207 0.5852 0.1654
1.0408 0.9591 0.1777
1.0474 -0.8596 0.1413
1.0467 1.1959 0.2523
1.0564 0.6926 0.1242
1.0586 0.7809 0.1155
1.0606 1.0485 0.1271
1.0934 0.6834 0.1290
1.0780 0.8117 0.1298
1.0805 -0.7929 0.1468
1.0837 0.9748 0.1388
1.0851 1.0225 0.1111
1.0996 0.7598 0.1012
1.0913 -0.8512 0.1045
1.0893 1.0846 0.1318
1.1136 -0.8884 0.0956
1.1153 -0.8656 0.0902
1.1134 0.7959 0.1143
1.1196 -0.9100 0.1050
1.1125 1.0071 0.1139
1.1151 0.7328 0.1067
1.1222 -0.8443 0.0952
1.1260 0.6270 0.1624
1.1378 -0.9358 0.1128
1.1413 1.0284 0.1079
1.1491 0.9250 0.1656
1.1413 1.0920 0.1222
1.1420 -0.8332 0.1004
1.1526 0.7597 0.1022
1.1577 0.8118 0.1328
1.1606 1.1931 0.1840
1.1598 -0.7489 0.1681
1.1641 1.0700 0.1167
1.1724 -0.6874 0.2499
1.1682 0.7261 0.0974
1.1775 -0.9239 0.0977
1.1866 0.6766 0.1199
1.1774 1.1447 0.1431
1.1770 -0.9793 0.1213
1.1816 -0.8337 0.1136
1.1819 1.0480 0.1286
1.1854 0.7090 0.1056
1.2034 0.7364 0.1143
1.1980 1.0250 0.1478
1.2078 -0.9562 0.0959
1.2020 -0.9150 0.0976
1.2070 0.7093 0.1193
1.2073 1.1817 0.1691
1.2098 -0.8362 0.1238
1.2138 -0.8126 0.1417
1.2090 -0.9890 0.1163
1.2075 -0.1179 0.6326
1.2110 0.6208 0.1930
1.2141 0.8528 0.1326
1.2237 0.8943 0.1219
1.2366 1.1457 0.1487
1.2307 0.0483 0.6765
1.2462 0.9132 0.1212
1.2392 -0.9092 0.1072
1.2440 -0.3929 0.6318
1.2436 -0.9126 0.1065
1.2585 0.7945 0.1432
1.2522 0.9374 0.1368
1.2563 -0.9522 0.1010
1.2706 0.9158 0.1253
1.2679 0.0901 0.7002
1.2875 -1.0207 0.1687
1.2807 0.8269 0.1282
1.2898 1.1623 0.1924
1.2902 -0.9743 0.1308
1.2910 0.8958 0.1262
1.3161 0.8097 0.1634
1.3158 -0.9626 0.1598
1.3098 1.0744 0.2131
1.3212 0.8469 0.1498
1.3224 1.1513 0.2249
1.3241 -0.7863 0.2617
1.3259 -0.1475 0.7182
