points 
 2 
 1 
Tumour[19065]CD810NNCodensity
-1.3554 -0.5014 0.1931
-1.3499 -0.1833 0.1642
-1.3425 -0.1104 0.1462
-1.3532 -0.0676 0.1764
-1.3432 0.3208 0.1420
-1.3531 0.3664 0.1555
-1.3406 1.3059 0.5408
-1.3303 -0.2320 0.1810
-1.3324 -0.8373 0.3604
-1.3273 -0.9691 0.4441
-1.3170 0.3624 0.1182
-1.3244 -0.7812 0.3216
-1.3193 1.3718 0.4733
-1.3233 -0.6895 0.2426
-1.3078 0.4010 0.1411
-1.3018 -0.5671 0.1606
-1.3150 -0.5032 0.1580
-1.3115 -0.0241 0.1917
-1.3148 -0.4216 0.1676
-1.3066 -0.3761 0.1766
-1.3048 1.3869 0.4536
-1.3038 -0.1520 0.1251
-1.2921 -0.1174 0.1296
-1.2894 0.2963 0.1192
-1.2961 -0.1523 0.1251
-1.2856 -0.5420 0.1531
-1.2870 0.3396 0.1086
-1.2797 0.2640 0.1381
-1.2786 -0.5947 0.1708
-1.2820 -0.3147 0.1895
-1.2790 -0.0076 0.2071
-1.2776 0.2251 0.1795
-1.2785 0.3882 0.1225
-1.2652 -0.1844 0.1495
-1.2647 -0.4928 0.1575
-1.2569 1.3838 0.4126
-1.2437 -0.6244 0.1958
-1.2392 -0.3913 0.1575
-1.2227 0.4050 0.1425
-1.2344 0.2965 0.1149
-1.2135 -0.3629 0.1710
-1.2083 -0.1839 0.1703
-1.2033 0.2867 0.1190
-1.2095 1.4306 0.3899
-1.2013 -0.0676 0.1843
-1.2036 0.3733 0.1225
-1.1956 -0.3982 0.1665
-1.1891 -0.6237 0.2301
-1.1734 0.3446 0.1210
-1.1764 0.2723 0.1404
-1.1705 -0.4031 0.1806
-1.1618 0.3078 0.1316
-1.1727 0.3720 0.1300
-1.1618 -0.0805 0.1923
-1.1434 -0.2447 0.2092
-1.1157 1.4678 0.3808
-1.1137 -0.9764 0.2712
-1.1126 -0.1507 0.1779
-1.1093 0.4374 0.2173
-1.1009 -0.2189 0.2072
-1.1057 -0.0074 0.2593
-1.0949 -0.9649 0.2533
-1.0877 -0.4956 0.2135
-1.0885 -0.4349 0.1944
-1.0832 -0.5402 0.2399
-1.0805 0.3103 0.2111
-1.0741 0.5194 0.2688
-1.0683 -0.9980 0.2643
-1.0490 -0.2093 0.2146
-1.0545 -0.9169 0.2401
-1.0479 1.4065 0.3796
-1.0395 -0.1071 0.2077
-1.0394 -0.0559 0.2335
-0.9912 -0.4494 0.2047
-0.9904 -0.3326 0.2303
-0.9826 0.5988 0.2533
-0.9743 -0.9426 0.2199
-0.9535 -0.3779 0.2157
-0.9566 -0.4276 0.2106
-0.9573 -0.4719 0.2303
-0.9452 -0.8921 0.2126
-0.9473 0.4313 0.1682
-0.9420 0.4710 0.1559
-0.9354 -0.9129 0.2117
-0.9366 -0.1472 0.2777
-0.9278 0.3226 0.1544
-0.9016 0.4718 0.1195
-0.9068 0.5188 0.1340
-0.9020 0.8550 0.2291
-0.9005 -0.8824 0.2334
-0.8822 0.3374 0.1138
-0.8784 -0.9137 0.2505
-0.8776 0.4535 0.1161
-0.8828 0.3055 0.1092
-0.8795 0.2819 0.1254
-0.8772 0.0295 0.1756
-0.8684 1.4346 0.4675
-0.8771 0.3019 0.1067
-0.8636 0.0819 0.1543
-0.8559 0.5221 0.1266
-0.8481 0.2948 0.1076
-0.8475 0.4647 0.1172
-0.8471 0.8461 0.1598
-0.8434 0.0949 0.1385
-0.8460 0.5735 0.1616
-0.8350 -0.2970 0.2090
-0.8346 1.4773 0.4988
-0.8220 0.3509 0.1117
-0.8122 0.3987 0.1259
-0.8280 0.5060 0.1278
-0.8255 0.8278 0.1327
-0.8150 -0.7643 0.3232
-0.8003 0.4504 0.1258
-0.8131 0.6753 0.1600
-0.8049 0.7942 0.1184
-0.8057 -0.0087 0.1374
-0.8023 0.2900 0.1292
-0.7976 -0.2787 0.1936
-0.8030 0.7350 0.1336
-0.7937 -0.3409 0.2200
-0.7834 -0.0324 0.1521
-0.7838 0.7684 0.1172
-0.7810 0.0521 0.1059
-0.7872 0.3396 0.1294
-0.7855 0.7170 0.1341
-0.7861 1.4550 0.5332
-0.7828 0.0856 0.0982
-0.7815 0.1299 0.1210
-0.7814 0.5989 0.1693
-0.7609 -0.2658 0.1991
-0.7752 0.3814 0.1323
-0.7777 0.8738 0.1597
-0.7704 0.0787 0.0960
-0.7648 0.0038 0.1236
-0.7616 0.8394 0.1318
-0.7564 1.4717 0.5664
-0.7513 -0.1409 0.2232
-0.7434 -0.2973 0.2156
-0.7466 0.7785 0.1225
-0.7492 0.1103 0.1013
-0.7421 0.2366 0.1865
-0.7427 0.6085 0.1655
-0.7351 0.4269 0.1409
-0.6805 0.8402 0.1786
-0.7269 0.4587 0.1466
-0.7151 -0.0018 0.1410
-0.7088 0.1033 0.1152
-0.7222 0.1238 0.1125
-0.7218 0.6785 0.1379
-0.7128 -0.7612 0.2777
-0.7153 0.0396 0.1245
-0.6952 -0.2571 0.2179
-0.6837 0.6499 0.1558
-0.6945 0.7878 0.1514
-0.6867 0.2065 0.1659
-0.6840 0.7095 0.1497
-0.6829 0.1370 0.1416
-0.6793 0.4338 0.1707
-0.6773 -0.2178 0.2265
-0.6743 -0.6216 0.2947
-0.6654 0.5047 0.1720
-0.6588 -0.0479 0.2099
-0.6365 0.8575 0.2357
-0.6448 -1.0089 0.2832
-0.6393 0.4678 0.1973
-0.6407 0.6839 0.1847
-0.6301 0.6122 0.1911
-0.6238 0.5315 0.1978
-0.6090 0.2212 0.1913
-0.6072 -0.7254 0.1734
-0.6052 0.2499 0.2161
-0.5972 0.1002 0.2108
-0.5862 -0.0765 0.2578
-0.5790 -0.7482 0.1494
-0.5711 0.2409 0.2353
-0.5674 -0.9732 0.1724
-0.5572 -1.0013 0.1783
-0.5483 -0.7386 0.1299
-0.5417 -0.8597 0.1470
-0.5268 -0.7148 0.1371
-0.5295 -0.4534 0.3418
-0.5304 -0.6727 0.1670
-0.5125 -0.7443 0.1277
-0.5040 -0.9987 0.1558
-0.5054 -0.8159 0.1124
-0.5059 -0.8490 0.1073
-0.5048 0.1179 0.2286
-0.4999 1.0855 0.5802
-0.4919 -0.2586 0.1828
-0.4874 -0.8604 0.0975
-0.4679 -0.8217 0.1014
-0.4640 -0.6735 0.1759
-0.4655 -0.2061 0.1379
-0.4681 -0.9991 0.1555
-0.4634 -0.9119 0.1213
-0.4590 -0.9565 0.1334
-0.4583 -0.8658 0.0972
-0.4463 0.0175 0.1536
-0.4470 -0.2397 0.1226
-0.4454 -0.9988 0.1680
-0.4349 -0.0369 0.1425
-0.4413 -0.0037 0.1464
-0.4405 -0.0683 0.1486
-0.4309 -0.2256 0.1095
-0.4245 -0.8837 0.1273
-0.4242 -0.8250 0.1178
-0.4264 -0.6236 0.1962
-0.4185 -0.2793 0.1392
-0.4217 -0.1104 0.1407
-0.4197 -0.7991 0.1332
-0.4174 -0.1916 0.1154
-0.4096 0.0434 0.1473
-0.4086 0.6443 0.3005
-0.4023 -0.5855 0.1845
-0.3915 0.0779 0.1583
-0.3897 -0.2413 0.1130
-0.3762 -0.7733 0.1682
-0.3781 0.6392 0.2817
-0.3787 0.7377 0.3384
-0.3330 -0.1966 0.1209
-0.3718 -0.0702 0.1343
-0.3529 -0.1654 0.1138
-0.3525 -0.5594 0.1480
-0.3565 -0.2316 0.1187
-0.3593 -0.1152 0.1184
-0.3540 -0.5083 0.1389
-0.3438 0.1178 0.1663
-0.3244 -0.1224 0.1240
-0.3246 -0.5257 0.1249
-0.3169 -0.4860 0.1094
-0.3169 0.1526 0.1744
-0.3200 0.0287 0.1442
-0.3163 0.5700 0.2373
-0.3121 -0.3207 0.1173
-0.3056 0.4068 0.2636
-0.3073 -0.7232 0.1719
-0.3058 -0.6948 0.1684
-0.2977 0.0522 0.1389
-0.2956 -0.7685 0.1889
-0.2992 -0.2992 0.0995
-0.2981 -0.2593 0.1037
-0.2958 -0.1054 0.1417
-0.2977 -0.4454 0.1127
-0.3009 -0.1469 0.1362
-0.2984 -0.5032 0.1086
-0.2816 -0.3465 0.1111
-0.2863 -0.0123 0.1552
-0.2833 1.2361 0.8430
-0.2688 -0.6413 0.1606
-0.2799 -0.4206 0.1202
-0.2688 -0.4821 0.1102
-0.2745 -0.3034 0.0899
-0.2672 0.2689 0.2385
-0.2707 -0.3962 0.1234
-0.2633 -0.2679 0.0917
-0.2625 -0.0219 0.1641
-0.2439 -0.6151 0.1524
-0.2513 -0.2830 0.0879
-0.2532 0.3880 0.2268
-0.2432 0.6122 0.2123
-0.2407 0.0693 0.1394
-0.2384 -0.7561 0.1954
-0.2363 -0.2504 0.0984
-0.2334 0.0938 0.1369
-0.2373 0.7768 0.3420
-0.2353 -0.4469 0.1248
-0.2300 0.1605 0.1485
-0.2182 -0.5792 0.1371
-0.2106 -0.3100 0.0959
-0.2152 -0.5160 0.1319
-0.2186 0.1495 0.1452
-0.2148 -0.9735 0.3744
-0.1887 -0.2810 0.1051
-0.2038 0.3908 0.1954
-0.2010 -0.2141 0.1331
-0.1996 -0.6456 0.1651
-0.1970 -0.3701 0.1177
-0.1711 -0.5576 0.1202
-0.1848 0.6214 0.2006
-0.1847 -0.1881 0.1658
-0.1807 0.4737 0.1678
-0.1789 0.1082 0.1515
-0.1788 0.5638 0.1680
-0.1743 -0.2468 0.1245
-0.1794 -0.3344 0.1098
-0.1709 -0.3691 0.1343
-0.1723 0.5371 0.1615
-0.1732 -0.3407 0.1172
-0.1348 -0.5336 0.1208
-0.1550 -0.4873 0.1364
-0.1472 0.2204 0.1845
-0.1402 -0.7852 0.2284
-0.1447 -0.0736 0.2413
-0.1447 0.1315 0.1478
-0.1345 0.4268 0.1513
-0.1309 -0.5849 0.1383
-0.1262 -0.5032 0.1320
-0.1121 -0.0760 0.2725
-0.1068 0.4110 0.1525
-0.0963 -0.7079 0.1831
-0.0940 -0.5628 0.1362
-0.0971 0.6015 0.1749
-0.0906 0.1432 0.1489
-0.0805 0.5087 0.1575
-0.0846 0.5333 0.1650
-0.0736 -0.5041 0.1505
-0.0591 0.1571 0.1465
-0.0577 0.4292 0.1469
-0.0560 0.3828 0.1542
-0.0472 0.1402 0.1618
-0.0421 -0.8540 0.2565
-0.0425 -0.9246 0.3319
-0.0222 0.1927 0.1439
-0.0381 0.2278 0.1430
-0.0324 -0.7375 0.1625
-0.0269 0.4240 0.1537
-0.0261 -0.7030 0.1530
-0.0135 -0.5519 0.1640
-0.0153 0.6493 0.1734
-0.0084 0.3122 0.1492
-0.0065 -0.6293 0.1493
0.0119 -0.4639 0.2148
-0.0049 0.2228 0.1469
-0.0027 -0.7408 0.1643
0.0073 -0.5843 0.1646
0.0079 0.6297 0.1551
0.0099 0.7982 0.3088
0.0174 0.2584 0.1559
0.0159 0.3653 0.1494
0.0175 -0.6900 0.1536
0.0238 0.5906 0.1502
0.0519 0.3053 0.1582
0.0333 -0.6508 0.1580
0.0379 0.6118 0.1487
0.0508 0.5868 0.1565
0.0591 0.3743 0.1535
0.0927 -0.3988 0.1573
0.0796 -0.2647 0.2357
0.0880 -0.3639 0.1588
0.0975 0.6264 0.1637
0.1344 0.3890 0.1565
0.1193 0.8752 0.3569
0.1172 0.6546 0.1871
0.1319 -0.5730 0.1850
0.1252 -0.7392 0.2490
0.1346 0.3415 0.1756
0.1308 -0.3848 0.1242
0.1345 0.4469 0.1460
0.1575 -0.3983 0.1099
0.1666 -0.3665 0.1075
0.1581 0.4309 0.1428
0.1718 0.4859 0.1307
0.1719 -0.6226 0.1726
0.1835 0.5311 0.1372
0.1871 0.6050 0.1815
0.1776 0.2671 0.2570
0.1902 -0.3803 0.1060
0.1981 -0.3395 0.1146
0.1890 -0.2257 0.1926
0.1978 0.4659 0.1341
0.2013 0.8089 0.3063
0.2047 -0.4951 0.1515
0.2134 0.5016 0.1278
0.2253 -0.3605 0.1129
0.2187 -0.3978 0.1198
0.2124 -0.5671 0.1212
0.2308 -0.6019 0.1367
0.2200 -0.5664 0.1178
0.2239 0.5303 0.1338
0.2424 -0.9202 0.3379
0.2412 -0.4514 0.1560
0.2517 -0.5581 0.1206
0.2473 -0.2905 0.1236
0.2502 0.7349 0.2639
0.2675 0.5359 0.1404
0.2751 -0.3067 0.1201
0.2618 -0.2765 0.1155
0.2691 -0.8297 0.2611
0.2753 0.1553 0.3003
0.2754 0.7612 0.2916
0.2872 -0.5937 0.1483
0.2866 -0.5313 0.1392
0.2869 -0.1277 0.1532
0.2911 -0.2170 0.1161
0.2967 -0.1959 0.1222
0.2934 0.0801 0.2585
0.2940 1.0628 0.2148
0.3007 -0.8387 0.2583
0.3191 -0.2923 0.1046
0.3102 1.0484 0.1927
0.3282 0.5579 0.1285
0.3262 1.2902 0.2837
0.3268 -0.2396 0.1020
0.3397 0.5105 0.1229
0.3335 -0.7645 0.2303
0.3394 -0.1586 0.1199
0.3371 1.1184 0.1936
0.3490 -0.5718 0.1538
0.3455 -0.2652 0.0945
0.3483 0.5807 0.1315
0.3545 0.4707 0.1441
0.3535 -0.4618 0.1594
0.3520 -0.1260 0.1078
0.3548 -0.0862 0.1062
0.3552 1.0120 0.1592
0.3489 -0.2596 0.0952
0.3569 -1.0087 0.3430
0.3690 0.3650 0.2493
0.3706 -0.7687 0.2180
0.3676 -0.3836 0.1511
0.3769 -0.4081 0.1581
0.3819 -0.1669 0.1323
0.3980 -0.0747 0.1010
0.3711 0.5335 0.1112
0.3720 -0.0702 0.1042
0.3724 -0.0627 0.1087
0.3803 0.4658 0.1496
0.3834 -0.2836 0.1069
0.3901 0.3285 0.2732
0.3907 0.5878 0.1225
0.3956 1.2332 0.1858
0.3999 -0.5923 0.1529
0.4003 -0.3099 0.1216
0.4063 1.0485 0.1357
0.4100 -0.7471 0.2015
0.4050 -0.2820 0.1122
0.4118 0.0559 0.1670
0.4120 0.5753 0.1130
0.4194 -0.5193 0.1341
0.4230 -0.2698 0.1217
0.4295 -0.0350 0.1296
0.4236 0.0127 0.1604
0.4265 0.4782 0.1540
0.4295 -0.5820 0.1447
0.4293 -0.4285 0.1495
0.4255 -0.1160 0.1084
0.4313 0.9585 0.1470
0.4296 1.2715 0.1717
0.4323 -0.4470 0.1442
0.4289 0.9823 0.1362
0.4381 0.6025 0.1393
0.4292 1.0550 0.1415
0.4492 1.1474 0.1649
0.4481 -0.5258 0.1339
0.4472 -0.1019 0.1178
0.4451 0.1421 0.1211
0.4523 1.2003 0.1596
0.4607 1.0084 0.1294
0.4627 0.5792 0.1397
0.4578 -0.6212 0.1538
0.4626 0.1006 0.1157
0.4637 0.1499 0.1078
0.4629 -0.1462 0.1437
0.4690 0.9308 0.1643
0.4662 1.3115 0.1786
0.4792 0.5527 0.1491
0.4803 1.0825 0.1647
0.4970 1.2047 0.1507
0.4846 -0.4920 0.1490
0.4922 -0.6237 0.1414
0.4843 -0.2311 0.1477
0.4931 0.1193 0.1007
0.4939 0.1466 0.0939
0.5142 0.2006 0.1211
0.4972 0.5435 0.1728
0.4914 -0.2289 0.1508
0.5053 -0.0974 0.1762
0.5053 -1.0017 0.2140
0.5043 -0.7363 0.1585
0.5197 1.2966 0.1579
0.5153 0.1684 0.0979
0.5212 0.1183 0.1112
0.5192 0.9304 0.1857
0.5323 -0.4917 0.1462
0.5214 -0.3163 0.1695
0.5210 -0.7433 0.1597
0.5355 0.1432 0.1080
0.5430 -0.7213 0.1379
0.5554 0.9950 0.1856
0.5478 -0.9806 0.1592
0.5496 -0.6365 0.1075
0.5470 0.9573 0.1875
0.5538 1.2166 0.1565
0.5571 -0.9374 0.1490
0.5527 -0.2277 0.1726
0.5610 1.2678 0.1552
0.5642 -0.6666 0.1049
0.5657 1.1219 0.1854
0.5787 -0.3362 0.1654
0.5702 0.0089 0.2184
0.5953 -0.4370 0.1242
0.5716 0.2426 0.1633
0.5783 -0.4806 0.1235
0.5784 -0.6290 0.1006
0.5776 -0.6030 0.1112
0.5813 0.2120 0.1456
0.5847 1.3250 0.1889
0.5920 -0.6910 0.1199
0.6017 -1.0074 0.1471
0.6050 -0.9744 0.1178
0.5963 -0.6470 0.1020
0.5951 -0.2059 0.2011
0.6014 -0.4600 0.1145
0.6149 -0.9427 0.1109
0.6039 1.3320 0.2043
0.6104 -0.5718 0.1121
0.6089 -0.5218 0.1121
0.6087 -0.3624 0.1453
0.6211 0.2071 0.1644
0.6151 -0.3190 0.1635
0.6212 1.1901 0.1719
0.6204 -0.0806 0.2210
0.6411 -0.9651 0.1152
0.6312 0.3485 0.2335
0.6353 1.1465 0.2022
0.6359 -0.8689 0.1478
0.6417 -0.5145 0.1073
0.6427 -0.6153 0.1160
0.6667 0.2399 0.1713
0.6604 -0.4595 0.1033
0.6757 -0.9392 0.1184
0.6599 -0.9252 0.1114
0.6658 -0.7641 0.1576
0.6692 -0.4125 0.1160
0.6712 -0.6721 0.1444
0.6822 -0.5529 0.1152
0.6680 -0.5310 0.1092
0.6715 0.4162 0.2432
0.6753 1.1785 0.2054
0.7128 -0.8159 0.1237
0.6926 -0.0481 0.1961
0.6889 -0.5952 0.1235
0.6876 -0.4128 0.1191
0.6905 -0.4558 0.1113
0.6948 0.0384 0.1700
0.7178 -0.5720 0.1339
0.6987 1.2779 0.2261
0.7071 0.5654 0.2357
0.7053 -0.9108 0.1244
0.7040 -0.3045 0.1751
0.7050 -0.0254 0.1801
0.7093 -0.8777 0.1231
0.7115 -0.7396 0.1322
0.7278 0.2595 0.1498
0.7169 0.0555 0.1558
0.7171 -0.4295 0.1323
0.7293 0.2206 0.1390
0.7302 -0.7725 0.1211
0.7468 -0.4139 0.1463
0.7456 -0.8742 0.1393
0.7584 -0.8320 0.1340
0.7529 -0.6971 0.1240
0.7531 0.1301 0.1095
0.7653 -0.0148 0.1768
0.7642 -0.6425 0.1368
0.7620 -0.3332 0.1654
0.7652 1.2363 0.2974
0.7705 -0.7877 0.1191
0.7663 -0.2252 0.2205
0.7813 0.3134 0.1393
0.7742 0.1116 0.1036
0.7751 -0.1899 0.2338
0.7842 0.1429 0.0846
0.7841 0.1664 0.0845
0.7823 -0.5856 0.1611
0.7877 0.4917 0.1547
0.7948 0.1216 0.0886
0.7891 0.1995 0.1013
0.8205 0.5411 0.1292
0.7900 0.6062 0.1552
0.8070 -0.3200 0.1661
0.8018 -0.7361 0.0991
0.8000 -0.6465 0.1246
0.8053 0.2542 0.1252
0.8056 0.3423 0.1297
0.8061 0.3844 0.1271
0.8098 0.4139 0.1262
0.8171 -0.2936 0.1706
0.8096 0.2835 0.1331
0.8173 0.6895 0.1807
0.8185 0.6059 0.1424
0.8195 -0.7267 0.0950
0.8268 -0.0371 0.1964
0.8207 0.6929 0.1806
0.8245 -0.7252 0.0951
0.8243 0.1669 0.0856
0.8305 -0.4737 0.2047
0.8361 0.4349 0.1165
0.8318 0.1632 0.0905
0.8288 0.1681 0.0887
0.8417 -0.7181 0.1029
0.8459 0.5668 0.1250
0.8482 -0.7621 0.1342
0.8443 0.0690 0.1533
0.8554 -0.6926 0.1158
0.8585 -0.6437 0.1404
0.8686 0.4699 0.1147
0.8718 -0.4282 0.2007
0.8692 0.5297 0.1169
0.8731 0.1203 0.1305
0.8766 0.3585 0.1352
0.8780 0.4255 0.1192
0.8858 0.2744 0.1759
0.8976 -0.5564 0.2173
0.8890 0.3855 0.1342
0.8987 -0.3845 0.2030
0.9041 0.5345 0.1254
0.9014 -0.0861 0.1911
0.9029 0.7157 0.1748
0.9194 -0.2929 0.2296
0.9179 0.5202 0.1314
0.9218 -0.3190 0.2216
0.9188 0.4523 0.1422
0.9212 0.6017 0.1431
0.9276 0.6603 0.1600
0.9281 -0.0349 0.1375
0.9300 0.1172 0.1608
0.9391 -0.0087 0.1259
0.9393 0.7767 0.1910
0.9421 -0.6338 0.2176
0.9582 0.6592 0.1626
0.9566 0.0566 0.1366
0.9731 -0.0325 0.1162
0.9769 -0.0075 0.1116
0.9859 0.0597 0.1352
0.9855 0.2139 0.1991
0.9902 -0.8913 0.3360
0.9903 0.5783 0.1564
0.9991 0.1692 0.1780
1.0109 -0.8610 0.3264
1.0194 0.7340 0.1352
1.0141 1.3170 0.5326
1.0243 -0.1201 0.1823
1.0266 0.7692 0.1220
1.0270 0.2682 0.2381
1.0228 -0.0112 0.1155
1.0354 0.8717 0.1508
1.0280 -0.0068 0.1183
1.0433 -0.1019 0.1698
1.0558 0.7948 0.1052
1.0469 -0.7850 0.3033
1.0490 0.5821 0.1645
1.0659 0.8596 0.1279
1.0548 -0.5642 0.2051
1.0493 0.5395 0.1708
1.0711 0.6806 0.1601
1.0565 0.7461 0.1172
1.0692 0.8318 0.1123
1.0656 0.5192 0.1895
1.0642 0.0609 0.1593
1.0817 -0.5275 0.2079
1.0718 -0.0336 0.1493
1.0767 0.2657 0.2687
1.0828 -0.3848 0.2685
1.0801 1.2881 0.5592
1.0830 0.1363 0.1971
1.0866 0.8822 0.1539
1.0899 -0.5746 0.2029
1.0986 0.7615 0.1228
1.1013 0.8163 0.1220
1.1030 0.9576 0.2638
1.1162 -0.6290 0.2418
1.1119 0.1137 0.2173
1.1126 0.7233 0.1563
1.1239 -0.2118 0.2756
1.1252 1.4015 0.6963
1.1242 0.5167 0.2452
1.1242 -0.6041 0.2303
1.1289 -0.5385 0.2291
1.1345 -0.2405 0.2913
1.1339 -0.0476 0.2185
1.1314 0.5845 0.2127
1.1386 -0.3634 0.3018
