points 
 2 
 1 
Tumour[19065]CD810NNCodensity
-1.0752 -1.2747 0.2569
-1.0781 -1.1557 0.2509
-1.0751 -1.0870 0.3076
-1.0755 -0.6416 0.1741
-1.0678 -0.5742 0.1739
-1.0557 -0.1389 0.2971
-1.0626 -0.0715 0.2550
-1.0732 0.0927 0.1931
-1.0737 0.2138 0.1453
-1.0790 0.4730 0.3339
-1.0704 0.6685 0.2580
-1.0762 0.9341 0.1359
-1.0533 0.9754 0.1031
-1.0728 1.0192 0.1238
-1.0626 1.1160 0.1477
-1.0749 1.1491 0.1888
-1.0659 0.2404 0.1492
-1.0566 -0.6313 0.1496
-1.0454 1.0392 0.1087
-1.0415 -1.2747 0.2301
-1.0440 0.8477 0.1380
-1.0287 0.9007 0.1030
-1.0419 -1.1527 0.2278
-1.0107 -0.6436 0.1322
-1.0199 0.0197 0.1790
-1.0322 0.9931 0.0903
-1.0322 -1.2393 0.2112
-1.0305 -0.5975 0.1290
-1.0340 0.1802 0.1130
-1.0279 1.1474 0.1587
-1.0269 0.2341 0.1104
-1.0147 1.0167 0.0931
-0.9998 1.1067 0.1241
-1.0229 0.5813 0.2403
-1.0163 0.1682 0.1127
-1.0161 0.8660 0.1074
-1.0115 -0.7686 0.2504
-1.0080 -0.4253 0.2468
-1.0088 1.0511 0.1084
-1.0098 0.0846 0.1559
-1.0035 -1.0747 0.2958
-0.9866 0.9679 0.0865
-0.9681 0.0355 0.1446
-0.9964 0.2319 0.1015
-0.9937 0.7707 0.1502
-0.9957 0.9064 0.0897
-0.9957 0.6400 0.2080
-0.9920 0.9386 0.0865
-0.9889 1.0020 0.0921
-0.9833 0.2017 0.0987
-0.9779 0.8494 0.1000
-0.9775 -0.6120 0.1181
-0.9725 -0.5731 0.1218
-0.9660 0.1756 0.1139
-0.9559 1.1049 0.1305
-0.9607 0.2536 0.1191
-0.9634 0.9339 0.0848
-0.9285 0.9979 0.1156
-0.9459 -0.5907 0.1137
-0.9450 0.7534 0.1436
-0.9509 0.9590 0.0927
-0.9442 -0.4489 0.1734
-0.9460 0.8206 0.1052
-0.9510 0.8947 0.0873
-0.9422 0.3349 0.2064
-0.9394 -0.7518 0.2189
-0.9340 0.1872 0.1194
-0.9401 0.7009 0.1747
-0.9418 0.8391 0.1021
-0.9280 -0.5549 0.1214
-0.9171 1.0690 0.1237
-0.9282 -0.6630 0.1414
-0.9311 0.5018 0.2683
-0.9268 0.9245 0.0952
-0.9216 0.0269 0.1341
-0.9275 0.2776 0.1438
-0.9069 -1.2394 0.1687
-0.9157 0.8821 0.0985
-0.9062 0.8225 0.1164
-0.9097 -0.4492 0.1589
-0.9140 -0.1616 0.2515
-0.9024 0.2042 0.1375
-0.9128 0.0450 0.1351
-0.9089 -0.2078 0.2930
-0.9098 1.1208 0.1388
-0.9035 -0.5418 0.1148
-0.9061 0.0000 0.1459
-0.9107 1.0926 0.1232
-0.9009 0.6106 0.2262
-0.8947 0.8962 0.1091
-0.8807 -0.6599 0.1298
-0.8839 0.0307 0.1504
-0.8869 0.7734 0.1371
-0.8816 1.0062 0.1271
-0.8836 0.5322 0.2831
-0.8823 -0.0498 0.1884
-0.8773 -1.3439 0.1623
-0.8777 -0.5785 0.1117
-0.8790 -0.5164 0.1155
-0.8735 0.2171 0.1537
-0.8686 -0.2364 0.3049
-0.8694 -1.3105 0.1236
-0.8591 -1.2793 0.1066
-0.8598 0.0226 0.1783
-0.8513 0.9542 0.1129
-0.8476 0.9878 0.1277
-0.8456 -1.2465 0.1088
-0.8396 -1.3120 0.1101
-0.8490 -0.6316 0.1052
-0.8415 -0.6832 0.1319
-0.8400 0.9106 0.1109
-0.8428 1.1379 0.1810
-0.8368 -0.5883 0.1058
-0.8397 0.7629 0.1471
-0.8170 -1.2377 0.1040
-0.8371 -0.4889 0.1320
-0.8328 1.0795 0.1495
-0.8287 -0.5144 0.1220
-0.8252 -0.4547 0.1659
-0.8216 0.9482 0.1128
-0.8162 1.1013 0.1725
-0.8102 0.2587 0.1877
-0.8070 0.8663 0.1127
-0.7972 -0.6262 0.0965
-0.8031 -0.6553 0.1031
-0.7982 -0.5922 0.1057
-0.7858 -0.5641 0.1231
-0.8020 0.2861 0.1888
-0.8055 0.7688 0.1386
-0.7971 -1.2939 0.0948
-0.8032 0.3383 0.2057
-0.8007 0.8382 0.1151
-0.7838 0.9343 0.1078
-0.7794 -1.2672 0.0835
-0.7530 0.9063 0.1000
-0.7734 -0.6713 0.1217
-0.7767 -1.2179 0.1022
-0.7681 0.8812 0.0963
-0.7680 -1.2440 0.0810
-0.7655 -0.8639 0.3479
-0.7575 0.7761 0.1311
-0.7591 -0.3645 0.2791
-0.7606 0.8042 0.1127
-0.7589 -1.3041 0.0964
-0.7462 -1.2747 0.0772
-0.7402 0.8564 0.1015
-0.7343 -0.6612 0.1261
-0.7391 -0.6101 0.1188
-0.7323 -1.3291 0.1157
-0.7300 -1.2302 0.0882
-0.7200 0.8910 0.1109
-0.7275 0.9390 0.1297
-0.7182 0.3223 0.1828
-0.7178 -1.2480 0.0811
-0.7088 -1.2886 0.0896
-0.7073 -1.2314 0.0945
-0.6805 0.8674 0.1255
-0.7086 0.7977 0.1241
-0.7078 1.0097 0.2093
-0.7027 -0.5921 0.1446
-0.6868 -0.6816 0.1517
-0.6863 0.3570 0.1670
-0.6693 -1.2346 0.1199
-0.6800 -1.3362 0.1464
-0.6762 -1.0562 0.3192
-0.6718 0.7904 0.1309
-0.6673 -1.2876 0.1169
-0.6436 0.3544 0.1540
-0.6525 -0.6733 0.1460
-0.6506 0.3376 0.1617
-0.6452 -0.5896 0.1606
-0.6473 -0.2836 0.3361
-0.6435 0.8484 0.1358
-0.6421 0.0978 0.3887
-0.6378 0.5062 0.2597
-0.6278 0.7906 0.1439
-0.5947 -0.6390 0.1503
-0.6205 -0.2609 0.3400
-0.6146 -1.2167 0.1545
-0.6127 0.7641 0.1707
-0.6038 -0.0562 0.3635
-0.5911 0.3561 0.1487
-0.5972 0.3884 0.1481
-0.5865 -0.1138 0.3460
-0.5753 -0.6784 0.1703
-0.5777 -0.6098 0.1651
-0.5753 0.3755 0.1468
-0.5702 0.9207 0.2029
-0.5685 0.8384 0.1515
-0.5659 -1.2509 0.1746
-0.5635 -1.2184 0.1672
-0.5572 -0.8649 0.3688
-0.5473 -0.6479 0.1592
-0.5468 -0.2319 0.3506
-0.5438 0.7945 0.1679
-0.5363 0.5694 0.2814
-0.5159 0.4128 0.1581
-0.5274 1.1058 0.4025
-0.4945 0.8740 0.1338
-0.5101 -1.2395 0.1739
-0.5032 -1.1561 0.1918
-0.4962 0.3484 0.1810
-0.4669 -0.6641 0.1418
-0.4698 0.8204 0.1314
-0.4721 -1.1425 0.2086
-0.4612 0.4594 0.1722
-0.4602 0.9138 0.1452
-0.4514 0.4394 0.1696
-0.4362 -0.6429 0.1130
-0.4484 0.3864 0.1870
-0.4433 0.8509 0.1035
-0.4327 -0.6082 0.1304
-0.4281 -1.2106 0.1883
-0.4245 -1.1781 0.1946
-0.4188 0.8574 0.0914
-0.4192 0.8785 0.0972
-0.4046 0.4668 0.2094
-0.4116 -0.6318 0.1048
-0.4074 0.8307 0.1029
-0.4059 -0.6112 0.1191
-0.3974 -0.6654 0.1009
-0.3931 -1.2548 0.2239
-0.3887 0.5237 0.2455
-0.3758 0.8932 0.1122
-0.3769 0.8360 0.1030
-0.3770 -0.7158 0.1409
-0.3508 -0.6654 0.1073
-0.3488 -0.6308 0.1180
-0.3660 -0.1486 0.2738
-0.3656 -0.1151 0.2607
-0.3504 0.8523 0.1012
-0.3421 -0.6971 0.1231
-0.3294 0.8721 0.1064
-0.3204 0.8265 0.1225
-0.2989 -0.0794 0.1973
-0.2901 -0.6771 0.1206
-0.2840 -1.2290 0.2270
-0.2845 0.9011 0.1097
-0.2653 -0.6442 0.1297
-0.2802 0.8927 0.1046
-0.2672 -1.1584 0.2270
-0.2668 -0.6906 0.1251
-0.2601 -0.0811 0.1676
-0.2630 0.1701 0.3541
-0.2619 0.9474 0.1650
-0.2545 0.8560 0.1017
-0.2519 -0.0566 0.1660
-0.2450 -0.9762 0.3898
-0.2423 0.5010 0.1828
-0.2371 0.8269 0.1266
-0.2422 -0.7465 0.1724
-0.2376 0.6628 0.2577
-0.2243 0.2437 0.3456
-0.2241 -0.6410 0.1301
-0.2169 -1.2032 0.2173
-0.2207 -0.0634 0.1534
-0.2109 0.4854 0.1522
-0.2248 0.8621 0.1076
-0.2199 0.8650 0.1094
-0.1956 0.6550 0.2306
-0.1980 -0.0576 0.1500
-0.1924 -0.7003 0.1332
-0.1797 0.8555 0.1259
-0.1910 0.4608 0.1414
-0.1860 0.5401 0.1537
-0.1840 -0.6380 0.1189
-0.1710 0.4975 0.1292
-0.1768 -1.1767 0.2338
-0.1811 -0.4873 0.1632
-0.1722 -0.4062 0.2190
-0.1617 0.0985 0.2637
-0.1607 -0.6501 0.1178
-0.1629 -0.1336 0.1836
-0.1331 0.8723 0.1303
-0.1516 -1.2271 0.2584
-0.1542 -0.5606 0.1209
-0.1404 -0.6983 0.1490
-0.1158 0.5804 0.1925
-0.1338 0.4806 0.1272
-0.1262 -0.5054 0.1194
-0.1281 -0.5784 0.1077
-0.1286 0.3998 0.1693
-0.0943 -0.5686 0.1099
-0.1230 -0.0208 0.1706
-0.1181 0.8432 0.1367
-0.1152 0.4536 0.1335
-0.1118 -1.2143 0.2726
-0.1095 -1.1892 0.2687
-0.1160 -0.6108 0.1116
-0.1173 0.0192 0.2035
-0.1165 -0.4248 0.1712
-0.0951 -0.6623 0.1330
-0.1056 1.1065 0.3794
-0.1000 -0.5224 0.1114
-0.1004 -0.0674 0.1679
-0.0977 0.3863 0.1932
-0.0977 0.9135 0.1631
-0.0848 0.7385 0.1950
-0.0858 0.8389 0.1462
-0.0874 -0.9040 0.3254
-0.0747 -0.4480 0.1560
-0.0820 -0.2142 0.2041
-0.0834 -0.0749 0.1733
-0.0802 -0.5201 0.1177
-0.0554 0.9240 0.1861
-0.0511 -0.1972 0.1910
-0.0551 0.8829 0.1594
-0.0528 0.6826 0.2123
-0.0451 -0.6530 0.1495
-0.0461 -0.5912 0.1270
-0.0476 0.4858 0.1693
-0.0398 0.7084 0.1990
-0.0333 0.4574 0.1868
-0.0124 -0.8481 0.2665
-0.0233 -0.3130 0.1717
-0.0189 -0.2703 0.1844
-0.0023 -0.5207 0.1384
-0.0073 -0.3846 0.1553
-0.0099 -0.1119 0.2046
-0.0037 -0.7025 0.1729
0.0023 -0.7593 0.2036
0.0248 -0.3193 0.1758
-0.0040 0.5250 0.2312
0.0068 0.8108 0.1670
0.0119 -0.5623 0.1344
0.0175 -0.3660 0.1574
0.0281 -0.5385 0.1325
0.0288 1.0510 0.3218
0.0486 -0.9836 0.3821
0.0466 -0.6930 0.1687
0.0405 -0.1658 0.2260
0.0557 0.7756 0.1552
0.0581 -0.4251 0.1562
0.0747 -0.4851 0.1456
0.0676 -0.5745 0.1376
0.0679 0.7381 0.1673
0.0732 -0.7324 0.1787
0.0731 0.8506 0.1734
0.0789 -0.4025 0.1742
0.0938 -0.6013 0.1489
0.0982 0.7928 0.1462
0.1182 -0.5716 0.1432
0.1140 -0.4837 0.1659
0.1127 -0.1096 0.3278
0.1170 -1.1933 0.3885
0.1299 -1.3256 0.4744
0.1293 0.7132 0.1882
0.1281 0.9548 0.2547
0.1328 0.8155 0.1493
0.1648 0.8260 0.1598
0.1645 -0.7110 0.1563
0.1582 -0.6426 0.1543
0.1712 -0.7396 0.1654
0.1837 0.5642 0.1543
0.1862 -0.5844 0.1504
0.2024 0.9713 0.2615
0.2026 -0.7541 0.1624
0.2065 0.1866 0.4378
0.2102 0.4980 0.1094
0.2193 -0.5749 0.1593
0.2140 0.7783 0.1349
0.2254 0.3702 0.2046
0.2287 0.7688 0.1321
0.2324 0.4883 0.0992
0.2341 0.4116 0.1516
0.2413 -0.7239 0.1356
0.2484 -0.5506 0.1827
0.2602 0.7455 0.1331
0.2565 -1.1409 0.4013
0.2529 -0.6273 0.1386
0.2471 0.5512 0.0809
0.2491 0.5563 0.0837
0.2621 0.4434 0.1254
0.2552 0.5387 0.0740
0.2634 -0.9778 0.3828
0.2642 0.3710 0.1971
0.2606 0.5372 0.0740
0.2750 -0.7105 0.1319
0.2727 0.7858 0.1056
0.2669 0.5402 0.0753
0.2730 0.4788 0.1057
0.2869 0.8468 0.1384
0.2886 0.8166 0.1087
0.3167 -0.6684 0.1388
0.2946 -0.6321 0.1421
0.2989 -0.7266 0.1371
0.3028 1.0344 0.2477
0.3124 0.6008 0.1246
0.3070 -0.8092 0.2098
0.3165 0.5579 0.0978
0.3176 0.8179 0.1115
0.3221 -0.2456 0.4188
0.3276 0.5229 0.1052
0.3336 0.7900 0.1039
0.3469 0.7575 0.1155
0.3613 0.4913 0.1456
0.3507 -0.5851 0.1926
0.3479 -0.0271 0.3251
0.3568 0.7291 0.1314
0.3531 0.5552 0.1162
0.3622 0.8005 0.1168
0.3673 -0.0555 0.3114
0.3777 0.6041 0.1292
0.3852 0.6642 0.1405
0.3725 -0.7238 0.1372
0.3795 -0.6970 0.1369
0.3719 0.9911 0.1897
0.3822 1.0780 0.2362
0.3836 -1.2119 0.3728
0.3899 0.9672 0.1747
0.3926 0.5092 0.1615
0.3932 0.9334 0.1684
0.3942 -1.1605 0.3669
0.4166 0.6932 0.1460
0.4148 0.8790 0.1435
0.4135 0.7765 0.1308
0.4246 0.6418 0.1501
0.4321 0.6118 0.1540
0.4400 -0.7025 0.1131
0.4316 -0.0108 0.2993
0.4443 -0.7476 0.1059
0.4553 0.9072 0.1388
0.4503 -0.5490 0.2628
0.4573 -0.6727 0.1353
0.4617 0.7964 0.1195
0.4624 0.8521 0.1149
0.4609 -0.7619 0.1052
0.4726 -0.7268 0.1024
0.4707 -0.0363 0.2850
0.4678 -0.7628 0.1057
0.4767 1.0765 0.2130
0.4808 0.0014 0.2968
0.5075 0.7720 0.1309
0.4923 0.7978 0.1103
0.4903 -1.2246 0.3652
0.4887 -0.2064 0.3268
0.4970 1.1071 0.2509
0.5088 0.8633 0.1047
0.5103 0.8297 0.0993
0.5082 -0.7558 0.1087
0.5210 -0.7898 0.1242
0.5178 -0.6543 0.1759
0.5361 0.6438 0.1446
0.5382 0.9509 0.1542
0.5423 0.6784 0.1589
0.5453 0.8144 0.1228
0.5520 0.8518 0.1175
0.5446 0.8884 0.1180
0.5538 0.2396 0.3747
0.5471 0.9807 0.1748
0.5544 -0.7936 0.1281
0.5594 -0.4081 0.3733
0.5500 0.5835 0.1467
0.5609 0.5365 0.1805
0.5746 0.6591 0.1427
0.5719 1.0522 0.2406
0.5778 0.9170 0.1529
0.5780 -0.7691 0.1193
0.6043 0.2366 0.3489
0.6068 -0.8140 0.1205
0.6132 -0.2461 0.3842
0.6146 0.5874 0.1180
0.6159 -0.6442 0.1991
0.6176 0.0525 0.3526
0.6123 0.6122 0.1158
0.6205 -1.2216 0.3485
0.6235 -0.7420 0.1081
0.6257 0.6343 0.1229
0.6355 -1.2043 0.3437
0.6385 -0.2282 0.3973
0.6427 -0.7032 0.1299
0.6546 -0.8077 0.1082
0.6478 -0.7549 0.0937
0.6563 -1.2489 0.3711
0.6652 -0.9840 0.2780
0.6675 -0.8366 0.1409
0.6656 0.2160 0.3392
0.6665 0.5824 0.1136
0.6709 -0.7324 0.1079
0.6721 -0.7648 0.0952
0.6719 0.5306 0.1524
0.6774 -1.0065 0.2931
0.6861 -0.4752 0.3886
0.6864 -0.8106 0.1189
0.6939 0.6247 0.1143
0.6968 0.9051 0.2095
0.7009 0.7120 0.1983
0.7114 0.5950 0.1154
0.7194 -0.7297 0.1262
0.7183 0.5608 0.1353
0.7248 0.6099 0.1204
0.7540 -0.7479 0.1374
0.7568 0.6654 0.1510
0.7626 0.8835 0.1631
0.7614 0.2224 0.3628
0.7654 1.0103 0.2337
0.7762 -0.7626 0.1426
0.7842 0.8287 0.1806
0.7816 -0.9048 0.1845
0.7988 -0.8741 0.1523
0.7896 0.8890 0.1463
0.8038 -0.7887 0.1394
0.8173 0.6132 0.1185
0.8126 0.9278 0.1408
0.8160 0.5832 0.1190
0.8433 -0.7689 0.1566
0.8301 0.2226 0.3955
0.8352 0.5608 0.1313
0.8316 0.6277 0.1234
0.8274 0.8144 0.1846
0.8395 -1.2886 0.4636
0.8392 0.2726 0.3842
0.8416 0.9364 0.1481
0.8503 -0.8838 0.1267
0.8630 0.7005 0.1777
0.8593 0.9765 0.1828
0.8734 -0.8014 0.1376
0.8547 0.5810 0.1247
0.8787 -0.9130 0.1312
0.8811 -0.8294 0.1228
0.8812 0.9164 0.1617
0.8792 0.5693 0.1477
0.8992 -0.8879 0.1136
0.8938 0.5169 0.2099
0.9068 0.6614 0.1703
0.9165 -0.9139 0.1314
0.9260 0.7720 0.1721
0.9504 -0.8544 0.1146
0.9470 0.9392 0.1847
0.9576 -0.9272 0.1479
0.9627 -0.8200 0.1251
0.9670 0.7735 0.1628
0.9680 -0.1659 0.5438
0.9790 -0.8440 0.1207
0.9889 -0.7830 0.1466
0.9892 0.9029 0.1767
0.9835 0.7488 0.1715
0.9931 0.7380 0.1831
1.0030 -1.1961 0.3358
1.0239 -0.8318 0.1228
1.0228 0.8634 0.1701
1.0259 -0.9889 0.1989
1.0543 -0.7789 0.1347
1.0355 0.7789 0.1911
1.0456 -0.3825 0.5078
1.0436 0.9097 0.1697
1.0532 0.9496 0.1572
1.0566 -0.9572 0.1647
1.0662 -0.8427 0.1213
1.0650 -0.0064 0.5537
1.0700 -1.2621 0.3502
1.0870 1.0406 0.1667
1.0872 -0.7417 0.1669
1.0926 -0.8567 0.1188
1.1036 -0.9800 0.1666
1.1100 0.9948 0.1317
1.1112 -0.8346 0.1072
1.1284 -0.9679 0.1650
1.1410 -0.7694 0.1347
1.1274 0.4266 0.4920
1.1333 -0.8954 0.1314
1.1415 0.9733 0.1261
1.1392 -0.8546 0.1157
1.1450 -1.0990 0.2230
1.1487 1.0218 0.1227
1.1467 1.0172 0.1218
1.1598 -0.4623 0.4048
1.1610 -0.8243 0.1098
1.1659 -1.0365 0.1914
1.1679 0.8580 0.2230
1.1775 -1.3256 0.4201
1.1735 1.0509 0.1349
1.1803 -0.4783 0.3882
1.1769 1.1200 0.1873
1.1917 -0.8100 0.1189
1.1791 -1.1713 0.2595
1.1816 0.9441 0.1545
1.2135 -0.7651 0.1303
1.2180 0.9541 0.1660
1.2165 -0.8392 0.1329
1.2159 0.6281 0.4492
1.2237 -0.0271 0.6061
1.2332 -1.1098 0.2038
1.2543 -0.8193 0.1314
1.2563 -0.7162 0.1556
1.2627 -0.7436 0.1301
1.2656 -0.9659 0.1977
1.2674 -0.1880 0.5742
1.2617 1.0857 0.1551
1.2709 1.1386 0.1973
1.2636 1.0804 0.1545
1.3034 -0.8121 0.1347
1.3008 -1.0458 0.1701
1.2982 0.2824 0.6968
1.2980 0.8890 0.2458
1.3090 1.0312 0.1837
1.3153 -0.7489 0.1179
1.3187 -1.0172 0.1742
1.3246 1.1430 0.2373
1.3262 -0.7873 0.1204
1.3424 -0.4922 0.3930
1.3482 -1.0141 0.1900
1.3530 -0.7293 0.1273
1.3523 -1.0421 0.1946
1.3511 -1.0750 0.2082
1.3768 -0.8049 0.1484
1.3803 -0.7302 0.1440
1.3821 1.0496 0.2316
1.3823 -0.9023 0.2200
1.3846 -0.6747 0.1999
1.4073 -0.7717 0.1654
1.3947 0.9300 0.2706
1.3975 0.9366 0.2688
