points 
 2 
 1 
Tumour[19065]FoxP310NNCodensity
-1.2363 0.1592 0.2341
-1.2367 0.2133 0.2402
-1.1944 0.2048 0.1988
-1.1842 0.2910 0.2722
-1.1662 0.0177 0.2605
-1.1277 0.0760 0.2012
-1.1284 1.2304 0.4897
-1.1016 0.1103 0.1828
-1.0967 0.1779 0.1769
-1.0933 0.8603 0.5507
-1.0926 1.2724 0.4664
-1.0908 -0.2116 0.2700
-1.0833 0.1825 0.1826
-1.0770 1.2531 0.4426
-1.0525 -0.0895 0.1923
-1.0528 0.1552 0.1991
-1.0489 0.2918 0.2951
-1.0479 -0.1075 0.1914
-1.0360 -0.1567 0.2014
-1.0272 0.7176 0.5298
-1.0125 -0.1984 0.2087
-1.0150 0.6487 0.5180
-0.9997 0.0066 0.1748
-0.9809 -0.3386 0.2525
-0.9734 -0.0812 0.1720
-0.9670 0.0675 0.1930
-0.9567 -0.3834 0.2683
-0.9383 1.1150 0.3938
-0.9329 -0.0132 0.1443
-0.9282 0.0167 0.1483
-0.9206 -0.8622 0.2029
-0.9154 0.4917 0.4744
-0.9069 0.5676 0.5021
-0.9048 -0.7881 0.1565
-0.8968 0.0330 0.1569
-0.8979 1.0524 0.4365
-0.9040 1.3020 0.3795
-0.9037 -0.2024 0.2049
-0.8890 -0.7102 0.1729
-0.8909 -0.0327 0.1480
-0.8877 -0.7369 0.1487
-0.8812 -0.5322 0.3343
-0.8807 -0.3537 0.2180
-0.8789 -0.7250 0.1516
-0.8681 -0.9068 0.2044
-0.8592 -0.2645 0.1820
-0.8450 -0.7767 0.1291
-0.8496 1.2688 0.3643
-0.8412 -0.2355 0.1896
-0.8381 -0.0351 0.1494
-0.8335 -0.7030 0.1729
-0.8196 -0.0550 0.1597
-0.8202 -0.2451 0.1954
-0.8153 -0.8710 0.1524
-0.8099 0.0398 0.1981
-0.7945 -0.8380 0.1343
-0.7921 -0.1325 0.1945
-0.7862 -0.8201 0.1338
-0.7817 -1.0761 0.1425
-0.7816 -0.3758 0.2756
-0.7746 -1.0528 0.1390
-0.7650 -0.8612 0.1576
-0.7716 -0.7784 0.1462
-0.7599 -0.2693 0.2437
-0.7509 -1.1019 0.1206
-0.7479 -1.0552 0.1124
-0.7493 -0.0421 0.2044
-0.7443 -1.0796 0.1048
-0.7371 -0.0661 0.2174
-0.7362 1.3425 0.3877
-0.7197 -0.7974 0.1610
-0.7047 -1.0671 0.0989
-0.6929 -1.1336 0.1431
-0.6872 -1.0420 0.1114
-0.6818 0.9190 0.5334
-0.6642 -0.8249 0.1921
-0.6579 -0.7380 0.2254
-0.6453 -1.0902 0.1154
-0.6382 0.4714 0.6390
-0.6417 1.3129 0.3294
-0.6403 -1.0537 0.1111
-0.6328 -1.0770 0.1131
-0.6243 -1.0420 0.1225
-0.6002 -0.7375 0.2328
-0.5944 -0.0542 0.2404
-0.5749 0.8817 0.5378
-0.5661 -1.0726 0.1358
-0.5684 0.1619 0.3662
-0.5641 -0.8773 0.2315
-0.5610 -1.0258 0.1488
-0.5500 -0.0865 0.2194
-0.5450 1.3157 0.2768
-0.5388 1.1077 0.3607
-0.5363 1.2404 0.2646
-0.5296 -0.8840 0.2378
-0.5244 -1.1109 0.1768
-0.5230 -0.0658 0.2087
-0.5193 0.0332 0.2538
-0.5114 -1.0413 0.1660
-0.5083 0.1208 0.3262
-0.4976 -0.6841 0.3193
-0.4931 -0.8615 0.2578
-0.4948 1.2495 0.2441
-0.4790 -0.0255 0.2202
-0.4774 -1.0408 0.1981
-0.4772 -0.6914 0.3309
-0.4458 -0.1704 0.2066
-0.4472 -0.2052 0.2268
-0.4392 1.3014 0.2401
-0.4255 -1.1035 0.2768
-0.4233 -0.1327 0.1994
-0.4090 -0.4308 0.4169
-0.3759 1.2104 0.2390
-0.3704 -0.1555 0.1970
-0.3427 1.3412 0.2616
-0.3320 1.3087 0.2380
-0.3244 0.9018 0.3585
-0.3234 -0.2376 0.1824
-0.3153 0.1717 0.4477
-0.2974 -0.2368 0.1789
-0.2663 1.2779 0.2522
-0.2667 -0.1441 0.2204
-0.2630 1.1608 0.2505
-0.2589 -0.1995 0.1904
-0.2531 -0.2940 0.2353
-0.2495 1.0089 0.2845
-0.2368 -0.9973 0.4690
-0.2356 0.5463 0.4544
-0.2284 1.1910 0.2460
-0.2053 -0.2458 0.2269
-0.1954 0.8369 0.2594
-0.1712 1.2177 0.2684
-0.1556 -0.2553 0.2577
-0.1411 1.0042 0.2615
-0.1311 0.8427 0.2275
-0.1286 1.0540 0.2763
-0.1262 0.8878 0.2149
-0.1041 -0.5619 0.4954
-0.0972 0.1718 0.4265
-0.0948 0.1442 0.4219
-0.0925 0.8512 0.2292
-0.0872 0.7899 0.2674
-0.0335 -0.1827 0.3484
-0.0379 0.6054 0.2943
-0.0315 1.2874 0.3407
-0.0231 1.3284 0.3704
-0.0228 0.5522 0.3070
-0.0206 0.8096 0.2847
-0.0058 -1.0308 0.4760
-0.0053 0.4689 0.3525
-0.0012 -0.3425 0.3182
-0.0008 0.5434 0.3112
0.0218 0.5143 0.3268
0.0267 0.1595 0.3270
0.0283 -0.9864 0.4257
0.0359 1.0316 0.2999
0.0552 -0.3997 0.3200
0.0660 -0.6681 0.4312
0.0828 1.3141 0.3471
0.0840 0.9940 0.3196
0.0830 1.1028 0.3166
0.0852 -0.3150 0.2909
0.1220 0.0122 0.2587
0.1274 -0.8381 0.3461
0.1564 1.0596 0.3466
0.1562 0.2779 0.3100
0.1644 -0.3043 0.2675
0.1799 -1.0135 0.3600
0.1831 0.0080 0.1995
0.1813 -0.9481 0.3260
0.2100 0.0014 0.1848
0.2102 -0.8507 0.3140
0.2193 -0.1383 0.2853
0.2246 0.1071 0.1913
0.2225 -0.4379 0.2687
0.2260 0.1184 0.1976
0.2357 0.6729 0.3655
0.2382 0.0372 0.1711
0.2441 1.3013 0.2976
0.2550 0.2648 0.2089
0.2541 1.2486 0.2864
0.2574 -0.3182 0.2810
0.2576 -0.1204 0.2724
0.2767 0.7370 0.3951
0.2900 1.3553 0.3385
0.2906 0.3103 0.1729
0.2929 -0.4563 0.2662
0.2926 0.6670 0.3847
0.3076 -0.3716 0.2958
0.3154 -0.6266 0.2463
0.3162 -0.5860 0.2429
0.3206 0.7272 0.4096
0.3248 0.3141 0.1433
0.3301 0.0459 0.1576
0.3349 1.1453 0.3024
0.3508 -0.7528 0.2490
0.3505 0.0870 0.1483
0.3503 1.3241 0.3155
0.3650 0.0360 0.1461
0.3673 0.1239 0.1432
0.3696 0.2942 0.1259
0.3697 0.4279 0.2197
0.3810 0.3123 0.1231
0.3765 0.9216 0.4044
0.3823 -0.7093 0.2323
0.3859 0.0187 0.1520
0.3871 0.3309 0.1285
0.3921 1.2636 0.2925
0.3904 -0.4934 0.2608
0.3934 0.2999 0.1285
0.4024 -0.9717 0.3152
0.4025 0.1985 0.1468
0.4093 0.2342 0.1438
0.4110 0.1442 0.1405
0.4121 0.4001 0.1842
0.4119 -0.8055 0.2501
0.4246 -0.6709 0.2234
0.4405 0.1783 0.1569
0.4456 -0.9200 0.2923
0.4530 -1.0385 0.3996
0.4488 0.0496 0.1528
0.4533 -0.0164 0.1889
0.4548 0.1271 0.1583
0.4585 -0.5967 0.2493
0.4654 -0.8780 0.2727
0.4720 0.0020 0.1869
0.4761 1.0136 0.3501
0.4818 1.1423 0.3124
0.4875 0.3784 0.2142
0.4989 -0.5537 0.3027
0.5368 0.3107 0.2400
0.5384 1.2041 0.3359
0.5360 -0.0796 0.2886
0.5613 0.1660 0.2120
0.5821 -0.7355 0.2686
0.5800 0.1556 0.2115
0.6183 1.1932 0.3433
0.6414 -0.1184 0.2857
0.6391 0.3940 0.3538
0.6438 -0.2842 0.2923
0.6607 -0.7316 0.2802
0.6583 0.9973 0.3138
0.6618 0.1175 0.2333
0.6763 -0.7900 0.2618
0.6907 0.9717 0.3281
0.6913 0.1769 0.2275
0.6988 -0.7861 0.2558
0.7019 0.0948 0.2430
0.7151 0.1885 0.2365
0.7154 -0.4048 0.2471
0.7231 0.8649 0.3958
0.7283 -0.3879 0.2317
0.7283 -0.1087 0.2815
0.7383 -0.2625 0.2488
0.7360 1.0104 0.3339
0.7403 -0.9631 0.3099
0.7464 -0.0101 0.2776
0.7463 0.6481 0.4977
0.7534 -0.7405 0.2650
0.7550 0.2843 0.3052
0.7598 0.6908 0.4934
0.7819 -0.5328 0.2816
0.7813 -1.0805 0.3312
0.7825 -0.1466 0.2901
0.7833 -0.3468 0.2172
0.7961 1.2611 0.4473
0.8078 -0.4103 0.2103
0.8204 1.0645 0.3993
0.8508 -0.8370 0.2822
0.8612 -0.6492 0.3148
0.8655 -0.8412 0.2906
0.8659 -0.3631 0.2326
0.8689 -1.0183 0.2687
0.8690 1.3510 0.5565
0.8821 -1.1329 0.3349
0.8908 -1.1157 0.3161
0.8893 0.1738 0.2793
0.9062 0.4406 0.4833
0.9133 -0.4662 0.2175
0.9369 -0.4438 0.2198
0.9347 -0.0260 0.2562
0.9444 -0.0353 0.2600
0.9669 -0.9893 0.2962
0.9791 -1.0647 0.3095
0.9800 0.1732 0.2377
0.9823 0.0327 0.1887
0.9897 -0.4819 0.2303
1.0005 0.0830 0.1688
1.0125 -0.5568 0.2629
1.0329 0.1376 0.1920
1.0368 -0.2666 0.3491
1.0474 0.1128 0.1787
1.0557 -0.4996 0.2368
1.0787 -0.4898 0.2379
1.0779 0.0502 0.1797
1.0996 1.3393 0.7378
1.1208 0.0518 0.2082
1.1196 -0.7069 0.3723
1.1370 0.0673 0.2225
1.1455 -1.0644 0.4350
1.1665 0.6429 0.8105
1.1654 -0.2147 0.3306
1.1778 -0.0567 0.2665
1.1823 -0.3955 0.2942
1.2102 -0.8359 0.4277
1.2132 -0.4014 0.3180
1.2116 -0.1266 0.3124
1.2258 -0.1137 0.3216
1.2310 -0.4688 0.3446
1.2397 -0.9085 0.4635
1.2433 1.1906 0.8415
1.2448 -0.7795 0.4456
