points 
 2 
 1 
Tumour[19065]FoxP310NNCodensity
-1.1577 -0.7296 0.5656
-1.1557 0.4019 0.6852
-1.1451 0.9505 0.4960
-1.1449 1.4006 0.7644
-1.1379 -0.2996 0.3882
-1.1109 -0.6211 0.4611
-1.1066 -0.2337 0.4040
-1.1019 -0.3382 0.3421
-1.0357 0.9124 0.3806
-1.0179 0.8473 0.3547
-1.0162 1.1754 0.5107
-0.9999 0.7202 0.3644
-0.9997 0.9854 0.4266
-0.9932 -0.4594 0.3007
-0.9900 -0.4355 0.2890
-0.9881 -0.3140 0.2903
-0.9875 0.3382 0.5998
-0.9624 -0.9120 0.4295
-0.9458 0.5889 0.4059
-0.8839 -0.5736 0.3692
-0.8716 0.6783 0.3781
-0.8653 -0.1434 0.3948
-0.8552 0.8971 0.4118
-0.8508 0.5821 0.4260
-0.8479 -0.9243 0.3260
-0.8247 -0.3331 0.3480
-0.8268 -0.2852 0.3558
-0.7998 -0.4730 0.3477
-0.7857 1.4398 0.6834
-0.7420 -0.9423 0.2708
-0.7436 -0.7565 0.2877
-0.7414 -0.8427 0.2607
-0.7414 0.6747 0.4604
-0.7234 -1.0033 0.3143
-0.7055 -0.9768 0.2930
-0.6998 1.2890 0.5823
-0.6934 -0.7177 0.2699
-0.6906 -0.0334 0.3766
-0.6883 1.3271 0.6111
-0.6844 -1.0054 0.3213
-0.6751 0.0349 0.4120
-0.6672 0.2550 0.5535
-0.6657 -0.6613 0.2590
-0.6604 -0.0693 0.3782
-0.6471 1.3109 0.6367
-0.6261 0.0159 0.4183
-0.6021 -0.0443 0.4106
-0.5943 -0.6938 0.2730
-0.5959 -0.5733 0.2991
-0.5565 -0.5750 0.3193
-0.5397 -0.6778 0.2944
-0.5208 0.7892 0.6356
-0.4251 -0.5992 0.4108
-0.4098 -0.9413 0.4831
-0.3995 -0.9306 0.4893
-0.3560 0.7729 0.7350
-0.3334 0.4166 0.6533
-0.1958 -0.1481 0.5367
-0.1757 -0.6469 0.5408
-0.1642 -0.0449 0.4212
-0.1279 0.0949 0.3364
-0.1140 0.1659 0.3341
-0.0989 0.2427 0.3668
-0.1020 0.7833 0.7242
-0.0560 1.4430 1.0060
-0.0397 0.0658 0.2999
-0.0353 0.0823 0.2972
-0.0280 -0.7126 0.4194
0.0129 0.1438 0.3070
0.1011 -0.8645 0.4050
0.1113 -0.6701 0.3338
0.1116 0.3861 0.4847
0.1259 -0.7919 0.3362
0.1533 0.8542 0.7398
0.1675 -0.8258 0.3586
0.1817 0.1557 0.4106
0.1840 0.6176 0.6101
0.1849 -0.5926 0.3576
0.1886 -0.0984 0.4957
0.2124 -0.6427 0.3334
0.2255 -0.1343 0.5381
0.2265 0.2806 0.4760
0.2498 -0.6236 0.3505
0.3272 0.7204 0.6450
0.3741 -0.6269 0.4122
0.4206 -1.0138 0.5821
0.4229 1.3056 0.6432
0.4602 1.4151 0.7121
0.4798 0.3739 0.5444
0.4816 -0.0172 0.5492
0.4953 1.4264 0.7222
0.5195 -0.4077 0.3917
0.5566 -0.9399 0.5750
0.5603 1.2337 0.6285
0.5597 1.3537 0.6765
0.5597 -0.2795 0.3872
0.5725 0.2806 0.5499
0.5954 -0.9290 0.5877
0.5957 -0.4891 0.3381
0.6041 1.0435 0.6359
0.6173 0.3042 0.5412
0.6278 -0.6683 0.4387
0.7187 -0.3948 0.2379
0.7293 -0.0730 0.4702
0.7372 -0.4586 0.2698
0.7366 -0.3556 0.2321
0.7554 0.7598 0.5933
0.7584 0.5782 0.5354
0.7997 -0.3119 0.2409
0.8096 -0.3410 0.2342
0.8322 -0.4728 0.2841
0.8462 -0.2103 0.3044
0.8570 -0.6711 0.4344
0.8816 -0.3101 0.2510
0.9701 0.7487 0.5180
0.9787 -0.5413 0.3876
0.9830 0.2311 0.3553
0.9867 -0.6734 0.4571
0.9909 0.7493 0.5194
0.9986 0.3980 0.3769
1.0181 -0.2848 0.3176
1.0245 0.2177 0.3308
1.0283 0.3840 0.3667
1.0418 -0.3045 0.3282
1.0410 0.2066 0.3236
1.0615 -0.1704 0.3835
1.0631 0.8665 0.6452
1.0942 -1.0074 0.7365
1.1177 0.2090 0.3294
1.1200 0.1916 0.3311
1.1465 -0.8806 0.6496
1.1493 -0.1674 0.4362
1.1671 -0.7745 0.5835
1.2117 0.3600 0.4542
1.2455 -0.0543 0.5083
1.2525 0.7209 0.6755
1.2551 -0.4533 0.5652
