points 
 2 
 1 
Tumour[19065]CD6810NNCodensity
-1.3393 0.2223 0.1960
-1.3439 0.3288 0.2082
-1.3431 0.3919 0.2531
-1.3465 0.8438 0.2133
-1.3374 0.1308 0.2175
-1.3305 0.6523 0.2709
-1.3185 0.8799 0.1951
-1.3196 0.7304 0.2118
-1.3091 -0.6078 0.5952
-1.3013 0.3034 0.1729
-1.3015 0.4980 0.3143
-1.2984 -0.5947 0.5749
-1.2882 -0.3568 0.5183
-1.2836 0.9572 0.2392
-1.2847 0.0412 0.2266
-1.2840 0.1003 0.1930
-1.2826 0.2369 0.1643
-1.2806 0.7775 0.1745
-1.2745 0.2040 0.1734
-1.2734 0.6763 0.2188
-1.2547 0.8435 0.1534
-1.2553 0.0694 0.1978
-1.2554 0.3578 0.2006
-1.2501 0.9122 0.1791
-1.2306 0.2861 0.1739
-1.2119 0.8510 0.1531
-1.2096 0.0114 0.2137
-1.1786 0.7963 0.1501
-1.1809 -0.0296 0.2229
-1.1662 0.2130 0.1882
-1.1527 0.8252 0.1508
-1.1554 0.3034 0.2137
-1.1543 0.7078 0.1798
-1.1492 0.6536 0.2322
-1.1456 0.7708 0.1509
-1.1396 0.9252 0.2142
-1.1151 0.7344 0.1745
-1.1218 0.1684 0.1885
-1.1023 0.1251 0.1844
-1.0936 -0.0202 0.2062
-1.0824 0.1682 0.1927
-1.0866 0.8750 0.1956
-1.0843 0.3329 0.2809
-1.0693 -0.1241 0.2212
-1.0745 -0.0964 0.2155
-1.0530 0.1323 0.2003
-1.0522 0.0097 0.2144
-1.0554 0.7675 0.1950
-1.0413 -0.3486 0.3450
-1.0111 -0.1432 0.2124
-1.0142 0.1359 0.2267
-0.9973 -0.4968 0.3226
-0.9987 0.9253 0.2369
-0.9845 -0.4661 0.3173
-0.9778 -0.6386 0.3678
-0.9732 -0.1352 0.2100
-0.9741 0.6992 0.2233
-0.9637 0.8990 0.2083
-0.9441 -0.5553 0.2977
-0.9470 0.5835 0.1778
-0.9438 0.7008 0.2072
-0.9322 0.4377 0.1908
-0.9250 -0.1638 0.2139
-0.9176 0.5726 0.1511
-0.9076 0.2250 0.2930
-0.9062 0.5393 0.1269
-0.8899 0.4951 0.1190
-0.8839 -0.2368 0.2596
-0.8812 0.8471 0.1398
-0.8657 0.9098 0.1366
-0.8826 -0.1680 0.2141
-0.8805 0.4516 0.1394
-0.8496 0.9455 0.1647
-0.8550 0.8017 0.1306
-0.8568 -1.0504 0.4716
-0.8508 0.5306 0.1182
-0.8460 0.4922 0.1159
-0.8465 -0.5026 0.2757
-0.8447 0.5901 0.1418
-0.8328 0.8921 0.1157
-0.8319 0.6623 0.1583
-0.8264 0.4578 0.1239
-0.8145 0.7894 0.1087
-0.8190 0.8580 0.1061
-0.8205 0.6955 0.1460
-0.8115 0.3481 0.2183
-0.8102 0.5316 0.1338
-0.7960 0.7401 0.1223
-0.8032 0.8283 0.1027
-0.7952 0.9418 0.1744
-0.7821 -0.6407 0.2722
-0.7764 -0.1488 0.2261
-0.7767 -0.1000 0.2174
-0.7832 0.8724 0.1255
-0.7784 0.2326 0.2199
-0.7827 0.4328 0.1431
-0.7755 0.7574 0.1207
-0.7661 0.1024 0.1818
-0.7687 -1.1119 0.3962
-0.7750 -0.8334 0.3656
-0.7702 0.7958 0.1150
-0.7641 0.6007 0.1361
-0.7522 -0.0430 0.2089
-0.7571 0.4373 0.1493
-0.7431 0.6796 0.1208
-0.7555 -1.0804 0.3640
-0.7521 -0.4530 0.3267
-0.7480 -0.1634 0.2474
-0.7499 0.1422 0.1734
-0.7449 0.4702 0.1377
-0.7293 0.0083 0.1919
-0.7341 0.8020 0.1408
-0.7392 0.6403 0.1223
-0.7361 -0.6025 0.2698
-0.7167 0.6121 0.1203
-0.7211 0.1846 0.1758
-0.7184 0.0867 0.1632
-0.7014 0.1411 0.1599
-0.7063 0.5080 0.1322
-0.7042 0.5481 0.1239
-0.6979 -0.5259 0.2964
-0.6985 0.6665 0.1290
-0.6955 0.0251 0.1857
-0.6931 0.5284 0.1266
-0.6915 0.6870 0.1332
-0.6715 -0.8256 0.2932
-0.6624 0.7860 0.1676
-0.6667 -1.0812 0.3237
-0.6494 0.5437 0.1285
-0.6417 -0.6527 0.2664
-0.6502 0.6471 0.1315
-0.6396 -0.7148 0.2555
-0.6384 0.2629 0.1920
-0.6341 0.3728 0.2085
-0.6000 0.6896 0.1214
-0.6224 0.5481 0.1318
-0.6197 0.1638 0.1796
-0.6101 0.2851 0.1969
-0.6105 0.4410 0.1854
-0.5980 0.8340 0.1892
-0.6047 0.7464 0.1327
-0.5996 0.5581 0.1351
-0.5830 0.6557 0.1179
-0.5809 -0.0524 0.2657
-0.5783 0.6178 0.1192
-0.5728 0.0570 0.2143
-0.5643 0.1494 0.1946
-0.5695 0.4371 0.2117
-0.5684 0.7223 0.1249
-0.5524 0.7579 0.1371
-0.5561 0.2812 0.2057
-0.5513 -0.7543 0.2726
-0.5417 0.5722 0.1488
-0.5513 0.8023 0.1566
-0.5291 0.6122 0.1355
-0.5290 -1.3973 0.3445
-0.5188 -0.9467 0.2557
-0.5258 0.2040 0.1932
-0.5201 0.6516 0.1355
-0.5178 0.6980 0.1427
-0.5126 -0.7671 0.2787
-0.5111 -0.4443 0.3509
-0.4967 -1.4799 0.3463
-0.4961 -0.8124 0.2718
-0.4862 -1.0263 0.2861
-0.4877 -0.9752 0.2646
-0.4788 0.8435 0.1891
-0.4831 -1.2940 0.3091
-0.4776 -0.0249 0.2641
-0.4781 0.2027 0.2140
-0.4728 0.0238 0.2195
-0.4535 0.8299 0.1944
-0.4588 -1.0849 0.3168
-0.4554 -1.0082 0.2913
-0.4486 -0.5364 0.2841
-0.4353 0.5147 0.1553
-0.4166 0.5522 0.1263
-0.4295 0.5931 0.1304
-0.4241 -0.5357 0.2903
-0.4231 0.0291 0.2425
-0.3993 0.4766 0.1634
-0.4201 0.1257 0.2219
-0.4172 -0.5126 0.3048
-0.4016 0.6280 0.1345
-0.4086 -1.3410 0.2496
-0.3986 0.9094 0.2688
-0.3944 0.9483 0.3090
-0.3967 0.1421 0.2321
-0.3909 0.8199 0.2325
-0.3847 0.5929 0.1114
-0.3826 -1.3167 0.2584
-0.3738 0.5051 0.1397
-0.3709 -1.4387 0.2445
-0.3669 -1.3729 0.2360
-0.3535 0.5710 0.1175
-0.3627 0.6533 0.1390
-0.3411 -0.6002 0.2961
-0.3421 0.4243 0.1780
-0.3461 0.6232 0.1189
-0.3215 -1.5244 0.2894
-0.2973 0.3210 0.1210
-0.3115 0.3829 0.1497
-0.2970 0.2732 0.1333
-0.2978 0.5243 0.1780
-0.2981 0.6148 0.1395
-0.2786 0.6738 0.1569
-0.2763 -0.7695 0.2893
-0.2617 0.6544 0.1600
-0.2499 -0.0987 0.3329
-0.2580 0.3323 0.0933
-0.2632 -0.5073 0.3168
-0.2536 0.2420 0.1116
-0.2519 0.2878 0.0945
-0.2290 0.1729 0.1264
-0.2378 0.4122 0.1517
-0.2382 0.3527 0.0943
-0.2324 0.7023 0.1686
-0.2332 0.8409 0.2260
-0.2245 0.2417 0.1031
-0.2063 0.1983 0.1048
-0.2118 0.2864 0.0976
-0.2258 0.3280 0.0902
-0.2147 0.7463 0.1825
-0.2151 0.3549 0.0999
-0.2057 -1.5321 0.2679
-0.2021 -1.3541 0.2773
-0.1916 -0.9286 0.2266
-0.1863 0.1536 0.1127
-0.1888 0.3543 0.1192
-0.1786 -0.9092 0.2023
-0.1789 -0.6700 0.1914
-0.1822 0.2335 0.1049
-0.1773 0.1184 0.1278
-0.1640 -0.0021 0.1812
-0.1596 0.0518 0.1486
-0.1579 0.3040 0.1220
-0.1712 0.7633 0.1807
-0.1703 0.8159 0.1928
-0.1553 -1.4955 0.2359
-0.1635 -1.3007 0.3100
-0.1546 -1.4610 0.2328
-0.1550 0.2162 0.1073
-0.1481 -0.2715 0.4123
-0.1447 0.1316 0.1200
-0.1403 0.1674 0.1128
-0.1432 0.5236 0.2410
-0.1208 0.0813 0.1338
-0.1392 -0.3846 0.4091
-0.1280 0.6612 0.1810
-0.1304 -0.7400 0.1331
-0.1231 0.9401 0.2284
-0.1218 0.2677 0.1153
-0.1230 -0.9530 0.2113
-0.1113 -0.6748 0.1301
-0.1142 -1.5336 0.2659
-0.1066 0.0050 0.1369
-0.1068 -0.8414 0.1434
-0.1028 -0.6269 0.1720
-0.0997 0.8766 0.1841
-0.1004 -0.7852 0.1176
-0.0964 -0.7213 0.1147
-0.1005 0.2392 0.1096
-0.1020 0.6028 0.1845
-0.0984 -0.7594 0.1146
-0.0963 0.2594 0.1169
-0.0902 -0.8617 0.1485
-0.0854 -0.9763 0.2246
-0.0773 0.8547 0.1798
-0.0675 -0.0025 0.1244
-0.0738 0.1957 0.1174
-0.0729 0.6502 0.1725
-0.0782 -0.6605 0.1380
-0.0606 0.2740 0.1462
-0.0543 0.1740 0.1254
-0.0494 0.0243 0.1202
-0.0388 -0.6185 0.2011
-0.0373 0.0776 0.1159
-0.0442 -0.7597 0.1220
-0.0466 0.1456 0.1219
-0.0471 -0.8545 0.1529
-0.0358 0.7199 0.2025
-0.0342 -0.0863 0.2101
-0.0335 0.6311 0.1633
-0.0284 0.9135 0.1575
-0.0306 -1.4776 0.2679
-0.0278 -0.7891 0.1246
-0.0342 -0.0275 0.1455
-0.0223 0.1322 0.1134
-0.0228 0.5678 0.1653
-0.0093 0.0081 0.1291
-0.0167 -0.7402 0.1427
-0.0155 -1.2463 0.2257
-0.0009 0.0647 0.1154
-0.0114 0.4789 0.2018
0.0086 0.1218 0.1095
0.0030 0.9314 0.1489
0.0031 -1.4207 0.2711
0.0018 -1.1526 0.1919
0.0160 0.6172 0.1641
0.0138 0.2791 0.1882
0.0337 0.0784 0.1164
0.0280 -1.2556 0.2059
0.0280 0.8913 0.1443
0.0349 0.9517 0.1423
0.0331 0.7852 0.2166
0.0355 -0.8390 0.2015
0.0546 0.1335 0.1193
0.0454 -1.0859 0.1809
0.0421 -1.0509 0.2071
0.0483 -0.7685 0.1954
0.0507 0.1899 0.1482
0.0636 -1.2644 0.2046
0.0612 -1.1831 0.1538
0.0721 0.4110 0.1599
0.0644 0.5988 0.1736
0.0677 -1.5320 0.3493
0.0697 0.4949 0.1524
0.0764 0.9293 0.1160
0.0857 0.3651 0.1652
0.0883 0.5482 0.1643
0.0948 0.0106 0.1249
0.0897 0.0803 0.1221
0.1002 0.4383 0.1543
0.0998 0.9552 0.1281
0.1002 0.1120 0.1231
0.1072 0.9223 0.1162
0.1049 -0.3619 0.3642
0.1083 0.4131 0.1562
0.1079 -0.6701 0.2976
0.1095 -0.0385 0.1353
0.1148 0.5171 0.1661
0.1175 0.0167 0.1111
0.1121 0.2126 0.1555
0.1159 0.6756 0.2046
0.1213 -0.4288 0.3740
0.1267 -1.1640 0.1341
0.1241 0.1587 0.1375
0.1286 0.2889 0.1590
0.1321 -1.1189 0.1206
0.1426 -0.0520 0.1162
0.1398 0.3206 0.1525
0.1370 0.8884 0.1263
0.1610 0.1466 0.1363
0.1406 0.9597 0.1433
0.1438 -1.1869 0.1461
0.1495 0.9297 0.1281
0.1583 -1.1180 0.1203
0.1609 -1.0893 0.1247
0.1582 0.0006 0.1005
0.1630 0.0705 0.1215
0.1561 0.7438 0.1451
0.1531 0.8316 0.1248
0.1657 -0.0993 0.1535
0.1675 0.7851 0.1210
0.1641 -0.3184 0.3255
0.1706 0.0227 0.1070
0.1815 -1.0097 0.1659
0.1815 0.2678 0.1535
0.1927 -0.0164 0.1084
0.1828 -1.1232 0.1288
0.2001 -1.5294 0.4373
0.1944 -0.4109 0.3758
0.2227 -0.0613 0.1297
0.1936 0.8175 0.1078
0.1956 -1.0911 0.1337
0.2063 -0.9826 0.1745
0.2099 0.7630 0.1173
0.2087 0.8419 0.1202
0.2097 -0.0951 0.1471
0.2112 0.3342 0.1642
0.2063 0.5229 0.2400
0.2058 0.7902 0.1060
0.2087 0.0523 0.1209
0.2241 0.1359 0.1371
0.2415 0.1035 0.1278
0.2283 -1.2335 0.2387
0.2377 -0.0201 0.1247
0.2301 0.9384 0.1659
0.2474 0.8048 0.1207
0.2377 0.2704 0.1713
0.2376 0.6814 0.1966
0.2428 0.1698 0.1586
0.2536 0.3045 0.1700
0.2595 -1.0453 0.1679
0.2687 -0.9349 0.1720
0.2850 -0.0104 0.1407
0.2732 0.9158 0.1758
0.2839 0.9533 0.2135
0.2793 0.0792 0.1246
0.2834 -1.3847 0.3827
0.2819 -0.9827 0.1606
0.2874 0.4132 0.2075
0.2969 -0.1450 0.2384
0.2968 0.0493 0.1227
0.2967 0.7956 0.1492
0.3067 0.8185 0.1576
0.3053 0.3824 0.1940
0.3125 0.1334 0.1460
0.3053 -0.9052 0.1664
0.3285 0.0213 0.1395
0.3471 0.6540 0.2107
0.3432 -0.9905 0.1848
0.3522 -0.9379 0.1609
0.3561 -0.8048 0.1935
0.3567 -0.2246 0.2906
0.3748 0.0713 0.1351
0.3616 0.3337 0.2123
0.3581 0.7008 0.1965
0.3587 0.0360 0.1425
0.3640 0.7966 0.2096
0.3807 0.1231 0.1373
0.3831 -0.7567 0.2368
0.3838 0.3882 0.2064
0.3908 -0.8381 0.1668
0.4106 0.4725 0.1834
0.4094 -0.9198 0.1817
0.4123 0.1016 0.1321
0.4164 -0.8592 0.1751
0.4241 -0.8127 0.2046
0.4168 -0.3331 0.3017
0.4331 0.5749 0.1606
0.4333 0.5256 0.1661
0.4485 0.1244 0.1262
0.4374 0.6718 0.1947
0.4464 -1.3839 0.3097
0.4529 0.1758 0.1330
0.4673 0.4184 0.1984
0.4787 0.5874 0.1529
0.4773 -0.2750 0.2365
0.4691 0.1596 0.1208
0.4875 0.5490 0.1481
0.4761 0.6508 0.1785
0.4778 0.1447 0.1220
0.4801 -1.1152 0.4018
0.4866 -0.6113 0.2747
0.4905 0.2301 0.1607
0.5000 -1.3607 0.2590
0.5065 -0.2453 0.2207
0.4998 0.0282 0.1697
0.5132 -0.0106 0.1814
0.5253 0.1513 0.1293
0.5173 -0.5603 0.2339
0.5290 -0.1539 0.2015
0.5171 0.4707 0.1680
0.5270 -0.0450 0.1901
0.5316 0.0080 0.1807
0.5486 0.5411 0.1586
0.5635 0.2363 0.1472
0.5554 -0.6559 0.2241
0.5657 0.1648 0.1359
0.5560 -0.1372 0.1940
0.5634 0.4354 0.2065
0.5635 0.8248 0.2095
0.5601 -1.4514 0.2002
0.5683 -0.2480 0.2221
0.5755 0.2114 0.1364
0.5932 -0.4916 0.1641
0.5867 -0.4516 0.1661
0.5888 -0.1227 0.2020
0.5875 0.5928 0.1671
0.6031 0.7507 0.1770
0.6096 0.1821 0.1458
0.6007 0.6781 0.1851
0.6009 0.8575 0.1908
0.6158 -1.4076 0.1410
0.6039 -0.3867 0.1773
0.6152 -0.4513 0.1491
0.6217 -1.4429 0.1449
0.6260 0.4972 0.1994
0.6266 -0.7416 0.2571
0.6237 0.0024 0.2070
0.6251 0.7207 0.1806
0.6335 0.6116 0.1799
0.6426 -1.3375 0.1416
0.6380 -0.4784 0.1519
0.6487 -0.3997 0.1655
0.6515 0.7945 0.1616
0.6536 -1.3799 0.1195
0.6480 0.3075 0.1504
0.6454 0.3297 0.1641
0.6579 0.1214 0.1864
0.6534 0.2637 0.1403
0.6715 -0.6341 0.1421
0.6571 0.2159 0.1445
0.6657 -1.4546 0.1353
0.6657 0.5727 0.2028
0.6683 0.8509 0.1574
0.6697 0.3313 0.1615
0.6737 -0.4264 0.1640
0.6698 0.9488 0.2236
0.6740 -1.4984 0.1669
0.6875 -0.6656 0.1555
0.6804 -0.5898 0.1419
0.6969 0.8238 0.1634
0.6960 -0.6171 0.1336
0.6930 -1.3202 0.1255
0.7124 -1.2848 0.1473
0.7142 -1.5305 0.2080
0.7102 -1.3534 0.1116
0.7102 -0.5710 0.1475
0.7186 -1.3910 0.1194
0.7183 -0.6271 0.1393
0.7159 -0.3517 0.2215
0.7189 0.8560 0.1634
0.7269 -1.4171 0.1298
0.7245 -0.1916 0.2941
0.7271 0.0043 0.2264
0.7286 0.2492 0.1649
0.7275 -1.3361 0.1142
0.7287 0.0665 0.1891
0.7419 0.1652 0.1837
0.7428 0.3880 0.1674
0.7356 0.5635 0.2401
0.7482 -0.5961 0.1515
0.7558 -0.3032 0.2750
0.7623 0.9558 0.2129
0.7822 -1.4605 0.1640
0.7735 0.2953 0.1632
0.7835 -1.2937 0.1435
0.7825 0.4051 0.1501
0.7918 0.0192 0.2072
0.7855 0.8919 0.1696
0.7967 -1.2060 0.2143
0.7974 -1.4009 0.1489
0.7996 0.1008 0.1830
0.8135 0.3046 0.1554
0.7975 0.4328 0.1614
0.8211 0.3938 0.1377
0.8135 -1.2933 0.1609
0.8088 -0.6679 0.1981
0.8256 0.1624 0.1908
0.8253 0.8284 0.1773
0.8293 0.9562 0.2295
0.8302 -1.2377 0.1890
0.8331 -0.5257 0.2584
0.8375 -1.3934 0.1715
0.8499 0.8336 0.1856
0.8578 -1.4749 0.1799
0.8623 0.0511 0.1977
0.8565 0.7033 0.2182
0.8678 0.3198 0.1643
0.8684 -0.6902 0.2500
0.8669 0.4589 0.1623
0.8676 0.6422 0.2038
0.8832 -0.1185 0.2517
0.8735 0.3530 0.1521
0.8746 0.2523 0.1997
0.8866 0.7921 0.2105
0.8870 0.4390 0.1537
0.8890 0.6388 0.1914
0.9023 -0.0725 0.2275
0.8982 0.1422 0.2352
0.9050 -1.5223 0.1971
0.9166 0.5685 0.1532
0.9115 0.8717 0.2343
0.9140 -0.6280 0.2699
0.9212 -0.2624 0.3136
0.9297 -1.4630 0.1762
0.9387 -0.0570 0.2320
0.9537 0.5262 0.1190
0.9479 -1.5206 0.1945
0.9492 0.5672 0.1389
0.9624 0.4423 0.1316
0.9486 -1.2661 0.1880
0.9551 -1.2099 0.1944
0.9481 -1.1897 0.2052
0.9804 0.3828 0.1699
0.9630 -0.0097 0.2327
0.9660 -1.4095 0.1995
0.9727 -0.8695 0.4262
0.9652 -0.7236 0.3087
0.9824 0.4988 0.1076
1.0095 0.4595 0.1151
0.9846 -1.2497 0.1927
0.9888 0.5288 0.1097
1.0058 -1.5332 0.2199
1.0040 -0.0141 0.2724
1.0027 0.6831 0.2101
1.0236 0.4076 0.1556
1.0195 0.5055 0.1112
1.0299 0.5558 0.1398
1.0204 -1.2999 0.2084
1.0390 -0.8099 0.4189
1.0469 -1.5067 0.2184
1.0650 0.5115 0.1408
1.0488 -1.1661 0.2645
1.0481 -0.2919 0.3036
1.0580 0.2788 0.2803
1.0582 0.7069 0.2215
1.0653 0.1689 0.3470
1.0749 0.4207 0.1754
1.0722 -0.3240 0.3018
1.0787 -1.4120 0.2275
1.0791 -0.5679 0.3403
1.0797 0.6706 0.2237
1.0924 0.8681 0.1856
1.0892 0.8184 0.1749
1.1071 0.9388 0.2499
1.1000 0.8043 0.1798
1.1171 0.8999 0.2112
1.1205 -1.4836 0.2778
1.1209 -0.3547 0.3239
1.1286 0.8231 0.1905
1.1343 -0.5161 0.3495
1.1264 -0.4579 0.3255
1.1238 -1.3330 0.2738
1.1300 0.5197 0.2186
1.1272 -1.1478 0.3491
1.1392 -0.2828 0.3451
1.1406 0.9315 0.2581
