points 
 2 
 1 
Tumour[19065]FoxP310NNCodensity
-1.4791 -0.3344 0.3493
-1.4818 1.1418 0.4275
-1.4499 -0.3266 0.3229
-1.4339 -0.6560 0.4530
-1.4317 -0.3209 0.3146
-1.3903 -0.4357 0.2554
-1.3711 -0.4339 0.2499
-1.3683 1.1689 0.2698
-1.3637 1.3290 0.3422
-1.3509 -0.4518 0.2564
-1.3399 -0.4054 0.2580
-1.3353 1.2205 0.2358
-1.3204 1.1912 0.2261
-1.3041 0.7084 0.7429
-1.2631 -0.6974 0.4352
-1.2539 -1.0581 0.6961
-1.2515 1.1233 0.2392
-1.2514 1.2431 0.2213
-1.2277 0.0144 0.5005
-1.2169 -0.6776 0.4176
-1.1910 -0.3492 0.3548
-1.1895 0.0627 0.5295
-1.1883 -1.0597 0.6623
-1.1769 1.3099 0.2842
-1.1674 1.2327 0.2225
-1.1502 1.1361 0.2163
-1.1361 0.0411 0.4983
-1.1135 -0.2831 0.3938
-1.0881 1.0613 0.2814
-1.0795 1.1048 0.2456
-1.0757 1.1359 0.2350
-1.0361 -0.9178 0.4923
-1.0379 -0.2861 0.4136
-1.0353 1.2219 0.2806
-1.0089 -0.6034 0.3540
-0.9680 -0.0764 0.4240
-0.9599 -0.6788 0.3181
-0.9507 0.7330 0.4041
-0.9457 -0.1678 0.4034
-0.9078 -0.7154 0.3186
-0.9039 1.1020 0.2898
-0.8865 -0.1865 0.4168
-0.8491 1.0255 0.2627
-0.8446 0.7164 0.2925
-0.8452 -0.5889 0.2466
-0.8342 1.1344 0.3246
-0.8285 -0.6387 0.2453
-0.8239 -0.6578 0.2569
-0.8049 1.0013 0.2423
-0.8023 0.6294 0.3286
-0.7966 0.8815 0.2397
-0.7876 -0.5859 0.2450
-0.7820 0.8823 0.2326
-0.7715 0.6958 0.2570
-0.7286 -0.4478 0.2436
-0.7189 -0.4486 0.2373
-0.7139 1.0009 0.2390
-0.6972 0.7038 0.2383
-0.6925 0.9611 0.2258
-0.6786 0.8893 0.2153
-0.6650 -0.0692 0.3703
-0.6375 -0.3936 0.2400
-0.6263 0.7914 0.2091
-0.6263 -0.6289 0.3208
-0.6187 -0.4784 0.2260
-0.6095 0.6873 0.2698
-0.5900 -0.4841 0.2373
-0.5861 0.7951 0.2276
-0.5780 -0.4363 0.2370
-0.5756 1.0199 0.3260
-0.5678 0.7700 0.2510
-0.5566 -0.3930 0.2529
-0.5476 0.8426 0.2624
-0.5401 -0.2366 0.2937
-0.5216 -0.1974 0.2755
-0.5178 0.1495 0.3214
-0.5132 -0.0914 0.2332
-0.5021 1.1732 0.4490
-0.4976 0.4543 0.2991
-0.4868 0.2440 0.3012
-0.4840 0.0512 0.2694
-0.4717 -0.0196 0.2272
-0.4753 0.4842 0.2911
-0.4717 -1.0176 0.8560
-0.4578 -0.0083 0.2287
-0.4351 0.3307 0.2725
-0.4180 -0.1111 0.2100
-0.4032 -0.1331 0.2156
-0.4031 -0.6429 0.4462
-0.3989 0.5720 0.3017
-0.3801 0.2505 0.3108
-0.3740 0.4040 0.2582
-0.3648 0.3177 0.2907
-0.3598 1.1070 0.4718
-0.3527 0.6209 0.3372
-0.3260 -0.4151 0.2202
-0.3127 -0.3602 0.1972
-0.3001 -0.1331 0.2099
-0.2966 0.5341 0.2985
-0.2866 -0.0433 0.2238
-0.2841 1.1656 0.5738
-0.2806 -0.4210 0.1859
-0.2633 -0.0482 0.2233
-0.2618 1.1775 0.6060
-0.2572 -0.3616 0.1484
-0.2426 -0.3589 0.1438
-0.2438 -0.1473 0.1933
-0.2290 -0.4246 0.1723
-0.2286 -0.3947 0.1485
-0.2084 0.5420 0.3530
-0.2033 -0.1471 0.1871
-0.1864 -0.3191 0.1693
-0.1807 -0.1549 0.1880
-0.1597 -0.3184 0.1696
-0.1293 0.5142 0.3777
-0.1307 -0.1174 0.2159
-0.0970 -0.3137 0.1414
-0.0957 -0.1431 0.2090
-0.0658 -0.3043 0.1217
-0.0506 -0.2347 0.1453
-0.0396 -0.2704 0.1140
-0.0346 -0.3765 0.1697
-0.0188 -0.2757 0.1059
-0.0211 0.7588 0.4159
-0.0178 -0.2595 0.1154
0.0063 -0.3282 0.1228
0.0250 -0.2909 0.1149
0.0369 0.5532 0.3197
0.0437 -0.4411 0.2219
0.0619 -0.3097 0.1271
0.0772 0.6751 0.2929
0.0858 0.5332 0.3215
0.0903 -0.2839 0.1201
0.0947 -0.4320 0.2075
0.0992 -0.1200 0.2904
0.0996 -0.3268 0.1217
0.1262 -0.2579 0.1240
0.1402 0.6726 0.2802
0.1603 -0.3633 0.1446
0.1597 -0.2891 0.1045
0.1726 -0.3320 0.1235
0.1683 -0.2843 0.1052
0.1712 -0.2582 0.1182
0.2137 0.6486 0.2844
0.2109 0.6234 0.2893
0.2229 -0.2423 0.1323
0.2393 -0.3498 0.1432
0.2544 -0.2468 0.1358
0.2673 -0.4050 0.1653
0.2677 0.5864 0.3444
0.2740 -0.2480 0.1399
0.2799 0.7729 0.3535
0.3019 -0.3342 0.1279
0.3012 -0.2436 0.1480
0.3054 -0.3477 0.1323
0.3177 -1.0943 0.4951
0.3217 -0.4501 0.2084
0.3251 -0.4600 0.2221
0.3471 -0.0881 0.3291
0.3536 -0.3198 0.1413
0.3592 -0.3284 0.1467
0.3860 -0.2785 0.1699
0.4250 0.9493 0.3398
0.4290 -1.0120 0.3181
0.4433 -0.0080 0.3594
0.4517 0.7675 0.4143
0.4646 -0.2981 0.1873
0.4824 0.1278 0.3621
0.4822 1.1447 0.3063
0.4850 0.8576 0.3504
0.4960 -1.1091 0.2972
0.4991 -1.0424 0.2499
0.5158 -0.3235 0.1910
0.5229 -0.2422 0.1859
0.5371 1.2316 0.3163
0.5440 1.0207 0.2187
0.5465 -0.2001 0.1897
0.5477 0.2490 0.3887
0.5495 1.0734 0.2108
0.5638 -1.0445 0.2141
0.5637 0.1728 0.3237
0.5661 -0.3795 0.2231
0.5732 -0.3082 0.1757
0.5894 -0.1449 0.1961
0.6028 -0.9719 0.1864
0.6099 -0.2686 0.1666
0.6161 -0.0903 0.2272
0.6275 1.0380 0.1792
0.6316 -0.9520 0.1790
0.6378 -0.9964 0.1781
0.6443 -0.5074 0.3410
0.6580 1.0269 0.1866
0.6599 1.3034 0.3564
0.6623 1.0029 0.2073
0.6676 -0.1831 0.1448
0.6762 -0.8754 0.2126
0.6769 0.1958 0.2840
0.6887 1.0790 0.1869
0.6938 -0.2308 0.1326
0.6925 -0.3577 0.1779
0.6924 1.0573 0.1920
0.6996 -0.9742 0.1736
0.7018 -0.1734 0.1503
0.7071 0.0093 0.2255
0.7095 -0.2961 0.1358
0.7068 1.0992 0.2066
0.7037 1.2088 0.2762
0.7115 -1.0059 0.1948
0.7134 -0.1584 0.1669
0.7230 -0.2639 0.1259
0.7290 -0.6901 0.3072
0.7291 0.1047 0.2026
0.7350 -0.3389 0.1557
0.7408 0.4091 0.4615
0.7409 -0.8410 0.2256
0.7499 -0.9912 0.2048
0.7526 -0.2111 0.1405
0.7517 0.0220 0.1980
0.7667 -0.3005 0.1371
0.7734 0.0532 0.1722
0.7886 -0.8589 0.2115
0.8083 -0.2840 0.1580
0.8127 -0.3780 0.1828
0.8122 1.3800 0.5397
0.8334 0.0623 0.1535
0.8382 -0.0672 0.1972
0.8457 -0.2328 0.1710
0.8540 0.0895 0.1437
0.8601 0.1176 0.1472
0.8609 -0.8913 0.2024
0.8677 0.1914 0.2141
0.8696 0.1510 0.1712
0.8765 -0.5492 0.1628
0.8746 -0.3804 0.1655
0.8757 -0.1709 0.1614
0.8834 -0.6154 0.1676
0.8906 -0.6897 0.1592
0.8866 -0.1563 0.1558
0.8913 -0.8891 0.2014
0.9027 -0.4503 0.1254
0.9047 0.1300 0.1765
0.9049 -0.7202 0.1509
0.9049 -0.1547 0.1522
0.9107 0.9177 0.5355
0.9140 -0.6853 0.1491
0.9169 0.4322 0.5218
0.9172 -0.8502 0.1737
0.9159 -0.4712 0.1172
0.9228 -0.3843 0.1438
0.9226 -0.0542 0.1666
0.9351 -0.7599 0.1476
0.9357 -0.5684 0.1464
0.9358 -0.5139 0.1234
0.9363 0.0750 0.1844
0.9442 -0.8113 0.1572
0.9466 -0.2764 0.2006
0.9497 -0.0644 0.1705
0.9493 -0.6415 0.1628
0.9513 -0.5081 0.1246
0.9514 -0.0213 0.1880
0.9603 -0.4398 0.1195
0.9633 -0.8092 0.1671
0.9662 -0.4894 0.1235
0.9651 -0.2001 0.2031
0.9834 -0.3855 0.1574
0.9894 -0.0918 0.1998
0.9887 -0.4041 0.1503
0.9998 -0.7400 0.1929
