points 
 2 
 1 
Tumour[19065]CD6810NNCodensity
-1.5341 -1.1392 0.2336
-1.5362 -0.9855 0.1641
-1.5456 -0.8487 0.2218
-1.5352 -0.2605 0.3739
-1.5237 -0.2305 0.3804
-1.5265 -0.8180 0.2229
-1.4968 -1.0946 0.1641
-1.5153 -0.9651 0.1519
-1.5119 -0.7689 0.2421
-1.4941 -0.9877 0.1298
-1.4963 -0.5925 0.3754
-1.4905 -1.0309 0.1252
-1.4894 -0.3024 0.3234
-1.4679 -0.7674 0.2420
-1.4749 -0.6854 0.2880
-1.4498 -0.9597 0.1457
-1.4480 0.0315 0.6734
-1.4457 -1.0037 0.1177
-1.4334 -1.0973 0.1378
-1.4278 -0.9863 0.1300
-1.4011 -1.0581 0.1187
-1.3977 -0.2844 0.2940
-1.3878 -1.1408 0.1626
-1.3785 -0.3568 0.2795
-1.3749 -1.0822 0.1175
-1.3492 -1.0751 0.1156
-1.3443 -0.7795 0.2586
-1.3552 -1.0238 0.1375
-1.3477 -0.3117 0.2919
-1.3327 -1.1222 0.1344
-1.3050 -1.0655 0.1225
-1.2878 -0.3541 0.3062
-1.2638 -1.0389 0.1350
-1.2433 -1.1348 0.1501
-1.2595 -1.0890 0.1252
-1.2568 -0.4415 0.3074
-1.2519 -0.7800 0.2109
-1.2501 -0.6631 0.2140
-1.2406 -0.6815 0.1968
-1.2042 -1.1261 0.1373
-1.2172 -1.0540 0.1126
-1.2156 -0.4936 0.2989
-1.2097 -0.8131 0.2142
-1.1848 -1.0057 0.1297
-1.1969 -0.6769 0.1873
-1.1919 -0.9717 0.1692
-1.1757 -1.0329 0.1131
-1.1645 -1.1016 0.1169
-1.1444 -1.0730 0.1100
-1.1408 -1.0472 0.1136
-1.1392 -0.7337 0.1821
-1.1380 -0.6999 0.1812
-1.1278 -0.7735 0.2089
-1.1124 -1.1516 0.1602
-1.0861 -1.0742 0.1117
-1.0826 -1.0044 0.1447
-1.0846 -1.1247 0.1327
-1.0786 -0.5114 0.3039
-1.0600 -0.7228 0.2257
-1.0392 -1.0905 0.1129
-1.0255 -1.0607 0.1036
-1.0165 -0.6024 0.2620
-1.0111 -1.0751 0.1105
-1.0121 -1.0468 0.1059
-1.0032 -1.0107 0.1202
-1.0015 -0.2943 0.5108
-0.9885 -0.9805 0.1479
-0.9753 -1.1153 0.1682
-0.9780 -0.6100 0.2846
-0.9369 -0.9492 0.1713
-0.9436 -0.9987 0.1556
-0.9247 -0.7458 0.2703
-0.9118 -0.4782 0.4248
-0.8903 -0.8599 0.1911
-0.8574 -0.9363 0.1766
-0.8390 -0.8264 0.2142
-0.8282 -0.8895 0.1846
-0.8268 -0.9511 0.1842
-0.7924 -0.8106 0.2442
-0.7504 1.0368 0.1745
-0.7603 1.0702 0.1502
-0.7581 1.1162 0.1374
-0.7619 1.2871 0.2633
-0.7493 -1.1467 0.2618
-0.7481 1.2123 0.1741
-0.7305 1.0860 0.1289
-0.7305 1.1328 0.1282
-0.7337 -1.0342 0.1676
-0.7174 1.0360 0.1665
-0.7170 -1.0518 0.1712
-0.7054 1.1554 0.1348
-0.7105 -0.9729 0.1925
-0.7045 -1.1138 0.2241
-0.7010 -1.0392 0.1746
-0.6834 1.2309 0.1751
-0.6615 1.1705 0.1541
-0.6718 -1.1051 0.2359
-0.6712 1.0256 0.1906
-0.6598 -0.9214 0.2614
-0.6353 1.2157 0.1800
-0.5807 1.1702 0.2049
-0.5532 0.9619 0.3394
-0.5130 1.2749 0.2111
-0.4999 1.2135 0.1827
-0.4700 1.2613 0.1922
-0.4385 1.2120 0.1651
-0.4371 1.0030 0.3000
-0.4131 -0.8421 0.4367
-0.4112 1.2559 0.1831
-0.3871 1.1767 0.1597
-0.3622 1.1759 0.1572
-0.3550 1.1417 0.1671
-0.3266 -0.8292 0.3942
-0.3205 1.0695 0.2133
-0.3192 -0.9348 0.3939
-0.3121 1.1428 0.1680
-0.2693 1.2496 0.2136
-0.2647 1.0334 0.2454
-0.2606 0.8106 0.3702
-0.2341 1.1430 0.1987
-0.2075 -0.8479 0.2942
-0.2073 1.2392 0.2398
-0.1929 0.5271 0.5129
-0.1878 -0.9027 0.2832
-0.1793 1.2747 0.2855
-0.1796 0.9171 0.2887
-0.1352 0.6678 0.3397
-0.1225 1.0897 0.2049
-0.1229 -0.8298 0.2829
-0.0821 1.1113 0.1847
-0.0649 0.8562 0.2203
-0.0574 0.7455 0.2549
-0.0532 1.0549 0.1586
-0.0375 1.1284 0.1847
-0.0418 1.0914 0.1613
-0.0368 -0.8669 0.2875
-0.0356 0.8305 0.2179
-0.0225 0.7732 0.2426
-0.0216 0.9279 0.2076
-0.0097 -0.8708 0.2970
-0.0032 0.7322 0.2892
0.0125 1.0046 0.1698
0.0045 -0.9492 0.3094
0.0308 1.0345 0.1665
0.0359 0.2228 0.3441
0.0310 0.9831 0.1841
0.0354 -0.9460 0.3274
0.0387 1.0929 0.1899
0.0488 0.1641 0.3252
0.0579 1.2604 0.3675
0.0680 -0.9211 0.3488
0.0744 0.3289 0.3572
0.1085 0.1590 0.2749
0.1202 -0.5049 0.3593
0.1174 0.1797 0.2654
0.1262 -0.4072 0.3261
0.1577 -0.3546 0.3057
0.1630 0.9462 0.2071
0.1704 0.9989 0.2154
0.2021 0.9459 0.1953
0.2058 -0.1088 0.2002
0.2158 -0.0749 0.1757
0.2334 0.3327 0.2397
0.2308 0.9182 0.1820
0.2486 0.0162 0.1676
0.2612 -1.1054 0.5210
0.2855 0.8592 0.1825
0.2858 0.8854 0.1707
0.2934 -0.0703 0.1086
0.2967 -0.0330 0.1128
0.3084 0.2002 0.1697
0.3022 0.9923 0.1997
0.2966 1.1251 0.3344
0.3042 -0.0939 0.1136
0.3049 -0.0074 0.1236
0.3185 0.0821 0.1772
0.3076 0.1403 0.1993
0.3103 -0.2689 0.2168
0.3249 -0.5562 0.1727
0.3168 -0.3296 0.2137
0.3245 -0.4101 0.1848
0.3270 -0.0509 0.1083
0.3388 0.2731 0.1059
0.3260 0.8500 0.1800
0.3329 -0.5014 0.1590
0.3337 -0.4698 0.1632
0.3365 -0.1894 0.1551
0.3404 -0.0830 0.1078
0.3359 0.0428 0.1559
0.3403 0.3216 0.1108
0.3459 -0.3606 0.2035
0.3484 0.2995 0.0968
0.3605 0.8785 0.1645
0.3577 -0.6049 0.1603
0.3589 -0.1045 0.1131
0.3706 0.3534 0.1087
0.3668 -0.6370 0.1748
0.3655 -0.4651 0.1555
0.3639 -0.1831 0.1420
0.3665 0.2447 0.1091
0.3688 0.6132 0.3005
0.3750 0.2892 0.0868
0.3784 -0.1055 0.1239
0.3836 -0.5979 0.1506
0.3912 -0.1622 0.1354
0.3840 1.0135 0.2166
0.3889 0.3803 0.1131
0.3888 0.2654 0.0960
0.4002 0.4464 0.1243
0.4032 0.5179 0.1721
0.4083 0.2317 0.1355
0.4069 0.3495 0.1012
0.4103 -0.5361 0.1531
0.4125 0.0164 0.1942
0.4196 0.8431 0.1559
0.4192 0.2778 0.1102
0.4251 0.9535 0.1676
0.4344 0.5218 0.1728
0.4222 -0.6996 0.1875
0.4296 0.4226 0.1119
0.4262 -0.8048 0.2250
0.4383 0.9825 0.1868
0.4307 0.4744 0.1307
0.4416 -0.1797 0.1700
0.4387 -0.8632 0.2518
0.4391 0.3710 0.1173
0.4434 0.8272 0.1512
0.4488 0.3362 0.1292
0.4527 0.1073 0.1784
0.4566 -0.6597 0.1613
0.4631 0.4483 0.1278
0.4709 -0.4365 0.1956
0.4732 -0.1911 0.2084
0.4754 -0.4745 0.1809
0.4824 0.7713 0.1734
0.4804 0.9313 0.1526
0.4906 0.8365 0.1329
0.4951 -0.6511 0.1577
0.4994 -0.5535 0.1707
0.4978 -0.8573 0.2141
0.4982 0.1589 0.1349
0.5083 0.1329 0.1440
0.5021 0.4349 0.1655
0.5202 0.8103 0.1339
0.5155 0.9129 0.1443
0.5073 -0.1350 0.2260
0.5305 0.0981 0.1666
0.5245 -0.7386 0.1697
0.5306 0.1794 0.1302
0.5384 -0.9361 0.1967
0.5342 -0.4515 0.2108
0.5321 0.2071 0.1399
0.5368 0.2897 0.1928
0.5440 -0.5949 0.1706
0.5506 0.7805 0.1414
0.5472 0.1923 0.1372
0.5573 1.0886 0.2633
0.5591 -1.0300 0.1774
0.5586 -0.7227 0.1731
0.5670 0.8839 0.1390
0.5647 0.9249 0.1395
0.5763 -0.7684 0.2104
0.5774 -1.1019 0.2168
0.5788 -0.0051 0.2618
0.5835 -0.6512 0.1642
0.5913 0.7928 0.1308
0.5911 -0.9952 0.1470
0.5963 -0.5547 0.1809
0.5908 0.1603 0.1595
0.6051 -0.4549 0.2269
0.6069 0.9532 0.1324
0.6123 0.9827 0.1471
0.6194 -0.9950 0.1373
0.6128 -0.6507 0.1819
0.6234 0.8422 0.1303
0.6141 0.7509 0.1261
0.6179 -0.9392 0.1655
0.6314 -0.9669 0.1453
0.6429 -1.0738 0.1694
0.6388 -0.0539 0.3277
0.6467 0.2785 0.1889
0.6544 0.6996 0.1266
0.6519 0.7913 0.1138
0.6532 1.0675 0.2417
0.6531 0.9569 0.1321
0.6607 0.6476 0.1565
0.6706 0.2960 0.2061
0.6801 0.6704 0.1361
0.6668 0.7396 0.1072
0.6698 0.9234 0.1238
0.6777 0.8727 0.1199
0.6817 0.9489 0.1389
0.6805 -0.3251 0.3258
0.6808 -1.1149 0.2140
0.6805 0.8227 0.1142
0.6911 0.2011 0.1973
0.6985 -0.5280 0.2473
0.6933 0.7223 0.1146
0.7003 0.7559 0.1121
0.7146 0.5430 0.1741
0.7099 0.8661 0.1154
0.7105 -0.5779 0.2563
0.7097 0.1565 0.2302
0.7077 -1.0136 0.1640
0.7188 0.2798 0.2107
0.7520 0.8095 0.1253
0.7403 -0.9373 0.2157
0.7372 -1.0037 0.1789
0.7402 0.6098 0.1434
0.7475 0.7676 0.1356
0.7492 0.8449 0.1216
0.7616 0.4705 0.1458
0.7679 0.5952 0.1328
0.7671 -0.7691 0.2879
0.7728 -0.1914 0.3562
0.7644 0.3623 0.1757
0.7732 0.8470 0.1327
0.7740 0.9206 0.1657
0.7911 0.5610 0.1228
0.7856 0.4611 0.1295
0.7900 0.6475 0.1456
0.8050 -0.4329 0.3053
0.7973 0.1567 0.2861
0.8057 0.4195 0.1198
0.8233 -1.0864 0.2428
0.8341 0.5569 0.1145
0.8277 -1.0513 0.2279
0.8305 0.6464 0.1361
0.8388 0.4412 0.1082
0.8382 -0.8459 0.2901
0.8354 -0.2518 0.3627
0.8604 0.7391 0.1679
0.8379 0.5171 0.1122
0.8452 0.4126 0.1099
0.8494 -0.4014 0.3263
0.8559 0.8425 0.1673
0.8665 0.4835 0.1148
0.8631 0.5863 0.1171
0.8688 0.9052 0.2055
0.8692 0.4024 0.1027
0.8683 -0.7597 0.3250
0.8706 0.6576 0.1461
0.8694 0.3633 0.1180
0.8757 -0.6813 0.3278
0.8741 0.5356 0.1057
0.8851 -1.0730 0.2889
0.8955 0.0021 0.4374
0.9038 0.5499 0.1172
0.9013 0.6979 0.1708
0.9074 -0.6344 0.3544
0.9067 0.8920 0.2234
0.9120 0.3405 0.1303
0.9151 -0.2647 0.4208
0.9320 0.4589 0.1295
0.9178 0.4057 0.1038
0.9360 0.3690 0.1237
0.9337 0.5646 0.1465
0.9341 0.7310 0.2023
0.9302 0.7992 0.2081
0.9338 0.3410 0.1377
0.9357 0.4281 0.1223
0.9329 0.5207 0.1314
0.9437 0.2456 0.2593
0.9468 -0.9920 0.3435
