points 
 2 
 1 
Tumour[19065]CD6810NNCodensity
-1.8076 -0.7015 0.4149
-1.7961 -0.7424 0.3873
-1.7719 -1.2805 0.4677
-1.7712 -1.1583 0.3977
-1.7678 -0.6653 0.3939
-1.7670 -1.2272 0.4208
-1.7608 -1.3248 0.5137
-1.7113 -1.0804 0.3503
-1.7073 -0.7519 0.3247
-1.6411 -1.0205 0.3242
-1.6360 -0.9275 0.3110
-1.6015 -0.8017 0.3122
-1.5496 -0.9284 0.2931
-1.5229 -0.4836 0.5003
-1.4923 -0.8722 0.3077
-1.4886 -0.5638 0.4212
-1.4438 -0.6400 0.3858
-1.4132 -1.0318 0.2645
-1.3932 -1.1338 0.2832
-1.3800 -1.0650 0.2537
-1.3389 -1.1220 0.2568
-1.3355 -0.9773 0.2934
-1.3185 -0.7142 0.4211
-1.3139 -0.7623 0.4068
-1.2722 -1.1137 0.2535
-1.2164 -1.2125 0.2644
-1.2092 -1.1534 0.2700
-1.1774 -1.2975 0.3128
-1.1653 -1.3362 0.3536
-1.0880 -1.2942 0.3730
-1.0903 1.1326 1.8361
-1.0604 -1.3443 0.4343
-0.7723 -1.0257 0.3729
-0.7256 -1.1581 0.4512
-0.7173 -1.0155 0.3059
-0.6297 -0.8302 0.2462
-0.6239 -0.9025 0.1999
-0.5672 -0.9037 0.1639
-0.5527 -0.8858 0.1624
-0.5413 -0.7445 0.3187
-0.5349 -0.9281 0.1549
-0.5241 -0.9048 0.1545
-0.5072 -0.9373 0.1570
-0.4803 -0.9844 0.1756
-0.4351 -1.0879 0.2957
-0.4320 -1.0367 0.2345
-0.3816 -0.9317 0.2425
-0.3580 -0.9476 0.2699
-0.3217 -1.3276 0.6698
-0.1043 0.8835 0.2912
-0.1072 0.9340 0.2556
-0.0815 0.9896 0.2203
-0.0499 -0.8353 0.4249
-0.0215 0.9115 0.2054
-0.0200 0.4136 0.4166
-0.0043 0.9496 0.1727
0.0252 0.0328 0.4160
0.0292 0.6418 0.4362
0.0305 1.0304 0.1496
0.0389 -0.3554 0.4093
0.0451 1.0087 0.1425
0.0524 -0.3159 0.4381
0.0566 -0.6278 0.2156
0.0594 0.0747 0.3736
0.0605 0.5096 0.3460
0.0665 -0.8067 0.2829
0.0623 -0.4600 0.2965
0.0617 1.0299 0.1391
0.0782 1.0796 0.1563
0.0955 1.0235 0.1400
0.1055 -0.7003 0.1719
0.1140 0.2282 0.3431
0.1242 1.1282 0.1917
0.1320 -0.5843 0.1584
0.1261 0.9889 0.1719
0.1402 -0.6293 0.1280
0.1459 -0.6853 0.1407
0.1396 0.3199 0.3102
0.1478 0.2307 0.3353
0.1821 -0.7054 0.1528
0.1695 0.5112 0.2688
0.1586 1.0526 0.1573
0.1766 -0.6445 0.1196
0.1788 1.1243 0.1966
0.1808 -0.0539 0.3074
0.1974 -0.6052 0.1303
0.2150 -0.5412 0.1910
0.2213 0.0772 0.2930
0.2181 -0.6842 0.1425
0.2283 -0.5742 0.1575
0.2260 0.8985 0.1901
0.2333 -0.8446 0.3018
0.2390 1.0670 0.1761
0.2742 0.8838 0.1425
0.2520 -1.0259 0.4316
0.2532 0.5018 0.2098
0.2775 -0.6425 0.1416
0.2838 0.9240 0.1291
0.2861 0.4959 0.1907
0.2851 1.0669 0.1589
0.3007 -0.1000 0.2301
0.2890 0.4658 0.1754
0.3021 -1.1812 0.4420
0.3026 -0.6817 0.1582
0.3070 0.8448 0.1404
0.3118 1.0851 0.1560
0.3165 0.9246 0.1164
0.3181 -0.1388 0.2594
0.3137 0.9633 0.1212
0.3268 0.4633 0.1699
0.3345 0.9976 0.1132
0.3338 -0.6357 0.1599
0.3362 0.0370 0.2138
0.3419 0.8425 0.1272
0.3363 0.3871 0.1914
0.3392 -1.2769 0.4968
0.3457 -0.6711 0.1786
0.3471 1.0943 0.1517
0.3502 0.4178 0.1729
0.3579 -0.5898 0.2013
0.3656 0.9946 0.0965
0.3678 0.3925 0.1856
0.3762 0.8262 0.1299
0.3749 0.8847 0.1210
0.3715 -0.0809 0.1975
0.3765 0.7567 0.1887
0.3745 -0.3900 0.4223
0.3788 0.3704 0.2042
0.3937 -0.6500 0.2168
0.3821 0.9710 0.0899
0.4019 1.0236 0.0932
0.3907 0.0202 0.1898
0.3951 0.9909 0.0840
0.4012 -0.9175 0.3892
0.4030 -0.0147 0.1830
0.4015 0.9546 0.0963
0.4157 0.8076 0.1354
0.4289 0.8396 0.1251
0.4219 -0.0387 0.1931
0.4219 0.0401 0.2041
0.4292 1.0577 0.1097
0.4224 0.9179 0.1075
0.4254 1.1201 0.1616
0.4314 0.9878 0.0861
0.4460 0.5698 0.2998
0.4462 1.0274 0.0956
0.4619 0.9923 0.0971
0.4864 1.0942 0.1274
0.4620 0.8955 0.1121
0.4782 0.1752 0.2419
0.4591 0.7362 0.2091
0.4788 1.0439 0.1064
0.4822 0.2135 0.2460
0.4818 0.9595 0.1065
0.4799 -1.1020 0.3813
0.4829 0.8716 0.1238
0.4796 0.9169 0.1080
0.4969 -0.0950 0.2614
0.4975 -0.9940 0.4162
0.5108 0.9450 0.1204
0.5199 1.0377 0.1230
0.5510 -0.6551 0.2265
0.5229 0.1700 0.2208
0.5259 0.4115 0.2663
0.5333 1.1076 0.1471
0.5292 -1.2995 0.5105
0.5457 0.2082 0.2131
0.5431 1.1312 0.1667
0.5496 0.8202 0.1534
0.5565 1.0176 0.1431
0.5575 -1.3326 0.5649
0.5776 0.6592 0.2215
0.5616 0.3854 0.2595
0.5696 0.9067 0.1552
0.5698 0.8501 0.1528
0.5764 -0.6240 0.2112
0.5875 0.7837 0.1802
0.6142 1.0058 0.1637
0.5994 -1.1415 0.4644
0.6141 -0.6499 0.2298
0.6086 -0.6041 0.2183
0.6101 0.8151 0.1889
0.6112 -0.5386 0.2606
0.6271 1.1322 0.1786
0.6197 0.0236 0.2750
0.6242 0.3081 0.2346
0.6273 0.7324 0.2057
0.6364 0.6254 0.2314
0.6331 0.1083 0.2462
0.6490 -0.0674 0.3580
0.6429 0.9931 0.1836
0.6458 -0.5973 0.2477
0.6545 1.1051 0.1744
0.6644 0.1020 0.2681
0.6587 0.2985 0.2479
0.6728 -0.4942 0.3461
0.6763 -0.7663 0.3731
0.6671 0.5845 0.2600
0.6765 1.0345 0.1934
0.6780 1.1198 0.2065
0.6808 0.4985 0.2871
0.6827 0.2808 0.2661
0.6838 0.6089 0.2676
