points 
 2 
 1 
Tumour[19065]CD6810NNCodensity
-1.3029 -0.8313 0.2808
-1.3070 -0.7040 0.2354
-1.3041 -0.3161 0.1526
-1.2935 -0.2565 0.1349
-1.3095 -0.2135 0.1333
-1.3065 -0.1563 0.1222
-1.2932 -0.1019 0.1350
-1.2952 -0.0415 0.2026
-1.2834 -0.3571 0.1488
-1.3020 0.4961 0.2027
-1.2924 -0.1373 0.1144
-1.2933 -0.6482 0.2297
-1.2899 0.6237 0.2100
-1.2744 -0.8098 0.2433
-1.2868 0.4252 0.1813
-1.2752 0.3215 0.2152
-1.2587 -0.6553 0.2109
-1.2684 -0.1773 0.1038
-1.2626 -0.1261 0.1131
-1.2574 -1.4539 0.7594
-1.2574 0.7262 0.1745
-1.2588 -0.2862 0.1256
-1.2511 0.7735 0.1703
-1.2457 0.3836 0.1583
-1.2521 -0.3735 0.1403
-1.2495 -0.2210 0.1206
-1.2530 0.6162 0.1841
-1.2388 0.4940 0.1597
-1.2079 -0.1749 0.1202
-1.2292 -0.3279 0.1209
-1.2216 -0.1029 0.1366
-1.2052 -0.7668 0.2156
-1.2080 0.4498 0.1459
-1.2205 -0.6727 0.2093
-1.2090 -0.3479 0.1285
-1.2136 0.7846 0.1407
-1.2068 -0.6945 0.2085
-1.2171 -0.6059 0.2462
-1.2143 0.4871 0.1536
-1.2143 0.7292 0.1507
-1.2062 -0.2048 0.1287
-1.1933 -0.0426 0.1883
-1.1977 -0.4151 0.1769
-1.1977 0.8170 0.1376
-1.1830 0.2769 0.1668
-1.1972 0.3316 0.1543
-1.1757 0.5913 0.1556
-1.1420 0.6149 0.1426
-1.1772 0.9386 0.1689
-1.1701 0.2252 0.1877
-1.1639 0.6827 0.1477
-1.1663 0.8684 0.1302
-1.1638 -0.3758 0.1557
-1.1624 0.8857 0.1330
-1.1567 0.4103 0.1385
-1.1508 -0.3374 0.1551
-1.1416 -0.1540 0.1517
-1.1367 0.4171 0.1465
-1.1391 -0.1767 0.1564
-1.1402 0.8480 0.1355
-1.1361 -0.2299 0.1735
-1.1206 0.3552 0.1375
-1.1305 0.8031 0.1510
-1.1182 0.5594 0.1770
-1.1194 0.9606 0.1368
-1.1024 0.9022 0.1318
-1.1050 0.2792 0.1437
-1.0977 0.3820 0.1464
-1.1135 0.6931 0.1416
-1.1108 -0.9282 0.2815
-1.0970 0.6519 0.1319
-1.1035 -0.0466 0.2147
-1.1050 0.1698 0.2280
-1.0894 1.0046 0.1642
-1.0917 -0.0962 0.1892
-1.0928 0.7179 0.1492
-1.0923 0.2182 0.1728
-1.0865 0.5881 0.1631
-1.0764 -0.9035 0.2651
-1.0728 0.2896 0.1485
-1.0679 -0.3237 0.1791
-1.0699 0.3940 0.1675
-1.0563 0.9282 0.1426
-1.0586 -0.4071 0.2099
-1.0547 -0.0531 0.2363
-1.0402 1.0090 0.1761
-1.0386 0.9861 0.1588
-1.0300 0.9394 0.1592
-1.0271 0.2397 0.1887
-1.0319 0.6616 0.1338
-1.0192 -0.8814 0.2774
-1.0267 -0.3144 0.2006
-1.0064 -0.4026 0.2487
-1.0109 -1.4793 0.4650
-0.9821 0.3510 0.2085
-1.0090 0.6998 0.1225
-0.9802 -0.9847 0.3297
-0.9980 0.7894 0.1857
-0.9986 -1.0315 0.3773
-0.9934 -0.3092 0.2240
-0.9922 0.7182 0.1265
-0.9702 0.6947 0.1224
-0.9676 -0.9381 0.2997
-0.9758 0.2906 0.2171
-0.9703 0.6515 0.1480
-0.9257 0.7144 0.1210
-0.9401 0.4656 0.2821
-0.9413 1.0103 0.2451
-0.9378 -1.3740 0.3750
-0.9240 0.0135 0.2462
-0.9222 0.6522 0.1472
-0.9048 -0.2087 0.2361
-0.9044 -0.7896 0.3420
-0.9058 0.7761 0.1327
-0.8874 0.0106 0.2179
-0.8635 0.7900 0.1201
-0.8662 0.7383 0.1149
-0.8624 0.7643 0.1123
-0.8660 -1.4448 0.3099
-0.8423 -0.6828 0.4477
-0.8388 0.8178 0.1351
-0.8511 -1.4285 0.2922
-0.8501 0.5223 0.2797
-0.8468 0.0843 0.2253
-0.8482 0.6969 0.1285
-0.8337 -0.2152 0.1672
-0.8266 0.7012 0.1349
-0.8218 0.6156 0.1984
-0.8144 0.9330 0.2110
-0.8098 -0.2006 0.1459
-0.8049 -0.2432 0.1607
-0.7968 -0.0683 0.1485
-0.8043 0.1192 0.2404
-0.7948 -0.0992 0.1369
-0.7940 0.8050 0.1347
-0.7928 0.9979 0.2534
-0.7665 0.7917 0.1414
-0.7850 0.0196 0.1812
-0.7833 0.6690 0.1787
-0.7548 -0.1592 0.1182
-0.7764 0.1904 0.2702
-0.7712 -0.0773 0.1294
-0.7682 0.8340 0.1614
-0.7512 0.9834 0.2292
-0.7512 -0.1148 0.1108
-0.7485 -1.4564 0.2722
-0.7280 -1.3480 0.2496
-0.6916 -0.2379 0.1038
-0.7264 -0.2112 0.1097
-0.7153 0.0316 0.2027
-0.7179 -1.3748 0.2378
-0.7161 -0.2576 0.1290
-0.7204 0.3046 0.2220
-0.6956 0.8016 0.1504
-0.7167 -0.8007 0.4122
-0.7065 -0.1154 0.1100
-0.7005 -0.8197 0.4208
-0.7038 -0.0935 0.1202
-0.6957 -0.2241 0.0986
-0.6907 0.7387 0.1435
-0.6899 -0.1451 0.1064
-0.6797 -0.1818 0.1016
-0.6797 0.9507 0.1889
-0.6646 0.3151 0.1649
-0.6422 -0.2148 0.1069
-0.6658 0.7333 0.1391
-0.6459 -0.2776 0.1317
-0.6506 -0.0763 0.1532
-0.6407 0.0087 0.2103
-0.6446 0.7502 0.1304
-0.6447 -1.4389 0.2593
-0.6414 -0.1795 0.1222
-0.6348 -1.3593 0.2396
-0.6325 0.3173 0.1393
-0.6271 0.4441 0.2165
-0.6206 0.2595 0.1682
-0.6166 0.7076 0.1429
-0.6163 -0.4154 0.2665
-0.5916 -0.2821 0.1514
-0.6114 0.9958 0.1775
-0.6016 0.7613 0.1239
-0.5977 0.8770 0.1574
-0.6109 0.9004 0.1557
-0.6033 0.7843 0.1331
-0.6016 -0.2358 0.1333
-0.5855 -0.0925 0.1847
-0.5878 0.3166 0.1302
-0.5937 0.9542 0.1456
-0.5948 -1.2263 0.3224
-0.5922 0.2867 0.1408
-0.5881 0.3399 0.1324
-0.5578 0.6836 0.1647
-0.5658 0.4573 0.1960
-0.5559 0.0559 0.2596
-0.5449 -0.2812 0.1787
-0.5582 -0.9184 0.5274
-0.5575 0.5405 0.2373
-0.5552 1.0070 0.1698
-0.5448 0.3396 0.1432
-0.5501 -1.3866 0.2263
-0.5519 -0.4121 0.2800
-0.5171 0.7945 0.1584
-0.5345 -0.1142 0.2200
-0.5258 -0.3128 0.2032
-0.5337 0.7289 0.1515
-0.5291 0.8708 0.1505
-0.5288 -0.6655 0.5035
-0.5248 0.9358 0.1295
-0.5151 0.1162 0.2483
-0.5018 0.7740 0.1618
-0.4982 0.3504 0.1531
-0.4991 0.9516 0.1257
-0.4765 0.2510 0.1997
-0.4769 -1.3682 0.1970
-0.4714 0.4712 0.1861
-0.4704 0.6103 0.2046
-0.4541 0.3638 0.1708
-0.4609 0.9446 0.1221
-0.4618 0.9974 0.1456
-0.4551 -0.2007 0.2130
-0.4538 0.6598 0.1916
-0.4389 -1.3338 0.1806
-0.4377 0.9059 0.1387
-0.4248 0.9525 0.1355
-0.4354 -1.4796 0.2724
-0.4381 0.4270 0.1679
-0.4168 -1.2692 0.2056
-0.4252 0.1766 0.1754
-0.4331 0.3882 0.1709
-0.4214 -1.4065 0.1957
-0.4215 0.1027 0.2210
-0.4194 0.6330 0.1947
-0.4167 0.8089 0.1889
-0.4135 -0.1681 0.2257
-0.3976 0.9847 0.1696
-0.3746 0.8075 0.1845
-0.3904 0.9616 0.1608
-0.3846 -1.3401 0.1733
-0.3814 -0.2118 0.2015
-0.3746 0.1717 0.1558
-0.3597 0.2404 0.1321
-0.3545 -1.2526 0.1885
-0.3627 0.4704 0.1662
-0.3225 -1.3117 0.1699
-0.3437 0.6374 0.1652
-0.3417 0.2030 0.1309
-0.3365 0.4840 0.1642
-0.3360 0.5476 0.1631
-0.3253 0.7266 0.1534
-0.3307 0.2550 0.1259
-0.3221 -0.2097 0.1809
-0.3292 0.2864 0.1457
-0.3233 0.4619 0.1714
-0.3212 -0.3037 0.2043
-0.3142 -1.3991 0.2135
-0.3156 0.1905 0.1359
-0.3108 0.8673 0.1754
-0.2966 0.5214 0.1633
-0.2921 -0.2890 0.1838
-0.2912 -0.2396 0.1711
-0.2909 0.2821 0.1441
-0.2868 0.6861 0.1385
-0.2844 -1.2056 0.1648
-0.2813 0.6336 0.1490
-0.2781 0.7796 0.1288
-0.2720 0.7320 0.1281
-0.2674 0.8495 0.1388
-0.2576 0.2726 0.1547
-0.2553 -1.1183 0.1870
-0.2554 0.3184 0.1803
-0.2409 -1.2563 0.1506
-0.2442 0.5620 0.1760
-0.2479 0.7301 0.1251
-0.2431 0.0801 0.2021
-0.2274 -1.2746 0.1577
-0.2377 0.1595 0.1745
-0.2347 -0.1403 0.2016
-0.2359 -1.1349 0.1641
-0.2324 0.1265 0.1793
-0.2298 0.6571 0.1417
-0.2245 0.8157 0.1081
-0.2291 0.8428 0.1171
-0.2143 -1.1987 0.1355
-0.2195 -1.4101 0.2333
-0.2152 -0.3551 0.2112
-0.2170 -0.3172 0.1903
-0.2031 -0.5517 0.2988
-0.1845 0.8010 0.1059
-0.1981 -0.9830 0.2259
-0.1995 0.0487 0.1996
-0.2000 -1.2956 0.1728
-0.1857 -1.1143 0.1649
-0.1883 0.7419 0.1278
-0.1875 0.8543 0.1201
-0.1890 0.4635 0.1681
-0.1771 0.8334 0.1072
-0.1851 0.4104 0.1760
-0.1764 -0.9573 0.2409
-0.1824 -0.1866 0.1663
-0.1655 -0.1517 0.1581
-0.1655 -0.4583 0.2215
-0.1581 -0.1781 0.1574
-0.1602 -1.4134 0.2414
-0.1422 -0.3309 0.2143
-0.1589 0.6344 0.1310
-0.1556 0.4592 0.1711
-0.1550 -1.2063 0.1582
-0.1473 -1.1180 0.1776
-0.1499 0.4847 0.1704
-0.1469 0.7749 0.1125
-0.1408 0.2991 0.2078
-0.1379 -0.5050 0.2174
-0.1381 0.1748 0.1765
-0.1335 0.6645 0.1083
-0.1319 0.8574 0.1436
-0.1273 0.0734 0.1777
-0.1314 0.6361 0.1197
-0.1326 -0.9106 0.2781
-0.1242 -1.2214 0.1830
-0.1292 0.6909 0.1095
-0.1241 -1.4761 0.3093
-0.1255 -0.0093 0.1928
-0.1158 0.7119 0.1159
-0.1214 -0.9301 0.2598
-0.1125 -1.0480 0.2130
-0.1058 0.4276 0.1772
-0.1101 -0.1607 0.1455
-0.1081 -0.0682 0.1700
-0.1107 0.8027 0.1270
-0.1046 0.7524 0.1280
-0.0777 -0.1870 0.1552
-0.0849 0.1584 0.1727
-0.0806 0.3186 0.2046
-0.0849 0.1921 0.1685
-0.0837 0.4369 0.1818
-0.0821 0.6073 0.1384
-0.0640 0.6314 0.1259
-0.0722 -0.2841 0.2093
-0.0662 -0.0483 0.1768
-0.0683 0.6522 0.1196
-0.0611 -0.5365 0.1940
-0.0539 -0.1209 0.1526
-0.0536 0.1144 0.1787
-0.0406 -0.4602 0.1955
-0.0404 0.8214 0.1641
-0.0139 -1.1730 0.1694
-0.0184 -0.5062 0.1827
-0.0127 0.7645 0.1257
-0.0220 -1.4240 0.2885
-0.0148 0.1384 0.1745
-0.0087 -0.2974 0.2232
-0.0022 -0.1385 0.1800
-0.0142 0.5666 0.2088
-0.0023 0.6867 0.1271
-0.0033 0.7305 0.1153
-0.0099 -0.6170 0.2183
0.0059 0.2719 0.1569
0.0012 -0.4133 0.2081
-0.0037 0.0142 0.2185
-0.0012 -0.7170 0.2892
0.0218 0.2228 0.1514
0.0116 -1.2301 0.1777
0.0237 -1.1647 0.1567
0.0225 0.7573 0.1121
0.0193 0.7153 0.1171
0.0206 -1.3991 0.2783
0.0360 -1.1915 0.1491
0.0214 -0.5902 0.2011
0.0214 -0.1800 0.2002
0.0424 0.2597 0.1414
0.0364 -1.2387 0.1731
0.0431 -1.0641 0.1926
0.0464 0.3948 0.1239
0.0570 0.8660 0.1720
0.0550 0.7444 0.1154
0.0542 -0.1021 0.2302
0.0599 0.3555 0.1163
0.0604 0.4598 0.1502
0.0589 0.6973 0.1430
0.0664 -1.0013 0.2369
0.0644 0.4250 0.1183
0.0782 -0.6173 0.2113
0.0755 0.3391 0.1148
0.1027 0.7728 0.1275
0.0945 0.8139 0.1319
0.0779 0.9511 0.2282
0.0861 0.2874 0.1319
0.0880 -0.4154 0.2428
0.0885 0.2362 0.1407
0.0967 0.1469 0.1636
0.1043 0.3913 0.1004
0.1032 -0.4545 0.2432
0.0996 0.1713 0.1482
0.1131 -1.1917 0.1425
0.0993 -1.1378 0.1512
0.0972 0.4272 0.1107
0.1124 -0.2998 0.2650
0.1368 -1.0494 0.1650
0.1280 0.3386 0.1247
0.1205 0.4759 0.1682
0.1356 -0.6310 0.2238
0.1379 0.1172 0.2010
0.1413 0.3825 0.1235
0.1459 0.8863 0.1332
0.1444 -1.1041 0.1557
0.1507 0.7961 0.1217
0.1499 0.9293 0.1634
0.1493 0.1670 0.1687
0.1610 0.7640 0.1463
0.1706 0.3551 0.1462
0.1591 0.5915 0.2776
0.1570 -1.3898 0.2724
0.1633 -1.2680 0.1966
0.1605 0.8209 0.1142
0.1745 -0.7816 0.2877
0.1707 -1.0131 0.1753
0.1780 -0.6840 0.2567
0.1817 -1.4777 0.3498
0.1788 -1.2087 0.1658
0.1916 0.8305 0.1187
0.1950 -1.1659 0.1557
0.2057 0.2023 0.1872
0.1962 0.9036 0.1343
0.2031 -1.2121 0.1773
0.2083 -0.6849 0.2725
0.2160 -0.0520 0.2420
0.2181 0.8198 0.1374
0.2395 -1.0871 0.1660
0.2335 -0.9830 0.1836
0.2469 -0.0496 0.2223
0.2632 -0.3198 0.1886
0.2443 -1.0440 0.1635
0.2408 -0.1453 0.2323
0.2472 0.8789 0.1248
0.2622 0.3933 0.1505
0.2660 0.2342 0.2081
0.2636 0.3114 0.1672
0.2661 0.3590 0.1507
0.2638 0.9383 0.1343
0.2694 -0.2900 0.1715
0.2718 -0.5413 0.3151
0.2742 0.4930 0.2054
0.2741 0.8882 0.1181
0.2735 -0.9586 0.1874
0.2812 0.1064 0.2531
0.2946 -0.9155 0.2021
0.3058 -0.2898 0.1471
0.2939 -1.3396 0.2507
0.2961 -0.0261 0.1951
0.2998 -1.1147 0.1846
0.2959 0.3996 0.1331
0.3171 0.8963 0.1097
0.3228 0.9236 0.1061
0.3207 0.2682 0.1931
0.3342 0.4145 0.1145
0.3468 -0.2620 0.1322
0.3465 -1.2754 0.2366
0.3372 1.0049 0.1544
0.3393 -1.4559 0.3393
0.3388 -0.8727 0.2222
0.3430 0.8933 0.1099
0.3470 0.9774 0.1251
0.3566 -0.0336 0.1798
0.3458 -0.3140 0.1408
0.3603 -1.0808 0.1640
0.3442 -0.2355 0.1465
0.3499 0.8167 0.1715
0.3562 -0.0811 0.1793
0.3528 0.9147 0.1077
0.3631 -1.1681 0.1847
0.3726 -0.2918 0.1335
0.3626 0.4181 0.1087
0.3694 -0.8669 0.2323
0.3770 0.3976 0.1032
0.3783 0.4787 0.1372
0.3807 -0.8369 0.2555
0.3928 -0.2377 0.1476
0.3959 -1.0297 0.1831
0.3959 -0.3965 0.2406
0.3951 0.4315 0.1005
0.4031 0.8259 0.1730
0.4090 0.3242 0.1572
0.4014 0.3563 0.1273
0.3993 -0.5552 0.3900
0.4226 -0.0277 0.1913
0.4144 1.0071 0.1518
0.4087 0.9448 0.1094
0.4124 0.4018 0.0992
0.4173 -1.0811 0.1598
0.4223 -1.2513 0.2247
0.4213 0.8966 0.1252
0.4257 -0.1193 0.1854
0.4393 -1.3849 0.2849
0.4414 0.5044 0.1397
0.4378 0.9347 0.1198
0.4398 0.9706 0.1316
0.4649 -0.2221 0.1708
0.4471 -1.1076 0.1627
0.4582 -1.1733 0.2008
0.4542 -0.0687 0.1885
0.4557 0.4552 0.1036
0.4684 -0.2629 0.1711
0.4573 -1.0700 0.1669
0.4628 0.3971 0.1146
0.4689 0.0017 0.1915
0.4777 0.5072 0.1261
0.4737 0.4247 0.1063
0.4826 0.9391 0.1609
0.4901 0.2527 0.2404
0.5069 -1.3268 0.2642
0.4977 -0.8267 0.2460
0.4928 -1.0287 0.1986
0.5013 0.4076 0.1240
0.4995 0.8773 0.1979
0.5055 0.4737 0.1093
0.5133 -0.2015 0.1937
0.5168 0.1253 0.2471
0.5306 0.5751 0.1548
0.5342 -0.2654 0.1911
0.5419 0.4612 0.1244
0.5666 0.5013 0.1328
0.5586 0.0456 0.1747
0.5529 0.5250 0.1269
0.5575 0.3882 0.1605
0.5682 -0.3506 0.2258
0.5775 0.0212 0.1618
0.5865 -1.0034 0.2243
0.5889 -1.3174 0.2742
0.5905 -0.7985 0.2160
0.5940 -0.0738 0.1911
0.5918 0.5712 0.1323
0.6070 0.3469 0.1945
0.6040 -1.0828 0.2121
0.6045 -0.7448 0.2426
0.6057 -0.4276 0.2862
0.6182 0.3021 0.2178
0.6332 -1.1629 0.2559
0.6109 0.5548 0.1294
0.6163 -0.0042 0.1631
0.6354 -0.0520 0.1780
0.6238 -0.8281 0.2121
0.6285 -0.2892 0.1948
0.6255 -1.3656 0.3030
0.6315 -0.2234 0.1787
0.6331 0.6263 0.1299
0.6412 -0.8695 0.2197
0.6383 0.0848 0.1803
0.6450 -1.0575 0.2370
0.6429 -0.7349 0.2393
0.6485 0.2653 0.2429
0.6448 0.5824 0.1248
0.6534 -0.9201 0.2400
0.6523 0.6908 0.1694
0.6737 -0.2052 0.1744
0.6561 0.0965 0.1869
0.6670 -0.1352 0.1910
0.6630 0.6180 0.1151
0.6673 -0.6785 0.2821
0.6962 -0.0120 0.1867
0.6744 -0.4490 0.2841
0.6818 -1.1456 0.2900
0.6974 0.6134 0.1154
0.7063 0.6576 0.1269
0.7087 0.4149 0.2142
0.7220 0.5750 0.1264
0.7183 -0.1715 0.1790
0.7358 -1.3868 0.3067
0.7230 -0.2806 0.1689
0.7287 0.9191 0.3235
0.7616 -0.2541 0.1537
0.7281 0.7536 0.1931
0.7367 0.3230 0.2450
0.7390 0.4742 0.1806
0.7510 0.0964 0.1491
0.7657 0.6073 0.1090
0.7564 0.6749 0.1339
0.7574 -0.5643 0.3383
0.7618 0.5473 0.1255
0.7790 0.1076 0.1398
0.8142 0.6501 0.1184
0.7882 0.0330 0.1506
0.8074 0.6813 0.1301
0.8129 -0.2331 0.1463
0.7982 -1.3380 0.2729
0.7939 0.4152 0.2336
0.7954 0.5400 0.1270
0.8039 -0.3031 0.1602
0.8132 0.8053 0.1832
0.8143 -0.2110 0.1541
0.8092 0.6075 0.1075
0.8184 -0.3849 0.2250
0.8153 0.0890 0.1168
0.8294 0.1264 0.1214
0.8340 0.7418 0.1471
0.8204 0.5718 0.1135
0.8280 0.1690 0.1326
0.8252 0.5571 0.1244
0.8375 0.0306 0.1388
0.8309 0.9935 0.3237
0.8402 -0.2433 0.1519
0.8353 -0.8616 0.2939
0.8571 0.8003 0.1568
0.8488 0.0944 0.1182
0.8590 -0.9374 0.3096
0.8630 -0.3604 0.2071
0.8657 -1.3494 0.2379
0.8713 -0.7113 0.3267
0.8644 -0.1455 0.2000
0.8717 0.0001 0.1598
0.8718 0.7128 0.1415
0.8880 0.1749 0.1001
0.8796 0.6076 0.1279
0.8839 0.2126 0.1109
0.9123 0.8625 0.1473
0.8950 0.1966 0.0949
0.8976 0.6390 0.1294
0.8995 -1.2737 0.2665
0.8979 -0.2963 0.1778
0.9010 0.6675 0.1353
0.9102 -1.4641 0.2440
0.9171 0.0776 0.1331
0.9329 0.8253 0.1163
0.9132 0.2139 0.0983
0.9136 0.0448 0.1401
0.9226 -0.9142 0.2807
0.9329 0.2030 0.0879
0.9336 -0.1396 0.1724
0.9373 0.6199 0.1634
0.9392 0.1701 0.0903
0.9448 0.7741 0.1298
0.9676 -0.2737 0.1822
0.9505 -0.0630 0.1522
0.9568 0.8602 0.1204
0.9636 0.1274 0.1095
0.9615 0.1839 0.0899
0.9739 0.8362 0.1003
0.9675 -1.1855 0.3186
0.9643 -0.6965 0.2881
0.9704 0.2175 0.1097
0.9714 -1.4550 0.2074
0.9691 -1.3914 0.1886
0.9773 -0.0442 0.1451
0.9943 -0.0704 0.1320
0.9731 0.3155 0.2071
0.9833 -1.1018 0.3375
0.9795 0.7865 0.1147
0.9844 -1.4188 0.1816
0.9968 -0.1508 0.1405
0.9842 0.1091 0.1173
0.9927 -0.0006 0.1473
0.9971 0.6509 0.1822
0.9903 0.0861 0.1293
1.0003 0.8115 0.1025
1.0204 0.8606 0.1240
0.9945 -0.2389 0.1541
1.0020 -0.5475 0.2919
1.0148 0.1884 0.1190
1.0161 0.1673 0.1129
1.0341 -0.1564 0.1284
1.0233 0.7587 0.1464
1.0237 -0.8477 0.2473
1.0249 -0.9228 0.2638
1.0266 0.3424 0.2312
1.0420 -0.4012 0.2534
1.0370 -0.2437 0.1528
1.0346 0.8296 0.1210
1.0354 0.9658 0.2041
1.0548 0.1123 0.1337
1.0542 0.6683 0.1868
1.0608 -1.3986 0.1602
1.0638 0.0180 0.1444
1.0787 -0.1643 0.1310
1.0685 0.8760 0.1441
1.0621 -0.1234 0.1228
1.0836 -0.2263 0.1515
1.0753 -0.2854 0.1800
1.0738 -0.0723 0.1273
1.0784 -0.8312 0.2448
1.0854 -1.3976 0.1606
1.0902 0.1953 0.1415
1.0947 -0.0559 0.1247
1.0943 0.0510 0.1366
1.1012 -0.6282 0.2191
1.1050 0.9519 0.1937
1.1066 0.1511 0.1304
1.1054 -1.4382 0.1869
1.1142 -0.1153 0.1211
1.1226 -0.7417 0.2234
1.1150 0.4871 0.2773
1.1148 0.5207 0.2638
1.1180 0.6679 0.1925
1.1208 0.8841 0.1690
1.1290 -1.3595 0.1946
1.1270 0.7457 0.1770
1.1207 -1.0209 0.3504
1.1204 -1.2315 0.2983
1.1256 -0.0043 0.1197
1.1234 -0.5230 0.2495
1.1290 0.7060 0.1867
1.1504 -1.4057 0.2076
1.1323 0.2959 0.1809
1.1266 0.3233 0.2031
1.1387 0.9601 0.2281
1.1461 -0.6214 0.2226
1.1451 0.2313 0.1457
1.1491 -1.3798 0.2052
1.1554 -0.0940 0.1242
1.1442 0.0846 0.1286
1.1693 -0.8280 0.2792
1.1549 -0.4619 0.2728
1.1708 -0.1380 0.1609
1.1643 -0.0136 0.1268
1.1587 0.1198 0.1383
1.1644 -0.6380 0.2283
1.1632 0.2627 0.1699
1.1724 0.5555 0.2742
1.1736 -0.7128 0.2423
1.1748 -0.3539 0.2698
1.1768 -0.0851 0.1392
1.1684 0.1425 0.1431
1.1759 0.2086 0.1554
1.1721 0.0423 0.1398
1.1724 0.8612 0.2113
1.1804 -0.2593 0.2315
1.1819 -0.0021 0.1408
1.1828 0.7237 0.2261
