points 
 2 
 1 
Tumour[19065]CD6810NNCodensity
-1.2533 -0.9911 0.3504
-1.2410 -0.7540 0.5232
-1.2445 -0.5556 0.5984
-1.2487 0.1765 0.1501
-1.2467 0.2051 0.1694
-1.2446 0.2262 0.1864
-1.2400 0.0938 0.1579
-1.2397 0.9992 0.2359
-1.2389 0.1498 0.1367
-1.2292 -1.1284 0.2402
-1.2265 -0.7823 0.4903
-1.2281 -1.2197 0.2428
-1.2237 1.0157 0.2106
-1.2198 -1.3062 0.3081
-1.2036 -0.0462 0.2006
-1.1979 -0.3370 0.4157
-1.2025 0.4648 0.4404
-1.1917 0.9675 0.2075
-1.1918 -0.0151 0.1815
-1.1972 0.1039 0.1408
-1.1915 0.1444 0.1353
-1.1976 0.2306 0.1901
-1.1778 1.0447 0.1701
-1.1747 -0.1972 0.2452
-1.1673 0.1116 0.1545
-1.1676 1.0633 0.1711
-1.1646 -1.2414 0.2078
-1.1654 0.4164 0.3772
-1.1458 0.0319 0.1700
-1.1488 -1.0274 0.2696
-1.1447 1.0957 0.1840
-1.1302 -1.2213 0.1863
-1.1288 -0.0618 0.1513
-1.1171 -1.1205 0.1876
-1.1201 -0.1741 0.1978
-1.1087 -0.0503 0.1482
-1.1036 -1.1557 0.1745
-1.0916 0.8087 0.3001
-1.0806 -1.1549 0.1783
-1.0760 1.0415 0.1505
-1.0752 1.0797 0.1565
-1.0715 -0.1056 0.1478
-1.0486 -0.0315 0.1460
-1.0579 0.9229 0.2001
-1.0484 0.8457 0.2381
-1.0436 -0.1611 0.1790
-1.0389 -0.1391 0.1620
-1.0301 0.8291 0.2524
-1.0151 1.0716 0.1230
-1.0142 -0.0615 0.1349
-1.0082 0.4372 0.4777
-0.9987 1.0068 0.1213
-1.0028 -1.2249 0.1847
-0.9886 1.0406 0.1068
-0.9959 0.0179 0.1686
-0.9836 -1.1251 0.1658
-0.9655 -1.0757 0.1585
-0.9821 1.0816 0.1177
-0.9750 -1.2698 0.2159
-0.9633 1.0034 0.1052
-0.9551 -0.0109 0.1438
-0.9557 0.0891 0.2119
-0.9456 1.0240 0.0974
-0.9539 -0.0703 0.1490
-0.9470 1.1284 0.1746
-0.9256 -1.0424 0.1241
-0.9397 -0.0454 0.1445
-0.9177 0.9317 0.1645
-0.9323 1.0556 0.1086
-0.9288 -1.1569 0.1454
-0.9251 0.9704 0.1204
-0.9182 -1.0024 0.1266
-0.9093 -1.2026 0.1559
-0.9101 -1.2484 0.1954
-0.9074 -0.9452 0.1545
-0.9006 -1.0776 0.1176
-0.8922 0.0771 0.1758
-0.8780 -1.0396 0.1094
-0.8884 -0.9643 0.1291
-0.8904 0.9814 0.1195
-0.8921 1.0507 0.1240
-0.8798 -0.1512 0.2227
-0.8640 1.0228 0.1217
-0.8714 -1.1456 0.1458
-0.8704 -0.0799 0.1567
-0.8569 -0.9987 0.1139
-0.8559 -0.4981 0.5126
-0.8510 -0.0100 0.1390
-0.8357 -0.9299 0.1194
-0.8358 0.0065 0.1391
-0.8278 -0.0858 0.1718
-0.8408 -1.0925 0.1341
-0.8357 0.1275 0.2083
-0.8288 -1.2031 0.1893
-0.8322 -1.0599 0.1260
-0.8170 -0.6531 0.3686
-0.8189 0.9941 0.1273
-0.7991 -1.0283 0.1323
-0.8127 1.0547 0.1335
-0.7963 -0.9390 0.1043
-0.8045 -0.8798 0.1198
-0.8002 -0.0015 0.1350
-0.7986 1.1065 0.1673
-0.7774 -0.9654 0.1124
-0.7958 0.9762 0.1365
-0.7902 0.0739 0.1486
-0.7873 0.5517 0.2707
-0.7760 0.7297 0.2272
-0.7663 1.0752 0.1485
-0.7708 -0.9118 0.0878
-0.7761 -0.2744 0.3736
-0.7680 0.9392 0.1510
-0.7636 0.0080 0.1272
-0.7532 -0.8901 0.0893
-0.7422 1.1209 0.1889
-0.7229 -1.1951 0.1935
-0.7480 -1.0858 0.1526
-0.7598 -0.8284 0.1413
-0.7602 0.9785 0.1414
-0.7590 -0.9330 0.0930
-0.7345 0.8820 0.1618
-0.7548 0.8302 0.1896
-0.7363 0.0521 0.1369
-0.7107 -0.9037 0.1073
-0.7391 -0.8605 0.1053
-0.7137 -1.0246 0.1475
-0.7107 -0.9342 0.1156
-0.7054 -0.0266 0.1626
-0.7076 -1.1481 0.1573
-0.7169 0.6581 0.1701
-0.7083 0.0768 0.1538
-0.7110 0.4620 0.2205
-0.6616 0.8733 0.1412
-0.6936 0.7392 0.1573
-0.6845 -0.8132 0.1419
-0.6885 1.1069 0.1757
-0.6898 0.0168 0.1332
-0.6752 0.9122 0.1349
-0.6832 0.9832 0.1508
-0.6862 -0.8825 0.1160
-0.6847 0.2648 0.2942
-0.6837 -1.2296 0.2258
-0.6586 0.7174 0.1402
-0.6743 -1.1138 0.1280
-0.6745 0.3897 0.2307
-0.6664 0.0069 0.1410
-0.6614 -1.0397 0.1246
-0.6573 0.5757 0.1451
-0.6500 0.7652 0.1494
-0.6515 -1.1129 0.1242
-0.6383 -0.8298 0.1232
-0.6471 0.6180 0.1339
-0.6365 0.9583 0.1240
-0.6358 0.9836 0.1278
-0.6317 0.8229 0.1373
-0.6383 -0.5573 0.3454
-0.6268 0.4974 0.1530
-0.6273 -1.0431 0.1171
-0.6153 -0.8945 0.1435
-0.6215 0.6992 0.1370
-0.6231 1.1124 0.1696
-0.6299 0.6276 0.1273
-0.6209 -1.0733 0.1089
-0.6254 -0.2020 0.2684
-0.6103 0.5862 0.1237
-0.6094 -1.0300 0.1283
-0.6118 -0.7929 0.1204
-0.6089 0.0819 0.1514
-0.6028 0.0438 0.1398
-0.5957 0.5456 0.1353
-0.5918 1.0437 0.1197
-0.5801 0.0210 0.1464
-0.5936 0.4164 0.1924
-0.5854 -1.0605 0.1159
-0.5944 -0.8530 0.1196
-0.5912 0.5012 0.1575
-0.5900 0.8761 0.1183
-0.5786 -1.1137 0.1356
-0.5856 1.0611 0.1257
-0.5813 -0.7904 0.1133
-0.5734 0.6892 0.1519
-0.5833 0.9185 0.1268
-0.5748 0.8187 0.1183
-0.5461 0.0591 0.1292
-0.5730 0.9589 0.1324
-0.5693 1.0846 0.1526
-0.5697 -0.8428 0.1148
-0.5600 -0.7525 0.1319
-0.5657 -0.2079 0.2182
-0.5618 0.9904 0.1298
-0.5644 1.0632 0.1398
-0.5603 0.8317 0.1139
-0.5370 0.1184 0.1339
-0.5584 0.3276 0.1972
-0.5470 0.8488 0.1151
-0.5501 -0.4194 0.3070
-0.5482 -0.0179 0.1578
-0.5468 0.5591 0.1569
-0.5428 0.7100 0.1600
-0.5301 -0.9149 0.1656
-0.5434 -0.7799 0.1150
-0.5388 -1.1166 0.1493
-0.5350 -0.2215 0.2060
-0.5238 0.3776 0.2155
-0.5246 -0.4608 0.3063
-0.5292 0.6180 0.1694
-0.5275 -0.7633 0.1238
-0.5006 -0.8661 0.1412
-0.5264 0.2208 0.1617
-0.5210 -1.2660 0.2653
-0.5117 0.1581 0.1328
-0.5055 0.8398 0.1183
-0.5058 0.8052 0.1145
-0.5039 0.3023 0.1837
-0.5057 -1.0551 0.1433
-0.4945 0.2622 0.1621
-0.4958 -1.2274 0.2289
-0.4933 -0.1178 0.1576
-0.4973 0.1158 0.1218
-0.4909 0.7746 0.1190
-0.4879 -0.7443 0.1483
-0.4886 -1.0344 0.1584
-0.4864 -0.3051 0.2577
-0.4780 -0.0714 0.1427
-0.4693 0.0871 0.1182
-0.4784 0.2144 0.1419
-0.4501 -0.0190 0.1386
-0.4732 0.9551 0.1668
-0.4716 -0.5905 0.2592
-0.4693 -0.0541 0.1366
-0.4721 0.9166 0.1507
-0.4708 -1.0775 0.1626
-0.4682 0.0612 0.1274
-0.4619 -0.9147 0.1756
-0.4530 -0.7377 0.1601
-0.4294 -0.8881 0.1829
-0.4539 -0.8377 0.1573
-0.4529 -0.2137 0.1907
-0.4600 0.7602 0.1124
-0.4459 -1.0650 0.1824
-0.4441 -0.1205 0.1354
-0.4348 0.1103 0.1186
-0.4244 0.7258 0.1345
-0.4296 0.7571 0.1138
-0.4280 0.1757 0.1335
-0.4289 0.5553 0.2353
-0.4294 0.8271 0.1120
-0.4180 0.0306 0.1348
-0.4225 0.7027 0.1552
-0.4150 0.8160 0.1124
-0.4061 0.8511 0.1147
-0.4023 -1.1543 0.2075
-0.3986 -0.7307 0.1849
-0.3981 0.9313 0.1264
-0.3988 -0.1483 0.1504
-0.3847 -0.0408 0.1392
-0.3916 0.1088 0.1249
-0.3865 0.9048 0.1126
-0.3861 -1.2308 0.2147
-0.3813 -1.3344 0.2422
-0.3813 0.1971 0.1459
-0.3718 0.2298 0.1586
-0.3808 0.8101 0.1174
-0.3741 0.9584 0.1494
-0.3659 0.1203 0.1368
-0.3714 0.4819 0.2493
-0.3609 -0.7338 0.2109
-0.3676 -0.1365 0.1529
-0.3550 -0.5983 0.2444
-0.3533 -0.0640 0.1415
-0.3624 -0.4730 0.3007
-0.3502 0.0666 0.1455
-0.3468 -0.9301 0.1654
-0.3488 0.3383 0.2166
-0.3454 -0.1106 0.1496
-0.3444 0.8960 0.1075
-0.3373 -0.7430 0.2318
-0.3356 -0.5421 0.2795
-0.3263 0.0407 0.1534
-0.3203 0.6242 0.1719
-0.3289 0.8464 0.1083
-0.3198 -1.1432 0.2267
-0.3267 0.6743 0.1608
-0.3195 0.9191 0.1194
-0.3204 0.8750 0.1092
-0.3204 -0.9320 0.1438
-0.3159 0.7358 0.1462
-0.3083 0.7897 0.1243
-0.2990 -0.0591 0.1487
-0.3065 0.2114 0.1436
-0.3015 -1.3216 0.1853
-0.2972 0.8138 0.1121
-0.2959 -1.3053 0.1753
-0.2908 -0.9814 0.1198
-0.2719 0.1383 0.1566
-0.2890 0.5463 0.1804
-0.2849 -0.9463 0.1138
-0.2849 0.2102 0.1388
-0.2606 -0.9895 0.1140
-0.2617 0.0388 0.1539
-0.2656 0.2816 0.1428
-0.2582 0.8971 0.1082
-0.2622 -1.0642 0.1861
-0.2673 -0.2141 0.2007
-0.2207 1.1014 0.1532
-0.2636 0.6584 0.1271
-0.2589 0.2194 0.1360
-0.2600 0.8074 0.1234
-0.2605 -0.3278 0.2603
-0.2490 0.3533 0.1367
-0.2512 -0.0596 0.1409
-0.2434 0.7681 0.1288
-0.2489 1.0585 0.1506
-0.2468 0.5135 0.1669
-0.2364 0.4143 0.1398
-0.2411 -1.3374 0.1844
-0.2342 0.6831 0.1158
-0.2398 0.8643 0.1126
-0.2254 -1.3034 0.1677
-0.2359 0.9234 0.1031
-0.2319 -1.2198 0.1888
-0.2360 -1.0224 0.1469
-0.2364 -0.9462 0.1082
-0.2205 0.9788 0.1144
-0.2304 -0.9171 0.1206
-0.2131 1.0504 0.1125
-0.2055 0.0283 0.1389
-0.2081 0.0869 0.1570
-0.2188 -0.0853 0.1343
-0.2135 0.3426 0.1161
-0.2115 0.6654 0.1106
-0.2154 0.9252 0.0967
-0.2072 0.9037 0.0958
-0.1855 0.2117 0.1306
-0.2006 0.4772 0.1489
-0.2090 0.6308 0.1192
-0.2062 -0.9521 0.1175
-0.2017 0.5649 0.1528
-0.1979 -0.5871 0.3087
-0.1998 -0.9035 0.1394
-0.1969 0.7160 0.1129
-0.1946 -0.2358 0.1720
-0.1837 0.2524 0.1226
-0.1855 0.9719 0.1008
-0.1863 -0.1779 0.1557
-0.1838 -0.0567 0.1233
-0.1845 -0.0176 0.1237
-0.1788 0.1544 0.1417
-0.1857 0.3233 0.1166
-0.1776 0.3577 0.1176
-0.1920 0.6387 0.1150
-0.1845 -1.3242 0.1846
-0.1887 -0.3075 0.1907
-0.1792 0.7597 0.1333
-0.1875 1.0365 0.1022
-0.1770 -0.1089 0.1323
-0.1799 0.4271 0.1286
-0.1701 1.0731 0.1137
-0.1671 0.4714 0.1536
-0.1782 0.8987 0.1033
-0.1731 0.3975 0.1183
-0.1591 -1.3063 0.1836
-0.1673 0.3043 0.1259
-0.1627 1.0098 0.1053
-0.1562 1.1214 0.1592
-0.1575 0.8648 0.1248
-0.1544 -0.1261 0.1394
-0.1614 0.2375 0.1341
-0.1577 0.7879 0.1407
-0.1435 -1.1491 0.1933
-0.1440 -0.8984 0.1596
-0.1543 -0.0001 0.1282
-0.1381 0.1929 0.1470
-0.1367 0.9862 0.1131
-0.1457 -0.1742 0.1577
-0.1431 -1.2243 0.1869
-0.1454 0.6808 0.1184
-0.1353 0.7066 0.1244
-0.1323 -0.9518 0.1619
-0.1363 0.9460 0.1114
-0.1268 0.0038 0.1263
-0.1273 0.8597 0.1329
-0.1189 0.6124 0.1537
-0.1185 0.0845 0.1283
-0.1151 1.0595 0.1257
-0.0774 0.7168 0.1402
-0.1032 0.1305 0.1473
-0.1054 -0.4098 0.2124
-0.0876 0.9697 0.1181
-0.0958 -0.7293 0.2248
-0.0816 0.0719 0.1332
-0.0814 -1.0462 0.1784
-0.0889 -0.8762 0.1755
-0.0876 -0.5164 0.2756
-0.0831 -0.3232 0.1667
-0.0814 0.0102 0.1300
-0.0847 0.3758 0.1621
-0.0798 0.9002 0.1121
-0.0821 1.0859 0.1544
-0.0846 -0.3603 0.1812
-0.0766 -0.2735 0.1587
-0.0768 0.1110 0.1503
-0.0746 -0.0719 0.1499
-0.0740 -1.1379 0.1462
-0.0748 -1.0954 0.1508
-0.0781 0.7779 0.1427
-0.0713 0.9426 0.1093
-0.0689 -0.7935 0.1766
-0.0716 -0.2433 0.1640
-0.0561 -0.0948 0.1649
-0.0631 0.6668 0.1451
-0.0571 0.4610 0.1503
-0.0578 -0.8878 0.1956
-0.0453 0.0303 0.1449
-0.0550 -1.1001 0.1435
-0.0520 0.8900 0.1061
-0.0496 -0.7581 0.1845
-0.0432 0.5637 0.1305
-0.0391 0.7445 0.1456
-0.0218 1.0552 0.1552
-0.0320 0.9450 0.1017
-0.0449 1.0370 0.1365
-0.0354 -1.2549 0.1452
-0.0389 -0.4850 0.2378
-0.0218 0.8378 0.1154
-0.0254 -0.2504 0.1754
-0.0199 0.5745 0.1145
-0.0193 -0.1042 0.1744
-0.0192 0.2939 0.1424
-0.0143 0.7887 0.1303
-0.0198 0.3848 0.1371
-0.0165 0.4278 0.1263
-0.0140 0.2611 0.1533
-0.0089 -1.2069 0.1396
-0.0097 0.9171 0.0968
-0.0121 -1.2918 0.1505
-0.0051 -1.0952 0.1554
0.0009 -0.2260 0.1803
-0.0121 0.6009 0.1159
0.0005 -0.8031 0.1850
-0.0050 0.0036 0.1637
-0.0059 0.4733 0.1193
0.0208 -1.2584 0.1342
0.0133 0.6170 0.1163
0.0049 0.9938 0.1196
0.0092 0.2734 0.1301
0.0175 0.8805 0.0966
0.0063 0.9037 0.0975
0.0108 -1.3103 0.1671
0.0111 -1.0647 0.1895
0.0164 -0.3721 0.1823
0.0252 -0.7360 0.2010
0.0183 0.4584 0.1178
0.0197 0.5532 0.0987
0.0249 0.3659 0.1340
0.0292 0.4966 0.1111
0.0221 0.8516 0.0995
0.0226 0.9655 0.1081
0.0337 -1.1313 0.1664
0.0344 -1.2199 0.1372
0.0358 -0.7146 0.2177
0.0413 0.7405 0.1532
0.0415 -1.3048 0.1785
0.0556 -0.0931 0.1743
0.0405 0.5912 0.1041
0.0487 0.1510 0.2094
0.0439 0.5439 0.1025
0.0418 0.8289 0.1061
0.0600 0.2747 0.1163
0.0607 0.3760 0.1388
0.0579 0.9867 0.1205
0.0684 0.5170 0.1096
0.0677 0.8857 0.0997
0.0707 -0.0326 0.1876
0.0663 0.2507 0.1259
0.0815 0.6828 0.1538
0.0689 -1.2395 0.1652
0.0756 -0.4031 0.1733
0.0808 0.3075 0.1247
0.0821 0.6196 0.1236
0.0770 0.9512 0.1076
0.0860 0.7811 0.1261
0.0952 -0.0782 0.1866
0.0988 0.5048 0.1243
0.0882 -0.7705 0.2387
0.0874 0.2568 0.1335
0.0940 0.8779 0.0997
0.0944 0.8325 0.0999
0.0948 -0.2104 0.1573
0.0939 0.4267 0.1510
0.0967 1.0093 0.1533
0.1018 -0.3504 0.1486
0.1034 0.0336 0.2285
0.0968 0.9586 0.1166
0.1024 -0.4804 0.2271
0.1077 -0.3816 0.1536
0.1073 0.5816 0.1183
0.1220 -0.2128 0.1459
0.1215 0.8623 0.1117
0.1193 -0.6023 0.3107
0.1266 -0.1795 0.1546
0.1271 0.3721 0.1819
0.1206 0.7827 0.1277
0.1234 0.8335 0.1093
0.1284 0.2405 0.1702
0.1310 -0.3961 0.1638
0.1318 -0.2582 0.1363
0.1284 0.6332 0.1452
0.1342 0.5460 0.1261
0.1343 0.9224 0.1285
0.1565 -0.3144 0.1397
0.1685 0.5345 0.1328
0.1841 0.6794 0.1479
0.1778 0.1425 0.1839
0.1856 -0.2679 0.1312
0.1946 -0.1754 0.1513
0.1923 0.9697 0.1964
0.1998 0.8083 0.1367
0.1928 0.7045 0.1348
0.1922 0.7589 0.1283
0.2059 0.4833 0.1279
0.2065 -0.3187 0.1593
0.2139 0.5258 0.1217
0.2249 -0.2567 0.1274
0.2286 0.4629 0.1277
0.2213 0.7284 0.1244
0.2348 0.1718 0.1478
0.2278 -0.7990 0.2603
0.2301 0.7852 0.1403
0.2435 0.5771 0.1414
0.2415 0.8548 0.1772
0.2581 0.1336 0.1169
0.2457 -0.1907 0.1470
0.2570 0.0784 0.1265
0.2589 0.3038 0.1944
0.2772 0.5168 0.1109
0.2564 0.6677 0.1334
0.2712 0.4825 0.1104
0.2620 0.4231 0.1367
0.2726 -0.8810 0.2916
0.2861 0.0337 0.1280
0.2783 -0.2584 0.1261
0.2773 0.5514 0.1263
0.2768 0.1586 0.1230
0.2830 0.1091 0.1051
0.2827 0.3704 0.1516
0.2877 -0.2191 0.1330
0.2901 -0.7996 0.2499
0.3108 0.4526 0.1155
0.2871 -0.1949 0.1504
0.2911 0.9136 0.2457
0.2974 0.2491 0.1706
0.3057 -0.0428 0.1642
0.3165 -0.0095 0.1339
0.2949 0.7411 0.1430
0.3009 0.6563 0.1298
0.3073 -0.7052 0.2651
0.3068 0.1386 0.1189
0.3133 0.6927 0.1243
0.3186 0.6333 0.1298
0.3263 0.3733 0.1365
0.3351 0.0444 0.1141
0.3302 -0.2706 0.1217
0.3408 0.5295 0.1049
0.3337 0.1047 0.1202
0.3399 -0.3000 0.1232
0.3423 0.0739 0.1187
0.3534 -0.3352 0.1337
0.3497 -0.7925 0.2378
0.3616 0.5476 0.1149
0.3535 0.7386 0.1279
0.3638 -0.0213 0.1299
0.3536 0.4805 0.0922
0.3897 0.0296 0.1398
0.3610 0.2375 0.1728
0.3706 0.3526 0.1405
0.3768 0.4039 0.1102
0.3695 0.5900 0.1273
0.3740 0.4482 0.0931
0.3796 -0.2663 0.1293
0.3743 0.4987 0.0899
0.3811 -0.3049 0.1185
0.3824 -0.0774 0.1592
0.3819 0.4791 0.0854
0.3833 0.8009 0.1595
0.3857 0.6643 0.1184
0.3950 -0.7498 0.2419
0.3958 0.2603 0.1750
0.3951 -0.5532 0.2384
0.3938 0.6842 0.1232
0.4104 -0.3111 0.1264
0.4021 0.4345 0.0956
0.4019 0.7356 0.1259
0.4069 0.2960 0.1625
0.4073 0.7953 0.1507
0.4155 -0.3731 0.1340
0.4215 -0.0857 0.1657
0.4125 0.5074 0.1019
0.4259 0.4501 0.0954
0.4416 0.0093 0.1624
0.4251 -0.8072 0.2497
0.4475 -0.4608 0.1470
0.4310 -0.1929 0.2059
0.4337 0.6111 0.1199
0.4314 0.6349 0.1178
0.4392 0.7785 0.1357
0.4539 -0.3919 0.1313
0.4431 -0.3439 0.1355
0.4417 0.3872 0.1381
0.4535 0.5682 0.1179
0.4471 -0.9444 0.2501
0.4601 0.4935 0.1053
0.4630 -0.0850 0.1812
0.4633 0.1851 0.1936
0.4694 0.4555 0.1167
0.4830 0.7932 0.1659
0.4840 -1.0081 0.1979
0.4800 -0.5651 0.1737
0.4786 -0.4855 0.1350
0.4804 0.6809 0.1117
0.4894 -0.0071 0.1676
0.4926 0.5219 0.1030
0.5057 -1.0361 0.1714
0.4929 0.6304 0.1144
0.4933 -0.4126 0.1281
0.4927 0.3314 0.1952
0.4953 0.5597 0.1120
0.4969 0.6924 0.1173
0.5033 0.7158 0.1226
0.5091 -0.5256 0.1467
0.5228 -0.4035 0.1372
0.5131 0.1697 0.1736
0.5237 0.1942 0.1740
0.5208 0.5154 0.1053
0.5256 -1.3396 0.3404
0.5299 -0.5683 0.1729
0.5453 0.5562 0.1112
0.5392 0.6465 0.1136
0.5324 0.7079 0.1233
0.5260 0.4768 0.1221
0.5336 -1.0532 0.1550
0.5409 -1.1051 0.1697
0.5398 -0.4326 0.1376
0.5513 -0.7232 0.2620
0.5529 1.0221 0.4224
0.5596 -0.0423 0.1900
0.5674 0.3643 0.2130
0.5619 -0.6155 0.1976
0.5595 0.0925 0.1481
0.5645 -0.4581 0.1483
0.5714 0.5277 0.1180
0.5747 0.4618 0.1595
0.5726 0.6123 0.1101
0.5795 -0.9359 0.1827
0.5754 -0.6644 0.2285
0.5818 0.1723 0.1560
0.5946 0.6673 0.1220
0.5879 -1.1298 0.1611
0.5858 0.0027 0.1585
0.6059 0.0921 0.1433
0.5948 -0.9882 0.1474
0.5880 0.0433 0.1470
0.6014 0.6058 0.1030
0.6009 -1.1103 0.1462
0.5985 -0.3354 0.1985
0.6020 0.7140 0.1548
0.6087 0.1351 0.1465
0.6064 0.5857 0.1030
0.6210 -1.3525 0.2760
0.6204 -0.2258 0.2090
0.6294 -1.1083 0.1478
0.6311 0.6136 0.1087
0.6353 0.1823 0.1852
0.6396 -0.4270 0.1809
0.6478 0.3106 0.2080
0.6497 -0.2290 0.1908
0.6503 -1.3292 0.2399
0.6561 -0.9348 0.1509
0.6558 -0.4707 0.1903
0.6612 0.5655 0.1216
0.6636 -1.0056 0.1277
0.6576 -0.9860 0.1274
0.6754 -0.0214 0.1550
0.6551 0.5444 0.1297
0.6586 1.0351 0.4093
0.6611 0.0615 0.1443
0.6661 -1.2286 0.1943
0.6648 -1.0605 0.1439
0.6763 -0.4953 0.1954
0.6719 -0.1771 0.1874
0.6718 0.6807 0.1506
0.6779 -1.3231 0.2251
0.6956 -1.1250 0.1558
0.6825 -0.9717 0.1268
0.6898 0.6056 0.1224
0.6844 -0.3338 0.2143
0.6978 -0.6283 0.1968
0.7037 -0.0025 0.1448
0.7099 0.6675 0.1605
0.7055 -0.5583 0.1802
0.7060 0.3393 0.1663
0.7120 -0.1767 0.1805
0.7205 0.0151 0.1429
0.7151 0.4214 0.1728
0.7194 -0.7525 0.2616
0.7165 -0.2008 0.1806
0.7224 0.5669 0.1339
0.7188 -0.8611 0.2244
0.7406 0.5059 0.1506
0.7407 -0.9728 0.1450
0.7367 0.0639 0.1677
0.7722 -1.1385 0.1190
0.7448 -0.2472 0.2049
0.7419 0.8398 0.3043
0.7481 0.3363 0.1393
0.7497 -1.1960 0.1456
0.7530 0.3757 0.1394
0.7577 -0.5887 0.1563
0.7604 -0.9857 0.1510
0.7592 0.6377 0.1708
0.7797 0.5323 0.1455
0.7840 -1.2193 0.1566
0.7759 0.3024 0.1474
0.7671 -0.0271 0.1648
0.7709 -1.0286 0.1478
0.7731 1.0178 0.3927
0.7781 0.0008 0.1608
0.7854 -1.0990 0.1264
0.7827 -0.5888 0.1466
0.7872 -1.1708 0.1191
0.8102 0.3033 0.1451
0.8164 -1.1086 0.1216
0.8064 -0.5941 0.1425
0.8061 0.4441 0.1520
0.8296 -1.3493 0.2406
0.8147 -1.1426 0.1173
0.8144 -0.1738 0.2401
0.8111 0.5621 0.1519
0.8196 0.2182 0.1915
0.8305 0.3852 0.1657
0.8330 0.8941 0.3373
0.8231 0.4308 0.1605
0.8224 0.2603 0.1628
0.8384 -0.9961 0.1722
0.8381 -0.5994 0.1453
0.8561 -1.2518 0.1698
0.8343 0.0438 0.1874
0.8314 0.9192 0.3430
0.8602 -1.3275 0.2204
0.8430 0.5392 0.1466
0.8491 -1.1148 0.1325
0.8528 -0.7893 0.2016
0.8580 -0.0215 0.2148
0.8540 -0.5762 0.1572
0.8753 -1.0354 0.1626
0.8722 -0.6739 0.1632
0.8718 0.2024 0.1883
0.8785 -0.7737 0.1836
0.8813 0.5493 0.1739
0.8843 -0.6223 0.1513
0.8944 0.2446 0.1969
0.8999 -1.1587 0.1641
0.9070 0.5118 0.1757
0.9093 0.0868 0.2071
0.9145 -1.2768 0.2011
0.9289 -0.8611 0.1722
0.9220 -0.7550 0.1643
0.9324 -0.6194 0.1675
0.9305 -0.2264 0.3218
0.9328 0.5089 0.1875
0.9329 -1.0572 0.1846
0.9374 1.0266 0.4292
0.9409 0.1088 0.2020
0.9399 -0.8887 0.1787
0.9529 -0.9824 0.1923
0.9577 -1.1957 0.2112
0.9624 0.1342 0.1993
0.9874 0.3780 0.1793
0.9824 -0.7321 0.1578
0.9941 -1.3606 0.3363
0.9918 -0.9462 0.1888
0.9977 -0.7689 0.1481
1.0024 -0.6257 0.2019
0.9959 -1.1453 0.2408
0.9985 -0.5766 0.2349
1.0117 0.4285 0.1588
1.0078 -0.9187 0.1859
1.0072 -0.0952 0.3085
1.0247 -0.8066 0.1479
1.0473 -0.2665 0.2606
1.0388 0.3132 0.1548
1.0538 -0.7446 0.1408
1.0517 0.2010 0.1676
1.0711 0.3747 0.1175
1.0571 0.0358 0.2658
1.0611 0.4531 0.1575
1.0633 -0.8012 0.1397
1.0689 0.3304 0.1324
1.0661 0.5303 0.2265
1.0812 0.7082 0.2088
1.0925 0.4296 0.1437
1.0821 0.1761 0.1583
1.0886 0.3550 0.1209
1.0894 -0.7570 0.1318
1.0897 0.2148 0.1368
1.0913 0.7253 0.2112
1.1028 0.8305 0.3275
1.1071 0.6875 0.1816
1.1135 -0.9140 0.1826
1.1215 0.3967 0.1404
1.1300 0.1460 0.1673
1.1266 0.2500 0.1238
1.1287 -0.2355 0.1915
1.1296 1.1307 0.6371
1.1292 -0.7735 0.1365
1.1437 -0.6591 0.2197
1.1457 -0.7530 0.1481
1.1479 0.3189 0.1305
1.1437 0.6944 0.1733
1.1594 0.2672 0.1226
1.1665 -0.8524 0.1439
1.1636 0.2274 0.1180
1.1598 -0.1898 0.2091
1.1677 -0.7866 0.1469
1.1724 -0.9646 0.2367
1.1819 0.3527 0.1652
1.1786 -0.9070 0.1783
1.1824 -0.4737 0.3191
1.1838 -0.2328 0.1812
1.1877 0.5888 0.1904
1.1906 -0.2745 0.1783
1.1963 0.1729 0.1698
1.1901 0.2467 0.1304
1.1991 -0.5874 0.2992
1.2042 0.6416 0.1782
1.2036 -0.8786 0.1719
1.2045 -0.2210 0.1966
1.2243 0.6693 0.1980
1.2233 0.2426 0.1645
1.2239 -0.2778 0.1944
1.2304 0.6232 0.2033
1.2331 0.5590 0.2364
1.2353 -0.8196 0.1989
1.2350 -0.3926 0.2673
1.2347 -0.2989 0.2090
