points 
 2 
 1 
Tumour[19065]FoxP310NNCodensity
-1.0270 0.1649 0.4989
-1.0244 0.6557 0.7035
-1.0081 0.1505 0.4775
-0.9772 0.5442 0.5721
-0.9712 -0.7515 0.3164
-0.9611 -0.7167 0.2754
-0.9421 -0.2128 0.3048
-0.9363 -0.4693 0.2143
-0.9291 -0.5859 0.2123
-0.9024 -0.4302 0.1917
-0.8923 -0.6376 0.1960
-0.8978 -0.4058 0.1894
-0.8933 -0.6124 0.1945
-0.8898 0.8242 0.8350
-0.8545 -0.4127 0.1608
-0.8439 -0.7053 0.2141
-0.8464 0.2057 0.3429
-0.8410 0.3049 0.3524
-0.8191 -0.4491 0.1639
-0.8145 -0.5346 0.1966
-0.8055 -0.2876 0.1299
-0.8010 -0.2199 0.1278
-0.7916 -0.5928 0.1909
-0.7813 -0.2799 0.1090
-0.7758 -0.4055 0.1550
-0.7817 0.0315 0.2792
-0.7729 -0.3356 0.1339
-0.7720 -0.1693 0.1196
-0.7700 -0.2186 0.1072
-0.7661 -0.7758 0.2650
-0.7597 -0.3185 0.1225
-0.7662 -0.2430 0.1015
-0.7536 -0.0826 0.1319
-0.7361 -0.0771 0.1257
-0.7325 -0.1711 0.1007
-0.7321 -0.6495 0.1790
-0.7262 -0.1150 0.0971
-0.7225 -0.4160 0.1462
-0.7244 -0.2914 0.1205
-0.7099 -0.1581 0.0979
-0.7046 -0.2429 0.1176
-0.7025 -0.1414 0.0913
-0.6975 -0.4306 0.1376
-0.6873 -0.0759 0.1196
-0.6890 0.2862 0.2586
-0.6867 -0.5258 0.1293
-0.6845 -0.1153 0.0996
-0.6760 -0.6075 0.1436
-0.6775 -0.2468 0.1238
-0.6775 -0.5142 0.1242
-0.6747 -0.7001 0.1646
-0.6670 -0.1732 0.0995
-0.6637 -0.4975 0.1229
-0.6544 -0.6706 0.1530
-0.6524 0.2947 0.2505
-0.6467 -0.5768 0.1281
-0.6472 -0.3578 0.1200
-0.6428 -0.3785 0.1191
-0.6352 -0.5248 0.1244
-0.6325 0.3477 0.2792
-0.6262 -0.2333 0.1160
-0.6248 -0.3915 0.1179
-0.6272 -0.1676 0.1069
-0.6219 -0.0615 0.1571
-0.6218 0.2608 0.2587
-0.6183 -0.2669 0.1234
-0.6210 -0.1765 0.1081
-0.6142 0.2424 0.2709
-0.6119 -0.7160 0.1586
-0.6085 -0.6808 0.1487
-0.6047 -0.0668 0.1556
-0.6053 -0.3967 0.1241
-0.6023 -0.1654 0.1062
-0.5967 -0.7864 0.1991
-0.6006 -0.5252 0.1388
-0.5984 -0.3253 0.1076
-0.5846 -0.5422 0.1449
-0.5831 0.3701 0.3215
-0.5812 0.4412 0.3940
-0.5763 -0.7975 0.2029
-0.5777 -0.3800 0.1174
-0.5718 -0.3113 0.1021
-0.5472 -0.1889 0.1119
-0.5506 -0.1374 0.1103
-0.5505 -0.2456 0.1079
-0.5409 -0.2836 0.0883
-0.5377 -0.6415 0.1724
-0.5372 -0.1395 0.1119
-0.5331 -0.3015 0.0880
-0.5306 -0.1545 0.1115
-0.5217 -0.6430 0.1702
-0.5231 -0.2789 0.0908
-0.5190 -0.3535 0.1164
-0.5121 1.5025 0.6463
-0.5080 1.4695 0.6163
-0.5013 -0.5100 0.1895
-0.4971 -0.2606 0.1074
-0.4934 -0.1316 0.1505
-0.4902 -0.3312 0.1123
-0.4753 -0.7638 0.1517
-0.4726 -0.2778 0.1148
-0.4655 -0.7397 0.1382
-0.4636 -0.5738 0.1624
-0.4597 -0.3614 0.1555
-0.4573 1.4232 0.5478
-0.4537 -0.1504 0.1697
-0.4482 -0.4609 0.2079
-0.4402 -0.7287 0.1282
-0.4263 -0.7460 0.1344
-0.4222 -0.7843 0.1657
-0.4234 -0.5575 0.1647
-0.4203 1.3537 0.5123
-0.4180 -0.2625 0.1692
-0.4157 -0.6413 0.1530
-0.4021 -0.6398 0.1561
-0.3975 0.0740 0.3398
-0.3983 1.3388 0.5038
-0.3828 -0.7646 0.1692
-0.3614 -0.0201 0.2148
-0.3601 -0.2148 0.1929
-0.3560 -0.5582 0.1647
-0.3461 1.2805 0.5183
-0.3361 -0.7037 0.1901
-0.3303 -0.3671 0.1955
-0.3163 -0.3388 0.1803
-0.3045 -0.5379 0.1715
-0.3004 -0.5788 0.1657
-0.2861 -0.1355 0.1222
-0.2911 -0.0641 0.1384
-0.2845 -0.0437 0.1541
-0.2822 -0.3128 0.1582
-0.2728 -0.5478 0.1648
-0.2725 -0.2101 0.1326
-0.2727 -0.0604 0.1403
-0.2639 -0.4570 0.1773
-0.2582 -0.1028 0.1189
-0.2583 -0.1560 0.1171
-0.2540 0.6555 0.6377
-0.2539 0.9277 0.7045
-0.2464 -0.4195 0.1721
-0.2417 -0.2542 0.1217
-0.2406 -0.1157 0.1186
-0.2321 -0.1472 0.1190
-0.2211 -0.7748 0.2707
-0.2110 -0.5965 0.1810
-0.2039 -0.3007 0.1273
-0.2110 -0.2390 0.1019
-0.1966 -0.2317 0.0960
-0.1881 -0.6426 0.1917
-0.1817 -0.4460 0.1919
-0.1751 -0.2191 0.0971
-0.1730 -0.6358 0.1947
-0.1667 -0.3516 0.1715
-0.1609 -0.2614 0.0975
-0.1573 -0.4829 0.1999
-0.1510 -0.7022 0.2109
-0.1467 -0.2320 0.0971
-0.1399 -0.1828 0.1364
-0.1270 -0.2555 0.1090
-0.0986 -0.2208 0.1306
-0.0971 -0.3044 0.1528
-0.0825 -0.4763 0.2381
-0.0558 -0.6879 0.2150
-0.0484 -0.7379 0.2389
-0.0298 -0.7180 0.2328
-0.0231 -0.2159 0.1784
-0.0065 -0.2821 0.1522
-0.0073 0.3029 0.4289
-0.0049 -0.3806 0.1832
-0.0034 -0.4372 0.2230
0.0050 -0.2930 0.1533
0.0109 -0.3148 0.1555
0.0091 1.5167 0.5154
0.0192 0.2384 0.4296
0.0395 0.4755 0.3574
0.0506 1.5579 0.4833
0.0439 -0.3182 0.1631
0.0591 -0.6452 0.2346
0.0697 0.6264 0.3559
0.0723 1.1802 0.3879
0.0756 -0.6694 0.2317
0.0882 0.3271 0.3769
0.1100 0.2021 0.4243
0.1093 0.3870 0.3662
0.1265 0.6701 0.3258
0.1304 -0.3926 0.1922
0.1404 0.6991 0.3170
0.1592 -0.2986 0.2180
0.1562 0.7135 0.3132
0.1650 -0.5600 0.2399
0.1684 1.2906 0.2737
0.1711 -0.3625 0.1977
0.1726 0.7432 0.3109
0.1797 -0.6445 0.1980
0.1847 -0.6757 0.1984
0.1876 -0.3487 0.2039
0.2130 -0.4108 0.2050
0.2183 0.9645 0.3071
0.2212 -0.7192 0.2171
0.2194 1.0494 0.2689
0.2354 1.3483 0.2208
0.2365 0.9527 0.3035
0.2691 -0.4598 0.2107
0.2768 0.0813 0.4563
0.2993 -0.6164 0.1651
0.2967 1.1573 0.1484
0.3010 -0.1681 0.3110
0.3024 1.2015 0.1234
0.3010 1.1797 0.1300
0.3057 -0.6601 0.1557
0.3120 0.0284 0.4315
0.3134 1.3886 0.1639
0.3184 1.2978 0.1328
0.3233 -0.6736 0.1575
0.3232 0.8378 0.3528
0.3235 1.1824 0.1153
0.3406 -0.6989 0.1757
0.3474 -0.4276 0.1842
0.3439 1.2924 0.1145
0.3508 1.5099 0.1260
0.3519 1.5250 0.1322
0.3606 1.3408 0.1126
0.3580 1.2276 0.1042
0.3612 -0.5846 0.1724
0.3592 -0.2964 0.1961
0.3626 -0.5237 0.1877
0.3667 -0.4271 0.1826
0.3670 -0.3114 0.1887
0.3678 1.1195 0.1770
0.3703 1.5230 0.1205
0.3774 1.2959 0.0975
0.3829 1.1887 0.1159
0.3806 1.2172 0.1060
0.3861 1.5442 0.1389
0.3923 -0.3484 0.1714
0.3893 1.4755 0.1145
0.3915 -0.6265 0.1657
0.3929 1.3746 0.1279
0.3943 1.5593 0.1606
0.3949 1.3430 0.1099
0.4094 1.2730 0.0877
0.4111 1.4995 0.1221
0.4132 0.9279 0.3796
0.4178 1.4144 0.1418
0.4324 1.2216 0.1061
0.4342 1.2913 0.0961
0.4339 -0.6400 0.1870
0.4311 -0.2299 0.1978
0.4369 1.4510 0.1470
0.4379 0.0020 0.4147
0.4419 1.2519 0.0925
0.4464 1.2851 0.0961
0.4479 -0.4724 0.1883
0.4547 -0.7162 0.2355
0.4575 -0.2864 0.1668
0.4586 1.2604 0.1023
0.4980 -0.3722 0.1663
0.4995 -0.2144 0.2226
0.5050 1.3681 0.1539
0.5109 1.2619 0.1446
0.5192 -0.2200 0.2260
0.5172 1.3367 0.1407
0.5272 -0.3937 0.1462
0.5332 -0.5069 0.1604
0.5395 -0.5634 0.1809
0.5386 -0.3318 0.1739
0.5685 -0.4858 0.1406
0.5692 -0.4405 0.1350
0.5774 -0.4013 0.1414
0.5702 0.6936 0.6564
0.5781 1.3712 0.1713
0.5809 -0.6570 0.1978
0.5897 -0.6483 0.1965
0.5916 1.3314 0.1549
0.5936 1.3439 0.1568
0.5954 -0.4770 0.1434
0.6301 -0.3891 0.1599
0.6273 1.2214 0.2402
0.6331 -0.5492 0.1868
0.6426 -0.7285 0.2220
0.6626 -0.6837 0.2024
0.6708 1.3888 0.2201
0.6804 -0.3001 0.2518
0.6878 1.2431 0.2663
0.6895 1.3688 0.2234
0.6927 -0.4241 0.2007
0.6970 -0.7673 0.2419
0.7200 -0.3491 0.2544
0.7304 -0.7308 0.2151
0.7481 -0.5412 0.2128
0.7909 1.5144 0.2751
0.7959 -0.7755 0.2244
0.8172 -0.5777 0.1412
0.8535 -0.5796 0.1141
0.8575 -0.5633 0.1098
0.8572 1.4180 0.2715
0.8622 0.5146 0.9787
0.8697 -0.5132 0.1276
0.8679 1.5340 0.2842
0.8709 -0.6671 0.1343
0.8815 -0.5867 0.1084
0.8816 1.5305 0.2890
0.8870 -0.5277 0.1192
0.8895 1.6004 0.3700
0.8942 -0.7500 0.1746
0.8967 -0.7340 0.1613
0.8970 -0.4804 0.1685
0.9016 1.4763 0.2827
0.9109 -0.6744 0.1313
0.9069 -0.5013 0.1498
0.9171 -0.6172 0.1221
0.9419 -0.6389 0.1356
0.9477 -0.8010 0.2550
0.9542 -0.6603 0.1478
0.9895 1.3701 0.3843
1.0421 -0.6026 0.2362
1.0398 1.1904 0.5769
1.0727 0.8573 0.8782
1.0976 -0.6081 0.2945
1.1664 -0.7575 0.3544
1.1829 -0.2235 0.4814
1.2002 0.3919 1.0625
1.2647 -0.3463 0.3786
1.2790 -0.3333 0.3885
1.2803 -0.3619 0.3787
1.2809 1.6041 0.7856
1.2865 -0.6588 0.3758
1.2937 -0.3499 0.3884
1.3361 -0.0143 0.7696
1.3531 -0.7879 0.4729
1.3705 -0.6909 0.4265
1.3870 -0.7996 0.5153
