points 
 2 
 1 
Tumour[19065]FoxP310NNCodensity
-1.2587 -0.2991 1.1502
-1.0994 -0.2329 0.9675
-1.0906 0.9752 0.1999
-1.0741 0.9604 0.1782
-1.0365 0.9634 0.1429
-1.0326 1.0598 0.2028
-0.9981 0.9860 0.1359
-0.9903 0.9340 0.1313
-0.9766 0.8900 0.1661
-0.9715 1.1202 0.2626
-0.9537 0.9384 0.1324
-0.9299 0.9314 0.1402
-0.9232 0.9105 0.1556
-0.9093 1.0442 0.1888
-0.8665 -0.1314 0.7528
-0.8653 1.0035 0.1769
-0.8186 -1.0298 0.5511
-0.8161 0.9181 0.2346
-0.8027 1.0581 0.1897
-0.7807 -0.9787 0.4745
-0.7736 1.0561 0.1949
-0.7717 -0.9582 0.4604
-0.7725 1.0809 0.1883
-0.7687 1.1712 0.2156
-0.7524 -1.0360 0.4974
-0.7501 1.1816 0.2283
-0.7255 1.2039 0.2688
-0.7243 1.1776 0.2434
-0.6964 -0.8822 0.4175
-0.6906 0.1023 0.5112
-0.6724 0.1570 0.4537
-0.6393 -0.8184 0.4198
-0.6319 -0.7778 0.4437
-0.6132 -0.7824 0.4425
-0.6058 0.2336 0.3718
-0.6031 0.2473 0.3646
-0.5484 0.2074 0.3890
-0.5206 0.5906 0.4436
-0.5121 0.6314 0.4681
-0.4746 0.6098 0.4410
-0.4634 0.2954 0.3775
-0.4587 0.5820 0.4281
-0.4539 0.3440 0.3768
-0.3784 -0.4894 0.7400
-0.1894 -0.9793 0.4246
-0.1600 -1.0233 0.4167
-0.1498 0.7924 0.4678
-0.1408 -0.4396 0.7434
-0.1399 0.7792 0.4650
-0.1201 -1.0366 0.3977
-0.1140 -0.9993 0.3668
-0.1055 -0.9782 0.3583
-0.1018 -0.4146 0.7456
-0.0899 -0.9766 0.3535
-0.0851 0.8271 0.4909
-0.0775 0.9267 0.5828
-0.0576 0.1415 0.6131
-0.0581 0.9796 0.6568
0.0802 0.4265 0.4670
0.0783 0.5150 0.4681
0.1047 0.4438 0.4648
0.1182 -0.8752 0.3808
0.1172 0.4383 0.4689
0.1215 0.0107 0.6325
0.1745 -0.1720 0.7076
0.1924 0.3729 0.5029
0.2193 -0.8526 0.2917
0.2382 -0.8537 0.2725
0.3164 -0.8019 0.1997
0.3384 -0.7977 0.1837
0.3690 0.0126 0.6525
0.3777 -0.7982 0.1690
0.4099 -0.6959 0.1640
0.4335 -0.6730 0.1753
0.4349 -0.9284 0.2417
0.4400 -0.7690 0.1373
0.4543 -0.6899 0.1556
0.4528 -0.7567 0.1356
0.4676 -0.3517 0.5866
0.4659 -0.7861 0.1520
0.4814 -0.9459 0.2532
0.5172 -0.8986 0.2185
0.5295 -0.7463 0.1577
0.5493 -1.0353 0.3814
0.5524 -0.7147 0.1744
0.5851 -0.6728 0.2269
0.6110 -0.8320 0.2225
0.6209 0.6407 0.4395
0.6271 -0.7911 0.2126
0.6337 0.2394 0.4418
0.6418 0.3014 0.3802
0.6414 0.5158 0.3183
0.6542 0.4802 0.2993
0.6679 0.4728 0.2951
0.6843 -0.7924 0.2421
0.7043 0.2812 0.3857
0.7162 0.6402 0.4101
0.7318 -0.3981 0.4717
0.7418 0.6403 0.4183
0.7523 -0.6947 0.2263
0.7649 -0.6694 0.2318
0.7930 0.3172 0.3814
0.8009 -0.6676 0.2449
0.8421 -0.1811 0.5853
0.8592 -0.6812 0.2783
0.8779 -0.6529 0.2861
0.9056 -0.5818 0.3155
1.0136 -0.5042 0.4266
1.0262 0.3857 0.4770
1.0316 -0.1291 0.5899
1.0462 -0.4527 0.4654
1.0435 -0.1329 0.5940
1.0784 0.3995 0.5073
1.1100 0.9024 0.8969
1.1500 0.3930 0.5712
1.1945 0.0073 0.6579
1.1997 0.3923 0.6285
