points 
 2 
 1 
Tumour[19065]CD6810NNCodensity
-1.1745 -1.3697 0.3656
-1.1780 -0.3121 0.4211
-1.1793 -0.1187 0.2500
-1.1772 -0.0311 0.2088
-1.1578 0.5328 0.1969
-1.1767 0.6425 0.2342
-1.1719 0.8435 0.2360
-1.1749 1.0929 0.2715
-1.1631 0.6703 0.2264
-1.1650 0.7893 0.2139
-1.1568 -1.2917 0.3326
-1.1608 0.1569 0.2393
-1.1521 0.4235 0.1579
-1.1446 -0.0135 0.1845
-1.1355 0.3456 0.1689
-1.1355 0.3671 0.1557
-1.1342 -0.0326 0.1829
-1.1206 -0.1099 0.2101
-1.1232 0.1561 0.2207
-1.1132 0.2021 0.2150
-1.1093 -0.0154 0.1841
-1.1056 -1.3274 0.2702
-1.1069 0.5401 0.1679
-1.1048 0.5080 0.1506
-1.0970 1.0997 0.1733
-1.0950 0.3701 0.1345
-1.0984 -1.3604 0.2754
-1.0952 0.4136 0.1239
-1.0948 0.6857 0.2055
-1.0625 0.4927 0.1343
-1.0735 0.1510 0.2205
-1.0677 0.8456 0.1423
-1.0635 0.3352 0.1598
-1.0532 -0.1383 0.2312
-1.0609 1.0431 0.1216
-1.0556 0.8070 0.1445
-1.0521 0.8720 0.1402
-1.0477 0.1995 0.2209
-1.0422 0.4019 0.1363
-1.0463 0.9856 0.1342
-1.0399 -0.5172 0.3755
-1.0250 -1.3427 0.2318
-1.0358 0.4290 0.1367
-1.0247 0.8193 0.1370
-1.0337 1.0933 0.1219
-1.0272 1.0485 0.0972
-1.0127 0.7856 0.1502
-1.0176 -0.7446 0.4207
-1.0178 -0.0038 0.2288
-1.0047 0.5667 0.1793
-1.0049 0.4944 0.1305
-1.0173 0.9003 0.1343
-1.0086 0.9901 0.1141
-1.0149 0.6922 0.2219
-1.0070 1.0344 0.0947
-0.9910 1.0717 0.1038
-0.9995 0.8954 0.1368
-0.9744 0.5241 0.1526
-0.9829 -1.3590 0.2364
-0.9851 1.1059 0.1339
-0.9795 1.0028 0.1144
-0.9544 -1.2845 0.2409
-0.9744 -0.8196 0.4317
-0.9649 0.4738 0.1324
-0.9549 -0.1309 0.2438
-0.9557 0.3581 0.1689
-0.9517 1.0884 0.1429
-0.9416 -0.3359 0.2916
-0.9465 0.9457 0.1628
-0.9102 -1.3386 0.2582
-0.9347 0.3792 0.1543
-0.9360 0.8227 0.1708
-0.9251 1.0221 0.1547
-0.9230 0.4748 0.1417
-0.9143 -0.3789 0.2648
-0.9195 0.4500 0.1355
-0.9019 0.1803 0.2661
-0.9056 0.7931 0.2056
-0.8982 -0.0405 0.2190
-0.8998 -1.0328 0.4103
-0.8821 -0.4115 0.2323
-0.8909 0.3667 0.1631
-0.8825 -0.8197 0.3992
-0.8844 -0.0793 0.2019
-0.8729 0.1467 0.2778
-0.8648 -1.3203 0.2836
-0.8605 -0.5003 0.2337
-0.8625 -0.0603 0.1973
-0.8384 -1.2355 0.2792
-0.8424 0.4983 0.1573
-0.8351 0.4476 0.1395
-0.8404 0.8206 0.2567
-0.8353 -0.6590 0.3261
-0.8238 -0.4120 0.2211
-0.8275 0.3480 0.1794
-0.8120 0.4137 0.1496
-0.8118 -0.4481 0.2123
-0.8039 -0.1502 0.1769
-0.7848 0.4818 0.1405
-0.8067 -0.7963 0.4059
-0.8017 0.1897 0.2775
-0.7803 0.5097 0.1499
-0.7837 0.8615 0.2834
-0.7727 0.2756 0.2375
-0.7676 0.5819 0.2163
-0.7612 -0.1047 0.1530
-0.7586 0.0059 0.2402
-0.7580 -0.5684 0.2839
-0.7546 1.0515 0.3083
-0.7520 0.3822 0.1734
-0.7455 -1.2048 0.2641
-0.7473 -0.1483 0.1338
-0.7283 -0.1849 0.1291
-0.7214 -0.4400 0.2278
-0.7182 1.0401 0.3240
-0.7018 0.4731 0.1481
-0.7093 0.4991 0.1504
-0.7071 -0.1987 0.1312
-0.7010 -0.0858 0.1531
-0.6690 -0.1177 0.1258
-0.6714 0.4624 0.1509
-0.6778 1.0263 0.3453
-0.6769 -1.1510 0.2410
-0.6657 -1.1174 0.2473
-0.6755 -0.2111 0.1406
-0.6714 -0.1702 0.1127
-0.6565 0.3592 0.2078
-0.6648 -0.4187 0.2357
-0.6492 0.5666 0.2024
-0.6469 0.8354 0.3112
-0.6343 -0.1290 0.1279
-0.6266 0.4617 0.1452
-0.6386 -1.1241 0.2533
-0.6308 0.0852 0.2344
-0.6091 -1.0905 0.2881
-0.6082 -1.1364 0.2774
-0.6099 -0.1916 0.1473
-0.6070 -0.4621 0.2480
-0.5959 -0.1397 0.1456
-0.5826 0.2195 0.1846
-0.5815 0.0385 0.2152
-0.5798 0.4484 0.1360
-0.5639 -0.4414 0.2470
-0.5616 -1.0948 0.3257
-0.5662 0.2389 0.1685
-0.5653 -0.1512 0.1702
-0.5629 -0.0152 0.2057
-0.5569 0.3418 0.1680
-0.5411 0.4617 0.1168
-0.5488 0.4861 0.1239
-0.5208 0.5823 0.1616
-0.5170 0.6355 0.1869
-0.5329 0.0468 0.1924
-0.5390 -0.4068 0.2417
-0.5197 -0.4389 0.2417
-0.5221 0.4334 0.1146
-0.5229 0.1336 0.1639
-0.5082 0.5312 0.1391
-0.4957 0.1733 0.1345
-0.4949 0.2671 0.1441
-0.5099 0.6711 0.1847
-0.5054 0.4694 0.1163
-0.4843 0.2126 0.1244
-0.5001 0.8032 0.1628
-0.4977 0.3523 0.1422
-0.4919 -0.1758 0.2045
-0.4870 0.3811 0.1316
-0.4755 0.4972 0.1406
-0.4837 0.7718 0.1485
-0.4718 1.0146 0.2942
-0.4552 0.7496 0.1450
-0.4623 0.2543 0.1453
-0.4652 -0.7745 0.5255
-0.4580 0.1586 0.1424
-0.4511 0.3820 0.1350
-0.4572 0.5993 0.1909
-0.4623 0.7988 0.1463
-0.4610 0.8470 0.1660
-0.4437 0.4067 0.1335
-0.4097 -0.0071 0.1777
-0.4350 0.0210 0.1851
-0.4357 0.1959 0.1250
-0.4241 0.7417 0.1612
-0.4138 -0.2675 0.1615
-0.4137 -0.2220 0.1491
-0.4023 0.8473 0.1625
-0.3899 0.1816 0.1314
-0.3916 -0.0452 0.1792
-0.3867 1.0057 0.2112
-0.3891 -0.1869 0.1472
-0.3814 -0.4836 0.2985
-0.3912 -0.0699 0.1783
-0.3825 -0.5292 0.3381
-0.3826 0.8150 0.1664
-0.3663 0.1952 0.1284
-0.3658 0.3223 0.1571
-0.3766 0.3542 0.1415
-0.3551 0.4428 0.1738
-0.3720 -0.3042 0.1688
-0.3590 0.3804 0.1366
-0.3732 0.9456 0.1888
-0.3639 -0.2852 0.1462
-0.3455 -0.1836 0.1395
-0.3368 0.2088 0.1302
-0.3228 0.0983 0.1366
-0.3298 0.1656 0.1184
-0.3148 -0.0291 0.1666
-0.3325 -0.2115 0.1237
-0.3261 0.0048 0.1540
-0.3185 -0.2418 0.1255
-0.3026 0.4053 0.1510
-0.3082 0.8878 0.1858
-0.3094 0.5686 0.2735
-0.2972 0.9822 0.1736
-0.2975 0.0801 0.1253
-0.2879 0.2043 0.1297
-0.2801 0.3061 0.1292
-0.2792 0.1337 0.1142
-0.2813 0.1628 0.1200
-0.2816 1.0175 0.1778
-0.2830 0.3353 0.1251
-0.2793 -0.2378 0.1385
-0.2686 -0.1843 0.1467
-0.2586 -0.9808 0.3178
-0.2629 0.4073 0.1623
-0.2615 1.0804 0.2175
-0.2552 0.7172 0.2474
-0.2583 1.1009 0.2374
-0.2440 0.2585 0.1302
-0.2434 0.2940 0.1196
-0.2506 0.0718 0.1068
-0.2472 0.9935 0.1803
-0.2251 0.0824 0.0978
-0.2339 0.8334 0.2287
-0.2324 0.8632 0.2214
-0.2357 -0.1075 0.1763
-0.2252 -0.2992 0.1657
-0.2276 0.0539 0.1166
-0.2183 -0.4296 0.2656
-0.2198 0.3125 0.1150
-0.2077 -0.0602 0.1721
-0.2150 0.7128 0.2544
-0.2073 -0.2266 0.1438
-0.2004 0.1486 0.1206
-0.2011 -0.9344 0.2446
-0.1913 0.3023 0.1167
-0.1908 0.3595 0.1458
-0.1956 0.0882 0.0976
-0.1762 -0.3082 0.1621
-0.1893 -0.1825 0.1601
-0.1883 -0.8373 0.2639
-0.1800 0.0692 0.1031
-0.1807 0.1015 0.1006
-0.1579 -0.9442 0.2132
-0.1750 0.1946 0.1491
-0.1724 0.5627 0.2515
-0.1578 -0.2371 0.1612
-0.1411 0.1126 0.1151
-0.1440 0.2672 0.1251
-0.1583 1.0473 0.2409
-0.1378 -0.9618 0.2176
-0.1520 -0.0951 0.1819
-0.1401 -0.0138 0.1612
-0.1199 0.0408 0.1382
-0.1417 0.6383 0.2664
-0.1430 -0.9125 0.2032
-0.1332 -0.2853 0.1599
-0.1431 0.3094 0.1290
-0.1323 -0.0785 0.1925
-0.1226 -0.3574 0.1726
-0.1262 0.4428 0.2323
-0.1251 0.1851 0.1412
-0.1181 -0.9175 0.2021
-0.1048 -0.4654 0.2379
-0.1064 0.2779 0.1352
-0.0919 0.1057 0.1222
-0.0933 0.5886 0.2540
-0.0878 -0.8786 0.2265
-0.0623 0.0668 0.1184
-0.0819 0.2693 0.1441
-0.0707 -0.3234 0.1714
-0.0742 1.0282 0.3096
-0.0613 0.3112 0.1682
-0.0660 -0.6282 0.3457
-0.0470 0.1074 0.1163
-0.0655 0.1518 0.1476
-0.0579 1.0899 0.3479
-0.0415 -0.5102 0.2584
-0.0376 -0.3774 0.1710
-0.0322 -1.3725 0.2810
-0.0200 0.4345 0.2309
-0.0182 -0.3170 0.1806
-0.0081 0.5598 0.2637
0.0086 0.2826 0.1981
-0.0093 -1.3662 0.2486
-0.0048 0.0515 0.1194
0.0344 0.2461 0.2040
-0.0025 0.0793 0.1074
0.0025 0.0181 0.1455
0.0158 0.1004 0.1131
0.0186 -0.6394 0.3604
0.0276 -1.3231 0.1887
0.0288 0.0798 0.1101
0.0387 -0.3539 0.1811
0.0459 -0.3840 0.1805
0.0442 -0.7433 0.3374
0.0400 -0.0642 0.2400
0.0433 0.4406 0.2280
0.0746 -1.2320 0.1633
0.0807 0.1162 0.1343
0.0689 0.5785 0.2931
0.0782 -1.3085 0.1527
0.0817 -0.9988 0.2531
0.0867 -0.3681 0.1983
0.0853 0.3935 0.2229
0.1017 -1.1564 0.1765
0.0980 0.0627 0.1246
0.1031 0.0890 0.1248
0.1147 -1.3233 0.1560
0.1200 -1.0587 0.2064
0.1099 -0.3722 0.2088
0.1167 0.2440 0.2015
0.1222 -0.9474 0.2482
0.1441 0.1323 0.1526
0.1447 -1.2656 0.1259
0.1403 0.0119 0.1777
0.1402 0.0705 0.1394
0.1444 1.0733 0.4146
0.1420 -1.3117 0.1518
0.1561 0.3925 0.2299
0.1593 0.8284 0.3366
0.1607 -1.2421 0.1230
0.1505 -1.1254 0.1602
0.1660 -0.8895 0.2314
0.1753 -1.1999 0.1299
0.1852 -0.3948 0.2210
0.1738 0.2297 0.1770
0.1871 -1.2572 0.1351
0.1880 -1.0952 0.1652
0.1985 0.8711 0.2947
0.2089 -0.8512 0.1980
0.2130 0.4400 0.2467
0.2101 0.7335 0.3298
0.2222 0.4705 0.2663
0.2195 -0.4656 0.2314
0.2140 0.1253 0.1345
0.2245 -1.2089 0.1288
0.2249 0.2212 0.1467
0.2283 0.0468 0.1452
0.2586 -0.4886 0.2394
0.2419 -1.1828 0.1317
0.2451 -1.0725 0.1891
0.2507 0.2318 0.1495
0.2612 0.1461 0.1208
0.2562 -0.0441 0.2182
0.2626 -0.8019 0.1547
0.2780 0.0834 0.1302
0.2707 0.0981 0.1285
0.2876 -1.1907 0.1452
0.2750 -1.1536 0.1510
0.2738 0.1693 0.1234
0.2799 -0.0316 0.2087
0.2758 -0.8439 0.1489
0.2906 0.0593 0.1427
0.3103 -1.2340 0.1543
0.2945 -0.5070 0.2467
0.3076 0.1670 0.1333
0.2948 0.4241 0.2500
0.2923 -0.8314 0.1364
0.3017 0.8119 0.2382
0.3081 0.2519 0.1619
0.3089 -1.0527 0.2481
0.3208 0.8873 0.2314
0.3128 -0.8079 0.1298
0.3218 -0.3408 0.2509
0.3226 -0.7675 0.1483
0.3348 -0.3962 0.2148
0.3290 -0.1820 0.3148
0.3444 0.3522 0.2241
0.3505 -1.2530 0.1768
0.3585 0.2529 0.1736
0.3494 0.6885 0.3069
0.3530 0.9536 0.2338
0.3564 1.0537 0.2902
0.3540 -0.7286 0.1954
0.3555 -0.8051 0.1357
0.3820 0.1516 0.1520
0.3851 -0.4290 0.2034
0.3871 -1.2497 0.1862
0.3847 -0.8281 0.1484
0.3938 -1.2105 0.1862
0.4009 0.9430 0.2108
0.3981 0.0729 0.1529
0.4110 0.3884 0.2604
0.4241 0.1255 0.1326
0.4220 0.2509 0.1878
0.4254 0.0418 0.1575
0.4389 -0.8548 0.1869
0.4414 0.1742 0.1433
0.4506 0.8669 0.2162
0.4476 -0.4660 0.2002
0.4484 -1.2131 0.2038
0.4625 0.1204 0.1207
0.4624 -0.8075 0.1787
0.4734 -0.1861 0.2632
0.4629 0.6246 0.3538
0.4671 0.8044 0.2459
0.4790 -0.4626 0.1997
0.4792 -0.3965 0.2162
0.4817 -0.0246 0.2123
0.4901 -0.8843 0.1962
0.4865 -0.1485 0.2484
0.4903 0.5736 0.3675
0.4943 0.1172 0.1283
0.5008 0.0681 0.1394
0.4976 0.8327 0.2507
0.5021 0.0388 0.1571
0.5079 0.9151 0.2232
0.5124 0.2266 0.1731
0.5196 -0.5671 0.2547
0.5190 -0.1954 0.2563
0.5158 1.0889 0.2600
0.5195 -1.2914 0.1936
0.5253 1.0280 0.2208
0.5280 -0.4974 0.2017
0.5296 0.1383 0.1430
0.5454 -0.7630 0.2071
0.5436 1.1077 0.2908
0.5456 -1.2816 0.1894
0.5543 -1.2443 0.1993
0.5536 0.3084 0.1971
0.5616 0.1923 0.1579
0.5512 1.0459 0.2404
0.5595 0.3664 0.2459
0.5694 -0.8599 0.1692
0.5770 -0.7831 0.1946
0.5705 -0.1600 0.2566
0.5924 -1.3044 0.2185
0.5988 -0.8821 0.1784
0.6000 -0.3943 0.1962
0.6024 -0.8152 0.1886
0.6081 0.3182 0.1981
0.6039 -1.0118 0.2715
0.6065 -1.3227 0.2400
0.6228 0.0619 0.1743
0.6181 -0.6161 0.2843
0.6442 0.2533 0.1682
0.6179 -0.4331 0.1746
0.6182 0.1689 0.1467
0.6467 0.1105 0.1427
0.6433 0.1901 0.1490
0.6490 -1.3615 0.3031
0.6683 0.0603 0.1523
0.6612 -0.9395 0.2250
0.6823 -0.4695 0.1452
0.6633 -1.1607 0.2843
0.6726 -0.1932 0.2592
0.6708 0.9856 0.2902
0.6708 -0.3860 0.1789
0.6910 0.2590 0.1793
0.7135 -0.1581 0.2701
0.7060 0.1634 0.1356
0.6971 0.8516 0.2888
0.7048 -0.8710 0.2502
0.7046 -0.4464 0.1276
0.7121 -0.9789 0.2485
0.7278 0.0597 0.1366
0.7180 0.1260 0.1214
0.7177 -0.0177 0.2126
0.7213 -0.4599 0.1220
0.7331 0.6922 0.3177
0.7332 0.7782 0.2951
0.7338 -0.4455 0.1209
0.7626 0.1027 0.1158
0.7497 0.3850 0.2843
0.7602 -0.4892 0.1301
0.7539 0.9207 0.3173
0.7890 0.2326 0.1784
0.7824 0.0670 0.1349
0.7809 0.1543 0.1255
0.7742 0.1781 0.1381
0.7803 0.6607 0.3023
0.7904 -0.4700 0.1253
0.8017 0.1104 0.1221
0.8010 -1.0830 0.2831
0.7965 -0.2556 0.2207
0.8042 -0.2911 0.2107
0.8072 -0.5057 0.1357
0.8559 0.2628 0.1926
0.8277 -1.1795 0.3127
0.8262 -0.3925 0.1746
0.8389 -0.6931 0.2752
0.8358 -0.4575 0.1385
0.8364 -0.2479 0.2307
0.8371 0.0920 0.1395
0.8474 -0.5588 0.1608
0.8458 0.6235 0.2961
0.8585 -1.0792 0.3101
0.8583 0.4391 0.2909
0.8701 -0.7300 0.3027
0.8704 0.8797 0.3091
0.8799 0.0827 0.1761
0.8756 -1.0303 0.3355
0.9013 -0.5417 0.1352
0.8923 -0.5114 0.1202
0.8905 -0.3312 0.2104
0.9177 0.0993 0.1973
0.9079 0.5754 0.2835
0.9107 -1.2814 0.4050
0.9071 0.2657 0.1900
0.9164 -0.5027 0.1243
0.9134 -0.1927 0.3014
0.9213 -1.3570 0.4701
0.9288 -0.4255 0.1691
0.9259 0.1540 0.1801
0.9283 0.2871 0.2006
0.9421 -0.5444 0.1566
0.9385 0.5475 0.2766
0.9413 -0.7070 0.2952
0.9472 -0.4526 0.1627
0.9584 0.2536 0.1715
0.9727 0.8440 0.3521
0.9821 -0.5309 0.1828
0.9988 0.2214 0.1520
0.9949 0.9549 0.3357
1.0467 0.1590 0.1395
1.0475 0.5217 0.2740
1.0470 1.0499 0.3570
1.0527 0.9344 0.3345
1.0761 0.1942 0.1024
1.0724 0.2127 0.1043
1.0852 0.2243 0.1015
1.0957 -0.0993 0.2879
1.1007 0.1530 0.1051
1.0856 0.4944 0.2603
1.0951 -0.2595 0.3217
1.1175 0.2227 0.0932
1.1119 -0.4494 0.2251
1.1106 0.4388 0.2426
1.1215 0.4763 0.2485
1.1360 0.1746 0.0918
1.1231 0.2790 0.1373
1.1306 -0.5021 0.2354
1.1280 -0.4383 0.2240
1.1376 0.1332 0.1030
1.1403 0.2611 0.1160
1.1556 -0.1534 0.3022
1.1651 0.0848 0.1226
1.1736 0.2343 0.1120
1.1684 0.1596 0.0916
1.1709 0.1816 0.0946
1.1849 0.1209 0.0958
1.1772 1.0286 0.3863
1.2007 0.1544 0.1026
1.1934 -0.4599 0.2444
1.2067 0.0818 0.1173
1.2017 0.2414 0.1354
1.2043 -0.1002 0.2568
1.2034 0.4047 0.2284
1.2343 0.1188 0.1218
1.2173 -0.0261 0.1943
1.2203 0.0094 0.1695
1.2267 -0.7400 0.4076
1.2457 -0.5154 0.2701
1.2325 1.1099 0.4766
1.2470 0.0611 0.1428
1.2427 0.9696 0.4334
1.2533 1.1050 0.4911
1.2601 -0.3956 0.3044
1.2649 0.3229 0.2111
1.2789 -0.7259 0.4073
1.2971 0.2914 0.2239
1.3026 -0.7266 0.4246
1.3042 -0.4383 0.3314
1.3071 0.2279 0.2100
1.3061 0.0971 0.1978
1.3105 0.4652 0.3186
1.3105 0.5619 0.4028
