points 
 2 
 1 
Tumour[19065]CD6810NNCodensity
-1.3953 0.6866 0.2588
-1.3940 -0.6468 0.3463
-1.3961 0.3968 0.3788
-1.3794 -0.7987 0.3428
-1.3889 0.2617 0.3950
-1.3801 -0.4495 0.3756
-1.3634 -0.5150 0.3371
-1.3597 0.7737 0.1904
-1.3408 0.3685 0.3207
-1.3236 -0.0587 0.4369
-1.3208 0.5293 0.3091
-1.3201 0.7082 0.1759
-1.3178 0.7727 0.1497
-1.3084 -0.4707 0.3078
-1.3022 -0.8046 0.2496
-1.2813 -0.4678 0.2974
-1.2760 -0.8154 0.2275
-1.2773 0.8456 0.1662
-1.2715 0.0155 0.3553
-1.2634 0.6882 0.1866
-1.2702 0.7777 0.1294
-1.2367 -0.8170 0.1998
-1.2187 0.7300 0.1582
-1.2223 0.7945 0.1244
-1.2298 0.8319 0.1363
-1.2063 0.5185 0.2861
-1.1877 0.7965 0.1353
-1.1976 -0.2028 0.3946
-1.1899 -1.0158 0.2604
-1.1886 0.8814 0.1901
-1.1790 0.3574 0.2446
-1.1744 0.1754 0.2250
-1.1642 -0.8068 0.1663
-1.1454 -0.2346 0.3699
-1.1484 0.7910 0.1547
-1.1376 0.3595 0.2356
-1.1375 0.1937 0.1956
-1.1355 -0.5265 0.2414
-1.1278 0.1409 0.2058
-1.1291 0.8414 0.1850
-1.1203 -0.9363 0.1822
-1.1229 -0.8183 0.1530
-1.1227 -0.9033 0.1826
-1.1213 -0.8531 0.1680
-1.1068 -1.0717 0.2305
-1.1025 -0.4908 0.2401
-1.1075 -0.7309 0.1582
-1.1042 0.3128 0.2126
-1.0932 0.3397 0.2301
-1.1033 0.5579 0.2742
-1.0809 -1.0061 0.1701
-1.0931 -0.5411 0.2102
-1.0888 0.5733 0.2645
-1.0803 0.1137 0.2014
-1.0780 0.2606 0.1972
-1.0702 -0.7085 0.1467
-1.0705 -0.7579 0.1300
-1.0672 0.0437 0.2468
-1.0595 0.7067 0.2170
-1.0619 0.7581 0.2180
-1.0567 0.1128 0.1999
-1.0576 -0.7356 0.1294
-1.0469 -0.5868 0.1783
-1.0305 -1.0827 0.2306
-1.0267 -0.2549 0.3024
-1.0211 -0.7412 0.1350
-1.0196 -0.9751 0.1712
-1.0113 -1.0277 0.1865
-0.9966 -0.6473 0.1696
-0.9922 -0.7960 0.1660
-0.9902 -0.5531 0.1676
-0.9781 0.5925 0.2442
-0.9866 -0.3436 0.2822
-0.9824 0.7162 0.2330
-0.9753 -0.9747 0.1894
-0.9727 -0.7848 0.1755
-0.9633 0.8840 0.3028
-0.9660 -0.9125 0.2072
-0.9548 -0.5655 0.1601
-0.9545 -0.7111 0.1806
-0.9459 0.1457 0.2208
-0.9315 -0.0370 0.1943
-0.9372 -0.5390 0.1660
-0.9325 -0.3489 0.2555
-0.9389 0.2198 0.2550
-0.9184 0.6580 0.2217
-0.9229 -1.2740 0.3533
-0.9060 -1.2898 0.3640
-0.8979 0.0785 0.1721
-0.9031 0.3305 0.2657
-0.8906 -0.2043 0.2189
-0.8858 -0.5776 0.1529
-0.8827 -0.6041 0.1580
-0.8721 -0.9622 0.2262
-0.8748 0.0176 0.1292
-0.8720 0.8203 0.2550
-0.8619 0.0622 0.1452
-0.8700 -0.4689 0.2098
-0.8587 -1.2420 0.3268
-0.8614 -0.0078 0.1188
-0.8559 -0.1408 0.1887
-0.8526 0.3799 0.2151
-0.8559 0.5898 0.2129
-0.8494 0.8717 0.2886
-0.8428 -0.0499 0.1200
-0.8401 -1.2672 0.3469
-0.8269 -0.5121 0.1879
-0.8296 0.6674 0.2007
-0.8230 -0.9825 0.2332
-0.8160 -0.6713 0.2157
-0.8078 0.1212 0.1983
-0.8128 0.0016 0.1084
-0.8074 -0.2667 0.1715
-0.7969 -0.2346 0.1625
-0.7979 -0.0303 0.1053
-0.8002 -0.6004 0.1812
-0.7930 0.4365 0.1778
-0.7966 0.5224 0.2108
-0.7876 0.0094 0.1142
-0.7919 -0.0638 0.1214
-0.7898 -0.6407 0.2084
-0.7894 -0.8671 0.2613
-0.7817 -0.2776 0.1716
-0.7791 -0.2523 0.1593
-0.7811 0.3789 0.1616
-0.7780 0.6181 0.1883
-0.7699 -0.0882 0.1464
-0.7661 -1.0328 0.2741
-0.7569 -0.5558 0.2098
-0.7614 0.7025 0.1929
-0.7522 0.4078 0.1484
-0.7500 -0.0416 0.1202
-0.7473 0.6597 0.1850
-0.7439 0.8294 0.2306
-0.7384 -0.3906 0.2567
-0.7321 -0.2323 0.1645
-0.7114 0.3457 0.1434
-0.7247 0.4043 0.1457
-0.7305 -0.9581 0.2474
-0.7285 0.0413 0.1396
-0.7162 0.0599 0.1576
-0.7055 0.0106 0.1385
-0.6957 0.4279 0.1573
-0.6947 0.2782 0.1660
-0.6863 0.7799 0.1983
-0.6686 -0.1745 0.1639
-0.6746 -0.9482 0.2604
-0.6700 -0.0453 0.1571
-0.6693 0.6076 0.2090
-0.6589 -0.2199 0.1664
-0.6632 0.6424 0.1951
-0.6533 0.2876 0.1381
-0.6571 0.8205 0.1920
-0.6454 0.0798 0.2046
-0.6338 0.3381 0.1284
-0.6477 0.2484 0.1615
-0.6366 -1.3038 0.4357
-0.6328 -0.8644 0.2897
-0.6322 -0.4973 0.3576
-0.6343 -0.0743 0.1564
-0.6318 -0.9241 0.2783
-0.6217 0.3964 0.1389
-0.6218 -0.2158 0.1577
-0.6166 0.2789 0.1361
-0.6154 0.7939 0.1614
-0.6036 -0.0631 0.1538
-0.5889 0.3946 0.1238
-0.5963 -0.1393 0.1409
-0.5888 -0.2029 0.1458
-0.5838 0.8367 0.1601
-0.5848 -0.7200 0.3504
-0.5742 0.0102 0.1900
-0.5710 0.1784 0.2201
-0.5555 0.4153 0.1172
-0.5781 0.3141 0.1290
-0.5710 0.4492 0.1300
-0.5727 0.6446 0.1668
-0.5582 -1.1863 0.4074
-0.5584 0.4812 0.1401
-0.5489 0.6091 0.1768
-0.5426 -0.1609 0.1397
-0.5379 0.3129 0.1371
-0.5319 0.7385 0.1204
-0.5317 0.4753 0.1276
-0.5257 -0.0752 0.1701
-0.5335 -0.0322 0.1905
-0.5314 0.8181 0.1270
-0.5316 0.8631 0.1575
-0.5270 0.6956 0.1202
-0.5220 -0.2135 0.1518
-0.5074 0.3736 0.1400
-0.5157 0.7169 0.1126
-0.5096 0.7955 0.1166
-0.4790 0.4830 0.1326
-0.5046 -1.1131 0.4073
-0.5034 0.2690 0.1785
-0.5017 0.4100 0.1334
-0.4918 -0.1673 0.1471
-0.4872 0.3022 0.1702
-0.4808 -0.1969 0.1515
-0.4794 0.7329 0.1079
-0.4717 -0.7517 0.3910
-0.4649 0.5228 0.1470
-0.4685 0.7533 0.1107
-0.4606 0.8166 0.1202
-0.4670 0.6790 0.1272
-0.4601 0.6224 0.1599
-0.4353 0.4701 0.1389
-0.4365 0.7000 0.1362
-0.4311 0.1238 0.2680
-0.4348 0.8437 0.1280
-0.4378 0.8705 0.1421
-0.4375 -0.2045 0.1778
-0.4021 0.0670 0.2497
-0.4089 0.8137 0.1365
-0.4035 -0.1855 0.1819
-0.3951 0.5021 0.1270
-0.3794 0.4761 0.1312
-0.3819 0.8923 0.1558
-0.3714 0.6121 0.1546
-0.3932 -0.8058 0.4174
-0.3720 0.5612 0.1370
-0.3844 0.2304 0.2494
-0.3766 0.3736 0.2114
-0.3593 0.5173 0.1225
-0.3660 -1.3011 0.4132
-0.3584 0.6750 0.1784
-0.3558 -0.0314 0.2104
-0.3533 0.7881 0.1716
-0.3522 -0.1792 0.1811
-0.3434 -0.4796 0.4341
-0.3462 0.9077 0.1682
-0.3436 -0.8898 0.4286
-0.3321 -1.3957 0.4829
-0.3206 -0.0500 0.1869
-0.3184 0.6105 0.1579
-0.3134 0.4626 0.1464
-0.2889 -0.1792 0.1552
-0.3143 0.8871 0.1615
-0.2940 0.5343 0.1322
-0.2995 -0.5091 0.4283
-0.2991 0.8367 0.1679
-0.2854 0.5062 0.1415
-0.2863 -0.1200 0.1610
-0.2643 0.2515 0.1650
-0.2688 0.0182 0.1870
-0.2557 0.5082 0.1640
-0.2311 -0.1857 0.1194
-0.2440 0.0779 0.1950
-0.2440 0.3861 0.1772
-0.2454 0.6148 0.1879
-0.2388 0.8785 0.1654
-0.2319 0.1370 0.1785
-0.2284 -0.2386 0.1378
-0.2233 -0.2110 0.1164
-0.2286 -0.0327 0.1648
-0.2167 0.2924 0.1231
-0.2136 -0.0650 0.1506
-0.2240 0.1739 0.1598
-0.2199 0.3107 0.1263
-0.2103 0.2609 0.1290
-0.2051 -0.2285 0.1179
-0.1857 -1.1421 0.2559
-0.1976 0.9051 0.1841
-0.1882 0.8313 0.1790
-0.1923 -1.2050 0.2674
-0.1679 0.1533 0.1655
-0.1898 0.6145 0.2136
-0.1693 0.2919 0.1248
-0.1712 0.2521 0.1290
-0.1762 0.3776 0.1622
-0.1741 -0.1276 0.1241
-0.1684 -0.1548 0.1170
-0.1381 -0.0960 0.1443
-0.1694 0.3513 0.1390
-0.1416 -0.2224 0.1177
-0.1575 -0.1904 0.1132
-0.1582 -1.0003 0.3149
-0.1259 0.0677 0.2042
-0.1348 -0.0490 0.1747
-0.1422 0.8704 0.1923
-0.1543 0.8896 0.1939
-0.1456 -0.3464 0.1862
-0.1369 -1.2135 0.2348
-0.1243 -0.2550 0.1235
-0.1166 0.1849 0.1606
-0.1083 0.6450 0.1951
-0.1168 -0.1181 0.1417
-0.1115 0.3704 0.1932
-0.1049 0.8317 0.2045
-0.0989 -0.3343 0.1577
-0.1053 -0.2783 0.1279
-0.1032 -1.0778 0.2264
-0.0746 0.5151 0.2417
-0.0862 0.2547 0.1623
-0.0784 0.7728 0.2038
-0.0762 -1.2175 0.2080
-0.0709 -0.2602 0.1327
-0.0703 -1.1790 0.1932
-0.0592 -0.2248 0.1390
-0.0535 0.6677 0.1843
-0.0462 0.1641 0.1507
-0.0395 -0.1816 0.1520
-0.0441 0.6220 0.1891
-0.0406 -0.9797 0.3241
-0.0354 -0.4013 0.1666
-0.0377 -0.5264 0.2411
-0.0310 0.6596 0.1842
-0.0286 -0.3345 0.1640
-0.0200 0.0862 0.1847
-0.0308 0.1923 0.1548
-0.0288 -0.7476 0.4227
-0.0184 0.5087 0.2526
-0.0121 -0.1270 0.1685
-0.0131 0.2359 0.1748
-0.0133 0.7211 0.2029
-0.0063 -0.4261 0.1517
-0.0006 -0.1582 0.1538
-0.0037 -1.1201 0.2095
0.0024 0.0539 0.2025
0.0154 -0.4473 0.1421
0.0066 0.1589 0.1677
0.0059 0.2697 0.1984
0.0258 0.0304 0.2074
0.0413 -0.4611 0.1386
0.0402 -0.2697 0.1877
0.0463 -1.2066 0.2023
0.0594 -0.1211 0.1451
0.0665 -1.2176 0.2084
0.0682 -0.4547 0.1383
0.0774 -0.1475 0.1341
0.0889 -1.0996 0.2483
0.0901 -1.2134 0.2156
0.0925 -0.3791 0.1663
0.0947 -0.4832 0.1488
0.1070 0.7113 0.1817
0.1284 0.4680 0.2388
0.1214 -0.1172 0.1213
0.1209 -0.5007 0.1574
0.1101 -0.1739 0.1264
0.1130 0.3165 0.2801
0.1194 0.5667 0.1733
0.1227 -1.2864 0.2851
0.1284 -0.0422 0.1621
0.1307 0.6491 0.1316
0.1356 -0.2781 0.1731
0.1331 0.6689 0.1344
0.1345 -0.6872 0.2529
0.1362 0.0124 0.1931
0.1390 0.2077 0.2772
0.1411 -0.3138 0.1800
0.1557 -0.4043 0.1523
0.1456 -0.1399 0.1094
0.1467 0.8943 0.2634
0.1684 0.4516 0.2401
0.1516 -0.1747 0.1167
0.1681 -0.0044 0.1697
0.1800 0.6676 0.1183
0.1739 -0.5647 0.1500
0.1678 0.6227 0.1147
0.1797 -0.8570 0.3086
0.2173 0.5901 0.1261
0.1847 -0.6378 0.1735
0.2019 -0.4762 0.1292
0.1848 -0.2015 0.1434
0.1920 0.5647 0.1442
0.1980 -0.1643 0.1327
0.2136 0.6390 0.1148
0.2011 -0.0775 0.1339
0.2062 0.7428 0.1609
0.2124 -0.3381 0.1728
0.2121 -1.0989 0.3026
0.2199 -0.4292 0.1277
0.2138 -0.1450 0.1358
0.2248 -0.5796 0.1224
0.2293 0.8352 0.1604
0.2389 -0.5151 0.1082
0.2369 0.6747 0.1329
0.2426 0.9021 0.1778
0.2491 -0.4624 0.1149
0.2536 -0.5715 0.1160
0.2654 0.6019 0.1269
0.2550 -0.3995 0.1241
0.2562 -0.5360 0.1076
0.2546 -0.0531 0.1425
0.2553 0.7718 0.1617
0.2596 -1.1723 0.3296
0.2684 -0.6295 0.1463
0.2645 0.9065 0.1751
0.2703 -0.0755 0.1523
0.2642 -0.0290 0.1471
0.2871 0.5678 0.1376
0.2666 0.8432 0.1442
0.2693 -0.6767 0.1778
0.2706 -0.4371 0.1155
0.2723 -0.8423 0.2100
0.2769 -1.4369 0.5076
0.2957 0.6803 0.1659
0.2920 -0.5429 0.1133
0.2859 -0.0125 0.1556
0.3064 0.2920 0.2312
0.3247 -0.8696 0.1818
0.3109 0.8135 0.1528
0.3286 0.5874 0.1217
0.3449 -0.7352 0.1812
0.3145 -0.5237 0.1222
0.3141 -0.3986 0.1401
0.3167 0.1443 0.2003
0.3154 0.1976 0.2221
0.3265 -0.3784 0.1600
0.3210 0.4225 0.2056
0.3466 0.5512 0.1178
0.3319 -1.4880 0.6095
0.3318 -0.4065 0.1459
0.3306 0.1191 0.1868
0.3369 -0.6848 0.1915
0.3478 0.8305 0.1536
0.3532 0.0874 0.1796
0.3531 -0.5387 0.1466
0.3783 -0.9576 0.1793
0.3624 -0.0212 0.1850
0.3633 0.2284 0.2201
0.3619 0.0164 0.1753
0.3563 0.3895 0.1924
0.3695 -0.8225 0.1670
0.3584 -0.7816 0.1707
0.3747 0.8575 0.1479
0.3757 -0.9938 0.2001
0.3676 -0.5202 0.1551
0.3685 0.6063 0.1205
0.3850 0.5415 0.1058
0.3741 0.4584 0.1543
0.3755 -0.9039 0.1706
0.3895 0.5726 0.0997
0.3863 0.9070 0.1735
0.4114 0.3365 0.1853
0.4134 0.5943 0.1099
0.4245 0.5453 0.0979
0.4132 -1.0231 0.1905
0.4173 -0.5147 0.1635
0.4275 0.0291 0.2159
0.4278 -0.4063 0.1935
0.4501 0.5238 0.1016
0.4312 0.8607 0.1551
0.4326 -0.8298 0.1694
0.4486 -0.7175 0.1947
0.4520 0.5835 0.1108
0.4492 0.4655 0.1261
0.4673 0.4957 0.1059
0.4528 -0.5924 0.2014
0.4830 -1.0275 0.1669
0.4599 0.3453 0.1770
0.4658 0.8367 0.1725
0.4660 -0.3127 0.2824
0.4685 0.8730 0.1805
0.4849 0.5619 0.1116
0.4748 0.8202 0.1847
0.4924 -0.4416 0.1899
0.5169 0.5280 0.1112
0.4908 -1.0031 0.1516
0.4922 0.4532 0.1135
0.5053 -0.5169 0.1674
0.5248 0.3404 0.1776
0.5171 0.4766 0.1043
0.5126 -0.9328 0.1474
0.5084 -0.8824 0.1498
0.5182 -0.8527 0.1551
0.5139 0.3812 0.1393
0.5185 0.6180 0.1606
0.5296 -0.7204 0.1849
0.5546 0.5675 0.1261
0.5384 0.8276 0.2078
0.5316 -0.8000 0.1608
0.5448 0.4534 0.1073
0.5388 -1.0438 0.1899
0.5372 -0.5327 0.1674
0.5393 -0.5013 0.1623
0.5378 -0.9043 0.1470
0.5479 0.0704 0.1799
0.5564 0.0869 0.1682
0.5558 -1.0270 0.1840
0.5558 -0.8907 0.1558
0.5548 0.4086 0.1242
0.5832 0.5013 0.1027
0.5637 -0.7298 0.1681
0.5763 0.4640 0.1056
0.5877 0.5458 0.1123
0.5751 0.1138 0.1543
0.6146 0.4225 0.1190
0.6186 0.5225 0.0995
0.6137 -0.7183 0.1526
0.6091 -0.4509 0.1471
0.6038 -0.1864 0.2880
0.6072 0.0010 0.1841
0.6098 -0.2157 0.2980
0.6199 -0.6122 0.2043
0.6228 0.6378 0.1153
0.6406 0.5761 0.0976
0.6349 -0.5038 0.1326
0.6424 0.1269 0.1172
0.6344 0.1801 0.1351
0.6353 0.4694 0.0982
0.6430 0.0923 0.1209
0.6387 0.6660 0.1121
0.6432 -0.9768 0.2228
0.6406 -0.7231 0.1465
0.6588 0.4926 0.0995
0.6556 0.5347 0.0978
0.6402 0.6142 0.0985
0.6549 0.8618 0.1548
0.6492 0.6334 0.0966
0.6534 -0.1242 0.2127
0.6568 0.4190 0.1148
0.6782 0.4490 0.0988
0.6637 -0.4600 0.1057
0.6812 0.5974 0.0949
0.6596 0.7111 0.1149
0.6691 -0.4860 0.1035
0.6736 -0.8351 0.1694
0.6688 -0.7742 0.1427
0.6644 0.2414 0.1471
0.6880 -0.7328 0.1530
0.6827 0.5499 0.1008
0.6811 -0.0024 0.1411
0.6834 0.1365 0.1121
0.6785 0.7897 0.1082
0.6791 0.8426 0.1219
0.7080 -0.4378 0.0982
0.6920 -0.5089 0.1100
0.6798 -0.4136 0.1202
0.6835 0.1091 0.1133
0.6839 0.2476 0.1397
0.6913 0.2285 0.1328
0.7035 0.4771 0.1034
0.6993 0.0473 0.1244
0.7111 0.6174 0.1058
0.6971 0.7564 0.0895
0.7031 0.4106 0.1160
0.7118 -0.7854 0.1383
0.7069 -0.4096 0.1137
0.7083 0.1388 0.1222
0.7034 0.6976 0.0927
0.7115 0.7940 0.0970
0.7263 0.2525 0.1326
0.7187 -0.5270 0.1188
0.7313 0.1152 0.1299
0.7171 0.7522 0.0846
0.7191 0.9072 0.1630
0.7264 0.5389 0.1243
0.7204 0.6571 0.1038
0.7250 0.8819 0.1349
0.7316 0.0136 0.1156
0.7369 0.3235 0.1362
0.7361 0.4611 0.1217
0.7298 0.6847 0.0989
0.7278 -0.5529 0.1396
0.7313 0.4100 0.1227
0.7445 0.5899 0.1298
0.7305 0.7169 0.0911
0.7328 -0.7598 0.1536
0.7313 0.7412 0.0878
0.7328 0.8098 0.1019
0.7348 -0.0476 0.1260
0.7558 -0.8437 0.1391
0.7473 -0.4682 0.1087
0.7466 -0.0011 0.1124
0.7818 0.8535 0.1152
0.7494 -0.1142 0.1872
0.7579 -0.0297 0.1183
0.7545 -0.9575 0.1811
0.7591 -0.3942 0.1291
0.7591 0.3506 0.1377
0.7651 -0.8953 0.1401
0.7687 -0.4121 0.1205
0.7728 0.3003 0.1224
0.7713 -0.4581 0.1146
0.7761 0.8161 0.1081
0.7783 -0.5434 0.1406
0.7878 0.0459 0.1410
0.7847 0.6377 0.1427
0.7879 -0.6161 0.2087
0.7997 -0.0115 0.1379
0.7956 0.4308 0.1675
0.7953 0.7336 0.1232
0.8207 -0.4816 0.1532
0.7989 -0.9245 0.1445
0.7961 -0.8251 0.1539
0.8122 0.2817 0.1181
0.8139 0.7597 0.1181
0.8128 0.1053 0.1682
0.8088 0.2467 0.1321
0.8186 -0.3910 0.1555
0.8182 -0.8603 0.1421
0.8172 -0.0634 0.1613
0.8594 -0.8905 0.1478
0.8220 0.8114 0.1010
0.8389 0.8498 0.1084
0.8333 0.3037 0.1278
0.8345 0.8317 0.1011
0.8443 0.2780 0.1256
0.8467 -0.5663 0.2041
0.8528 -0.9377 0.1483
0.8596 0.6327 0.1535
0.8584 0.8382 0.1100
0.8728 0.9076 0.1814
0.8650 0.2043 0.1453
0.8632 0.5750 0.1980
0.8678 0.7505 0.1241
0.8690 -0.9482 0.1628
0.8712 0.7299 0.1275
0.8815 0.4042 0.2025
0.9007 0.0710 0.1432
0.8881 0.1227 0.1525
0.8980 0.2647 0.1415
0.8899 -0.1415 0.1973
0.8997 0.8580 0.1578
0.9046 0.1538 0.1503
0.8933 0.6284 0.1601
0.9005 0.7207 0.1380
0.9004 -0.1618 0.2035
0.9065 -0.4074 0.1689
0.9203 -0.0058 0.1664
0.9090 -0.3435 0.1813
0.9134 0.6670 0.1477
0.9389 -0.9937 0.1972
0.9313 -0.3606 0.1736
0.9205 0.4285 0.2061
0.9266 0.0347 0.1516
0.9412 0.0648 0.1396
0.9343 -0.1631 0.1993
0.9325 0.2597 0.1538
0.9437 -1.3891 0.5049
0.9492 -0.4598 0.1958
0.9660 0.2468 0.1536
0.9658 -0.8933 0.2264
0.9578 -0.3387 0.1837
0.9627 0.7200 0.1548
0.9654 -1.0804 0.2416
0.9802 0.0259 0.1604
0.9766 -0.4937 0.2319
0.9790 0.1704 0.1430
0.9825 0.5023 0.1675
0.9902 -1.1118 0.2782
0.9836 -0.0789 0.1994
0.9993 -0.7585 0.3428
0.9938 0.4698 0.1771
0.9945 -0.2399 0.2020
1.0000 -1.2116 0.3380
1.0150 0.1413 0.1529
1.0103 -0.3038 0.2161
1.0090 0.4887 0.1694
1.0097 -1.3790 0.4831
1.0180 -1.0405 0.2460
1.0167 -0.1889 0.2290
1.0309 0.7398 0.1693
1.0262 0.6258 0.1547
1.0292 0.5204 0.1715
1.0375 0.2314 0.1733
1.0368 0.6461 0.1527
1.0355 0.1652 0.1601
1.0379 -1.3967 0.5169
1.0484 0.0148 0.2126
1.0433 0.6757 0.1532
1.0482 0.1260 0.1750
1.0461 0.5691 0.1732
1.0525 -0.9715 0.2775
1.0550 0.7841 0.2120
1.0669 0.6889 0.1733
1.0588 0.8655 0.2899
1.0590 0.2613 0.2060
1.0682 -0.4998 0.3089
1.0797 0.4054 0.2542
1.0812 -0.6518 0.4092
