points 
 2 
 1 
Tumour[19065]FoxP310NNCodensity
-1.3844 -1.0853 0.3049
-1.3862 -1.0146 0.3211
-1.3774 -1.2487 0.3342
-1.3709 0.6069 0.4062
-1.3611 0.0685 0.4549
-1.3592 0.0790 0.4425
-1.3523 -1.2840 0.3416
-1.3322 -1.3827 0.4285
-1.3075 -0.9261 0.3424
-1.2992 -0.9648 0.3084
-1.3002 0.7176 0.4067
-1.2981 -1.3813 0.4221
-1.2905 -0.9417 0.3259
-1.2837 -0.9802 0.3047
-1.2798 -1.3253 0.3719
-1.2787 0.4254 0.2961
-1.2780 0.7222 0.3937
-1.2550 0.4511 0.2957
-1.2477 0.2615 0.2654
-1.2405 0.2003 0.2812
-1.2194 0.3136 0.2419
-1.1954 -1.0824 0.3534
-1.1921 0.2552 0.2532
-1.1911 0.7198 0.3658
-1.1437 0.7055 0.3579
-1.1431 0.4645 0.2934
-1.1022 0.2849 0.2594
-1.0788 0.4436 0.3050
-1.0665 -0.3780 0.5635
-1.0398 0.1312 0.3474
-1.0244 0.3809 0.3284
-1.0144 0.1369 0.3468
-0.9928 -0.7383 0.4704
-0.9610 -0.3464 0.4748
-0.9569 -0.7607 0.4239
-0.9463 -1.3409 0.6997
-0.9442 -0.2511 0.4812
-0.9118 0.5749 0.3469
-0.9078 0.7609 0.4157
-0.8827 0.7006 0.3739
-0.8445 0.2114 0.3657
-0.8260 -0.6532 0.3528
-0.8019 -0.7440 0.3052
-0.7958 0.1942 0.3800
-0.7953 0.5214 0.3371
-0.7817 0.4187 0.3530
-0.7729 -0.2612 0.3975
-0.7717 0.1550 0.4158
-0.7435 -0.5444 0.3780
-0.7369 -0.9725 0.2587
-0.7146 -0.8817 0.1858
-0.7180 -0.2046 0.3979
-0.7101 0.5957 0.3139
-0.6901 0.8128 0.4178
-0.6817 -0.8918 0.1587
-0.6598 -0.6249 0.2952
-0.6522 -0.9502 0.1885
-0.6500 -0.8697 0.1538
-0.6436 -0.8896 0.1504
-0.6469 0.8407 0.4436
-0.6394 0.5601 0.3034
-0.6356 -0.9422 0.1835
-0.6317 -0.2893 0.3697
-0.6231 -0.1577 0.3986
-0.6092 -0.8715 0.1640
-0.5934 0.4005 0.3555
-0.5660 -0.8637 0.1962
-0.5624 -0.5703 0.3108
-0.5570 -0.6972 0.2351
-0.5524 0.2437 0.4317
-0.5443 0.5662 0.2776
-0.5424 -0.7159 0.2282
-0.5050 -0.2301 0.3700
-0.4984 -0.6355 0.2558
-0.4822 0.5788 0.2488
-0.4469 0.6398 0.2254
-0.4424 -0.7700 0.2506
-0.4433 -1.6420 1.0849
-0.4299 -0.1592 0.4109
-0.4157 -0.7678 0.2549
-0.4062 0.6095 0.2047
-0.3898 0.6156 0.2008
-0.3618 -0.2508 0.4074
-0.3597 0.4080 0.2340
-0.3494 -0.5571 0.3315
-0.3468 -0.2616 0.4120
-0.3447 0.7731 0.2899
-0.3415 0.3586 0.2168
-0.3270 -0.5861 0.3185
-0.3264 0.2749 0.2543
-0.3182 0.6421 0.2120
-0.3190 0.7064 0.2331
-0.3149 -0.7541 0.3133
-0.3012 0.6969 0.2332
-0.2884 -0.7478 0.3346
-0.2629 0.4836 0.1696
-0.2478 0.3740 0.1374
-0.2370 0.2143 0.2796
-0.2356 0.4811 0.1445
-0.2149 -0.0513 0.4518
-0.2042 0.4332 0.1070
-0.2032 0.4124 0.1025
-0.1951 0.3497 0.1276
-0.1911 0.3696 0.1113
-0.1915 0.4032 0.1024
-0.1703 0.4052 0.1094
-0.1592 0.5329 0.1788
-0.1538 -1.2800 0.6621
-0.1558 0.5001 0.1473
-0.1477 0.3096 0.1707
-0.1335 -0.5376 0.4670
-0.1265 0.7531 0.1873
-0.1223 0.4988 0.1639
-0.1136 0.7786 0.1875
-0.0998 0.8298 0.2252
-0.0929 0.4094 0.1677
-0.0871 0.3463 0.1947
-0.0852 0.7078 0.1548
-0.0687 -0.0203 0.4055
-0.0685 0.6990 0.1496
-0.0648 0.6754 0.1543
-0.0614 0.6417 0.1686
-0.0403 -1.2101 0.5573
-0.0331 0.8477 0.2258
-0.0208 0.0119 0.3632
-0.0193 0.5044 0.2009
-0.0013 -0.3663 0.4972
0.0152 -1.1935 0.5444
0.0061 0.5613 0.1895
0.0057 -1.2272 0.5637
0.0160 0.6983 0.1612
0.0207 0.6576 0.1605
0.0431 -0.4733 0.4655
0.0543 0.4974 0.2350
0.0550 0.8293 0.1686
0.0790 -1.2416 0.6001
0.0769 0.0721 0.2846
0.0788 0.5627 0.2129
0.0872 0.6858 0.1798
0.0933 0.4048 0.3136
0.1004 0.1040 0.2593
0.1055 0.7407 0.1423
0.1157 0.7554 0.1300
0.1169 0.8197 0.1138
0.1233 0.1533 0.2564
0.1339 0.1369 0.2477
0.1387 0.8168 0.1058
0.1372 0.8407 0.1202
0.1479 0.8499 0.1293
0.1654 0.7978 0.1138
0.1672 -0.8685 0.4975
0.1932 0.6381 0.2140
0.2006 0.7946 0.1301
0.2101 -0.2860 0.3975
0.2206 0.8206 0.1493
0.2246 -0.5438 0.3687
0.2324 0.2948 0.2499
0.2390 -0.8330 0.4253
0.2589 -0.5620 0.3539
0.2658 0.6231 0.2387
0.2666 0.1835 0.2110
0.2710 -0.8530 0.4258
0.2731 0.0415 0.2814
0.2816 0.7341 0.1856
0.2918 0.1795 0.1984
0.2971 -0.5312 0.3190
0.2946 0.6058 0.2623
0.3013 0.7975 0.2101
0.3033 0.6983 0.1969
0.3427 0.3717 0.2368
0.3471 0.0876 0.2258
0.3567 0.3083 0.1642
0.3691 0.2986 0.1565
0.3726 0.2558 0.1507
0.3924 0.0993 0.2080
0.3958 0.2259 0.1589
0.4005 -0.3650 0.1827
0.4102 0.3047 0.1658
0.4109 0.7333 0.2441
0.4140 -0.2869 0.1811
0.4271 -0.3159 0.1613
0.4268 -0.4138 0.1860
0.4389 -0.2769 0.1698
0.4396 0.1969 0.1855
0.4437 -0.7624 0.3264
0.4481 0.8351 0.2845
0.4696 0.6895 0.2812
0.4850 0.2459 0.2065
0.4882 -0.7127 0.2681
0.4922 -0.4452 0.1930
0.4914 -0.2663 0.1688
0.4970 -0.4268 0.1809
0.5059 0.8343 0.2959
0.5111 -0.6106 0.1920
0.5096 0.0750 0.2437
0.5161 -0.1791 0.1996
0.5268 -0.4555 0.1954
0.5329 -0.6568 0.1916
0.5267 -0.3671 0.1758
0.5274 0.0910 0.2444
0.5281 0.3692 0.2591
0.5276 -0.2722 0.1836
0.5283 -0.1394 0.2235
0.5320 0.0790 0.2469
0.5434 0.3716 0.2742
0.5543 -0.6251 0.1690
0.5756 -0.1185 0.2324
0.5976 -0.6049 0.1641
0.6008 -0.5648 0.1618
0.5995 -0.1820 0.2260
0.6171 -0.5768 0.1662
0.6206 0.8409 0.2931
0.6212 0.7420 0.2594
0.6482 -0.5218 0.1920
0.6476 -1.0120 0.5180
0.6554 0.6514 0.2918
0.6600 -0.0731 0.2516
0.6688 -0.3595 0.2733
0.6689 0.3134 0.2756
0.6834 -1.0495 0.5608
0.6827 -0.6076 0.2141
0.6999 0.7041 0.2642
0.7068 -0.0520 0.2581
0.7180 -0.4427 0.2461
0.7258 0.0554 0.2550
0.7515 0.4337 0.1778
0.7535 0.8357 0.3331
0.7579 -0.4515 0.2596
0.7600 0.1099 0.2690
0.7614 0.5548 0.2133
0.7737 0.3289 0.1915
0.7824 0.4219 0.1495
0.7865 0.8021 0.3196
0.7930 0.1472 0.2682
0.7926 -0.8609 0.4482
0.8008 -0.0244 0.2639
0.8055 -0.5373 0.2679
0.8052 0.2494 0.2253
0.8190 0.4502 0.1178
0.8308 0.6742 0.2594
0.8506 0.4045 0.1314
0.8434 0.4153 0.1249
0.8505 -0.6889 0.3541
0.8573 -1.0718 0.6675
0.8544 0.5214 0.1336
0.8625 0.5305 0.1404
0.8613 0.4532 0.1173
0.8732 -0.0190 0.2674
0.8743 0.5126 0.1320
0.8936 0.4699 0.1377
0.8957 -0.3365 0.3125
0.8973 0.2813 0.1897
0.8985 0.3281 0.1573
0.9162 -0.6168 0.3297
0.9250 0.3240 0.1669
0.9290 -0.3413 0.2891
0.9291 0.6020 0.2304
0.9417 -0.0361 0.2861
0.9671 0.3336 0.1964
0.9729 -0.5135 0.3124
0.9895 -0.0957 0.2583
0.9884 0.5483 0.2564
0.9874 0.3279 0.2176
1.0473 0.0393 0.3220
1.0676 -0.1970 0.1887
1.0699 0.1905 0.3425
1.0798 -0.5606 0.3815
1.0788 -0.2090 0.1823
1.0831 -0.3039 0.2058
1.0859 -0.2609 0.1846
1.0897 0.0498 0.3531
1.0927 -0.2896 0.1996
1.0930 -0.6361 0.4547
1.0958 -0.2131 0.1894
1.1062 -0.2422 0.1934
