points 
 2 
 1 
Tumour[19065]FoxP310NNCodensity
-1.2670 0.9861 0.5219
-1.2406 -0.3533 0.3937
-1.2384 -0.3176 0.3682
-1.2093 0.8551 0.4615
-1.1844 -0.3156 0.3139
-1.1705 0.3093 0.4344
-1.1678 0.3844 0.3602
-1.1541 -0.1813 0.2982
-1.1389 -0.2200 0.2729
-1.1345 0.5203 0.2779
-1.1185 0.4418 0.2899
-1.1064 0.4656 0.2701
-1.0830 0.5079 0.2599
-1.0772 0.4887 0.2626
-1.0720 0.6440 0.3167
-1.0711 -0.7760 0.7543
-1.0671 0.7995 0.3624
-1.0652 0.8875 0.3468
-1.0610 -0.1479 0.2752
-1.0217 0.0305 0.4402
-1.0057 -0.2656 0.2244
-0.9844 -0.2260 0.2003
-0.9788 0.9975 0.2666
-0.9777 -1.2055 0.7918
-0.9620 -1.1828 0.7600
-0.9417 1.0732 0.1937
-0.9384 1.1098 0.1888
-0.9286 1.1003 0.1769
-0.9211 -0.3301 0.2189
-0.8999 1.0881 0.1641
-0.8926 1.0614 0.1746
-0.8870 0.6607 0.3817
-0.8741 -0.2615 0.1401
-0.8697 -0.2297 0.1249
-0.8697 -0.2071 0.1280
-0.8662 -0.1872 0.1397
-0.8523 -0.1483 0.1815
-0.8377 -0.2247 0.1278
-0.8378 0.7116 0.4083
-0.8341 0.7636 0.3905
-0.8187 -1.0279 0.6118
-0.8099 -0.1516 0.1899
-0.8064 1.0256 0.2308
-0.8045 1.2157 0.2082
-0.7975 -0.2792 0.1603
-0.7957 1.1887 0.1798
-0.7814 -0.3152 0.1879
-0.7633 -0.4702 0.3082
-0.7665 1.1594 0.1706
-0.7569 1.1298 0.1773
-0.7394 1.1517 0.1903
-0.7170 -0.2829 0.2208
-0.7162 1.1775 0.2296
-0.7053 0.0065 0.4472
-0.6998 -0.3637 0.2430
-0.7000 0.3047 0.3473
-0.6902 -0.4970 0.3481
-0.6828 0.3305 0.3244
-0.6806 0.3772 0.3079
-0.6788 0.4021 0.3082
-0.6675 0.3313 0.3293
-0.6577 0.4189 0.3188
-0.6509 -0.3911 0.2866
-0.6132 0.8609 0.5174
-0.6098 0.4504 0.3630
-0.5864 -1.2352 0.6361
-0.5756 -1.2625 0.6678
-0.5520 -1.1967 0.6191
-0.4927 -0.6433 0.3896
-0.4412 -0.3843 0.3217
-0.4289 -0.8099 0.5148
-0.4185 -0.3712 0.3257
-0.4164 -0.8934 0.5515
-0.3966 -0.4451 0.3207
-0.3935 -0.7200 0.4440
-0.3667 -0.5799 0.3738
-0.2979 -0.3593 0.3140
-0.2931 -0.2695 0.3217
-0.1776 -0.1443 0.2169
-0.1616 -0.3741 0.3452
-0.1401 0.2337 0.3068
-0.1340 0.9454 0.4155
-0.1266 -0.1006 0.1332
-0.1134 0.2323 0.2865
-0.1092 0.2150 0.2712
-0.1105 0.9722 0.3812
-0.1082 -0.3161 0.3041
-0.1075 0.0409 0.2021
-0.1035 -0.0947 0.1144
-0.0989 0.7801 0.4905
-0.0927 -0.0845 0.1093
-0.0817 -0.1115 0.1172
-0.0797 -0.0112 0.1330
-0.0725 0.0135 0.1557
-0.0624 -0.0337 0.1207
-0.0500 0.3045 0.3688
-0.0490 -0.1366 0.1442
-0.0514 -0.1107 0.1239
-0.0264 -0.4166 0.4455
-0.0101 1.0695 0.2836
-0.0103 0.1958 0.2762
0.0093 -0.0215 0.1795
0.0153 1.0190 0.2662
0.0349 -0.1442 0.2232
0.0605 0.0439 0.2563
0.0686 1.0321 0.2395
0.1084 1.0731 0.2332
0.1441 -0.9258 0.8142
0.1440 0.6938 0.5172
0.1541 1.1633 0.2938
0.1590 -0.0843 0.3171
0.1972 1.0661 0.2665
0.1982 1.1729 0.3280
0.1981 0.7680 0.4533
0.2048 0.0444 0.3257
0.2053 0.1752 0.3236
0.2276 1.1213 0.3094
0.2276 0.9859 0.3177
0.3113 -0.0402 0.3924
0.3634 0.2254 0.2081
0.3743 0.1988 0.2073
0.3909 0.2092 0.2076
0.3936 0.2205 0.2093
0.4005 0.3000 0.2538
0.4038 0.3640 0.3084
0.4112 0.1413 0.2627
0.4079 0.3746 0.3194
0.4274 0.6917 0.4500
0.4744 -0.5471 0.1670
0.4891 -0.5362 0.1488
0.4854 0.7049 0.4502
0.4955 -0.4621 0.1818
0.5272 -0.4857 0.1403
0.5410 -1.2400 0.3618
0.5429 -1.2202 0.3379
0.5445 -0.6150 0.1584
0.5510 -0.5060 0.1250
0.5642 -1.2111 0.3172
0.5694 -0.6154 0.1521
0.5682 -0.5511 0.1139
0.5760 0.7212 0.4357
0.5779 -0.8502 0.2231
0.5830 -0.4098 0.2068
0.5993 -0.5356 0.1222
0.5964 -0.7497 0.2043
0.6063 -0.9081 0.2172
0.6056 0.7457 0.4168
0.6163 -0.5837 0.1347
0.6175 -0.8165 0.1926
0.6214 -0.5315 0.1311
0.6237 -1.0990 0.2506
0.6429 -0.9830 0.2401
0.6422 -0.9297 0.2198
0.6410 -0.8062 0.1909
0.6621 -1.1681 0.2805
0.6620 -0.5124 0.1569
0.6686 -0.7019 0.1996
0.6788 -0.6318 0.1804
0.6904 0.1834 0.4701
0.6932 -0.4582 0.2049
0.7143 -1.1680 0.3154
0.7173 -0.4461 0.2387
0.7216 -0.8212 0.2419
0.7240 -0.6306 0.2277
0.7525 0.3703 0.5370
0.7539 0.2648 0.5272
0.7552 -1.0459 0.3212
0.8102 0.7107 0.3033
0.8757 0.7273 0.2636
0.8928 0.8093 0.2372
0.9023 -0.4104 0.2785
0.9038 0.7771 0.2363
0.9073 -0.5616 0.2456
0.9176 1.0651 0.3478
0.9360 0.8878 0.2433
0.9406 -0.7709 0.2678
0.9466 0.7346 0.2633
0.9580 -0.5301 0.2056
0.9617 -0.5600 0.2081
0.9694 -0.4740 0.2098
0.9717 0.6596 0.3531
0.9768 -0.8392 0.2197
0.9816 0.8440 0.2443
0.9831 -0.4636 0.2134
0.9902 1.0650 0.3116
1.0028 -0.8360 0.2052
1.0220 -0.9136 0.2340
1.0308 1.0273 0.2846
1.0387 -0.2990 0.3729
1.0545 1.0445 0.3085
1.0541 -0.8652 0.2014
1.0628 -0.8468 0.1995
1.0630 0.9415 0.2902
1.0642 -0.7296 0.2420
1.0660 -0.5393 0.2122
1.0748 -1.0010 0.3406
1.0932 -0.5727 0.2321
1.1185 -0.9117 0.2736
1.1261 -0.2490 0.4818
1.1269 -0.6851 0.2801
1.1352 -0.5479 0.2756
1.1719 1.1834 0.5630
1.1862 0.2906 0.8512
