points 
 2 
 1 
Tumour[19065]CD6810NNCodensity
-0.5127 -0.1928 0.2340
-0.5151 0.0775 0.2173
-0.5156 0.1893 0.1681
-0.5117 0.2243 0.1488
-0.5122 0.4926 0.2025
-0.5162 0.6446 0.2747
-0.5054 0.2686 0.1267
-0.4914 -0.0053 0.1845
-0.4773 0.0429 0.1918
-0.4963 0.5585 0.1884
-0.4941 0.3002 0.1179
-0.4824 -0.6011 0.2854
-0.4817 -0.0791 0.1643
-0.4479 -0.0417 0.1483
-0.4866 0.3354 0.1214
-0.4805 0.3632 0.1352
-0.4573 -0.4111 0.1630
-0.4692 0.2316 0.1230
-0.4689 -0.4524 0.1652
-0.4631 -0.5003 0.1690
-0.4613 0.2870 0.1105
-0.4445 0.3710 0.1236
-0.4410 -0.5542 0.2025
-0.4435 -0.0826 0.1411
-0.4378 -0.2104 0.1720
-0.4337 0.3913 0.1373
-0.4351 0.5036 0.1318
-0.4134 -0.4982 0.1492
-0.4173 0.1225 0.1689
-0.4149 0.2461 0.1177
-0.4111 -0.4006 0.1364
-0.4109 0.3473 0.1170
-0.4107 -0.1555 0.1394
-0.4016 0.5349 0.1036
-0.3922 0.2067 0.1181
-0.3963 -0.0643 0.1301
-0.3903 -0.3194 0.1680
-0.3938 0.4886 0.1173
-0.3895 0.5582 0.1048
-0.3812 0.1776 0.1242
-0.3757 -0.2695 0.1648
-0.3787 0.3050 0.1290
-0.3749 -0.4499 0.1342
-0.3739 0.5183 0.0931
-0.3699 -0.1822 0.1318
-0.3652 -0.0673 0.1272
-0.3641 0.5577 0.0973
-0.3484 -0.3504 0.1536
-0.3574 -0.2110 0.1405
-0.3562 0.2112 0.1191
-0.3634 0.2356 0.1208
-0.3601 0.3142 0.1340
-0.3458 0.3828 0.1384
-0.3469 -0.4751 0.1558
-0.3580 -0.3994 0.1331
-0.3555 0.5887 0.1182
-0.3495 -0.1128 0.1120
-0.3466 0.5054 0.0994
-0.3307 0.1619 0.1234
-0.3315 0.1215 0.1308
-0.3302 0.5722 0.1066
-0.3107 -0.1594 0.1227
-0.3298 -0.0988 0.1156
-0.3045 -0.0672 0.1252
-0.3244 0.4497 0.1263
-0.3057 0.0369 0.1441
-0.3045 -0.4007 0.1419
-0.3034 0.3830 0.1412
-0.3045 0.4657 0.1201
-0.2912 0.1033 0.1225
-0.2866 0.5027 0.1168
-0.2902 0.6095 0.1325
-0.2845 -0.2215 0.1696
-0.2868 -0.1071 0.1213
-0.2622 0.2007 0.1427
-0.2763 0.6612 0.1985
-0.2623 -0.3900 0.1540
-0.2617 -0.0030 0.1463
-0.2643 0.1097 0.1193
-0.2615 0.2425 0.1381
-0.2726 0.3217 0.1389
-0.2598 -0.4624 0.1638
-0.2643 0.0780 0.1201
-0.2656 0.5752 0.1250
-0.2513 0.5223 0.1207
-0.2520 -0.1493 0.1392
-0.2470 0.0463 0.1322
-0.2405 0.5897 0.1463
-0.2386 0.3463 0.1367
-0.2371 -0.7269 0.4503
-0.2308 -0.0373 0.1541
-0.2336 0.4257 0.1380
-0.2305 -0.4700 0.1824
-0.2313 0.2916 0.1203
-0.2195 0.2147 0.1364
-0.2242 0.4851 0.1267
-0.2032 -0.2993 0.2081
-0.2143 -0.1256 0.1527
-0.2037 0.0961 0.1540
-0.1868 0.4611 0.1528
-0.1979 0.4897 0.1411
-0.1969 -0.4369 0.1884
-0.1901 0.2847 0.1145
-0.1862 -0.1395 0.1787
-0.1837 0.1468 0.1555
-0.1526 -0.2614 0.2293
-0.1740 0.3093 0.1143
-0.1674 -0.3943 0.1951
-0.1616 0.2608 0.1255
-0.1571 0.3504 0.1285
-0.1411 0.1964 0.1465
-0.1383 -0.5942 0.3200
-0.1381 -0.0645 0.1732
-0.1306 -0.0007 0.1683
-0.1253 0.3248 0.1290
-0.1027 0.3534 0.1569
-0.0985 -0.3327 0.2412
-0.0927 0.2184 0.1307
-0.0895 0.3332 0.1521
-0.0964 0.4671 0.2220
-0.0851 0.1447 0.1290
-0.0752 0.1003 0.1376
-0.0580 0.2242 0.1129
-0.0518 -0.0622 0.1274
-0.0540 -0.0218 0.1117
-0.0443 0.0214 0.1048
-0.0484 0.0764 0.1166
-0.0260 -0.5064 0.3073
-0.0279 -0.0337 0.1080
-0.0280 0.2079 0.0913
-0.0219 0.2366 0.1031
-0.0197 -0.4674 0.2859
-0.0201 0.0583 0.1087
-0.0228 0.1522 0.1011
-0.0178 0.0054 0.0959
-0.0094 -0.0886 0.1427
-0.0064 -0.1397 0.1723
-0.0094 0.1142 0.1166
-0.0038 0.1791 0.0897
0.0078 0.0154 0.1005
0.0040 0.2090 0.0872
0.0267 -0.2197 0.1654
0.0286 0.1900 0.0969
0.0230 -0.2479 0.1756
0.0296 0.2474 0.1211
0.0469 -0.0314 0.1240
0.0313 0.1556 0.1160
0.0419 0.0241 0.1190
0.0547 0.2464 0.1344
0.0696 0.0183 0.1314
0.0748 -0.2963 0.1511
0.0917 -0.2213 0.1296
0.0953 -0.1192 0.1287
0.1043 -0.0993 0.1345
0.1002 -0.0602 0.1430
0.1056 -0.3459 0.1575
0.1063 -0.1700 0.1262
0.1134 0.1788 0.1454
0.1202 0.0271 0.1699
0.1245 -0.2039 0.1248
0.1389 -0.2933 0.1113
0.1529 0.2179 0.1346
0.1509 0.0719 0.2045
0.1510 -0.1610 0.1276
0.1536 0.1917 0.1391
0.1579 -0.1342 0.1325
0.1663 -0.3931 0.1416
0.1609 -0.2878 0.1042
0.1803 0.2393 0.1318
0.1785 -0.2766 0.1067
0.1911 -0.2559 0.1166
0.1958 -0.3307 0.1028
0.1972 0.2077 0.1205
0.1956 -0.4202 0.1398
0.2060 -0.0686 0.2018
0.2103 -0.5224 0.1910
0.2116 -0.2655 0.1185
0.2180 -0.3334 0.1082
0.2359 0.2579 0.1205
0.2371 -0.4194 0.1262
0.2253 -0.3628 0.1144
0.2264 0.2062 0.1197
0.2374 -0.1726 0.1889
0.2438 0.4711 0.3296
0.2679 -0.4798 0.1429
0.2658 -0.3297 0.1423
0.2693 -0.5720 0.2115
0.2809 -0.4150 0.1362
0.2729 0.2439 0.1182
0.2840 -0.5390 0.1749
0.2935 0.1854 0.1586
0.2881 0.2906 0.1330
0.3004 -0.4746 0.1471
0.2990 0.3156 0.1572
0.3001 0.5099 0.3657
0.3026 0.2311 0.1330
0.3031 0.3546 0.1976
0.3620 -0.3505 0.1638
0.3669 0.2742 0.1720
0.3693 -0.4292 0.1637
0.3789 -0.3959 0.1563
0.3917 -0.5880 0.2517
0.3940 -0.7651 0.4601
0.3947 -0.2929 0.1859
0.3980 0.1700 0.2234
0.4208 -0.4729 0.1969
0.4368 -0.3292 0.1559
0.4422 0.2287 0.2361
0.4594 -0.3446 0.1562
0.4907 0.1917 0.2948
0.5039 -0.2422 0.1985
0.5048 -0.5596 0.3157
0.5121 -0.4297 0.2274
0.5135 -0.3037 0.1717
0.5261 -0.2743 0.1823
0.5330 -0.2103 0.2260
0.5297 0.4528 0.3727
0.5592 0.4386 0.3785
0.5930 -0.0632 0.3689
0.6232 0.3582 0.3474
0.6381 -0.3071 0.2486
0.6808 0.1685 0.3331
0.6932 -0.2425 0.2611
0.6945 0.1068 0.3519
0.7065 -0.7130 0.4137
0.7366 0.6503 0.5653
0.7724 -0.3148 0.3228
0.7674 -0.1728 0.3404
0.7887 -0.4290 0.3854
0.7906 -0.6875 0.3630
0.8014 0.2876 0.3538
0.8220 0.1760 0.3620
0.8382 -0.2331 0.3854
0.8351 0.1031 0.3823
0.8419 0.4814 0.4210
0.8615 0.3959 0.3984
0.8708 -0.6979 0.3636
0.8788 -0.7254 0.3904
0.9462 -0.6403 0.3710
0.9649 0.5757 0.6051
0.9712 -0.6251 0.3866
1.0006 0.0216 0.5399
1.0039 -0.5883 0.4204
