points 
 2 
 1 
Tumour[19065]FoxP310NNCodensity
-1.5219 -1.0271 1.3300
-1.5166 -0.0368 0.8794
-1.5064 -1.0364 1.3291
-1.4821 -0.4872 0.9334
-1.4395 1.0800 0.7524
-1.4349 -0.2439 0.8337
-1.4104 1.0537 0.7041
-1.3814 0.1136 0.7667
-1.3375 1.0226 0.6316
-1.3212 0.1448 0.7541
-1.2403 -0.2187 0.7947
-1.2112 0.4283 0.7946
-1.2053 0.7892 0.5949
-1.1793 0.7639 0.6037
-1.1397 1.1689 0.6441
-1.0823 -0.9297 1.1420
-0.9969 0.8354 0.6081
-0.9360 -0.1614 0.7860
-0.8799 0.8455 0.6870
-0.8307 1.2729 0.8016
-0.6496 0.2072 0.4466
-0.6194 1.1132 0.7856
-0.5915 0.1213 0.3317
-0.5669 1.3206 0.8768
-0.5313 -0.0285 0.3275
-0.5193 -1.0561 0.9816
-0.5110 0.1690 0.2773
-0.5095 0.1857 0.2907
-0.4976 0.1447 0.2625
-0.4692 -0.2417 0.4669
-0.4138 -0.7633 0.6953
-0.3672 -0.0150 0.2027
-0.3624 0.0241 0.1963
-0.3499 -0.1401 0.2915
-0.3274 0.8619 0.6814
-0.3203 -0.0464 0.2045
-0.3165 0.0390 0.1785
-0.2937 -0.4890 0.5939
-0.2838 0.0123 0.1757
-0.2793 0.1478 0.2334
-0.2421 0.0432 0.1825
-0.2297 0.0005 0.1897
-0.2264 0.1934 0.2841
-0.2115 0.1793 0.2696
-0.1680 -0.8555 0.5726
-0.1466 -0.8049 0.5379
-0.1169 -0.0668 0.2183
-0.0981 0.0483 0.2110
-0.0927 -0.7769 0.5215
-0.0914 0.7844 0.5185
-0.0827 0.0016 0.1897
-0.0814 -0.0186 0.1864
-0.0686 1.2024 0.4695
-0.0541 -0.0799 0.2085
-0.0318 -0.3086 0.4014
0.0076 0.0127 0.2151
0.0212 1.1819 0.4052
0.0353 -0.1145 0.2215
0.0383 -0.6972 0.5007
0.0388 0.0627 0.2763
0.0491 1.1102 0.3400
0.0522 0.9151 0.3278
0.0519 1.0295 0.3042
0.0563 0.9362 0.3116
0.0597 -0.5870 0.4678
0.0845 -0.1113 0.2207
0.1038 0.9646 0.3050
0.1189 -0.1460 0.2232
0.1381 0.9289 0.3406
0.1487 -0.3517 0.3141
0.1533 -0.1328 0.2045
0.2040 -0.3439 0.2836
0.2061 1.2345 0.5444
0.2220 -0.1566 0.1601
0.2308 -0.1418 0.1573
0.2320 -0.5123 0.4361
0.2793 -1.1418 0.7272
0.2898 -1.1552 0.7362
0.2878 -0.2337 0.1507
0.2932 -0.1792 0.1139
0.3171 -0.1838 0.1088
0.3213 -0.2622 0.1758
0.3273 -0.1477 0.1112
0.3387 -0.1503 0.1123
0.3399 -0.1085 0.1422
0.3548 -0.2078 0.1269
0.3562 0.7454 0.6350
0.3642 0.0164 0.2405
0.3803 0.0263 0.2443
0.3919 0.1483 0.3582
0.4009 -0.1359 0.1435
0.4104 -0.1073 0.1623
0.4462 -0.3081 0.2189
0.4556 -0.2047 0.1662
0.4510 -0.2376 0.1714
0.4560 0.6221 0.7360
0.4611 -0.3149 0.2312
0.4895 -0.0430 0.2353
0.5131 0.1375 0.3242
0.5186 -1.1158 0.5438
0.5273 -0.1338 0.2094
0.5392 -0.2079 0.2091
0.5696 -0.8075 0.5262
0.5730 -0.7920 0.5349
0.5966 0.0929 0.2989
0.6028 -0.2096 0.2588
0.6128 0.0587 0.2880
0.6438 -0.0419 0.2787
0.6902 -0.1131 0.3113
0.8022 -0.9523 0.3210
0.8041 -0.9821 0.3178
0.8103 0.1669 0.2601
0.8127 0.0707 0.2681
0.8141 0.5080 0.6011
0.8192 0.8479 0.8850
0.8210 -0.3684 0.4188
0.8216 -0.2937 0.3899
0.8353 -0.9546 0.3195
0.8453 -0.3859 0.4486
0.8429 0.1933 0.2707
0.8457 -0.4017 0.4647
0.8497 -0.9952 0.3285
0.8644 -0.9998 0.3398
0.8676 0.2510 0.3102
0.8988 0.2656 0.3379
0.9016 -0.0024 0.3429
0.9073 0.0835 0.2895
0.9257 0.9311 1.0278
0.9403 -1.0145 0.4229
0.9384 -0.9674 0.4039
0.9549 0.1285 0.3333
