points 
 2 
 1 
Tumour[19065]FoxP310NNCodensity
-1.2243 0.2788 0.3023
-1.2204 -0.2202 0.4918
-1.2166 0.1130 0.2627
-1.2137 0.7166 0.2860
-1.2109 0.5256 0.3315
-1.2096 -0.5825 0.4620
-1.1982 -0.6972 0.5735
-1.1978 0.6183 0.3001
-1.1953 0.7794 0.2646
-1.1901 -0.3939 0.4053
-1.1890 0.8212 0.2702
-1.1912 0.8490 0.2872
-1.1894 0.4692 0.3247
-1.1787 0.4889 0.3193
-1.1757 -0.4375 0.3841
-1.1759 0.1432 0.2073
-1.1685 0.2135 0.2192
-1.1327 -0.5482 0.3996
-1.1293 0.2203 0.2054
-1.1194 0.9516 0.3832
-1.1165 0.9215 0.3433
-1.1084 0.8470 0.2823
-1.0934 -0.4748 0.3730
-1.0795 0.1319 0.1718
-1.0766 0.0752 0.2036
-1.0577 0.1263 0.1747
-1.0382 0.0425 0.2458
-1.0261 0.1866 0.1894
-1.0159 -0.6474 0.5266
-1.0088 -0.1668 0.3553
-0.9707 0.6854 0.3104
-0.9595 0.4585 0.2208
-0.9531 0.2831 0.2232
-0.9530 0.5674 0.2257
-0.9526 0.1727 0.2079
-0.9295 0.5599 0.2075
-0.9267 0.6198 0.2497
-0.9142 -1.2252 1.0627
-0.8944 0.1417 0.2394
-0.8895 0.1854 0.2304
-0.8856 0.3612 0.1574
-0.8839 0.3779 0.1530
-0.8719 0.3413 0.1649
-0.8685 0.4852 0.1777
-0.8616 -0.0886 0.2213
-0.8527 -0.0847 0.2213
-0.8504 -0.1056 0.2226
-0.8466 -0.1316 0.2347
-0.8483 0.6128 0.2477
-0.8372 0.0192 0.2608
-0.8168 0.4414 0.1508
-0.8154 0.4101 0.1406
-0.7982 -1.3497 1.2372
-0.7983 0.2951 0.2079
-0.7955 -0.3628 0.4690
-0.7865 0.3822 0.1571
-0.7727 -0.1673 0.2960
-0.7563 0.4392 0.1734
-0.7555 0.4846 0.1957
-0.7430 -1.4119 1.3540
-0.7308 -0.1156 0.3030
-0.6664 0.2900 0.1768
-0.6580 0.2078 0.1258
-0.6561 0.2170 0.1264
-0.6526 0.5014 0.2825
-0.6489 0.1754 0.1277
-0.6482 0.1921 0.1207
-0.6374 0.4307 0.2467
-0.6201 0.1650 0.1227
-0.6183 0.2250 0.1231
-0.5853 0.1116 0.1588
-0.5848 0.3097 0.1956
-0.5523 0.1383 0.1423
-0.5510 0.2945 0.2072
-0.5157 0.1701 0.1455
-0.5104 0.1457 0.1339
-0.4918 0.0213 0.1787
-0.4876 0.0492 0.1512
-0.4722 -0.3081 0.3964
-0.4566 0.0455 0.1596
-0.4578 0.0689 0.1452
-0.4546 0.1351 0.1387
-0.4304 0.8211 0.5209
-0.4294 0.1762 0.1802
-0.4271 0.1871 0.1907
-0.4181 -0.2429 0.3198
-0.3966 0.9631 0.6228
-0.3912 -0.0393 0.2938
-0.3268 -0.2511 0.3012
-0.3256 -0.2800 0.3165
-0.3107 -0.2736 0.3171
-0.3033 0.6795 0.4580
-0.2650 0.6018 0.4886
-0.2537 0.8554 0.4947
-0.2428 -0.3321 0.4266
-0.1962 0.5109 0.5264
-0.1649 -0.1686 0.4528
-0.1640 1.0193 0.6222
-0.1148 0.8317 0.4904
0.0420 0.5419 0.5479
0.0576 0.2692 0.6244
0.0647 0.1649 0.6460
0.1403 -0.5992 0.7605
0.1823 0.4840 0.6113
0.2421 -0.0451 0.6046
0.2511 -0.2695 0.5410
0.2769 0.8387 0.7334
0.2938 0.8791 0.7677
0.4205 -0.1666 0.4028
0.4846 -0.3646 0.3047
0.5112 0.3656 0.6965
0.5161 -0.7314 0.6001
0.5273 -0.4013 0.2815
0.5427 -0.4282 0.2873
0.5782 -1.2382 1.0770
0.6008 -0.3331 0.2252
0.6104 -0.4763 0.3053
0.6244 -0.9997 0.7617
0.6458 -0.0445 0.2623
0.6485 -0.2295 0.2104
0.6566 -0.0737 0.2312
0.6660 -0.2399 0.1988
0.6622 0.3395 0.5748
0.6894 -0.2808 0.1819
0.7041 -0.1100 0.1897
0.7254 -0.0617 0.2115
0.7593 -0.2662 0.1431
0.7654 -0.4001 0.1847
0.7775 -0.2505 0.1374
0.7915 -0.1119 0.1818
0.7897 -0.0923 0.1897
0.7924 0.8798 0.8532
0.8017 -0.4167 0.1693
0.8011 -0.2681 0.1180
0.8039 0.0695 0.2936
0.8247 -0.3507 0.1116
0.8287 -0.3336 0.1105
0.8481 -0.2169 0.1120
0.8447 -0.2965 0.1052
0.8535 -0.3667 0.1086
0.8658 -0.2327 0.1000
0.8663 -0.1892 0.1277
0.8739 -0.3682 0.1112
0.8791 -0.5251 0.2345
0.8845 -0.2898 0.1055
0.8897 -0.1770 0.1281
0.8961 -0.2577 0.0958
0.9144 -0.3568 0.1213
0.9137 -0.7038 0.2288
0.9238 -0.0440 0.2107
0.9258 -0.1214 0.1507
0.9251 -0.3591 0.1308
0.9247 -0.2649 0.1051
0.9298 0.1642 0.2427
0.9301 0.1521 0.2375
0.9359 -0.4296 0.1796
0.9395 -0.2422 0.1100
0.9526 -0.2592 0.1237
0.9686 0.1542 0.2195
0.9715 -0.2152 0.1390
0.9858 -0.5630 0.1205
0.9838 -0.1271 0.1402
0.9875 -0.0949 0.1478
0.9938 -0.6801 0.1260
0.9948 -0.5821 0.1113
1.0086 -0.6250 0.1030
1.0091 0.1510 0.2194
1.0106 -0.4878 0.1574
1.0127 -0.1284 0.1462
1.0280 -0.5456 0.1092
1.0239 -0.5755 0.1006
1.0268 -0.3514 0.2200
1.0289 -0.6849 0.1019
1.0305 -0.7452 0.1628
1.0323 -0.6265 0.0961
1.0336 -0.1335 0.1576
1.0415 -0.5316 0.1223
1.0432 0.2683 0.3080
1.0522 -0.6621 0.0878
1.0527 0.1421 0.2339
1.0679 -0.5094 0.1618
1.0791 -0.6909 0.1097
1.0770 -0.0559 0.1968
1.0797 0.2205 0.2825
1.0851 -0.6694 0.1014
1.0900 -0.6421 0.1112
1.0944 -0.6613 0.1101
1.0950 -0.0288 0.2229
1.0969 0.4068 0.4439
1.1143 -0.0634 0.2321
1.1547 0.6554 0.6305
1.1616 0.6124 0.6098
1.1706 0.9131 0.8768
1.2488 1.0161 1.0495
