points 
 2 
 1 
Tumour[19065]FoxP310NNCodensity
-1.2297 -0.3030 0.2680
-1.2189 -0.2803 0.2514
-1.1847 -0.2754 0.2147
-1.1848 0.1830 0.4613
-1.1712 -0.8260 0.3758
-1.1605 -0.7922 0.3474
-1.1374 -0.5611 0.2963
-1.1404 0.4874 0.2366
-1.1365 0.4670 0.2325
-1.1358 0.5885 0.2683
-1.1073 0.3766 0.2532
-1.1014 -0.6166 0.2639
-1.1002 0.1608 0.4228
-1.0944 -0.3782 0.2027
-1.0701 -0.2384 0.1484
-1.0678 -0.2965 0.1442
-1.0609 -0.1784 0.1671
-1.0616 -0.8524 0.3153
-1.0531 -0.5392 0.2097
-1.0504 -0.2856 0.1363
-1.0497 -0.3549 0.1620
-1.0431 0.5022 0.1803
-1.0365 0.3725 0.2283
-1.0336 -1.0060 0.3604
-1.0301 -0.2046 0.1322
-1.0202 0.3157 0.2821
-1.0133 -0.1385 0.1714
-1.0149 0.5159 0.1762
-1.0079 -0.4878 0.1925
-1.0048 -0.1758 0.1436
-0.9972 -0.3679 0.1603
-0.9867 0.6379 0.2220
-0.9848 0.6543 0.2314
-0.9799 0.5693 0.1903
-0.9771 -0.2876 0.1236
-0.9580 -0.2778 0.1217
-0.9477 0.5178 0.1973
-0.9439 -0.8149 0.2788
-0.9462 -0.6262 0.1499
-0.9420 -0.3376 0.1429
-0.9379 -0.1872 0.1475
-0.9375 -0.6499 0.1553
-0.9353 -0.0776 0.2171
-0.9358 -0.7126 0.1938
-0.9296 -0.4969 0.1598
-0.9271 -0.6138 0.1383
-0.9301 -0.5358 0.1519
-0.9202 -0.2677 0.1273
-0.9234 0.4149 0.2574
-0.9243 0.5090 0.2189
-0.9189 -0.4782 0.1650
-0.9181 -0.2335 0.1385
-0.9051 -0.2718 0.1383
-0.9015 -0.0940 0.2163
-0.8981 -0.6288 0.1287
-0.8979 -1.0453 0.2932
-0.8907 -0.4250 0.1711
-0.8774 -0.0334 0.3019
-0.8683 -0.4453 0.1685
-0.8602 -1.0262 0.2568
-0.8605 -0.6247 0.1283
-0.8530 -0.8148 0.2501
-0.8582 -0.3199 0.1748
-0.8590 0.7330 0.2728
-0.8263 -0.6231 0.1296
-0.8199 -1.0069 0.2324
-0.8188 0.7488 0.2848
-0.8186 0.7204 0.2676
-0.7941 -0.9733 0.2107
-0.7924 -0.6570 0.1563
-0.7890 -0.6107 0.1351
-0.7875 -0.5227 0.1625
-0.7832 -0.5760 0.1397
-0.7687 -0.4690 0.1943
-0.7695 -0.8969 0.2025
-0.7632 -0.3241 0.2622
-0.7590 -0.4782 0.1949
-0.7563 0.7564 0.3021
-0.7493 -0.6213 0.1367
-0.7366 -0.8357 0.1980
-0.7242 -1.0048 0.2236
-0.7156 -0.8045 0.1977
-0.7149 0.5189 0.3865
-0.6828 -0.6790 0.1644
-0.6632 -0.8697 0.1707
-0.6640 -0.6141 0.1288
-0.6635 -0.6029 0.1305
-0.6497 0.7577 0.3208
-0.6391 -0.6350 0.1376
-0.6389 -0.5771 0.1404
-0.6370 1.1967 0.4086
-0.6327 -0.8217 0.1736
-0.6282 -1.0495 0.2427
-0.6047 -0.6635 0.1615
-0.5947 -0.4633 0.1873
-0.6033 1.0158 0.2927
-0.5982 -0.9502 0.1779
-0.5983 -0.8430 0.1636
-0.5905 -0.4175 0.2021
-0.5936 -0.2665 0.2587
-0.5922 -0.5367 0.1619
-0.5863 -0.8685 0.1662
-0.5655 -0.6186 0.1591
-0.5612 -0.4052 0.1959
-0.5626 0.7238 0.3555
-0.5549 0.4913 0.5205
-0.5530 -0.3924 0.1950
-0.5470 -0.2477 0.2526
-0.5496 0.8507 0.2936
-0.5495 -1.0016 0.1534
-0.5449 -0.8228 0.1831
-0.5363 -0.5294 0.1939
-0.5122 0.0060 0.4392
-0.5141 -1.0115 0.1316
-0.5096 0.1753 0.5351
-0.5025 -0.2218 0.2605
-0.4944 -0.6511 0.2196
-0.4931 -0.9895 0.1216
-0.4925 -0.9102 0.1662
-0.4881 -0.7439 0.2160
-0.4786 0.9847 0.1874
-0.4777 -1.0321 0.1403
-0.4619 -0.9734 0.1170
-0.4661 -0.7893 0.2168
-0.4626 1.4311 0.4538
-0.4569 1.0761 0.1700
-0.4578 1.1105 0.1866
-0.4453 -0.2831 0.2250
-0.4403 -1.0321 0.1433
-0.4431 0.9332 0.2253
-0.4420 1.0492 0.1651
-0.4361 1.0880 0.1753
-0.4367 1.0256 0.1727
-0.4248 -0.3648 0.2396
-0.4214 -0.9619 0.1210
-0.4167 0.8589 0.3099
-0.4099 -0.9901 0.1266
-0.3915 1.1367 0.2124
-0.3953 0.1845 0.4848
-0.3767 -0.9024 0.1747
-0.3643 -0.3759 0.2722
-0.3686 -0.6954 0.2590
-0.3527 -0.9675 0.1598
-0.3541 -0.9228 0.1671
-0.3353 -0.2839 0.2354
-0.3311 1.1975 0.2555
-0.3290 -0.1364 0.3182
-0.3193 1.4272 0.3333
-0.3044 -1.0241 0.2018
-0.3023 -0.7786 0.2270
-0.2676 -0.2383 0.2332
-0.2616 0.1723 0.4359
-0.2610 -0.8302 0.2137
-0.2631 -0.6398 0.2873
-0.2585 1.4120 0.2909
-0.2553 -0.8536 0.2057
-0.2382 1.2216 0.2417
-0.2357 -0.1443 0.2651
-0.2240 -0.6809 0.2687
-0.2171 -1.0033 0.1774
-0.2193 1.4124 0.2906
-0.2122 -0.9547 0.1768
-0.2107 1.1295 0.2697
-0.1912 -0.9565 0.1661
-0.1975 -0.3400 0.2546
-0.1912 0.3385 0.5030
-0.1909 -0.5674 0.3491
-0.1901 1.3160 0.2429
-0.1767 -0.3234 0.2408
-0.1713 1.1744 0.2593
-0.1423 -0.3049 0.2290
-0.1309 -1.0267 0.1316
-0.1242 -0.7475 0.2620
-0.1228 1.2792 0.2722
-0.1192 -0.1592 0.1939
-0.1168 1.1146 0.2933
-0.1001 -1.0162 0.1213
-0.1035 -0.9985 0.1174
-0.0941 -1.0479 0.1519
-0.0947 -1.0320 0.1339
-0.0942 -0.8130 0.2358
-0.0839 -0.1912 0.1836
-0.0866 1.4334 0.3806
-0.0806 -0.9147 0.1690
-0.0661 0.2003 0.3855
-0.0622 -0.9688 0.1452
-0.0601 -0.1433 0.1638
-0.0476 -0.9200 0.1764
-0.0382 -0.1096 0.1648
-0.0230 -0.1916 0.1636
-0.0278 -0.4051 0.2377
-0.0064 -0.0845 0.1790
-0.0053 1.0733 0.3316
-0.0010 -0.0979 0.1677
0.0003 0.2552 0.4106
0.0173 -0.0821 0.1911
0.0247 0.1697 0.3805
0.0227 -0.7830 0.2751
0.0300 -0.2993 0.1005
0.0390 -0.2874 0.0959
0.0483 -0.3014 0.0876
0.0548 -0.7831 0.2905
0.0532 0.6248 0.4034
0.0602 -0.3075 0.0849
0.0604 -0.9429 0.2667
0.0676 -0.2926 0.0877
0.0662 -0.2706 0.0990
0.0744 1.0905 0.3305
0.0805 -0.3048 0.0871
0.0815 -0.6031 0.3727
0.0859 0.7096 0.3871
0.0969 -0.3276 0.1011
0.1028 -0.1590 0.2074
0.1099 -0.3406 0.1161
0.1077 1.0867 0.3392
0.1416 -0.4067 0.1749
0.1384 0.2689 0.4006
0.1417 1.2528 0.3702
0.1687 0.9207 0.3620
0.1715 -0.4200 0.1827
0.1805 -0.2088 0.1763
0.2010 -0.2250 0.1742
0.2022 -0.2539 0.1650
0.2041 1.4315 0.4466
0.2022 -0.2721 0.1647
0.2119 -0.4396 0.1935
0.2242 -0.8648 0.3730
0.2278 0.6564 0.2511
0.2293 0.4896 0.2289
0.2266 1.4175 0.4350
0.2456 0.4484 0.2404
0.2448 -0.4145 0.1835
0.2558 0.5194 0.2052
0.2782 1.1396 0.3587
0.2846 -0.4481 0.2150
0.2897 0.7305 0.2423
0.2959 -0.9030 0.4092
0.2947 -0.2409 0.2220
0.3003 0.4334 0.2352
0.2969 0.6156 0.2089
0.3052 -0.3452 0.2002
0.3112 0.9505 0.2974
0.3198 -0.8152 0.3658
0.3431 -0.4103 0.2195
0.3498 1.3765 0.4164
0.3581 0.5851 0.2052
0.3612 0.4642 0.2121
0.3628 0.4827 0.2065
0.3733 0.7781 0.2317
0.3900 0.6818 0.1850
0.3892 0.8327 0.2574
0.3947 1.0020 0.2798
0.3985 -0.1657 0.3117
0.4002 0.0141 0.3430
0.4118 -0.0220 0.3235
0.4164 0.6906 0.1879
0.4167 -0.5969 0.2971
0.4175 -0.4301 0.2539
0.4198 -0.2772 0.2976
0.4452 1.0338 0.2896
0.4513 -0.5536 0.2875
0.4605 0.6750 0.1965
0.4717 0.9946 0.2636
0.4734 1.4240 0.4373
0.4745 -0.5348 0.2908
0.4769 0.3118 0.3647
0.4844 -0.7823 0.2333
0.4956 0.6744 0.2073
0.5073 0.5653 0.2174
0.5094 0.5281 0.2294
0.5222 0.0345 0.2831
0.5329 1.2759 0.3857
0.5297 0.0739 0.2817
0.5371 0.0938 0.2898
0.5451 0.9469 0.2509
0.5506 -0.7233 0.1619
0.5727 0.4475 0.2867
0.5770 -0.7510 0.1306
0.5847 -0.8090 0.1616
0.5942 -0.7940 0.1428
0.5856 0.6278 0.2332
0.5850 0.8225 0.2232
0.5855 0.8326 0.2236
0.5831 -0.7609 0.1276
0.6011 0.9478 0.2508
0.6289 0.4390 0.3251
0.6371 -0.0429 0.3207
0.6389 -0.7460 0.1240
0.6487 1.4415 0.4036
0.6500 -0.7235 0.1256
0.6578 0.6363 0.2482
0.6692 -0.7105 0.1366
0.6684 0.7684 0.2168
0.6775 -0.6107 0.2198
0.6777 1.2750 0.2862
0.6867 -0.5073 0.2513
0.6902 -0.7188 0.1446
0.6884 0.8106 0.2054
0.6961 0.0345 0.3081
0.7103 -0.4292 0.2821
0.7161 0.7739 0.2114
0.7273 0.5857 0.2858
0.7326 -0.4199 0.2744
0.7385 -0.4997 0.2434
0.7433 0.8789 0.2186
0.7461 -0.7085 0.1835
0.7514 0.0945 0.3247
0.7584 1.1103 0.3152
0.7653 -0.2369 0.3027
0.7702 0.9275 0.2498
0.7722 1.2758 0.2275
0.7783 1.2860 0.2286
0.7864 0.1386 0.3443
0.7858 -0.7296 0.2085
0.8143 -0.7572 0.2322
0.8131 0.6264 0.2565
0.8380 1.2605 0.2085
0.8403 -0.5396 0.2695
0.8458 1.2303 0.2128
0.8591 -0.5375 0.2848
0.8604 0.7352 0.2163
0.8642 -0.1918 0.2015
0.8656 1.2592 0.2086
0.8672 0.8069 0.2113
0.8666 0.8453 0.2167
0.8772 -0.8046 0.2727
0.8792 -0.0754 0.2190
0.8857 -0.1339 0.1841
0.8961 -0.2498 0.2145
0.8981 0.9365 0.2514
0.9111 0.6667 0.2225
0.9251 -0.1307 0.1752
0.9252 1.2700 0.2397
0.9268 0.6850 0.2123
0.9440 -0.2719 0.2210
0.9418 0.2824 0.3024
0.9497 -0.0893 0.1885
0.9518 0.8912 0.2393
0.9562 -0.3613 0.2808
0.9662 0.0398 0.2387
0.9679 -0.7902 0.3252
0.9736 0.6131 0.2611
0.9811 1.0106 0.2990
0.9815 -0.8850 0.3947
0.9893 -0.0993 0.2033
0.9930 0.1873 0.2445
1.0055 1.2026 0.2829
1.0040 0.7070 0.2031
1.0043 -0.8411 0.3743
1.0028 1.4288 0.3971
1.0112 -0.3448 0.2729
1.0119 1.0464 0.3185
1.0222 0.3893 0.3013
1.0265 -0.1300 0.2333
1.0359 0.0800 0.2017
1.0605 1.2101 0.3242
1.0645 0.2436 0.2074
1.0707 -0.3590 0.2837
1.0751 0.7632 0.1637
1.0855 0.3876 0.2881
1.0835 0.8226 0.1840
1.0866 0.7886 0.1623
1.1032 0.0527 0.1837
1.1050 0.0989 0.1712
1.1082 0.3377 0.2600
1.1174 0.0412 0.1912
1.1268 0.2431 0.2174
1.1262 0.8336 0.1985
1.1363 0.0573 0.1897
1.1355 0.7591 0.1589
1.1312 0.6047 0.2845
1.1465 0.7263 0.1669
1.1458 1.3832 0.4876
1.1578 0.2293 0.2302
1.1630 0.7211 0.1808
1.1650 0.1313 0.2006
1.1845 -0.3333 0.3165
1.1902 -0.1764 0.3141
1.2177 -0.2836 0.3215
1.2175 0.7737 0.2457
1.2262 -0.0247 0.3069
1.2321 -0.3133 0.3462
1.2403 -0.7903 0.6487
