points 
 2 
 1 
Tumour[19065]CD6810NNCodensity
-1.2363 -1.0129 0.2845
-1.2098 1.2322 0.5702
-1.2319 0.6566 0.4750
-1.2267 -0.9072 0.2811
-1.2277 -0.7855 0.3272
-1.2259 -0.2677 0.3325
-1.2219 0.9523 0.3920
-1.2244 -0.0163 0.1938
-1.2159 0.9696 0.3902
-1.2085 -0.9556 0.2558
-1.1985 -0.1881 0.2533
-1.1898 -0.0133 0.1557
-1.1940 0.0222 0.1653
-1.1797 -0.0662 0.1608
-1.1758 1.2210 0.5341
-1.1529 -1.1851 0.3431
-1.1402 -0.4452 0.3173
-1.1462 0.8171 0.3239
-1.1421 -0.3922 0.3213
-1.1346 0.1460 0.2277
-1.1315 -0.7088 0.2831
-1.1359 0.0177 0.1334
-1.1185 -0.0612 0.1400
-1.1064 -0.9325 0.2115
-1.1068 0.0424 0.1311
-1.0930 1.1421 0.4373
-1.0890 -1.0174 0.1813
-1.0825 -0.0265 0.1261
-1.0882 -1.1388 0.2579
-1.0784 -0.5077 0.2570
-1.0776 -0.1290 0.1367
-1.0575 -0.1738 0.1640
-1.0613 -0.9941 0.1668
-1.0629 -0.0901 0.1151
-1.0612 0.0526 0.1093
-1.0473 0.0926 0.1210
-1.0501 -0.7467 0.2102
-1.0449 -1.0235 0.1600
-1.0399 1.0166 0.3744
-1.0413 -0.1214 0.1148
-1.0348 0.7408 0.2739
-1.0361 0.0574 0.0973
-1.0329 -0.4733 0.2300
-1.0237 -0.7682 0.1938
-1.0270 -0.0093 0.1089
-1.0183 0.0269 0.0970
-1.0029 0.6749 0.2972
-1.0134 0.7775 0.2660
-1.0076 -0.0911 0.1146
-0.9971 -0.8018 0.1785
-1.0032 -0.0304 0.1112
-0.9804 0.6419 0.3231
-0.9996 0.1080 0.1107
-0.9881 -0.6164 0.2256
-0.9853 -0.1319 0.1315
-0.9846 -0.9680 0.1399
-0.9816 -0.7899 0.1828
-0.9810 -0.0892 0.1276
-0.9817 0.0501 0.0912
-0.9780 0.0961 0.1005
-0.9811 -1.0473 0.1515
-0.9745 -0.1789 0.1611
-0.9730 0.0192 0.0965
-0.9674 -0.8348 0.1707
-0.9657 -0.8842 0.1624
-0.9598 -0.5664 0.1898
-0.9544 0.0829 0.1016
-0.9576 -1.0721 0.1659
-0.9387 0.0269 0.1086
-0.9443 -0.9896 0.1372
-0.9467 -0.0080 0.1181
-0.9359 -0.9381 0.1518
-0.9417 0.1582 0.1360
-0.9359 -0.4590 0.2033
-0.9209 0.0960 0.1201
-0.9217 -0.9307 0.1641
-0.9150 0.1879 0.1494
-0.9061 -1.0942 0.1768
-0.9058 0.7583 0.2814
-0.8981 0.8003 0.2860
-0.9073 0.2347 0.1826
-0.8932 -0.6638 0.2272
-0.8835 -0.1685 0.1465
-0.8879 -0.5729 0.1714
-0.8885 0.1298 0.1436
-0.8832 0.0000 0.1482
-0.8773 -1.0013 0.1712
-0.8693 -0.2268 0.1857
-0.8662 -0.1372 0.1370
-0.8623 0.2223 0.1652
-0.8664 -0.5087 0.1674
-0.8644 -0.4576 0.1904
-0.8518 -1.0903 0.1887
-0.8581 -0.0901 0.1377
-0.8514 -0.4033 0.2304
-0.8476 0.8708 0.3404
-0.8292 -1.1117 0.2120
-0.8268 -0.6162 0.2219
-0.8279 -0.5424 0.1791
-0.8281 -0.1347 0.1498
-0.8309 0.2708 0.1874
-0.8238 -0.0846 0.1489
-0.8250 -0.0692 0.1517
-0.8216 0.0003 0.1721
-0.8188 -0.3001 0.2543
-0.8036 -1.1383 0.2528
-0.8103 -0.2246 0.1998
-0.8068 0.1118 0.1910
-0.8038 0.9394 0.4068
-0.8022 0.3167 0.2257
-0.8008 -1.2396 0.3650
-0.7925 0.5169 0.4305
-0.7677 0.2590 0.1805
-0.7687 -0.5176 0.2401
-0.7635 0.0725 0.1898
-0.7310 1.1141 0.5716
-0.7244 -0.8243 0.3313
-0.7170 0.1884 0.1706
-0.6875 0.1462 0.1594
-0.7010 0.2369 0.1895
-0.6905 0.0243 0.1891
-0.6882 -0.8405 0.3450
-0.6754 -0.0827 0.2390
-0.6663 0.0764 0.1687
-0.6745 0.1810 0.1763
-0.6545 -0.1658 0.3026
-0.6578 0.3436 0.2774
-0.6195 -0.9369 0.3243
-0.6072 0.1096 0.1832
-0.6000 -0.8869 0.3207
-0.5995 0.0581 0.1881
-0.5868 -1.0530 0.3526
-0.5886 -0.0084 0.2208
-0.5799 1.1376 0.6514
-0.5687 -0.5873 0.3896
-0.5454 0.3170 0.2874
-0.4964 0.1319 0.2361
-0.4973 0.6267 0.5180
-0.5023 -0.0165 0.2860
-0.4680 0.1602 0.2554
-0.4633 -1.0564 0.3207
-0.4489 0.3781 0.3170
-0.4508 -0.5494 0.2736
-0.4443 -1.2075 0.4827
-0.4165 -0.6872 0.2406
-0.4137 -0.8833 0.1993
-0.4005 0.2070 0.2659
-0.3997 0.3643 0.2849
-0.3658 -0.7984 0.1403
-0.3578 0.1684 0.2983
-0.3491 -0.5273 0.1857
-0.3432 -0.8778 0.1211
-0.3276 -0.7903 0.1119
-0.3269 -0.4609 0.1959
-0.3252 -0.7649 0.1264
-0.3143 -0.9104 0.1256
-0.3206 -0.8455 0.1020
-0.3173 -0.5223 0.1660
-0.3159 -0.3067 0.3090
-0.3132 -1.0787 0.3140
-0.3164 -0.8070 0.1022
-0.3155 -0.6310 0.1809
-0.2957 0.3014 0.2409
-0.2858 -0.9203 0.1229
-0.2754 -0.5473 0.1584
-0.2757 -0.8370 0.0958
-0.2735 -0.4757 0.1711
-0.2709 -0.7068 0.1485
-0.2666 -0.8873 0.0970
-0.2556 -0.7450 0.1300
-0.2597 -0.6552 0.1603
-0.2513 0.5113 0.2858
-0.2544 -0.8089 0.1001
-0.2456 -0.8646 0.0947
-0.2389 -0.8995 0.1082
-0.2423 -0.4273 0.1893
-0.2279 0.9926 0.4174
-0.2174 0.5787 0.3040
-0.2100 0.3578 0.1909
-0.2140 0.2905 0.2273
-0.2146 -0.8342 0.0942
-0.2131 -0.8076 0.0988
-0.1981 0.9778 0.3924
-0.2032 -0.9352 0.1641
-0.1980 0.7741 0.3826
-0.2016 -0.6467 0.1442
-0.1949 -0.5435 0.1525
-0.1941 -0.7874 0.1147
-0.1770 1.0214 0.4094
-0.1901 0.3998 0.1814
-0.1797 -0.8518 0.1166
-0.1829 -0.6371 0.1407
-0.1602 0.3838 0.1661
-0.1747 -0.7975 0.1227
-0.1621 1.0601 0.4383
-0.1567 -0.5903 0.1282
-0.1666 -0.4914 0.1610
-0.1541 -0.3194 0.1400
-0.1493 0.6574 0.3369
-0.1440 -0.3994 0.1553
-0.1363 0.4119 0.1699
-0.1379 -0.3434 0.1256
-0.1298 -0.2787 0.1389
-0.1303 -0.0368 0.3299
-0.1292 -0.6303 0.1264
-0.1300 -0.1228 0.2626
-0.1128 0.3089 0.1900
-0.1135 -0.6171 0.1228
-0.1152 -0.8142 0.1800
-0.1065 -0.5669 0.1269
-0.1003 -0.3538 0.1128
-0.0967 -0.5110 0.1364
-0.0960 -1.2145 0.4453
-0.0992 -0.2694 0.1282
-0.0840 -1.1205 0.3380
-0.0790 -0.0638 0.2612
-0.0783 0.3774 0.1662
-0.0682 -0.4426 0.1454
-0.0709 -0.3243 0.1056
-0.0634 -0.2989 0.1081
-0.0604 -0.6749 0.1683
-0.0617 -0.4815 0.1413
-0.0570 -0.6313 0.1378
-0.0443 -0.2834 0.1172
-0.0551 -1.0759 0.3128
-0.0495 -0.5217 0.1385
-0.0474 -0.3580 0.1283
-0.0417 0.6217 0.2939
-0.0341 -0.8032 0.2450
-0.0208 0.3333 0.1979
-0.0322 0.4391 0.2048
-0.0254 -0.6551 0.1715
0.0011 -0.2224 0.1464
-0.0248 -1.0004 0.2889
-0.0150 -0.5502 0.1527
-0.0173 0.4176 0.1968
-0.0149 0.8317 0.3504
-0.0090 -0.4290 0.1616
0.0096 -0.3125 0.1297
0.0254 -0.5803 0.1895
0.0311 0.2902 0.2157
0.0309 -0.2418 0.1353
0.0353 -0.1798 0.1291
0.0495 -0.3176 0.1427
0.0555 1.0382 0.4130
0.0565 -0.4560 0.1939
0.0606 0.5014 0.2527
0.0678 -0.3587 0.1598
0.0723 -0.1736 0.1075
0.0655 -0.0908 0.1459
0.0699 -1.0288 0.3354
0.0771 -0.1198 0.1156
0.0917 -0.7486 0.2906
0.0914 -0.9093 0.3242
0.0980 -0.1656 0.0989
0.1014 -0.3278 0.1646
0.0995 0.3052 0.2081
0.1081 -0.1354 0.0983
0.1048 -0.2423 0.1336
0.1045 0.2213 0.1810
0.1048 -0.0927 0.1251
0.1142 0.6572 0.1688
0.1268 0.5835 0.1799
0.1285 -0.1483 0.1019
0.1300 0.2074 0.1643
0.1424 0.6923 0.1610
0.1539 0.6558 0.1481
0.1449 -0.7015 0.3333
0.1510 0.1488 0.1503
0.1495 0.7359 0.1805
0.1492 -0.4113 0.2260
0.1515 -0.2403 0.1413
0.1562 0.0991 0.1519
0.1525 0.6245 0.1497
0.1492 0.8458 0.2433
0.1576 -0.2208 0.1287
0.1701 -0.1640 0.1144
0.1899 0.0389 0.1421
0.1936 0.5813 0.1677
0.1857 -0.0118 0.1536
0.1843 -0.0446 0.1498
0.1873 0.2636 0.1763
0.1929 0.1780 0.1419
0.1973 -0.1490 0.1243
0.2105 0.3395 0.2181
0.2146 0.0995 0.1262
0.2118 0.1337 0.1304
0.2248 -0.9779 0.3848
0.2308 0.6432 0.1681
0.2295 -0.1853 0.1361
0.2417 -0.0234 0.1435
0.2341 -0.1236 0.1308
0.2647 0.1041 0.1280
0.2375 0.7667 0.1762
0.2521 0.0371 0.1405
0.2526 0.9952 0.2715
0.2512 -0.3527 0.2536
0.2630 0.3533 0.1975
0.2643 -0.4711 0.3417
0.2685 -0.1768 0.1474
0.2709 -0.0799 0.1389
0.2717 0.8114 0.1734
0.2728 0.5309 0.1800
0.2796 0.7786 0.1841
0.2804 0.8807 0.1726
0.2929 -0.0728 0.1471
0.3007 0.1603 0.1363
0.2932 0.6050 0.1502
0.3009 -0.2161 0.1933
0.3009 0.2248 0.1522
0.2979 0.8133 0.1804
0.3022 0.9177 0.1884
0.3076 0.0873 0.1456
0.3192 0.2727 0.1416
0.3221 0.5258 0.1539
0.3245 -1.0302 0.3823
0.3321 0.0899 0.1546
0.3365 0.1689 0.1327
0.3343 -0.1038 0.1707
0.3388 0.9544 0.2194
0.3582 -0.0161 0.1705
0.3485 0.3069 0.1240
0.3592 0.5458 0.1262
0.3574 0.5818 0.1155
0.3535 0.6422 0.1399
0.3529 0.9279 0.2042
0.3683 0.2833 0.1148
0.3810 -0.8549 0.2320
0.3695 0.1964 0.1324
0.3764 0.4250 0.1507
0.3961 -0.0248 0.1916
0.3843 -0.2913 0.2877
0.4127 0.5220 0.1422
0.3918 0.5775 0.1129
0.3905 0.6567 0.1236
0.3978 0.2869 0.1094
0.3992 0.3286 0.0941
0.3984 0.3754 0.1027
0.4010 0.4061 0.1223
0.4149 0.1686 0.1612
0.4135 0.6359 0.1053
0.4090 -0.6272 0.2258
0.4170 0.1962 0.1490
0.4237 0.3937 0.1075
0.4226 0.3468 0.0929
0.4341 0.2950 0.1150
0.4533 0.6750 0.1036
0.4406 -0.2047 0.2636
0.4417 0.6045 0.1074
0.4657 -0.7348 0.1148
0.4510 0.5188 0.1547
0.4571 -0.7578 0.1119
0.4608 -0.6966 0.1330
0.4552 -0.0324 0.2249
0.4586 0.7156 0.1203
0.4624 -0.7844 0.1104
0.4616 0.3249 0.1097
0.4705 0.3607 0.1100
0.4682 -0.4429 0.3592
0.4679 0.6399 0.0947
0.4703 0.7982 0.1663
0.4751 0.6214 0.1014
0.4702 -1.1211 0.3337
0.4886 -0.8347 0.1385
0.4824 -0.8027 0.1129
0.4807 -0.6609 0.1502
0.4804 0.0531 0.2278
0.5012 0.8812 0.1862
0.4896 -0.6056 0.2041
0.4937 0.3982 0.1389
0.4955 0.6949 0.0999
0.4948 -0.7828 0.1108
0.4991 0.7533 0.1232
0.5021 0.2285 0.1353
0.5004 0.6038 0.1075
0.5243 0.3386 0.1417
0.5093 -0.8068 0.1271
0.5144 0.5412 0.1414
0.5158 0.1509 0.1571
0.5223 0.6800 0.0991
0.5312 0.8250 0.1648
0.5161 0.9768 0.2005
0.5284 -0.7132 0.1412
0.5248 -0.9180 0.2554
0.5303 0.7299 0.1139
0.5364 0.9598 0.1745
0.5331 0.2612 0.1342
0.5373 -0.1552 0.3062
0.5428 -0.0994 0.2897
0.5410 0.2368 0.1280
0.5452 0.6257 0.1076
0.5531 0.4503 0.1633
0.5588 0.5932 0.1284
0.5616 0.6521 0.1039
0.5655 0.6902 0.1040
0.5643 0.1832 0.1257
0.5628 0.2156 0.1189
0.5702 -0.6552 0.1920
0.5721 -1.1863 0.3144
0.5720 0.5190 0.1697
0.5802 -1.1017 0.2762
0.5926 0.3273 0.1583
0.5864 -1.1315 0.2774
0.5903 0.4083 0.1417
0.5915 0.7370 0.1300
0.5971 0.1577 0.1423
0.5898 0.7978 0.1646
0.5925 -1.2146 0.3402
0.5917 0.9640 0.1485
0.6064 0.6788 0.1143
0.6153 0.8995 0.1464
0.6183 0.4525 0.1593
0.6250 0.6618 0.1254
0.6156 0.9889 0.1680
0.6369 -0.6429 0.2429
0.6441 0.3545 0.1547
0.6383 0.2097 0.1452
0.6520 0.3825 0.1428
0.6416 0.1725 0.1525
0.6379 0.9131 0.1482
0.6535 0.9842 0.1712
0.6662 -0.5712 0.3052
0.6634 0.1843 0.1656
0.6758 0.7537 0.1454
0.6686 0.0352 0.2829
0.6746 0.8823 0.1630
0.6713 0.6685 0.1427
0.6845 0.3758 0.1442
0.6883 0.7038 0.1407
0.7025 0.4194 0.1367
0.7113 -1.0110 0.3156
0.7063 -0.5890 0.3449
0.7083 0.7260 0.1472
0.7177 0.7762 0.1653
0.7181 0.9294 0.1608
0.7310 0.2383 0.2165
0.7363 0.4857 0.1577
0.7365 0.5802 0.2104
0.7642 0.4834 0.1453
0.7718 0.4171 0.1188
0.7794 0.8714 0.1480
0.7792 0.3659 0.1330
0.7836 -1.0363 0.3072
0.7925 0.9140 0.1315
0.7959 0.1496 0.2913
0.8089 0.9653 0.1530
0.7968 0.4522 0.1262
0.8048 0.3888 0.1175
0.8144 -0.0565 0.4048
0.8130 0.6934 0.1540
0.8117 0.7785 0.1396
0.8153 -1.0423 0.3128
0.8185 0.3662 0.1262
0.8293 0.6444 0.1669
0.8414 0.7829 0.1331
0.8225 -1.1235 0.3054
0.8354 0.9517 0.1310
0.8381 0.7400 0.1322
0.8497 0.8372 0.1265
0.8467 0.3437 0.1362
0.8473 0.4676 0.1509
0.8672 0.5122 0.1801
0.8565 0.9112 0.1083
0.8625 0.3593 0.1311
0.8754 0.7245 0.1212
0.8681 0.8706 0.1162
0.8694 -0.0180 0.4053
0.8770 0.9117 0.1134
0.8903 -0.3504 0.6068
0.9005 0.6339 0.1517
0.9170 0.6863 0.1263
0.8946 0.9331 0.1375
0.9057 0.3418 0.1657
0.9173 0.7680 0.1287
0.9152 0.8714 0.1329
0.9094 0.5987 0.1748
0.9348 -1.1905 0.3304
0.9315 0.4968 0.2204
0.9424 0.3082 0.2248
0.9410 0.6691 0.1414
0.9576 0.7952 0.1371
0.9517 0.7366 0.1256
0.9637 0.8273 0.1513
0.9617 0.3647 0.2109
0.9720 -1.1997 0.3290
1.0015 0.7146 0.1249
1.0019 -1.0076 0.3505
1.0211 0.0530 0.4500
1.0380 0.7354 0.1042
1.0451 0.7653 0.1078
1.0442 0.8026 0.1340
1.0630 0.7266 0.1010
1.0714 0.7656 0.1107
1.0757 0.6786 0.1341
1.1021 0.6701 0.1429
1.1089 0.7050 0.1213
1.1190 -1.0282 0.3640
1.1165 0.7792 0.1379
1.1212 0.3945 0.3825
1.1444 -1.2397 0.3956
1.1419 0.5097 0.3301
1.1485 0.9232 0.2823
1.1473 0.0227 0.5742
1.1648 -1.1653 0.3684
1.1670 -1.2147 0.3926
1.1805 0.8007 0.1898
1.1772 0.8919 0.2592
1.2032 -0.3384 0.7995
1.1925 -0.6619 0.7478
1.1940 0.6845 0.1983
1.2015 0.7164 0.1943
1.2090 -1.0035 0.4517
