points 
 2 
 1 
Tumour[19065]CD810NNCodensity
-1.2699 -0.9232 0.6160
-1.2713 0.8427 0.2741
-1.2671 -0.4694 0.5276
-1.2564 -1.0967 0.5575
-1.2558 1.0618 0.3531
-1.2492 -1.4227 0.6837
-1.2507 0.3984 0.2906
-1.2404 0.4540 0.2779
-1.2476 0.3078 0.3101
-1.2303 0.9873 0.2523
-1.2351 0.8877 0.2272
-1.2311 -0.1406 0.1838
-1.2287 0.0171 0.2614
-1.2160 0.9262 0.2170
-1.2190 0.3226 0.2786
-1.2146 0.9558 0.2262
-1.2100 -0.1356 0.1609
-1.2114 1.0326 0.2974
-1.2026 -1.0376 0.5172
-1.2012 -0.0558 0.1780
-1.1856 -0.1663 0.1606
-1.1789 -0.1142 0.1474
-1.1717 0.0510 0.2730
-1.1646 -0.1510 0.1462
-1.1444 -0.0567 0.1820
-1.1522 0.4274 0.2285
-1.1466 0.8140 0.2298
-1.1260 0.7085 0.1764
-1.1213 0.5977 0.1773
-1.1124 -0.5434 0.3956
-1.1099 0.6339 0.1543
-1.0892 0.5870 0.1596
-1.0873 0.7115 0.1532
-1.0821 -0.2062 0.1764
-1.0869 0.2052 0.2794
-1.0787 0.4992 0.1924
-1.0636 -0.1787 0.1662
-1.0626 0.6327 0.1346
-1.0546 0.7412 0.1646
-1.0379 0.2392 0.2414
-1.0318 0.4426 0.1724
-1.0321 -0.1795 0.1705
-1.0189 -1.2791 0.3767
-1.0231 0.8554 0.2718
-1.0139 -0.6200 0.2704
-1.0142 0.6790 0.1338
-1.0066 -0.2206 0.1761
-1.0091 -0.1828 0.1726
-1.0034 0.3627 0.1716
-0.9847 0.4397 0.1416
-0.9877 0.6787 0.1258
-0.9859 0.2165 0.2355
-0.9853 0.5759 0.1396
-0.9740 0.0514 0.3419
-0.9616 0.5943 0.1262
-0.9647 0.6210 0.1197
-0.9678 0.7508 0.1673
-0.9524 0.5056 0.1436
-0.9489 0.3549 0.1428
-0.9337 0.3707 0.1336
-0.9122 -1.3566 0.2851
-0.9384 0.4132 0.1233
-0.9325 0.6527 0.1162
-0.9228 -0.4857 0.2763
-0.9100 -0.2194 0.1710
-0.9135 0.6967 0.1328
-0.9090 -0.5485 0.2426
-0.9187 -0.1456 0.1992
-0.9171 0.2399 0.2259
-0.9092 0.4642 0.1341
-0.9087 0.7280 0.1573
-0.9115 0.6254 0.1252
-0.9037 0.5423 0.1383
-0.9072 -0.3121 0.2139
-0.9090 -0.7141 0.1767
-0.8971 0.3365 0.1613
-0.8887 -0.6503 0.1794
-0.8877 0.4307 0.1367
-0.8775 -1.0617 0.2055
-0.8769 -0.6944 0.1616
-0.8663 -1.2045 0.2116
-0.8747 -0.7320 0.1471
-0.8668 -0.1945 0.1826
-0.8712 -1.1088 0.1966
-0.8694 -0.7265 0.1455
-0.8607 0.5364 0.1523
-0.8550 -0.7977 0.1479
-0.8486 -1.1744 0.1821
-0.8485 -0.2486 0.1712
-0.8517 0.6444 0.1640
-0.8463 0.4754 0.1605
-0.8304 -0.8400 0.1303
-0.8281 -0.9634 0.1282
-0.8382 -0.5591 0.2399
-0.8140 -0.8780 0.1115
-0.8301 -0.3349 0.1850
-0.8295 0.3585 0.1826
-0.8279 -0.9060 0.1119
-0.8173 0.7392 0.2332
-0.8180 -0.1206 0.2387
-0.8142 -1.3775 0.2070
-0.8168 -0.9118 0.1067
-0.7990 -0.9602 0.1193
-0.8050 -0.3042 0.1627
-0.8077 0.5571 0.1997
-0.8064 -1.0008 0.1411
-0.7969 -1.4215 0.2162
-0.7898 -1.1628 0.1427
-0.7761 -0.9295 0.1130
-0.7843 0.8755 0.2779
-0.7802 -0.8429 0.1155
-0.7762 -0.3973 0.2137
-0.7744 -1.3506 0.1758
-0.7538 -0.9702 0.1345
-0.7525 -0.7141 0.1463
-0.7674 0.3829 0.2153
-0.7574 -0.7966 0.1122
-0.7614 0.1804 0.2897
-0.7490 -0.8149 0.1121
-0.7515 -0.7625 0.1235
-0.7442 -1.1303 0.1216
-0.7381 -0.2685 0.1529
-0.7476 0.0582 0.2817
-0.7426 -1.1986 0.1400
-0.7267 -1.3138 0.1604
-0.7244 -0.7777 0.1145
-0.7102 -1.1611 0.1106
-0.7263 -1.1203 0.1152
-0.7265 -0.6761 0.1663
-0.7094 -1.1969 0.1304
-0.7209 -1.4313 0.1875
-0.7209 -1.0527 0.1472
-0.7193 -0.3110 0.1536
-0.7165 0.4013 0.2351
-0.7143 0.8645 0.2637
-0.7038 -0.2422 0.1677
-0.6966 -0.4646 0.2077
-0.6992 -0.8701 0.1447
-0.7001 -0.6496 0.1738
-0.6921 0.9768 0.2683
-0.6870 -0.7917 0.1175
-0.6903 -0.1725 0.2026
-0.6882 0.8571 0.2668
-0.6867 -1.0171 0.1732
-0.6838 -0.0851 0.2193
-0.6840 0.9150 0.2475
-0.6808 -0.3170 0.1626
-0.6714 -0.2210 0.1875
-0.6767 -0.0007 0.2242
-0.6760 0.5342 0.3186
-0.6690 -1.3460 0.1424
-0.6689 -1.1404 0.1195
-0.6705 -1.3769 0.1448
-0.6647 -1.2937 0.1572
-0.6689 -1.1138 0.1204
-0.6581 -0.5661 0.1871
-0.6611 0.0743 0.2352
-0.6533 -0.8088 0.1267
-0.6529 0.2918 0.2044
-0.6482 -0.7089 0.1491
-0.6409 -0.3508 0.1726
-0.6412 0.3448 0.2175
-0.6408 -1.0774 0.1636
-0.6346 -0.4994 0.1748
-0.6287 -1.3602 0.1676
-0.6284 -1.1694 0.1659
-0.6354 -0.8447 0.1550
-0.6316 0.2423 0.2062
-0.6252 -0.0643 0.2171
-0.6252 -0.8331 0.1506
-0.6146 -0.7220 0.1464
-0.6012 -0.3686 0.1797
-0.6093 -1.3051 0.1873
-0.6047 -1.4059 0.2156
-0.5976 -0.5743 0.1616
-0.6012 1.0287 0.3080
-0.5920 -0.4320 0.1606
-0.5918 -0.6148 0.1627
-0.5805 -0.7475 0.1391
-0.5654 -0.4183 0.1577
-0.5719 0.0070 0.1994
-0.5668 1.0540 0.3496
-0.5562 0.2117 0.1910
-0.5448 -0.7431 0.1440
-0.5419 1.0336 0.3523
-0.5322 -0.5297 0.1484
-0.5415 0.2723 0.1662
-0.5359 -0.7214 0.1399
-0.5297 0.2883 0.1675
-0.5281 0.9998 0.3486
-0.5255 -0.6427 0.1545
-0.5115 -0.5080 0.1444
-0.5112 -0.0189 0.1989
-0.5047 0.2492 0.1669
-0.5018 -0.4252 0.1527
-0.4882 -0.5533 0.1579
-0.4996 0.0355 0.1823
-0.4982 -0.7827 0.1686
-0.4886 -0.6131 0.1576
-0.4888 0.1058 0.1861
-0.4816 -0.2893 0.2660
-0.4822 0.3249 0.2034
-0.4651 -0.4424 0.1646
-0.4537 -0.0076 0.1638
-0.4444 -0.7219 0.1639
-0.4521 -0.6854 0.1661
-0.4490 -0.4848 0.1762
-0.4443 -0.3874 0.2073
-0.4395 -0.8340 0.1663
-0.4317 0.1040 0.1696
-0.4148 -0.9595 0.1801
-0.4089 0.1907 0.1859
-0.4005 -0.6624 0.2152
-0.4071 0.2899 0.1876
-0.3949 -0.9079 0.1326
-0.3946 -0.8757 0.1306
-0.3826 0.0306 0.1218
-0.3906 -0.8243 0.1573
-0.3856 0.1642 0.1860
-0.3810 -0.8930 0.1242
-0.3669 -0.0465 0.1192
-0.3723 0.2620 0.1702
-0.3758 0.5482 0.2048
-0.3705 0.0715 0.1420
-0.3661 -1.4183 0.4455
-0.3588 0.5848 0.2286
-0.3465 -1.3552 0.4377
-0.3413 -0.2305 0.2251
-0.3438 -0.9491 0.1380
-0.3442 -0.0187 0.0908
-0.3448 -0.0140 0.0893
-0.3379 -0.0395 0.1015
-0.3340 0.0118 0.0887
-0.3301 -0.8097 0.1859
-0.3308 0.5017 0.1513
-0.3244 -0.1268 0.1764
-0.3231 0.4380 0.1608
-0.3190 0.4704 0.1478
-0.3167 -0.9253 0.1357
-0.3130 0.5406 0.1693
-0.3208 0.5685 0.1959
-0.3148 -0.9619 0.1477
-0.3004 -0.1862 0.2016
-0.3065 0.0251 0.0918
-0.2915 -0.0326 0.1035
-0.2924 0.3707 0.1543
-0.2946 0.4082 0.1610
-0.2826 0.0702 0.1327
-0.2740 -0.3076 0.2242
-0.2788 0.3371 0.1370
-0.2724 0.0065 0.0967
-0.2736 0.2780 0.1140
-0.2700 -1.0047 0.2050
-0.2722 0.2667 0.1137
-0.2705 0.2971 0.1160
-0.2634 0.2451 0.1211
-0.2619 0.0471 0.1194
-0.2482 -0.2144 0.1951
-0.2478 -0.2967 0.2169
-0.2464 0.0195 0.1069
-0.2375 -0.8990 0.1635
-0.2332 -0.7413 0.1381
-0.2244 -0.0430 0.1058
-0.2212 -0.9596 0.1833
-0.2197 0.2584 0.1245
-0.2071 -0.3130 0.2288
-0.2003 0.1672 0.1461
-0.2045 -0.6975 0.1446
-0.1975 -0.8234 0.1110
-0.1996 0.2463 0.1336
-0.1955 -0.0229 0.0954
-0.1942 0.4825 0.2523
-0.1940 -0.0382 0.0948
-0.1950 -0.7905 0.0937
-0.1928 -0.7864 0.0926
-0.1840 0.1092 0.1249
-0.1904 0.2315 0.1379
-0.1904 -0.7910 0.0918
-0.1852 -0.0576 0.1013
-0.1772 -0.6724 0.1554
-0.1792 -0.4097 0.2959
-0.1712 -1.2997 0.4489
-0.1675 -0.7472 0.1076
-0.1688 -0.8710 0.1441
-0.1737 -0.8059 0.0989
-0.1663 -0.0226 0.1056
-0.1581 0.1053 0.0981
-0.1662 -0.0442 0.1011
-0.1454 -0.1254 0.1448
-0.1414 -0.6045 0.2150
-0.1304 -0.6380 0.1860
-0.1328 0.0710 0.0872
-0.1342 0.1502 0.0995
-0.1242 -1.2319 0.4006
-0.1141 -0.1137 0.1480
-0.1184 -0.0369 0.1329
-0.1122 0.0892 0.0695
-0.1097 -1.0658 0.2593
-0.1079 -0.1915 0.2017
-0.1094 0.0698 0.0728
-0.1025 -0.7975 0.1301
-0.1053 -0.4657 0.2984
-0.1081 0.0748 0.0705
-0.0961 -0.7454 0.1510
-0.1006 -0.9725 0.1982
-0.0911 0.1306 0.0722
-0.0974 0.1533 0.0851
-0.0943 0.8254 0.5419
-0.0857 -0.9708 0.2043
-0.0800 -0.8575 0.1681
-0.0807 -0.1565 0.1801
-0.0836 0.1693 0.0992
-0.0789 -1.0564 0.2633
-0.0771 0.0833 0.0730
-0.0812 0.1106 0.0729
-0.0754 -0.7671 0.1582
-0.0682 0.0549 0.0765
-0.0711 0.8594 0.5642
-0.0690 0.1528 0.0852
-0.0424 -0.6171 0.2405
-0.0519 0.0377 0.0844
-0.0397 0.1384 0.0891
-0.0478 0.0356 0.0862
-0.0290 0.0422 0.0778
-0.0094 0.1217 0.0849
-0.0192 -0.8704 0.2264
0.0001 0.0503 0.0727
0.0047 0.0266 0.0879
-0.0013 -0.2011 0.1608
0.0035 0.1673 0.0917
0.0071 -0.3201 0.1763
0.0157 0.0867 0.0722
0.0108 0.0930 0.0756
0.0180 -0.7058 0.2572
0.0242 -0.2310 0.1328
0.0218 -0.0912 0.2105
0.0267 0.0684 0.0742
0.0254 0.1270 0.0709
0.0220 0.1685 0.0842
0.0334 0.0410 0.0890
0.0373 -0.3182 0.1493
0.0350 0.1572 0.0722
0.0534 0.0763 0.0842
0.0512 -0.2877 0.1201
0.0539 0.1502 0.0634
0.0646 0.1329 0.0641
0.0682 -0.2627 0.1075
0.0858 -0.2283 0.1151
0.0856 -0.1938 0.1370
0.0863 0.2074 0.0863
0.1030 0.1243 0.0480
0.0850 0.2018 0.0802
0.0922 0.1702 0.0530
0.0956 -0.4984 0.2193
0.0917 -0.2853 0.1183
0.0905 0.1599 0.0481
0.1008 0.0383 0.0890
0.0964 0.1489 0.0449
0.0945 0.1587 0.0474
0.1088 0.0103 0.0843
0.1019 0.1496 0.0457
0.1048 0.1062 0.0553
0.1098 0.0817 0.0721
0.1075 0.1133 0.0500
0.1100 0.1099 0.0523
0.1333 0.1532 0.0693
0.1359 0.1085 0.0646
0.1215 -0.0238 0.1003
0.1302 0.2274 0.0974
0.1281 -0.0258 0.0991
0.1308 0.0374 0.0740
0.1498 -0.4506 0.1505
0.1363 -0.2184 0.1278
0.1362 0.0221 0.0697
0.1371 0.8962 0.5235
0.1491 -0.0108 0.0869
0.1549 -0.6213 0.2847
0.1554 0.2387 0.0910
0.1651 -0.3971 0.1266
0.1630 -0.3406 0.1298
0.1600 -0.2332 0.1318
0.1663 0.0588 0.0703
0.1670 -0.3149 0.1302
0.1619 0.0439 0.0736
0.1655 0.0915 0.0685
0.1747 -0.4212 0.1270
0.1695 0.1509 0.0630
0.1751 0.1220 0.0669
0.1742 0.1807 0.0584
0.1773 0.2114 0.0647
0.1820 -0.5247 0.1814
0.1897 -0.1902 0.1571
0.1848 0.2542 0.0825
0.1911 -0.1033 0.1786
0.1827 0.0750 0.0662
0.1877 0.1921 0.0565
0.1888 0.0073 0.0989
0.1849 0.1716 0.0541
0.1929 0.1439 0.0609
0.1885 0.1620 0.0550
0.2052 -0.5481 0.2028
0.2014 0.2218 0.0695
0.2087 0.1889 0.0614
0.2007 0.0802 0.0638
0.2049 -0.1680 0.1770
0.2019 0.0878 0.0619
0.2080 0.2773 0.0838
0.2100 -0.4209 0.1250
0.2122 0.1141 0.0626
0.2073 1.0531 0.5473
0.2152 -0.3383 0.1067
0.2282 0.2111 0.0755
0.2328 0.0583 0.0773
0.2205 0.2701 0.0753
0.2294 0.2890 0.0831
0.2325 0.1514 0.0713
0.2375 0.0183 0.0934
0.2431 -0.3541 0.1137
0.2364 0.1128 0.0649
0.2402 0.1215 0.0675
0.2461 -0.4168 0.1372
0.2546 -0.3238 0.1228
0.2509 0.0990 0.0690
0.2540 -0.3062 0.1305
0.2801 0.1202 0.0732
0.2523 -0.2751 0.1441
0.2562 0.3001 0.0839
0.2607 0.2763 0.0749
0.2562 0.0402 0.0756
0.2606 0.2288 0.0796
0.2592 0.2400 0.0820
0.2683 0.0697 0.0767
0.2720 0.1616 0.0510
0.2711 0.1802 0.0488
0.2732 0.1704 0.0489
0.2798 -0.0028 0.0889
0.2746 0.1812 0.0484
0.2746 0.1856 0.0503
0.2784 0.8910 0.4416
0.2987 0.0756 0.0787
0.2865 0.1745 0.0491
0.2890 0.3164 0.0956
0.2925 0.1649 0.0503
0.3050 0.2745 0.0877
0.2954 -0.0692 0.1720
0.2967 0.0070 0.0794
0.2975 0.3073 0.0888
0.2997 -0.4545 0.1896
0.2997 0.0392 0.0672
0.3042 0.0213 0.0705
0.3213 0.2149 0.0828
0.3068 0.0266 0.0694
0.3141 0.1188 0.0639
0.3389 0.1867 0.0599
0.3319 0.0555 0.0839
0.3251 0.1284 0.0535
0.3612 0.3443 0.0881
0.3320 0.1253 0.0550
0.3333 0.1624 0.0463
0.3339 0.1510 0.0454
0.3624 0.2990 0.0756
0.3334 0.1577 0.0447
0.3512 -0.3033 0.1694
0.3523 0.1080 0.0687
0.3378 0.1635 0.0472
0.3610 0.0642 0.0894
0.3604 0.1530 0.0556
0.3491 0.2642 0.0772
0.3531 0.2198 0.0677
0.3538 0.2433 0.0693
0.3534 0.3271 0.0778
0.3551 0.9090 0.3937
0.3558 0.3232 0.0761
0.3787 0.2480 0.0699
0.3711 -0.4825 0.2255
0.3703 0.1832 0.0655
0.3836 -0.2938 0.1718
0.3946 0.2171 0.0670
0.3832 0.1265 0.0637
0.3982 0.0727 0.0831
0.3928 0.2379 0.0666
0.3946 0.3170 0.0694
0.3977 0.1058 0.0623
0.3952 0.2425 0.0692
0.3952 0.1018 0.0632
0.3962 0.3243 0.0680
0.3991 0.1572 0.0640
0.3999 0.1637 0.0649
0.4018 0.1018 0.0644
0.4157 -0.4102 0.1547
0.4170 0.1924 0.0690
0.4171 0.9743 0.3949
0.4192 -0.3157 0.1467
0.4220 0.1512 0.0641
0.4213 -0.4387 0.1757
0.4334 0.3122 0.0770
0.4200 0.3469 0.0754
0.4301 -0.3661 0.1371
0.4361 0.0864 0.0882
0.4464 0.2785 0.0867
0.4299 0.3274 0.0724
0.4359 0.3710 0.0825
0.4398 0.2030 0.0700
0.4465 -0.0798 0.2710
0.4390 0.1579 0.0613
0.4455 0.2368 0.0799
0.4487 0.0328 0.1495
0.4596 0.3838 0.0751
0.4582 0.1669 0.0627
0.4730 0.3438 0.0762
0.4590 0.1330 0.0731
0.4639 0.1371 0.0742
0.4793 0.2981 0.0768
0.4698 0.3765 0.0696
0.4803 0.1798 0.0726
0.4701 0.2128 0.0725
0.4894 -0.3619 0.1324
0.4799 -0.3142 0.1380
0.4775 0.2096 0.0731
0.4834 0.2704 0.0730
0.4864 0.4152 0.0875
0.4843 0.1332 0.0921
0.5083 0.3417 0.0719
0.4946 0.3820 0.0684
0.5058 0.2874 0.0717
0.5049 0.2646 0.0724
0.5146 0.3881 0.0705
0.5079 0.4106 0.0803
0.5121 0.2338 0.0749
0.5128 -0.2941 0.1532
0.5152 -0.4144 0.1596
0.5218 0.1988 0.0875
0.5204 0.6374 0.2914
0.5224 0.2691 0.0658
0.5228 -0.2515 0.1939
0.5607 0.2237 0.0758
0.5294 0.6806 0.2761
0.5407 0.3266 0.0560
0.5416 0.3531 0.0595
0.5527 0.4327 0.0982
0.5488 0.1959 0.0909
0.5447 0.3441 0.0553
0.5481 0.4157 0.0861
0.5580 0.2600 0.0550
0.5482 0.3504 0.0553
0.5547 -0.3496 0.1496
0.5597 0.0429 0.2309
0.5572 0.6931 0.2526
0.5552 0.2975 0.0489
0.5692 0.3302 0.0480
0.5620 0.2911 0.0437
0.5635 0.2973 0.0446
0.5681 0.2953 0.0439
0.5713 0.2593 0.0540
0.5731 0.2768 0.0472
0.5857 -0.3966 0.1823
0.5828 0.2603 0.0577
0.5999 0.2938 0.0640
0.5801 0.1803 0.1065
0.5880 0.3626 0.0575
0.5867 0.4240 0.0846
0.5880 0.3479 0.0476
0.5899 0.3304 0.0467
0.5913 0.3398 0.0470
0.6043 0.4118 0.0760
0.6006 1.0618 0.3489
0.6004 -0.3805 0.1789
0.6036 0.1808 0.1157
0.5961 0.3352 0.0482
0.6013 0.7439 0.2101
0.6115 0.2230 0.0993
0.6144 0.3300 0.0552
0.6123 0.3815 0.0694
0.6248 -0.2487 0.2151
0.6206 0.4470 0.0907
0.6207 1.0529 0.3254
0.6410 0.3558 0.0731
0.6306 0.4007 0.0756
0.6414 0.3381 0.0714
0.6465 0.3075 0.0843
0.6359 -0.5400 0.2561
0.6461 0.4192 0.0794
0.6433 0.8336 0.1910
0.6464 -0.5209 0.2359
0.6580 0.4456 0.0709
0.6667 0.4712 0.0712
0.6658 0.7757 0.1815
0.6802 0.3386 0.0839
0.6703 0.1741 0.1799
0.6858 0.3834 0.0923
0.6861 0.7697 0.1875
0.6850 -0.5636 0.2927
0.6839 0.2898 0.0973
0.6959 0.7888 0.1830
0.6994 -0.3158 0.1720
0.7059 -1.3788 1.0701
0.7061 -0.1166 0.2586
0.7063 0.4272 0.0743
0.6951 0.4730 0.0572
0.6959 0.4572 0.0518
0.7036 -0.5045 0.2438
0.7171 0.3403 0.0825
0.7009 0.4566 0.0524
0.7002 0.4678 0.0536
0.7000 0.4727 0.0570
0.7118 0.8633 0.1704
0.7191 0.9280 0.1873
0.7141 0.2947 0.0910
0.7204 0.2646 0.1209
0.7237 -0.3343 0.1770
0.7350 0.4710 0.0777
0.7386 0.3799 0.0951
0.7367 0.3549 0.0869
0.7419 -0.2172 0.1799
0.7442 0.3350 0.0865
0.7406 -0.0317 0.2818
0.7437 0.2896 0.1048
0.7461 0.4349 0.0876
0.7444 0.9475 0.1884
0.7660 -0.1969 0.1897
0.7715 -0.3088 0.1773
0.7687 0.8836 0.1716
0.7855 0.3418 0.1132
0.7814 -0.3561 0.2103
0.7861 -0.3035 0.1814
0.7919 0.4766 0.1144
0.7945 0.4519 0.1004
0.8014 0.4497 0.1010
0.8098 0.3678 0.1190
0.8171 0.2175 0.2118
0.8305 0.9356 0.1506
0.8235 0.4310 0.1064
0.8312 0.3975 0.1193
0.8285 -0.1314 0.2040
0.8404 0.9774 0.1586
0.8538 0.9322 0.1498
0.8633 0.0165 0.2421
0.8615 0.1242 0.2600
0.8716 -0.0874 0.2199
0.8761 -0.2233 0.2236
0.8816 0.4529 0.1221
0.8886 0.2962 0.2283
0.8897 1.0164 0.1777
0.8940 0.8154 0.2305
0.9061 0.8477 0.2050
0.9036 0.4619 0.1205
0.9076 1.0154 0.1757
0.9219 -0.1716 0.2541
0.9252 0.9327 0.1666
0.9249 -1.4146 1.0870
0.9250 0.5064 0.1065
0.9286 0.5119 0.1078
0.9400 0.0971 0.2152
0.9458 0.4870 0.1054
0.9504 0.5181 0.1093
0.9538 0.5403 0.1303
0.9537 -1.3829 1.0602
0.9662 1.0117 0.1861
0.9779 -0.0765 0.2319
0.9949 0.1270 0.1976
0.9896 0.4976 0.1194
0.9912 0.0286 0.1816
1.0093 0.5198 0.1399
1.0142 0.8113 0.2176
1.0183 0.3971 0.2175
1.0282 1.0375 0.2384
1.0377 0.9675 0.2183
1.0513 -1.4128 1.1400
1.0548 0.8058 0.1977
1.0640 0.0239 0.1478
1.0670 0.0276 0.1457
1.0702 0.0236 0.1480
1.0743 0.7759 0.1762
1.0977 0.1990 0.1533
1.0888 0.4884 0.1954
1.1009 1.0589 0.3067
1.1010 0.0960 0.1306
1.1179 0.7300 0.1505
1.1281 0.4817 0.2058
1.1225 0.1319 0.1356
1.1286 0.2634 0.1452
1.1378 0.0736 0.1448
1.1528 0.2412 0.1264
1.1519 0.0893 0.1455
1.1550 0.1733 0.1211
1.1552 0.6944 0.1522
1.1606 0.9099 0.2256
1.1680 0.7456 0.1177
1.1659 0.1763 0.1244
1.1810 0.2565 0.1304
1.1814 0.8669 0.1842
1.1807 0.3371 0.1431
1.1844 -0.0664 0.3010
1.1880 0.3160 0.1394
1.1902 0.4178 0.1726
1.2009 0.3866 0.1593
1.1971 0.7964 0.1309
1.1999 0.8242 0.1498
1.2044 0.7471 0.1191
1.2068 0.4394 0.1991
1.2162 0.3435 0.1549
1.2158 0.6668 0.1957
1.2161 0.7649 0.1276
1.2184 -1.2813 1.1920
1.2180 0.2071 0.1664
1.2163 0.7159 0.1423
