points 
 2 
 1 
Tumour[19065]FoxP310NNCodensity
-1.1488 0.5886 0.4127
-1.1177 0.2146 0.4966
-1.1124 0.2385 0.4654
-1.1079 0.2907 0.4244
-1.0487 1.5998 1.2268
-1.0446 0.7303 0.2845
-1.0378 0.2830 0.4064
-1.0361 0.7851 0.3283
-1.0187 0.6898 0.2433
-1.0088 0.2410 0.4465
-0.9991 0.6378 0.2289
-0.9794 1.5778 1.1750
-0.9680 1.5983 1.2017
-0.9101 0.5938 0.1616
-0.8786 0.5982 0.1241
-0.8602 0.6385 0.0997
-0.8259 0.6121 0.0751
-0.8206 0.6356 0.0703
-0.8183 0.5908 0.0877
-0.8165 0.7000 0.1026
-0.8093 0.6760 0.0847
-0.7986 0.6247 0.0668
-0.8051 0.6450 0.0707
-0.7972 0.7141 0.1087
-0.7813 0.7278 0.1228
-0.7784 0.6062 0.0711
-0.7770 0.6337 0.0743
-0.7594 0.5899 0.0768
-0.7559 0.5318 0.1253
-0.7537 0.7537 0.1590
-0.7465 0.5595 0.0949
-0.7385 0.5951 0.0824
-0.7305 0.6594 0.1166
-0.7178 0.5570 0.1130
-0.7192 0.5991 0.0995
-0.6846 0.6900 0.1438
-0.6750 0.0110 0.7468
-0.6585 -0.8322 0.6360
-0.6546 0.4670 0.2461
-0.6506 0.7151 0.1766
-0.6377 0.5437 0.1898
-0.6317 0.6500 0.1749
-0.6275 -0.6859 0.5402
-0.6216 0.7236 0.2142
-0.6181 -0.7026 0.5293
-0.4802 -0.8193 0.4673
-0.4687 0.3465 0.3399
-0.4456 -0.8017 0.4430
-0.3937 0.2975 0.2845
-0.3445 0.3551 0.2468
-0.3355 0.3340 0.2315
-0.3243 0.3550 0.2372
-0.3149 -0.6011 0.3187
-0.3150 0.2741 0.2305
-0.2709 -0.5335 0.2272
-0.2714 -0.3440 0.2791
-0.2510 0.2783 0.2182
-0.2274 -0.3979 0.1880
-0.2186 -0.4213 0.1687
-0.2172 0.5995 0.4188
-0.2147 -0.4568 0.1668
-0.1956 -0.4311 0.1579
-0.1498 -0.8276 0.5012
-0.1352 -0.5592 0.1902
-0.1379 -0.5818 0.2073
-0.1376 0.2568 0.1845
-0.1364 -0.6158 0.2455
-0.1282 0.1863 0.1974
-0.1243 -0.4521 0.1584
-0.0979 -0.3861 0.1790
-0.0958 0.2758 0.1640
-0.0840 0.4064 0.1459
-0.0835 0.2590 0.1602
-0.0789 -0.5347 0.1945
-0.0766 -0.4033 0.1739
-0.0713 0.2639 0.1614
-0.0557 0.4287 0.1170
-0.0396 0.4553 0.1186
-0.0446 0.1473 0.1846
-0.0412 0.3174 0.1607
-0.0340 0.1366 0.1886
-0.0348 0.4853 0.1448
-0.0225 -0.4520 0.1819
-0.0130 0.4197 0.1100
-0.0153 0.4012 0.1159
-0.0173 0.1132 0.1938
-0.0138 0.4703 0.1300
-0.0034 -0.4136 0.2012
-0.0014 -0.0390 0.1447
0.0027 -0.1353 0.1704
0.0050 -0.0549 0.1423
0.0108 0.4094 0.1301
0.0115 -0.1813 0.2107
0.0158 -0.0311 0.1433
0.0124 0.4774 0.1504
0.0185 -0.1384 0.1699
0.0212 -0.0006 0.1569
0.0211 -0.1100 0.1518
0.0288 -0.4002 0.2343
0.0313 -0.0146 0.1545
0.0591 0.1349 0.2487
0.0699 0.6551 0.3919
0.0740 -0.4427 0.2737
0.1241 -0.1992 0.2921
0.1938 -0.6007 0.3883
0.2093 0.4941 0.3882
0.2112 -0.6840 0.4076
0.2896 -0.7396 0.4298
0.3098 -0.7517 0.4350
0.3106 -0.8575 0.5415
0.4041 0.0651 0.2528
0.4354 0.5453 0.4952
0.4425 0.0312 0.2303
0.4508 0.1314 0.2070
0.4585 0.0516 0.2053
0.4667 0.0895 0.1918
0.4935 0.1867 0.2293
0.5002 0.1315 0.1956
0.5128 0.3557 0.2977
0.5328 -0.5731 0.3817
0.5354 -0.6028 0.3704
0.5341 0.4038 0.3274
0.5853 0.2361 0.2770
0.5922 0.3865 0.3341
0.5988 0.4017 0.3519
0.6123 0.0198 0.2564
0.6418 0.0294 0.2766
0.6461 -0.5579 0.2988
0.6571 -0.5679 0.2874
0.6699 -0.0518 0.3428
0.6852 -0.1164 0.3823
0.7854 -0.7067 0.1996
0.7922 -0.6622 0.2018
0.7956 -0.2820 0.4096
0.8007 -0.6212 0.2227
0.8034 -0.8258 0.1730
0.8163 -0.6268 0.2197
0.8183 -0.8415 0.1564
0.8382 -0.3494 0.3742
0.8440 -0.8758 0.1505
0.8455 -0.6406 0.2264
0.8686 -0.3109 0.4088
0.8814 -0.8265 0.1226
0.8870 -0.8923 0.1525
0.8900 -0.7723 0.1668
0.8976 -0.8416 0.1220
0.9368 -0.8379 0.1469
0.9466 -0.3702 0.3999
0.9488 -0.8687 0.1641
0.9704 -0.8675 0.1846
1.1609 -0.5205 0.1823
1.1713 -0.8515 0.4188
1.1934 -0.5550 0.1320
1.2027 -0.5460 0.1255
1.1988 -0.4626 0.2140
1.2312 -0.5237 0.1303
1.2451 -0.5630 0.1113
1.2685 -0.5610 0.1211
1.2755 -0.5902 0.1269
1.2736 -0.6173 0.1415
1.2815 -0.6701 0.2081
1.2948 -0.6316 0.1697
