points 
 2 
 1 
Tumour[19065]FoxP310NNCodensity
-1.4337 -0.6411 0.1612
-1.4316 -0.0981 0.3550
-1.4253 -0.7028 0.2107
-1.4262 -0.5610 0.1741
-1.4189 -0.6310 0.1434
-1.4074 -0.6571 0.1540
-1.3853 -0.6137 0.1275
-1.3766 -0.6226 0.1297
-1.3460 0.1448 0.2366
-1.3374 0.0650 0.2045
-1.3326 0.1520 0.2336
-1.3307 0.0874 0.1995
-1.3276 -0.5306 0.1459
-1.3220 -0.4463 0.1757
-1.3250 0.0960 0.1984
-1.3114 -0.5251 0.1421
-1.3163 -0.3780 0.2267
-1.3078 -0.9991 0.2397
-1.3028 -0.8973 0.1525
-1.3018 -0.8825 0.1486
-1.3019 -0.6001 0.1711
-1.2827 -0.9747 0.2008
-1.2792 -0.0221 0.2123
-1.2760 -0.8265 0.1487
-1.2734 -0.1644 0.2737
-1.2668 -0.5297 0.1571
-1.2667 -0.3151 0.2601
-1.2629 -0.8562 0.1347
-1.2617 -0.8329 0.1437
-1.2602 -0.1521 0.2636
-1.2531 -0.4833 0.1566
-1.2573 -0.4373 0.1643
-1.2493 -0.7862 0.1878
-1.2432 -0.0968 0.2359
-1.2194 -0.8349 0.1645
-1.2151 -1.0455 0.2930
-1.2073 -0.4968 0.1855
-1.2044 0.0585 0.2154
-1.2000 -0.8605 0.1752
-1.1844 0.0214 0.2148
-1.1855 0.2431 0.2909
-1.1389 -0.3787 0.2581
-1.1337 0.1892 0.2116
-1.1130 -0.4172 0.2634
-1.0927 -0.0767 0.2495
-1.0737 0.2814 0.2132
-1.0756 0.0508 0.1393
-1.0690 -0.0645 0.2403
-1.0524 0.0932 0.0868
-1.0498 -0.9896 0.3400
-1.0522 0.1042 0.0848
-1.0304 0.1008 0.0714
-1.0353 0.0600 0.1037
-1.0230 0.1171 0.0684
-1.0164 0.3576 0.2104
-1.0048 0.1323 0.0701
-1.0064 0.0927 0.0771
-1.0024 0.1499 0.0778
-0.9992 -1.0429 0.4006
-0.9884 0.1708 0.0826
-0.9943 -0.2779 0.2836
-0.9933 0.3393 0.1825
-0.9881 0.3602 0.1966
-0.9800 -0.5394 0.3795
-0.9774 0.1185 0.0792
-0.9717 0.1529 0.0780
-0.9577 0.1847 0.0788
-0.9502 -0.3945 0.2396
-0.9494 0.2048 0.0891
-0.9445 0.3783 0.2185
-0.9417 0.0811 0.1204
-0.9394 0.1918 0.0840
-0.9358 0.2135 0.0968
-0.9232 0.1094 0.1227
-0.9198 -0.8535 0.3938
-0.9161 0.2079 0.1008
-0.9068 0.0341 0.1535
-0.8834 -1.0211 0.4432
-0.8819 -0.3386 0.1507
-0.8697 0.2155 0.1501
-0.8695 0.0417 0.1418
-0.8685 -0.7836 0.4002
-0.8599 0.3557 0.2507
-0.8589 0.1756 0.1470
-0.8553 -0.3255 0.1263
-0.8443 0.0843 0.1418
-0.8381 -0.1449 0.2306
-0.8273 0.5415 0.4474
-0.8250 -0.3427 0.1192
-0.8201 -0.3175 0.1064
-0.8178 0.0706 0.1506
-0.8111 -0.7130 0.3832
-0.8118 0.0280 0.1559
-0.8097 -0.0346 0.1821
-0.8097 -0.3359 0.1143
-0.8048 -0.2915 0.1055
-0.8067 -0.1600 0.2019
-0.7964 -0.3050 0.1049
-0.7741 -0.2814 0.1208
-0.7575 0.0430 0.2027
-0.7460 -0.2124 0.1742
-0.7439 0.6654 0.6585
-0.7323 -0.2823 0.1526
-0.7322 -0.0626 0.2209
-0.6875 -0.5169 0.3634
-0.6665 -0.1254 0.2657
-0.6585 -0.5756 0.3752
-0.6440 -0.9685 0.4578
-0.6450 -0.2689 0.2575
-0.6068 -0.7367 0.3031
-0.5853 -0.8819 0.3746
-0.5811 1.2721 1.2678
-0.5338 -0.7126 0.2703
-0.5303 -0.7023 0.2705
-0.5262 0.0798 0.2071
-0.5252 0.0304 0.1982
-0.5163 0.0466 0.1893
-0.5109 0.0043 0.1952
-0.5080 0.2327 0.3203
-0.4845 -0.0188 0.1995
-0.4193 0.1752 0.2351
-0.4096 -0.6998 0.2584
-0.3899 0.0405 0.1723
-0.3859 -0.7088 0.2571
-0.3887 0.2545 0.3065
-0.3698 0.0164 0.1822
-0.3640 -0.7107 0.2659
-0.3646 0.0610 0.1847
-0.3592 -0.0620 0.2430
-0.3480 -0.7950 0.2986
-0.3240 -0.3385 0.4851
-0.3245 0.1098 0.2218
-0.2920 -0.5529 0.3710
-0.2873 0.8549 0.6628
-0.2817 0.7494 0.5748
-0.2766 0.7830 0.5903
-0.2759 0.3352 0.3804
-0.2629 0.0668 0.2082
-0.2452 -0.5821 0.3744
-0.2363 -0.9995 0.2767
-0.2295 -0.0323 0.2093
-0.2107 -0.9558 0.2123
-0.1846 -0.8581 0.1831
-0.1860 0.3828 0.3890
-0.1829 -0.9686 0.2000
-0.1664 0.0313 0.1566
-0.1448 -0.0373 0.1703
-0.1390 -0.0122 0.1511
-0.1296 0.1398 0.1541
-0.1211 -0.0267 0.1564
-0.1203 -0.8498 0.1419
-0.1097 -0.8758 0.1256
-0.1036 -0.8941 0.1270
-0.0984 0.1323 0.1133
-0.0873 0.0378 0.1284
-0.0844 -0.8624 0.1267
-0.0806 -0.3063 0.3553
-0.0749 -0.8539 0.1325
-0.0662 -0.8824 0.1285
-0.0634 -0.2555 0.3338
-0.0571 0.1252 0.0834
-0.0575 0.1539 0.0903
-0.0547 0.0765 0.1010
-0.0556 -0.4273 0.3465
-0.0538 0.0524 0.1210
-0.0349 0.1908 0.1181
-0.0334 0.1143 0.0858
-0.0346 -0.0622 0.2127
-0.0263 0.1376 0.0875
-0.0229 0.1719 0.1017
-0.0265 0.4608 0.2974
-0.0232 0.0918 0.0977
-0.0087 -0.8975 0.1491
0.0132 0.1938 0.1314
0.0233 0.5508 0.2505
0.0355 0.0698 0.1396
0.0412 0.2605 0.1991
0.0411 -0.9567 0.2048
0.0426 -0.8028 0.1648
0.0445 -0.9347 0.1904
0.0577 -0.7171 0.1213
0.0578 -0.7360 0.1229
0.0651 -0.4213 0.2620
0.0668 0.1631 0.1423
0.0717 -0.4515 0.2400
0.0705 0.0778 0.1400
0.0777 -0.1026 0.2668
0.0879 -0.8616 0.1627
0.0885 0.3903 0.2169
0.0885 0.7958 0.3814
0.0951 -0.6715 0.1064
0.1046 -0.5919 0.1401
0.1077 -0.1458 0.3009
0.1063 0.4457 0.1839
0.1172 -0.7481 0.0944
0.1114 0.0875 0.1281
0.1167 -0.6721 0.0940
0.1207 -0.8453 0.1545
0.1184 0.1472 0.1086
0.1280 -0.7080 0.0794
0.1284 -0.0897 0.2642
0.1363 -0.7491 0.0947
0.1298 -0.7345 0.0834
0.1325 0.0911 0.1227
0.1394 -0.6697 0.0904
0.1426 -1.0671 0.2303
0.1443 0.5297 0.1358
0.1422 0.5461 0.1385
0.1434 -0.5994 0.1102
0.1565 0.1556 0.0940
0.1478 0.6018 0.1607
0.1496 0.2039 0.1090
0.1513 0.3215 0.1907
0.1537 -0.7298 0.0880
0.1575 0.1148 0.1103
0.1644 -0.8225 0.1407
0.1654 -1.0289 0.1917
0.1698 -0.6638 0.1004
0.1674 -0.5633 0.1375
0.1670 0.1835 0.0864
0.1730 0.5891 0.1315
0.1786 0.4121 0.1577
0.1819 -0.5929 0.1199
0.1882 0.4832 0.1209
0.1841 -1.0106 0.1877
0.1835 -0.6574 0.1109
0.1977 -0.7343 0.1249
0.1935 -0.5778 0.1359
0.1976 0.1668 0.0782
0.1987 -1.0651 0.2175
0.1989 0.5608 0.1109
0.2043 0.2063 0.0717
0.2032 -0.8793 0.2057
0.2090 0.1868 0.0699
0.2097 -0.4006 0.1806
0.2113 -1.0258 0.1981
0.2156 -0.4197 0.1827
0.2156 0.2220 0.0782
0.2275 0.0846 0.1428
0.2343 0.1812 0.0651
0.2298 0.2461 0.0919
0.2342 -0.8082 0.1792
0.2349 0.4620 0.1038
0.2328 1.0369 0.4091
0.2372 0.5137 0.0915
0.2385 -0.5018 0.1969
0.2417 0.3031 0.1473
0.2495 0.1262 0.0970
0.2451 0.1605 0.0722
0.2494 0.4910 0.0858
0.2530 0.1905 0.0677
0.2512 0.2314 0.0786
0.2569 0.1487 0.0797
0.2514 0.6019 0.1266
0.2539 -0.3229 0.1388
0.2558 0.4209 0.1423
0.2660 0.5352 0.0895
0.2653 0.5987 0.1254
0.2684 -0.3326 0.1254
0.2698 0.6856 0.1347
0.2683 0.4737 0.0968
0.2722 -0.1980 0.2070
0.2808 0.1904 0.0721
0.2814 0.2344 0.0866
0.2848 0.5080 0.0958
0.2855 0.5530 0.1069
0.2859 0.7080 0.1242
0.2998 0.1821 0.0789
0.2885 0.7894 0.1488
0.2922 -0.2962 0.1226
0.2987 0.2152 0.0832
0.2957 -0.7388 0.2398
0.3030 0.5020 0.1130
0.3135 -0.3847 0.1278
0.3077 0.6907 0.1156
0.3162 0.7735 0.1217
0.3159 -0.2995 0.1137
0.3193 0.1272 0.1169
0.3213 0.1554 0.0964
0.3206 0.3211 0.1472
0.3218 -0.4465 0.1747
0.3230 0.6611 0.1205
0.3248 0.9839 0.2895
0.3243 -1.0412 0.2712
0.3281 0.2661 0.1123
0.3324 -0.3663 0.1143
0.3410 -0.2639 0.1441
0.3415 -0.0911 0.2004
0.3410 0.2104 0.0960
0.3417 -0.1265 0.2007
0.3509 0.7904 0.1165
0.3493 0.9132 0.2091
0.3506 0.6874 0.1169
0.3537 -0.0492 0.1902
0.3530 0.8375 0.1378
0.3530 -0.3482 0.1114
0.3529 0.2643 0.1068
0.3524 0.7731 0.1154
0.3606 0.1834 0.1023
0.3599 -0.0904 0.1961
0.3651 -1.0666 0.3290
0.3708 0.6566 0.1359
0.3759 -0.2916 0.1390
0.3805 -0.9267 0.3228
0.3820 0.3704 0.1861
0.3888 0.0586 0.1602
0.3946 0.1454 0.1185
0.3985 0.2683 0.1108
0.3962 0.8210 0.1234
0.3994 0.3211 0.1347
0.3968 -0.3983 0.1337
0.4091 0.2298 0.0936
0.4104 -0.3430 0.1279
0.4105 -0.0219 0.1742
0.4125 0.5253 0.2317
0.4078 0.6833 0.1368
0.4170 -0.5251 0.2399
0.4204 0.0214 0.1620
0.4213 0.1875 0.0940
0.4207 0.2253 0.0941
0.4246 0.6272 0.1715
0.4253 0.7694 0.1161
0.4351 0.2117 0.0963
0.4394 0.8177 0.1283
0.4402 -0.3675 0.1228
0.4450 0.1319 0.1208
0.4479 0.7341 0.1338
0.4513 0.1941 0.1009
0.4517 0.7880 0.1256
0.4549 0.3300 0.1652
0.4537 -0.4619 0.1595
0.4706 -0.7326 0.4102
0.4761 -0.3917 0.1091
0.4797 0.0659 0.1457
0.4845 -0.3381 0.1353
0.4857 0.0877 0.1374
0.4916 0.7664 0.1327
0.4889 0.2773 0.1381
0.4975 0.1505 0.1277
0.5045 -0.4140 0.1124
0.5059 0.6656 0.1545
0.5170 -0.3371 0.1491
0.5159 0.0762 0.1578
0.5187 0.8911 0.1153
0.5193 0.2039 0.1362
0.5310 -0.4273 0.1249
0.5290 0.8612 0.1137
0.5333 -0.4105 0.1197
0.5328 0.9525 0.1286
0.5427 0.8569 0.1138
0.5500 0.9850 0.1578
0.5496 0.6755 0.1408
0.5486 0.8738 0.1054
0.5522 0.2304 0.1675
0.5509 0.2786 0.1908
0.5495 0.7448 0.1179
0.5575 0.6623 0.1493
0.5555 0.9191 0.0974
0.5639 0.8955 0.0969
0.5670 -0.4060 0.1475
0.5749 0.7564 0.1062
0.5891 0.1326 0.1832
0.5888 0.5860 0.2410
0.5931 -0.4651 0.1957
0.5956 0.7851 0.1071
0.5950 0.7605 0.1041
0.6089 0.9399 0.1232
0.6172 0.0175 0.2347
0.6161 0.9600 0.1430
0.6179 0.7615 0.1109
0.6380 0.7931 0.1248
0.6412 0.7671 0.1230
0.6528 0.8845 0.1488
0.6511 0.6746 0.1764
0.6605 0.0306 0.2363
0.6561 -0.7584 0.3898
0.6700 0.1277 0.2155
0.6685 0.8906 0.1576
0.6722 -1.0587 0.3812
0.6959 -0.4566 0.2707
0.7175 -0.0867 0.3660
0.7329 0.7492 0.1758
0.7362 0.1657 0.1964
0.7481 -0.4419 0.2845
0.7559 0.8852 0.1348
0.7554 0.2847 0.2694
0.7580 -0.7224 0.3535
0.7729 0.8715 0.1315
0.7756 -0.9249 0.2148
0.7755 0.2334 0.2244
0.7841 0.1764 0.1919
0.7883 0.8132 0.1370
0.7953 -0.8900 0.2105
0.7998 0.9921 0.1224
0.8041 0.8588 0.1290
0.8041 0.9431 0.1051
0.8107 0.7407 0.1539
0.8118 0.9648 0.1037
0.8118 0.5530 0.3067
0.8149 0.0376 0.2652
0.8245 0.1420 0.2054
0.8212 0.9727 0.1048
0.8265 0.7523 0.1433
0.8346 -0.4923 0.2357
0.8333 1.0111 0.1208
0.8340 -0.8563 0.2215
0.8381 0.9269 0.1167
0.8401 0.6164 0.2326
0.8420 0.8652 0.1338
0.8475 0.1312 0.2217
0.8469 0.7427 0.1487
0.8508 1.0182 0.1214
0.8548 -0.9965 0.1836
0.8645 -1.0556 0.2414
0.8715 1.0341 0.1369
0.8726 -0.9819 0.1789
0.8787 -0.9691 0.1805
0.8805 -0.8199 0.2649
0.8817 0.6789 0.1845
0.8865 -1.0232 0.2112
0.8998 0.8094 0.1463
0.9131 -0.4378 0.1824
0.9154 -0.4471 0.1771
0.9182 0.2294 0.2917
0.9312 0.8576 0.1245
0.9382 0.7763 0.1572
0.9486 0.6208 0.2551
0.9501 1.0370 0.1403
0.9545 0.9370 0.0949
0.9523 0.9646 0.0986
0.9553 -0.4955 0.1795
0.9562 0.8757 0.1138
0.9593 1.0056 0.1142
0.9624 -0.5671 0.2459
0.9619 0.9183 0.1004
0.9712 0.9943 0.1100
0.9697 0.9438 0.0936
0.9780 -0.4594 0.1799
0.9784 0.8836 0.1162
0.9967 0.8126 0.1406
1.0071 0.9886 0.1355
1.0095 -0.4326 0.2165
1.0097 0.7138 0.2166
1.0185 -0.4637 0.2118
1.0246 -0.0020 0.4114
1.0300 -0.4751 0.2274
1.0261 0.2127 0.3827
1.0396 -0.9223 0.3680
1.0438 0.7954 0.1835
1.0475 -0.0048 0.4385
1.0497 0.8343 0.1761
