points 
 2 
 1 
Tumour[19065]CD810NNCodensity
-1.1728 -0.1055 0.2334
-1.1530 -0.0545 0.2299
-1.1446 -0.3294 0.2542
-1.1413 -0.1292 0.2034
-1.1374 -0.3963 0.2914
-1.1144 -0.2481 0.2181
-1.0967 0.7265 0.6166
-1.0898 -0.1767 0.2000
-1.0769 -0.3346 0.2243
-1.0743 -0.0553 0.1728
-1.0515 -0.0687 0.1615
-1.0392 1.1552 0.2665
-1.0310 -0.0908 0.1593
-1.0250 -0.3353 0.2243
-1.0265 1.0878 0.2198
-1.0019 1.0845 0.1917
-1.0010 -0.5050 0.3105
-0.9990 -0.3460 0.2367
-0.9686 1.0387 0.1886
-0.9593 1.1099 0.1670
-0.9674 -0.5828 0.3372
-0.9667 -0.0926 0.1512
-0.9532 0.0168 0.1542
-0.9503 -0.0424 0.1410
-0.9472 -0.6445 0.3451
-0.9430 -0.2373 0.2188
-0.9424 -0.9221 0.3023
-0.9319 -0.8204 0.2943
-0.9310 -0.8130 0.2952
-0.9166 -1.2000 0.2190
-0.9207 0.0451 0.1582
-0.9176 0.0659 0.1795
-0.9198 -0.1085 0.1566
-0.9146 -0.1081 0.1564
-0.9031 -1.2755 0.1889
-0.9100 -0.9338 0.2847
-0.9060 0.0224 0.1416
-0.9041 1.1361 0.1658
-0.9013 -1.3244 0.2253
-0.8903 -0.9150 0.2751
-0.8742 0.0473 0.1675
-0.8689 -0.1069 0.1681
-0.8676 1.0096 0.1780
-0.8675 1.1480 0.1703
-0.8641 -0.2227 0.1915
-0.8584 0.8744 0.3043
-0.8591 -1.2571 0.1472
-0.8455 -0.5048 0.3161
-0.8374 -1.2258 0.1455
-0.8379 -0.8867 0.2784
-0.8379 -0.2082 0.1826
-0.8372 1.0328 0.1590
-0.8365 1.0699 0.1416
-0.8263 -0.0035 0.1881
-0.8227 -1.1789 0.1851
-0.8166 1.0578 0.1528
-0.8122 1.0899 0.1552
-0.8029 -0.1706 0.1854
-0.8089 0.5104 0.2427
-0.8067 1.1445 0.1954
-0.8037 -1.2600 0.1434
-0.7984 0.4803 0.2358
-0.7989 -1.2636 0.1465
-0.7867 -0.3211 0.2439
-0.7749 -1.3139 0.1875
-0.7603 -1.2934 0.1850
-0.7568 0.0775 0.2035
-0.7487 -0.2065 0.1965
-0.7360 -1.0650 0.3232
-0.7283 -0.5875 0.3658
-0.7278 -0.3546 0.2589
-0.7193 0.1109 0.1873
-0.7139 0.4248 0.2160
-0.7098 -0.4500 0.3318
-0.7102 0.5396 0.1447
-0.7103 0.5339 0.1432
-0.7015 0.9690 0.1949
-0.6938 -0.1431 0.1840
-0.6851 -0.0868 0.1770
-0.6864 0.8767 0.1882
-0.6823 0.9483 0.1851
-0.6791 0.8474 0.1957
-0.6732 0.7494 0.2581
-0.6630 1.0396 0.2393
-0.6620 0.1616 0.1766
-0.6553 0.4475 0.1920
-0.6573 0.6078 0.1830
-0.6461 0.5145 0.1423
-0.6557 0.5469 0.1419
-0.6498 -0.8091 0.3152
-0.6513 -0.0409 0.1399
-0.6462 0.7486 0.2544
-0.6475 0.9488 0.1841
-0.6493 0.0738 0.1328
-0.6261 -0.0956 0.1535
-0.6409 0.0482 0.1268
-0.6359 0.5554 0.1455
-0.6252 -0.0008 0.1169
-0.6375 0.1292 0.1509
-0.6237 -0.3078 0.2531
-0.6177 -0.2323 0.2047
-0.6210 -0.1873 0.1771
-0.6210 -0.9507 0.2708
-0.6125 0.2077 0.2056
-0.6147 0.0402 0.1163
-0.6123 -0.6922 0.3544
-0.6080 -0.0162 0.1168
-0.5851 0.1998 0.2047
-0.5880 -1.2959 0.3136
-0.5752 0.8735 0.1903
-0.5711 -0.8014 0.2894
-0.5700 0.3020 0.2867
-0.5651 0.5451 0.1770
-0.5590 0.0374 0.1220
-0.5511 -0.1589 0.1899
-0.5525 -0.0510 0.1503
-0.5435 -0.9739 0.2167
-0.5455 0.8949 0.1986
-0.5414 -1.0400 0.1957
-0.5316 0.0093 0.1279
-0.5371 -1.0794 0.1967
-0.5278 0.9459 0.2170
-0.5272 -0.1796 0.2136
-0.5237 -1.1524 0.2071
-0.5271 0.0416 0.1360
-0.5148 0.5508 0.1831
-0.5018 0.5004 0.1842
-0.4879 0.0371 0.1468
-0.4790 -1.2737 0.2859
-0.4750 -1.1325 0.1755
-0.4705 -0.7594 0.3181
-0.4639 -1.2297 0.2357
-0.4605 0.1553 0.2343
-0.4631 0.8934 0.2084
-0.4619 -0.8935 0.2517
-0.4559 0.6748 0.2054
-0.4561 -0.0602 0.1717
-0.4437 0.0520 0.1800
-0.4392 -0.0738 0.1916
-0.4302 -0.9802 0.1877
-0.4270 0.8504 0.2056
-0.4253 0.6675 0.1950
-0.4200 -0.0231 0.1959
-0.4185 0.4661 0.1828
-0.4128 -1.0521 0.1547
-0.4153 0.5509 0.1442
-0.4139 0.5286 0.1455
-0.4108 0.7185 0.2189
-0.4110 0.7431 0.2246
-0.4053 -0.9969 0.1803
-0.4029 -1.1121 0.1632
-0.4040 -0.6402 0.3430
-0.3956 0.4840 0.1687
-0.3909 0.2527 0.2801
-0.3812 0.5608 0.1557
-0.3780 -1.0829 0.1652
-0.3761 0.9313 0.1925
-0.3514 -1.0995 0.1898
-0.3346 0.5025 0.1850
-0.3186 0.6067 0.2167
-0.3207 0.9864 0.1712
-0.3113 0.1483 0.2711
-0.3116 0.9144 0.1658
-0.3081 -1.0697 0.2277
-0.3046 0.8819 0.1800
-0.2999 0.2106 0.2489
-0.2998 0.9659 0.1593
-0.2991 1.1055 0.2254
-0.2870 -0.5102 0.2553
-0.2875 0.2786 0.2326
-0.2856 1.0839 0.1990
-0.2813 -0.5382 0.2470
-0.2671 1.1246 0.2385
-0.2603 0.8428 0.2172
-0.2563 -0.8779 0.3222
-0.2556 0.4195 0.1826
-0.2482 -0.6175 0.2440
-0.2413 -0.1758 0.3071
-0.2391 -0.5199 0.2286
-0.2336 1.0528 0.1793
-0.2245 -0.3732 0.2634
-0.2008 -0.0429 0.2296
-0.2081 0.3287 0.1802
-0.2060 0.4110 0.1402
-0.2010 0.9619 0.1858
-0.1963 -0.2429 0.2896
-0.1955 0.9317 0.1961
-0.1926 -0.7643 0.2830
-0.1764 -1.1598 0.3306
-0.1775 0.4190 0.1221
-0.1799 0.4544 0.1260
-0.1739 0.4758 0.1361
-0.1681 0.6279 0.1777
-0.1533 -0.0144 0.1691
-0.1461 0.2218 0.1455
-0.1484 0.4925 0.1419
-0.1434 0.6291 0.1569
-0.1357 -0.0143 0.1536
-0.1390 -0.3330 0.2635
-0.1347 -0.4189 0.2523
-0.1338 0.0920 0.1699
-0.1311 0.6608 0.1425
-0.1371 -0.3278 0.2649
-0.1307 -0.6314 0.2173
-0.1290 0.7648 0.1870
-0.1255 1.0376 0.2183
-0.1184 0.4410 0.1115
-0.1158 0.3350 0.1384
-0.1092 -0.9361 0.2870
-0.1098 -0.5810 0.2181
-0.1060 0.0550 0.1414
-0.1109 0.2072 0.1116
-0.1121 0.2145 0.1124
-0.1095 0.7823 0.1904
-0.1055 0.2784 0.1260
-0.0990 0.1641 0.1227
-0.0916 0.6513 0.1325
-0.0940 1.0299 0.2188
-0.0925 -0.6084 0.2082
-0.0919 0.3648 0.1231
-0.0838 0.4179 0.1168
-0.0839 -0.8879 0.2426
-0.0875 -0.7455 0.2137
-0.0892 0.3722 0.1221
-0.0862 0.7013 0.1423
-0.0803 -0.0059 0.1299
-0.0787 0.4564 0.1253
-0.0611 0.5737 0.1685
-0.0729 0.2116 0.1024
-0.0712 0.6713 0.1364
-0.0623 0.1593 0.1231
-0.0596 0.0000 0.1245
-0.0453 -0.0770 0.1543
-0.0479 0.2797 0.1204
-0.0422 0.4802 0.1490
-0.0393 0.9492 0.1783
-0.0431 0.8406 0.1808
-0.0386 -0.9376 0.2718
-0.0291 -1.3198 0.2433
-0.0306 -1.2346 0.1796
-0.0232 0.3096 0.1361
-0.0289 0.5883 0.1864
-0.0218 0.0923 0.1278
-0.0232 0.2211 0.1168
-0.0208 0.0492 0.1183
-0.0132 -1.1508 0.2071
-0.0153 0.2826 0.1305
-0.0085 -0.8251 0.1918
-0.0099 -0.0678 0.1429
-0.0158 0.1776 0.1273
-0.0165 0.4182 0.1312
-0.0110 0.9414 0.1677
-0.0040 0.0316 0.1159
0.0140 1.0101 0.1908
0.0023 0.7179 0.1785
0.0073 -1.2910 0.1944
0.0085 -1.1900 0.1685
0.0073 -0.5317 0.2497
0.0076 0.9077 0.1665
0.0255 0.1083 0.1326
0.0133 0.4188 0.1454
0.0169 0.8276 0.1729
0.0277 -0.7403 0.1547
0.0226 -0.6703 0.1601
0.0196 -0.0684 0.1500
0.0212 -0.1480 0.2082
0.0255 -0.6249 0.1755
0.0260 -0.3134 0.3169
0.0291 -0.0271 0.1402
0.0303 0.0558 0.1298
0.0284 -0.7123 0.1477
0.0350 0.2558 0.1370
0.0385 0.7561 0.1831
0.0499 0.2193 0.1349
0.0494 -1.2421 0.1601
0.0468 -1.2389 0.1577
0.0536 -0.7081 0.1575
0.0568 0.3944 0.1818
0.0519 -1.2303 0.1605
0.0588 -0.7553 0.1729
0.0571 0.0549 0.1503
0.0670 -0.8150 0.2139
0.0629 0.1530 0.1455
0.0615 0.4406 0.1895
0.0624 -0.1687 0.2081
0.0777 -0.5796 0.2354
0.0857 0.6870 0.2276
0.0800 0.2147 0.1562
0.0837 0.8236 0.1784
0.0821 0.9658 0.1738
0.0948 -1.0272 0.3405
0.1009 -1.2528 0.2209
0.1038 0.4896 0.2393
0.1093 0.9876 0.1861
0.1084 1.0255 0.1900
0.1214 0.8293 0.1936
0.1315 0.1930 0.2127
0.1501 -0.0869 0.2058
0.1675 1.1202 0.2060
0.1853 0.8744 0.2004
0.1865 -0.1202 0.2047
0.1903 0.7753 0.2185
0.1884 1.1241 0.1979
0.1979 -0.1728 0.1926
0.1983 -0.4176 0.2704
0.1993 -0.1224 0.2023
0.2021 -0.3816 0.2670
0.2033 1.0015 0.1922
0.2078 1.1204 0.1929
0.2189 0.7062 0.2773
0.2302 0.5169 0.3627
0.2522 -0.5441 0.2396
0.2558 -0.5338 0.2399
0.2660 -0.7406 0.2782
0.2657 0.8964 0.1755
0.2602 -0.5382 0.2402
0.2668 -0.7018 0.2621
0.2703 0.0285 0.2430
0.2787 -0.2081 0.1481
0.2750 0.0505 0.2521
0.2821 -0.2972 0.1946
0.2904 0.3237 0.4011
0.2831 0.9926 0.1713
0.3074 1.1031 0.1794
0.3151 -0.7959 0.3403
0.3127 0.8391 0.1750
0.3135 1.1478 0.2186
0.3189 -0.6854 0.2817
0.3106 -0.2298 0.1436
0.3171 1.0772 0.1733
0.3172 -0.2332 0.1460
0.3251 0.8961 0.1501
0.3300 0.9203 0.1428
0.3437 -0.2375 0.1544
0.3468 0.1041 0.2566
0.3555 -0.2160 0.1467
0.3574 -0.1700 0.1497
0.3719 0.9411 0.1443
0.3786 1.0167 0.1556
0.3887 0.0582 0.2090
0.3881 -0.0727 0.1933
0.3841 1.0205 0.1591
0.3930 -0.4340 0.3243
0.3947 -0.1189 0.1747
0.3962 0.8212 0.1783
0.4049 0.8914 0.1564
0.4130 0.7908 0.2108
0.4193 -1.3252 0.4641
0.4258 -0.0992 0.1865
0.4222 0.0169 0.1987
0.4433 0.7795 0.2468
0.4474 1.0314 0.2173
0.4561 0.9301 0.1942
0.4663 -1.2370 0.3667
0.4733 0.0294 0.2239
0.4909 -0.1621 0.2180
0.4965 -0.6756 0.2956
0.5197 -1.2013 0.3020
0.5205 0.0952 0.2174
0.5429 -1.2665 0.3394
0.5422 -0.8511 0.2922
0.5445 0.1939 0.2082
0.5466 0.2927 0.2376
0.5511 -0.1504 0.2488
0.5596 -0.2282 0.2655
0.5912 -0.9167 0.2713
0.5871 -0.8082 0.2593
0.6024 0.1672 0.1871
0.6072 -0.5496 0.2874
0.5991 -0.3144 0.3084
0.6201 0.4465 0.2598
0.6084 -0.7318 0.2357
0.6120 0.2473 0.1929
0.6142 -1.1005 0.2227
0.6190 -1.0756 0.2223
0.6166 0.1156 0.2014
0.6159 0.3691 0.2297
0.6216 -0.5089 0.3071
0.6378 0.1538 0.1974
0.6474 -0.6751 0.2228
0.6481 0.4162 0.2438
0.6556 -0.2529 0.2941
0.6544 0.4793 0.2610
0.6691 -1.1523 0.2519
0.6701 -0.6799 0.2266
0.6740 0.3244 0.2310
0.6740 1.1160 0.4830
0.6782 0.1576 0.2223
0.6854 -0.0464 0.3068
0.6974 -0.9752 0.2415
0.7005 -1.0176 0.2320
0.7032 -0.7155 0.2589
0.7097 0.6455 0.2670
0.7121 0.7099 0.2934
0.7231 -1.0887 0.2555
0.7243 -0.0110 0.3042
0.7358 0.7252 0.3003
0.7447 -1.0248 0.2596
0.7509 -0.3173 0.3059
0.7544 0.9683 0.4307
0.7577 0.6281 0.2567
0.7895 -0.5800 0.3005
0.7923 0.8231 0.3612
0.8065 -0.2136 0.3158
0.8070 -0.5499 0.3104
0.8151 0.4905 0.2954
0.8273 0.6363 0.2958
0.8386 0.0454 0.3132
0.8623 0.4220 0.3302
0.8710 -0.3963 0.3174
0.8675 0.1912 0.3221
0.8734 0.1660 0.3203
0.8865 -0.3679 0.3141
0.8836 1.0976 0.5924
0.9339 -1.3141 0.5953
0.9337 -0.9128 0.3677
0.9434 -0.2100 0.3110
0.9946 -0.7101 0.3651
1.0055 -0.1362 0.2977
1.0078 -0.0220 0.2908
1.0111 0.3650 0.3415
1.0269 0.4780 0.3803
1.0375 0.1222 0.2685
1.0321 0.8614 0.5284
1.0582 -0.8391 0.2860
1.0567 -0.3774 0.3133
1.0646 -0.8930 0.2927
1.0737 0.2351 0.2839
1.1045 -0.4804 0.3515
1.1137 -1.0474 0.3969
1.1175 -0.1297 0.2192
1.1122 0.0825 0.2157
1.1457 -0.2053 0.2052
1.1675 -0.9162 0.2994
1.1656 0.0160 0.1944
1.1681 0.1333 0.1885
1.1698 0.5230 0.4417
1.1844 -0.7841 0.2722
1.1872 -0.9881 0.3618
1.1896 -0.2513 0.1980
1.1959 -0.3102 0.2401
1.1945 -0.2143 0.1784
1.1917 0.4643 0.3761
1.1957 -0.0116 0.1745
1.2029 -0.6889 0.2830
1.2044 -0.7472 0.2769
1.2155 0.2098 0.1659
1.2255 0.0431 0.1685
1.2289 -0.1248 0.1591
1.2577 -0.1304 0.1585
1.2513 -0.4926 0.2993
1.2522 0.1821 0.1521
1.2655 -1.2797 0.7200
1.2756 0.0120 0.1675
1.2683 0.1245 0.1695
1.2854 -0.0931 0.1573
1.2696 0.2202 0.1634
1.2754 0.2276 0.1711
1.2781 0.2198 0.1668
1.2838 -0.1268 0.1645
1.2865 1.1127 0.8897
1.2960 -0.6431 0.3188
1.2915 -0.3527 0.2848
1.2933 -0.0590 0.1602
1.3065 -0.0009 0.1794
1.3131 -0.4873 0.3258
1.3140 0.2417 0.2200
1.3194 -0.6343 0.3367
1.3155 0.8653 0.7530
1.3203 -0.2309 0.2322
