points 
 2 
 1 
Tumour[19065]FoxP310NNCodensity
-0.8003 -0.6832 0.2392
-0.7868 -0.4458 0.2009
-0.7785 -0.6859 0.2172
-0.7731 -0.7088 0.2217
-0.7678 -0.4036 0.1670
-0.7688 -0.2691 0.1956
-0.7652 -0.4968 0.2197
-0.7634 -0.2896 0.1894
-0.7600 -0.4230 0.1694
-0.7541 -0.1310 0.2245
-0.7465 -0.8401 0.3106
-0.7340 -0.1369 0.2033
-0.7260 -0.6817 0.1957
-0.7183 -0.3530 0.1489
-0.7145 -0.7073 0.2005
-0.7014 -0.5288 0.2194
-0.6893 -0.2868 0.1617
-0.6861 -0.3688 0.1555
-0.6859 -0.1715 0.1718
-0.6727 -0.0817 0.2253
-0.6558 -1.0764 0.4977
-0.6516 -0.1739 0.1776
-0.6245 -0.3551 0.1605
-0.6113 -0.5074 0.2160
-0.6105 -0.2683 0.1858
-0.6079 -0.3610 0.1578
-0.6016 -0.6371 0.1925
-0.5927 -0.1700 0.1999
-0.5692 -0.6948 0.1824
-0.5675 -0.6159 0.1860
-0.5659 -0.4692 0.1896
-0.5615 -0.8500 0.2395
-0.5536 -0.0705 0.2009
-0.5451 -0.3829 0.1600
-0.5283 -0.8198 0.2048
-0.5316 -0.3807 0.1642
-0.5281 -0.7765 0.1905
-0.5259 -0.6706 0.1689
-0.5235 -0.0233 0.2115
-0.5186 -0.9550 0.3191
-0.5132 0.0167 0.2459
-0.4931 -0.7340 0.1798
-0.4889 -0.4107 0.1734
-0.4887 -0.2155 0.2695
-0.4832 -0.5907 0.1977
-0.4603 -0.5843 0.2059
-0.4658 -0.4188 0.1769
-0.4672 -0.0905 0.2107
-0.4327 -0.0378 0.2280
-0.4138 -0.4385 0.1811
-0.4160 -0.8546 0.2434
-0.4146 -0.0288 0.2410
-0.4016 -0.7253 0.2168
-0.3897 -0.5032 0.1909
-0.3774 -0.6973 0.2456
-0.3697 -0.8525 0.2848
-0.3655 -1.1446 0.4276
-0.3580 -0.4978 0.1993
-0.3578 0.0025 0.2743
-0.3470 -1.1943 0.4700
-0.3293 -0.4491 0.2105
-0.2935 -0.3816 0.2640
-0.2741 -1.2250 0.5246
-0.2671 -1.2483 0.5541
-0.2479 -0.4810 0.2887
-0.2434 0.1217 0.2805
-0.2404 0.2269 0.2809
-0.2206 0.1550 0.2811
-0.2116 0.4067 0.2374
-0.1871 0.2927 0.2435
-0.1837 -0.3527 0.3761
-0.1788 0.0834 0.2882
-0.1748 0.4147 0.2129
-0.1698 0.3130 0.2407
-0.1476 0.5180 0.1997
-0.1116 0.6096 0.2137
-0.1028 -0.0603 0.3719
-0.1018 0.4524 0.1929
-0.0998 0.5436 0.1849
-0.0951 0.5883 0.1929
-0.0955 0.4354 0.2022
-0.0867 -0.0133 0.3600
-0.0513 -0.2120 0.4858
-0.0406 0.5752 0.1844
0.0161 0.6609 0.1517
0.0418 0.0566 0.4462
0.0418 0.7181 0.1585
0.0536 0.3505 0.3338
0.0542 0.6564 0.1229
0.0564 0.8061 0.2545
0.0684 0.6226 0.1293
0.0889 -1.0203 0.6497
0.0883 0.6631 0.1153
0.0967 0.6946 0.1241
0.1028 0.6164 0.1283
0.1178 0.7131 0.1453
0.1256 0.5142 0.1911
0.1477 0.5868 0.1521
0.1727 0.6533 0.1617
0.1761 0.4785 0.2107
0.1832 0.5384 0.1858
0.1996 -0.8626 0.6979
0.2000 0.4783 0.2154
0.2099 0.3212 0.3554
0.2322 0.7349 0.2233
0.2635 0.7376 0.2373
0.2843 0.7810 0.2502
0.3321 0.4608 0.2712
0.3580 -0.0954 0.2886
0.3591 -1.0927 0.5771
0.3601 1.0655 0.4206
0.3712 0.4941 0.2978
0.4026 -1.1840 0.6085
0.4075 0.7895 0.1989
0.4123 0.0772 0.1941
0.4168 0.7991 0.1930
0.4162 0.8722 0.2056
0.4226 0.0533 0.1833
0.4235 0.0061 0.1877
0.4257 -0.2779 0.4454
0.4322 0.1142 0.1937
0.4426 -0.1732 0.3068
0.4429 -0.8576 0.6481
0.4476 -0.0164 0.1916
0.4513 0.3763 0.2180
0.4574 0.4588 0.2654
0.4662 0.0129 0.1826
0.4633 0.8615 0.1787
0.4807 -1.1541 0.6104
0.4973 0.7921 0.2032
0.5022 0.8046 0.1934
0.4985 0.2673 0.1533
0.5046 0.2337 0.1527
0.5085 0.9550 0.2047
0.5178 0.1266 0.1821
0.5222 0.3418 0.1563
0.5299 0.2109 0.1409
0.5292 0.9018 0.1778
0.5399 0.2678 0.1269
0.5526 -0.0406 0.2581
0.5516 0.3151 0.1283
0.5905 -1.0235 0.6456
0.5952 -0.2055 0.4085
0.6014 0.3348 0.1123
0.6082 0.1663 0.1475
0.6066 0.2523 0.1234
0.6090 0.1529 0.1583
0.6078 0.9502 0.1479
0.6150 0.5804 0.3241
0.6144 0.9778 0.1422
0.6208 0.1798 0.1440
0.6246 0.3630 0.1204
0.6297 0.8830 0.2028
0.6350 0.2807 0.1144
0.6393 0.5719 0.3197
0.6379 1.0032 0.1511
0.6419 -1.1157 0.7154
0.6421 0.3446 0.1071
0.6482 0.9815 0.1481
0.6528 0.2587 0.1291
0.6585 0.3911 0.1533
0.6615 0.3007 0.1140
0.6648 1.0611 0.2224
0.6713 0.0491 0.2872
0.6734 1.0289 0.1903
0.6737 0.3577 0.1276
0.6843 0.9938 0.1823
0.6943 0.6437 0.3954
0.7134 0.2048 0.1945
0.7408 0.3384 0.1912
0.8455 0.1944 0.3536
0.9567 -1.1276 1.0962
