points 
 2 
 1 
Tumour[19065]FoxP310NNCodensity
-0.9585 0.5073 0.4490
-0.8645 0.4442 0.2865
-0.8311 0.4286 0.2479
-0.7946 0.4025 0.2182
-0.7924 0.3597 0.2200
-0.7615 0.3074 0.2519
-0.7433 0.3572 0.2165
-0.7220 0.3856 0.2238
-0.6847 0.3345 0.2544
-0.6345 0.5338 0.4001
-0.5480 -0.2137 0.6994
-0.5435 0.1366 0.3685
-0.4577 0.0188 0.4110
-0.4475 0.2709 0.3333
-0.4250 0.1731 0.3326
-0.4225 0.2925 0.3536
-0.3609 0.2228 0.3445
-0.2933 0.1735 0.3418
-0.2781 -0.0265 0.3731
-0.1148 -0.2397 0.4910
-0.1028 -0.0399 0.3056
-0.0709 -0.0138 0.2907
-0.0669 0.0408 0.2921
-0.0610 0.0821 0.3147
-0.0522 -0.0295 0.3040
-0.0218 -0.4228 0.7201
0.0842 0.1524 0.4815
0.1245 0.0135 0.4370
0.4498 -0.1718 0.3126
0.4506 -0.1834 0.3113
0.4588 -0.3696 0.4195
0.4594 -0.1442 0.3193
0.5332 -0.1137 0.3272
0.5519 -0.2804 0.2928
0.6122 -0.1144 0.3426
0.6263 -0.2591 0.2934
0.6605 -0.2145 0.3130
0.8151 -0.3939 0.3845
0.8566 -0.4275 0.4064
0.9055 -0.3818 0.4030
0.9988 -0.3926 0.4528
1.0449 -0.2742 0.5179
1.0731 -0.4379 0.5412
1.3486 -0.4928 0.9447
