points 
 2 
 1 
Tumour[19065]CD6810NNCodensity
-1.1413 -0.5785 0.2875
-1.1164 -0.2255 0.1553
-1.1323 0.0498 0.1495
-1.1379 0.2428 0.2002
-1.1362 0.4075 0.2111
-1.1354 0.3865 0.2016
-1.1279 0.1460 0.1489
-1.1182 -0.2834 0.1488
-1.1184 -0.1802 0.1840
-1.1043 1.3699 0.2432
-1.1180 0.1225 0.1335
-1.1181 1.5253 0.3655
-1.1008 -0.4761 0.2006
-1.1117 -0.4098 0.1831
-1.0926 -0.2704 0.1301
-1.0933 0.0126 0.1297
-1.0997 1.3250 0.2504
-1.1016 0.4213 0.1905
-1.0816 0.2096 0.1356
-1.0937 1.0854 0.4072
-1.0890 -0.8394 0.4020
-1.0810 -0.3864 0.1511
-1.0744 0.1090 0.1052
-1.0813 0.4107 0.1739
-1.0743 0.0494 0.1011
-1.0779 0.8141 0.3676
-1.0615 0.1589 0.1125
-1.0732 -0.2572 0.1248
-1.0722 1.3291 0.2354
-1.0700 -0.2009 0.1459
-1.0384 -0.6123 0.2128
-1.0585 1.4090 0.2257
-1.0576 1.4715 0.2706
-1.0414 0.3402 0.1627
-1.0413 0.0761 0.0938
-1.0394 0.2327 0.1297
-1.0413 -0.1833 0.1640
-1.0419 0.0181 0.0988
-1.0443 0.0444 0.0942
-1.0211 -0.2788 0.1459
-1.0314 -0.4026 0.1336
-1.0335 -0.3287 0.1374
-1.0392 -0.0516 0.1592
-1.0112 -0.0335 0.1349
-1.0232 -0.4459 0.1520
-0.9972 0.0549 0.0971
-1.0079 0.1618 0.1017
-1.0149 0.2601 0.1376
-1.0175 0.0937 0.0916
-1.0195 0.7038 0.2963
-1.0165 1.3591 0.2256
-1.0104 0.1202 0.0924
-1.0058 -0.6892 0.2115
-0.9803 0.1868 0.1030
-0.9975 0.3454 0.1646
-0.9869 0.6779 0.2739
-0.9813 -0.6224 0.1768
-0.9923 0.4225 0.1821
-0.9880 -0.4083 0.1387
-0.9874 0.2294 0.1209
-0.9807 1.4909 0.3083
-0.9842 0.0001 0.1200
-0.9647 0.1106 0.1079
-0.9878 0.1445 0.1014
-0.9714 1.0655 0.3661
-0.9667 -0.4750 0.1906
-0.9585 0.0316 0.1176
-0.9631 -0.3185 0.1613
-0.9597 -0.3763 0.1455
-0.9277 0.0806 0.1251
-0.9518 0.4191 0.1836
-0.9443 -0.8374 0.3131
-0.9355 1.0759 0.3601
-0.9410 -0.6238 0.1547
-0.9295 0.1874 0.1258
-0.9397 0.6994 0.2481
-0.9420 1.3437 0.2766
-0.9358 -0.2028 0.1709
-0.9377 0.2152 0.1308
-0.9265 0.3803 0.1830
-0.9116 -0.6695 0.1511
-0.9113 0.7571 0.2494
-0.9094 -0.3676 0.1796
-0.9065 0.9197 0.3307
-0.9083 -0.0307 0.1431
-0.8974 -0.6241 0.1528
-0.9008 -0.2071 0.1585
-0.8905 0.0086 0.1374
-0.8832 0.0475 0.1401
-0.8896 -0.1779 0.1452
-0.8864 0.7956 0.2763
-0.8774 0.1228 0.1573
-0.8655 -0.0982 0.1386
-0.8658 0.2942 0.1910
-0.8689 -0.6609 0.1500
-0.8724 0.5335 0.2601
-0.8685 -0.5348 0.1945
-0.8670 0.2170 0.1658
-0.8535 -0.6964 0.1708
-0.8487 0.4473 0.2238
-0.8533 -0.0138 0.1360
-0.8420 -0.3288 0.2024
-0.8290 -0.0830 0.1221
-0.8408 -0.2104 0.1370
-0.8061 -0.6582 0.1731
-0.8188 -0.1345 0.1182
-0.8304 -0.1912 0.1269
-0.8249 0.3872 0.2213
-0.8175 -0.4564 0.2026
-0.8135 0.2731 0.2017
-0.8100 1.1214 0.3051
-0.8059 -0.7448 0.2172
-0.8086 0.1597 0.2002
-0.8011 -0.4875 0.2119
-0.7863 -0.0464 0.1273
-0.7880 -0.0893 0.1211
-0.7642 -0.1142 0.1304
-0.7848 1.3166 0.3514
-0.7873 0.6097 0.2612
-0.7724 0.0220 0.1426
-0.7759 -0.1951 0.1372
-0.7722 0.7047 0.2565
-0.7640 -0.3531 0.2155
-0.7595 0.0457 0.1493
-0.7566 -0.4949 0.2162
-0.7575 -0.2224 0.1566
-0.7458 -0.0709 0.1476
-0.7328 -0.6406 0.2097
-0.7203 -0.2368 0.1719
-0.7204 0.2626 0.2250
-0.7141 0.0754 0.1600
-0.7126 0.0498 0.1456
-0.7045 0.4786 0.2179
-0.6890 0.6447 0.2461
-0.6886 0.0177 0.1464
-0.6875 -0.6580 0.2256
-0.6796 -0.1769 0.1725
-0.6752 0.9668 0.3020
-0.6758 1.1336 0.1677
-0.6702 1.2351 0.2020
-0.6674 -0.7228 0.2653
-0.6638 0.3092 0.1824
-0.6599 -0.4457 0.2351
-0.6338 -0.1803 0.1628
-0.6523 -0.4193 0.2225
-0.6443 0.3515 0.1506
-0.6442 0.0750 0.1714
-0.6259 -0.3144 0.1651
-0.6369 0.4148 0.1338
-0.6188 0.0150 0.1592
-0.6360 0.7087 0.2699
-0.6348 1.1809 0.1298
-0.6249 0.6516 0.2418
-0.6163 0.4586 0.1577
-0.6097 1.1268 0.1175
-0.6131 0.4286 0.1295
-0.6118 1.1629 0.1103
-0.6049 0.3822 0.1262
-0.5959 0.2470 0.2056
-0.6018 1.2155 0.1487
-0.5906 0.4179 0.1279
-0.6015 0.6990 0.2639
-0.5835 -0.1780 0.1393
-0.5983 -0.2729 0.1262
-0.5849 0.0289 0.1578
-0.5893 1.1004 0.1250
-0.5762 1.1548 0.1075
-0.5838 -0.6204 0.2426
-0.5510 0.4428 0.1565
-0.5591 -0.3015 0.1157
-0.5560 -0.2741 0.1064
-0.5574 1.1166 0.1120
-0.5599 -0.6503 0.2428
-0.5596 -0.2422 0.1127
-0.5444 0.3184 0.1601
-0.5315 0.0359 0.1458
-0.5460 1.0224 0.1846
-0.5298 1.1346 0.1179
-0.5439 -0.2126 0.1214
-0.5277 -0.3468 0.1532
-0.5312 -0.0140 0.1454
-0.5348 0.9746 0.2261
-0.5305 -0.3193 0.1305
-0.5308 -0.1907 0.1363
-0.5289 -0.0802 0.1600
-0.5199 0.3284 0.1597
-0.4879 -0.3085 0.1517
-0.5064 -0.1552 0.1459
-0.5049 0.0141 0.1394
-0.4936 1.1596 0.1463
-0.4928 0.1492 0.1965
-0.4885 1.0815 0.1523
-0.4889 -0.4692 0.2346
-0.4798 0.2420 0.1593
-0.4891 0.7051 0.2958
-0.4756 1.1430 0.1492
-0.4673 0.4032 0.1700
-0.4676 -0.0846 0.1398
-0.4644 -0.6363 0.1946
-0.4602 -0.0302 0.1458
-0.4560 0.0760 0.1663
-0.4630 0.2953 0.1560
-0.4451 -0.6209 0.1855
-0.4320 -0.1332 0.1271
-0.4312 0.2246 0.1395
-0.4362 0.3967 0.1662
-0.4304 0.6055 0.2405
-0.4302 -0.4488 0.2139
-0.4249 0.0585 0.1601
-0.4131 0.2550 0.1395
-0.4314 -0.8427 0.3259
-0.4164 0.5740 0.2150
-0.4093 -0.4346 0.2118
-0.3997 -0.1828 0.1528
-0.4119 0.9806 0.1686
-0.4041 1.0354 0.1439
-0.4007 -0.6387 0.1626
-0.4009 -0.1438 0.1287
-0.3974 0.3959 0.1578
-0.4032 -0.3435 0.1986
-0.3955 1.1542 0.1651
-0.3949 -0.0591 0.1531
-0.3848 0.2043 0.1217
-0.3836 -0.2040 0.1792
-0.3769 -0.1190 0.1303
-0.3794 -0.7929 0.2412
-0.3741 -0.3523 0.2146
-0.3602 0.0464 0.1351
-0.3730 1.0918 0.1303
-0.3694 -0.7003 0.1574
-0.3541 0.1865 0.1137
-0.3631 0.9927 0.1445
-0.3597 1.1151 0.1446
-0.3514 0.4195 0.1419
-0.3498 0.5685 0.1702
-0.3528 0.1295 0.1300
-0.3512 1.0723 0.1338
-0.3384 -0.6418 0.1396
-0.3506 -0.0957 0.1465
-0.3366 0.4017 0.1411
-0.3477 0.9470 0.1686
-0.3446 0.2300 0.1183
-0.3263 0.1717 0.1181
-0.3384 -0.5868 0.1747
-0.3306 -0.6744 0.1383
-0.3230 1.1283 0.1841
-0.3292 0.5365 0.1551
-0.3209 0.2383 0.1263
-0.3192 1.0261 0.1441
-0.3169 0.4345 0.1451
-0.3121 0.0398 0.1106
-0.3188 0.0970 0.1110
-0.3050 0.0837 0.1062
-0.3104 0.2744 0.1482
-0.3113 0.9303 0.1893
-0.2930 0.5839 0.1662
-0.3028 0.4669 0.1521
-0.2841 0.0611 0.1014
-0.2840 0.3723 0.1512
-0.2866 -0.6781 0.1417
-0.2801 -0.1113 0.1400
-0.2546 -0.1384 0.1343
-0.2768 0.0121 0.1079
-0.2729 0.1879 0.1450
-0.2648 -0.6542 0.1478
-0.2733 0.6071 0.1780
-0.2585 -0.5049 0.2155
-0.2606 -0.0175 0.1118
-0.2582 0.9043 0.2364
-0.2585 0.0540 0.1040
-0.2482 0.3673 0.1578
-0.2315 -0.4047 0.1810
-0.2437 -0.2635 0.1399
-0.2442 -0.7233 0.1841
-0.2303 -0.0285 0.1052
-0.2353 0.5455 0.1770
-0.2311 -0.1837 0.1231
-0.2342 0.1174 0.1381
-0.2079 -0.0839 0.1079
-0.2307 0.9807 0.2245
-0.2179 0.3079 0.1393
-0.2215 -0.1222 0.1138
-0.2250 0.0004 0.1046
-0.2182 -0.4995 0.2076
-0.2205 -0.3009 0.1351
-0.2160 -0.6553 0.1691
-0.2028 -0.1920 0.1113
-0.2185 0.2669 0.1410
-0.2099 -0.3494 0.1442
-0.1965 -0.0482 0.1069
-0.2025 -0.2381 0.1004
-0.1745 0.6129 0.1672
-0.1805 0.0030 0.1212
-0.1847 0.2765 0.1377
-0.1844 0.0754 0.1336
-0.1800 -0.4100 0.1627
-0.1758 0.3036 0.1375
-0.1654 -0.0605 0.1280
-0.1722 -0.6647 0.1698
-0.1725 -0.2474 0.0914
-0.1680 0.5734 0.1819
-0.1697 0.1536 0.1651
-0.1651 -0.2692 0.0990
-0.1672 0.6875 0.1840
-0.1631 -0.1059 0.1308
-0.1523 -0.1868 0.1091
-0.1480 0.7795 0.2615
-0.1429 0.1140 0.1618
-0.1337 0.2501 0.1368
-0.1278 0.3186 0.1408
-0.1475 0.0630 0.1481
-0.1439 -0.5299 0.2191
-0.1410 -0.2709 0.1021
-0.1376 -0.2135 0.0952
-0.1329 -0.3611 0.1407
-0.1296 0.7020 0.1796
-0.1118 -0.2833 0.1174
-0.1135 -0.2234 0.0988
-0.1196 -0.6708 0.1608
-0.1148 -0.3868 0.1559
-0.0913 -0.1470 0.1311
-0.0927 0.9738 0.3256
-0.0979 0.5968 0.1598
-0.0863 -0.1999 0.1144
-0.0722 0.2448 0.1319
-0.0801 0.0181 0.1833
-0.0639 -0.6618 0.1293
-0.0649 -0.2690 0.1278
-0.0769 -0.7146 0.1712
-0.0724 0.2768 0.1266
-0.0606 0.9512 0.3366
-0.0443 -0.3735 0.1465
-0.0565 -0.1125 0.1456
-0.0662 0.1520 0.1579
-0.0563 0.5932 0.1485
-0.0606 0.6651 0.1475
-0.0637 -0.4260 0.1769
-0.0305 -0.2349 0.1155
-0.0530 -0.6318 0.1295
-0.0514 0.3380 0.1307
-0.0381 0.2307 0.1367
-0.0362 0.2987 0.1245
-0.0457 0.6964 0.1643
-0.0299 -0.6557 0.1149
-0.0308 0.3992 0.1273
-0.0185 -0.1847 0.1109
-0.0026 -0.0905 0.1560
-0.0128 0.0641 0.1573
-0.0111 0.1613 0.1409
0.0019 -0.2370 0.1167
-0.0083 0.4147 0.1231
-0.0016 -0.1563 0.1160
0.0066 0.3744 0.1010
0.0011 0.0831 0.1430
0.0049 -0.6802 0.1254
0.0035 -0.6062 0.1213
-0.0027 -0.1258 0.1314
0.0086 0.2939 0.1315
0.0067 -0.6451 0.1101
0.0161 -0.3360 0.1256
0.0072 0.5668 0.1432
0.0203 0.1274 0.1352
0.0304 -0.1927 0.1233
0.0178 -0.3918 0.1219
0.0339 -0.3692 0.1078
0.0197 0.6023 0.1268
0.0184 0.6395 0.1294
0.0233 0.4093 0.1147
0.0266 0.9059 0.3529
0.0266 -0.2582 0.1233
0.0294 0.6871 0.1614
0.0281 0.4354 0.1362
0.0358 0.0251 0.1698
0.0370 0.5462 0.1503
0.0442 0.6150 0.1293
0.0418 -0.5477 0.1720
0.0509 0.3587 0.1170
0.0584 -0.3364 0.1061
0.0416 0.3987 0.1160
0.0471 0.1830 0.1479
0.0659 -0.2272 0.1399
0.0780 0.2123 0.1462
0.0555 -0.6113 0.1126
0.0611 0.3040 0.1297
0.0628 -0.6383 0.1112
0.0757 0.1276 0.1453
0.0692 -0.4105 0.1151
0.0782 -0.4289 0.1312
0.0922 -0.6777 0.1365
0.1050 -0.0930 0.1551
0.0999 -0.3401 0.0994
0.0969 -0.3019 0.1189
0.1009 0.5382 0.1561
0.1028 0.2813 0.1263
0.1054 -0.6126 0.1183
0.1106 -0.3864 0.1060
0.1012 -0.1110 0.1476
0.1107 0.0307 0.1605
0.1194 0.2568 0.1330
0.1174 0.3192 0.1327
0.1215 0.0763 0.1521
0.1246 -0.5875 0.1396
0.1169 0.6777 0.1774
0.1237 -0.3599 0.1010
0.1400 0.5925 0.1505
0.1403 -0.6435 0.1160
0.1398 -0.2008 0.1565
0.1479 -0.3457 0.1098
0.1483 0.5539 0.1500
0.1433 0.6901 0.2028
0.1541 -0.4507 0.1592
0.1591 -0.3129 0.1273
0.1544 -0.0715 0.1362
0.1665 0.2490 0.1268
0.1629 -0.6468 0.1183
0.1614 0.0209 0.1480
0.1721 0.4599 0.1508
0.1749 -0.1850 0.1427
0.1723 0.1076 0.1524
0.1913 -0.7066 0.1352
0.1791 -0.0933 0.1217
0.1803 0.3613 0.1345
0.1879 -0.1254 0.1116
0.1813 0.3073 0.1182
0.2019 -0.3606 0.1257
0.2051 0.1305 0.1559
0.2043 -0.6372 0.1322
0.2109 0.4936 0.1463
0.2200 -0.6604 0.1258
0.2099 -0.1745 0.1330
0.2049 0.6080 0.1893
0.2064 -0.4498 0.1736
0.2140 0.0251 0.1364
0.2141 0.2205 0.1276
0.2302 0.4600 0.1386
0.2092 0.5347 0.1605
0.2312 -0.3269 0.1326
0.2309 -0.0990 0.1208
0.2227 0.3849 0.1168
0.2340 0.2043 0.1307
0.2253 0.3383 0.1187
0.2235 -0.1240 0.1197
0.2241 -0.3970 0.1465
0.2405 0.2645 0.1230
0.2283 0.4232 0.1219
0.2379 0.2875 0.1238
0.2350 -0.7498 0.1506
0.2437 0.0318 0.1320
0.2466 0.8749 0.3716
0.2532 -0.6620 0.1293
0.2657 -0.3150 0.1319
0.2541 -0.0117 0.1226
0.2556 0.1602 0.1493
0.2598 -0.2662 0.1373
0.2618 -0.7376 0.1335
0.2631 0.3823 0.1243
0.2738 -0.0230 0.1237
0.2846 -0.7041 0.1246
0.2859 -0.1651 0.1462
0.2884 -0.4879 0.2103
0.2967 -0.2534 0.1249
0.2930 0.3690 0.1367
0.2926 0.0590 0.1492
0.3227 0.2770 0.1510
0.2995 0.2157 0.1308
0.2957 -0.0711 0.1323
0.3317 -0.1184 0.1526
0.3242 0.0366 0.1494
0.3178 -0.3226 0.1309
0.3180 -0.7333 0.1503
0.3347 -0.2292 0.1291
0.3242 -0.0418 0.1383
0.3246 0.3905 0.1627
0.3319 -0.7479 0.1682
0.3437 -0.6596 0.1617
0.3363 -0.2676 0.1204
0.3424 0.1882 0.1295
0.3419 0.8370 0.3353
0.3619 -0.2310 0.1376
0.3656 0.3004 0.1709
0.3693 -0.3633 0.1318
0.3679 0.1874 0.1242
0.3749 0.4719 0.2273
0.3701 0.5424 0.2710
0.3756 -0.6135 0.1881
0.3736 -0.4262 0.1260
0.3751 -0.3383 0.1335
0.3965 0.1277 0.1411
0.3823 -0.0780 0.1496
0.3914 0.0487 0.1751
0.3871 0.7739 0.3100
0.3888 -0.4908 0.1453
0.3876 0.1808 0.1223
0.3947 -0.4119 0.1148
0.4010 -0.2182 0.1664
0.4050 0.2091 0.1210
0.4129 -0.3833 0.1182
0.4240 -0.4427 0.1118
0.4249 0.7486 0.3099
0.4281 -0.4962 0.1381
0.4289 -0.0785 0.1458
0.4418 -0.1069 0.1581
0.4479 -0.6305 0.1532
0.4392 -0.6687 0.1586
0.4441 0.1876 0.1305
0.4630 -0.3401 0.1375
0.4600 -0.2771 0.1602
0.4539 0.2702 0.1738
0.4522 0.0742 0.1557
0.4704 -0.0288 0.1340
0.4687 -0.5124 0.1459
0.4600 -0.4527 0.1162
0.4602 -0.7879 0.2256
0.4682 -0.0638 0.1416
0.4769 0.1685 0.1451
0.4704 0.4158 0.2729
0.4688 0.8741 0.3055
0.5023 -0.3755 0.1415
0.4960 0.2054 0.1690
0.5039 -0.4254 0.1365
0.5050 -0.6387 0.1150
0.5219 0.0638 0.1297
0.5138 -0.0895 0.1679
0.5194 -0.3156 0.1577
0.5185 -0.7033 0.1211
0.5151 0.0365 0.1249
0.5303 -0.5669 0.1434
0.5171 -0.2642 0.1745
0.5312 -0.6722 0.1069
0.5291 -0.0072 0.1272
0.5297 0.9167 0.3232
0.5333 -0.4461 0.1420
0.5361 -0.6318 0.1101
0.5382 0.3341 0.2696
0.5475 0.0954 0.1394
0.5554 -0.7097 0.1055
0.5555 0.0095 0.1225
0.5752 -0.6893 0.0976
0.5727 -0.5840 0.1414
0.5727 0.6638 0.3170
0.5738 -0.4958 0.1510
0.5969 -0.7820 0.1660
0.5792 -0.5130 0.1553
0.5862 -0.6553 0.1090
0.5979 -0.3290 0.1628
0.5927 -0.7426 0.1209
0.6031 -0.0087 0.1449
0.6116 -0.4263 0.1662
0.6054 0.0879 0.1434
0.6092 0.1522 0.1906
0.6080 0.0458 0.1297
0.6128 -0.2040 0.1719
0.6253 -0.7317 0.1202
0.6269 -0.6614 0.1240
0.6263 -0.2881 0.1470
0.6322 -0.2297 0.1487
0.6544 -0.6912 0.1180
0.6440 0.8863 0.2491
0.6513 0.0228 0.1603
0.6600 0.6528 0.3011
0.6580 -0.3449 0.1469
0.6690 -0.1898 0.1656
0.6673 0.7028 0.2478
0.6694 -0.4497 0.1749
0.6714 0.1809 0.2322
0.6839 -0.2432 0.1362
0.6915 -0.0216 0.1959
0.6923 0.2823 0.3344
0.6933 0.8669 0.2125
0.7021 -0.7197 0.1230
0.7066 -0.6596 0.1132
0.7156 -0.5153 0.1719
0.7140 0.7132 0.2299
0.7223 -0.3358 0.1278
0.7238 -0.6109 0.1245
0.7171 -0.1713 0.1746
0.7127 -0.6363 0.1174
0.7125 0.8530 0.1990
0.7224 -0.7400 0.1334
0.7515 -0.5816 0.1190
0.7316 -0.3907 0.1354
0.7398 -0.2955 0.1409
0.7392 0.0627 0.2092
0.7446 -0.1841 0.1797
0.7540 -0.6408 0.1191
0.7499 -0.7744 0.1455
0.7546 -0.3252 0.1227
0.7578 -0.7385 0.1346
0.7735 -0.0774 0.2226
0.7815 -0.8320 0.1679
0.7658 -0.5068 0.1598
0.7610 -0.3600 0.1121
0.7731 0.0786 0.2328
0.7842 0.8352 0.1763
0.7964 -0.5441 0.1368
0.7874 -0.6309 0.1317
0.7890 -0.3907 0.1168
0.7942 0.8543 0.1841
0.8063 0.8258 0.1756
0.8156 -0.4054 0.1208
0.8553 -0.8405 0.1525
0.8286 -0.7916 0.1295
0.8342 -0.7327 0.1517
0.8319 -0.6108 0.1423
0.8344 -0.3284 0.1444
0.8441 -0.3757 0.1200
0.8427 -0.5391 0.1397
0.8494 -0.8105 0.1299
0.8518 -0.4014 0.1144
0.8531 -0.1434 0.2447
0.8614 0.8328 0.1852
0.8814 -0.7502 0.1313
0.8928 -0.5314 0.1365
0.8926 -0.0662 0.2619
0.8816 0.7450 0.2061
0.8878 -0.4287 0.1045
0.8972 -0.6043 0.1372
0.8972 -0.2343 0.2137
0.9024 0.0768 0.2948
0.9264 -0.5664 0.1469
0.9154 -0.4833 0.1218
0.9083 -0.4481 0.1044
0.9175 -0.4179 0.0990
0.9170 0.0340 0.2862
0.9212 -0.6748 0.1384
0.9295 -0.2933 0.1598
0.9303 -0.8383 0.1674
0.9253 0.7264 0.2128
0.9286 0.4731 0.3535
0.9343 -0.7986 0.1420
0.9335 -0.6562 0.1429
0.9344 -0.4487 0.1099
0.9455 -0.7603 0.1405
0.9485 0.8167 0.1776
0.9504 -0.6347 0.1578
0.9560 -0.7269 0.1445
0.9533 -0.3821 0.1152
0.9737 -0.4165 0.1170
0.9687 -0.3159 0.1417
0.9668 0.7643 0.1768
0.9681 -0.3714 0.1209
0.9705 0.4357 0.3393
0.9864 -0.2790 0.1676
1.0112 0.8809 0.2136
1.0164 0.0485 0.3694
1.0433 -0.3815 0.1415
1.0351 0.8475 0.1874
1.0433 -0.7646 0.1635
1.0446 -0.8050 0.1615
1.0566 -0.4172 0.1547
1.0404 0.6702 0.2495
1.0487 0.4885 0.2731
1.0472 0.3988 0.3026
1.0598 -0.3137 0.1591
1.0715 0.7760 0.1989
1.0858 0.8526 0.2292
1.0927 0.6051 0.2872
1.0828 0.8246 0.2115
1.0954 -0.3111 0.1774
1.1126 -0.7919 0.1331
1.1190 -0.3564 0.1516
1.1278 -0.4699 0.1680
1.1320 -0.8185 0.1276
1.1271 -0.7852 0.1266
1.1310 -0.1376 0.3475
1.1379 -0.4446 0.1472
1.1372 -0.7599 0.1433
1.1697 -0.8241 0.1271
1.1724 -0.3852 0.1526
1.1664 0.4446 0.2414
1.1841 -0.4318 0.1570
1.1977 -0.8034 0.1236
1.2005 -0.4921 0.1884
1.1944 -0.8461 0.1388
1.1980 -0.1882 0.3343
1.2080 -0.4084 0.1741
1.2094 0.2518 0.2932
1.2204 0.5898 0.2757
1.2314 0.4491 0.2095
1.2364 -0.5778 0.2205
1.2576 -0.8259 0.1347
1.2767 -0.6252 0.1876
1.2536 0.2023 0.3297
1.3001 -0.6740 0.1515
1.2795 -0.8025 0.1252
1.2969 -0.7464 0.1314
1.2919 0.3875 0.1804
1.2908 0.3477 0.1923
1.3085 -0.8212 0.1474
1.3025 -0.8001 0.1310
1.3002 0.5042 0.2290
1.3062 0.7019 0.3711
1.3294 -0.6152 0.1967
1.3314 -0.7525 0.1405
1.3239 0.3842 0.1903
1.3298 0.3508 0.2062
1.3363 0.6487 0.3602
1.3434 -0.6507 0.1759
1.3402 -0.4326 0.3028
1.3457 0.3897 0.2110
1.3482 0.0100 0.5264
1.3486 -0.7154 0.1519
