points 
 2 
 1 
Tumour[19065]CD810NNCodensity
-1.2953 -0.8432 0.4714
-1.2932 0.0912 0.4168
-1.2887 0.4193 0.1515
-1.2854 0.4828 0.1000
-1.2813 0.5643 0.1158
-1.2775 0.6728 0.1820
-1.2861 0.8319 0.2260
-1.2890 0.8785 0.2585
-1.2800 0.6284 0.1507
-1.2748 -1.2714 0.2523
-1.2357 0.8009 0.1759
-1.2761 -1.2275 0.2982
-1.2747 0.5084 0.0855
-1.2720 0.5309 0.0902
-1.2678 0.3881 0.1766
-1.2229 0.8778 0.2058
-1.2716 0.2779 0.3199
-1.2619 0.4564 0.1036
-1.2580 0.4900 0.0830
-1.2570 -0.1469 0.3615
-1.2586 -1.4097 0.2428
-1.2492 -0.2262 0.3683
-1.2298 0.4956 0.0859
-1.2254 -0.6445 0.2657
-1.2312 0.5309 0.0845
-1.2290 0.5533 0.0943
-1.2283 0.6287 0.1268
-1.2266 -0.1800 0.3458
-1.2177 -1.3411 0.1792
-1.2161 -1.3141 0.1815
-1.2065 -1.2874 0.1943
-1.2067 -0.6211 0.2556
-1.1842 0.5668 0.1110
-1.1637 0.8240 0.1581
-1.1955 -0.6535 0.2403
-1.1970 0.5145 0.0988
-1.1975 0.6241 0.1209
-1.1806 0.0717 0.3894
-1.1724 0.4730 0.1184
-1.1773 -0.6925 0.2465
-1.1755 -0.0463 0.3548
-1.1428 0.6396 0.1035
-1.1741 -0.3453 0.3673
-1.1726 0.7004 0.1090
-1.1531 0.7407 0.1055
-1.1510 -1.3188 0.1870
-1.1449 -0.6246 0.2355
-1.1534 0.6976 0.0960
-1.1280 -1.3724 0.1793
-1.1465 -0.5009 0.3065
-1.1443 0.4537 0.1497
-1.1344 0.5014 0.1195
-1.1257 0.6027 0.0964
-1.1369 0.7024 0.0894
-1.1320 0.5718 0.1075
-1.0806 0.7684 0.1291
-1.1315 -1.4662 0.1832
-1.1238 0.7528 0.1041
-1.1155 0.9052 0.2070
-1.1146 0.7322 0.0953
-1.1026 0.6965 0.0951
-1.1087 0.4852 0.1430
-1.0818 0.8337 0.1441
-1.1001 -1.4976 0.1663
-1.0964 0.6181 0.0864
-1.0972 -0.0188 0.3974
-1.0883 -0.2983 0.3698
-1.0828 -1.5443 0.1935
-1.0877 0.5609 0.1103
-1.0795 0.6009 0.0867
-1.0749 0.6564 0.0980
-1.0521 0.6212 0.0895
-1.0497 0.6779 0.1191
-1.0490 0.3077 0.3546
-1.0489 0.5996 0.0932
-1.0454 -1.5143 0.1666
-1.0501 -1.4909 0.1543
-1.0403 -1.3832 0.2012
-1.0076 0.7920 0.1411
-1.0248 0.8637 0.1556
-1.0190 0.8875 0.1760
-1.0220 -1.4120 0.1891
-1.0253 -0.6923 0.2712
-1.0146 -0.7467 0.2843
-1.0173 -1.5856 0.2610
-1.0060 0.6003 0.1126
-1.0082 0.5162 0.1575
-1.0014 0.6227 0.1132
-0.9925 0.8192 0.1346
-0.9801 -1.4826 0.2109
-0.9734 -0.7232 0.2746
-0.9498 0.5905 0.1316
-0.9659 0.6650 0.1411
-0.9378 0.7524 0.1298
-0.9656 0.5177 0.1681
-0.9624 0.8216 0.1347
-0.9587 -0.4868 0.3445
-0.9105 0.5501 0.1362
-0.8924 0.6915 0.1105
-0.8905 0.6494 0.1019
-0.8995 0.7756 0.1147
-0.8906 0.8098 0.1216
-0.8610 0.5396 0.1112
-0.8814 -0.8753 0.2958
-0.8756 0.7301 0.1112
-0.8664 -0.4467 0.3617
-0.8611 0.6636 0.0923
-0.8676 0.8690 0.1835
-0.8460 0.7506 0.1141
-0.8642 0.6225 0.0864
-0.8536 0.7952 0.1193
-0.8515 0.3199 0.3492
-0.8588 0.6190 0.0843
-0.8472 -0.8157 0.2380
-0.8295 0.5085 0.1265
-0.8391 0.5704 0.0896
-0.8326 0.6579 0.0928
-0.8314 0.6224 0.0829
-0.8238 -1.0506 0.4623
-0.8221 0.8086 0.1387
-0.8134 0.6045 0.0875
-0.8142 -0.6579 0.2040
-0.8145 -0.3707 0.4263
-0.8121 0.1657 0.3911
-0.7885 0.7392 0.1336
-0.8063 0.5458 0.0958
-0.7986 0.5708 0.0927
-0.7857 -0.5924 0.2375
-0.7858 0.5163 0.1108
-0.7794 -0.8225 0.2107
-0.7795 0.6628 0.1126
-0.7802 -0.6661 0.1842
-0.7634 -0.7218 0.1766
-0.7500 0.5873 0.1035
-0.7501 0.4995 0.1255
-0.7572 0.6733 0.1181
-0.7382 -0.7690 0.1829
-0.7439 0.6113 0.0999
-0.7311 0.7514 0.1454
-0.7120 0.5061 0.1262
-0.7066 0.6518 0.1067
-0.7087 0.5578 0.0997
-0.7238 0.7971 0.1739
-0.7118 -0.6589 0.1923
-0.7057 0.6140 0.0961
-0.6857 -0.7092 0.1926
-0.6837 0.7939 0.1760
-0.6743 0.5042 0.1346
-0.6733 0.5441 0.1149
-0.6816 0.5930 0.0991
-0.6782 0.6808 0.1199
-0.6703 -0.8869 0.2351
-0.6665 -0.5980 0.2503
-0.6522 0.5992 0.1056
-0.6400 0.6541 0.1053
-0.6252 0.7340 0.1169
-0.6369 -0.8668 0.2171
-0.6324 0.2086 0.1874
-0.6289 0.3364 0.1812
-0.6166 -0.8438 0.2064
-0.5909 0.2837 0.1454
-0.6095 0.6621 0.1021
-0.6126 0.7119 0.0989
-0.6065 0.4665 0.1356
-0.6007 0.1937 0.1690
-0.6053 0.6144 0.1148
-0.5898 0.4429 0.1342
-0.5833 0.2377 0.1478
-0.5762 0.6011 0.1191
-0.5844 0.7361 0.1010
-0.5807 0.1091 0.2040
-0.5804 0.7104 0.0877
-0.5762 -0.7973 0.2035
-0.5757 0.5522 0.1254
-0.5643 0.3164 0.1340
-0.5682 0.1662 0.1714
-0.5457 0.5004 0.1085
-0.5604 0.6944 0.0873
-0.5564 0.4688 0.1104
-0.5369 0.5872 0.1225
-0.5327 -0.8355 0.2170
-0.5406 -0.7290 0.2136
-0.5396 0.7155 0.0829
-0.5336 0.6779 0.0955
-0.5321 0.3597 0.1242
-0.5342 0.4595 0.1089
-0.5272 0.3234 0.1226
-0.5199 0.4095 0.1199
-0.5181 0.7466 0.0978
-0.5250 -0.3056 0.3991
-0.5182 -0.6544 0.2237
-0.5043 0.7721 0.1312
-0.5086 0.5463 0.1127
-0.4973 0.3820 0.1210
-0.5055 0.4951 0.1103
-0.5008 -0.4014 0.3697
-0.4988 0.6935 0.0912
-0.4905 0.7343 0.1017
-0.4935 0.6734 0.0983
-0.4854 -0.1479 0.3163
-0.4862 0.0535 0.1743
-0.4823 0.6056 0.1286
-0.4769 0.2640 0.1375
-0.4798 -1.2248 0.5786
-0.4511 0.5663 0.1253
-0.4586 0.1557 0.1358
-0.4630 0.6894 0.1056
-0.4624 -0.2446 0.3420
-0.4615 0.3449 0.1149
-0.4382 0.4454 0.1138
-0.4287 0.3023 0.1208
-0.4546 0.4897 0.1129
-0.4459 0.5213 0.1128
-0.4502 0.0757 0.1407
-0.4555 -0.6601 0.1885
-0.4514 0.1139 0.1285
-0.4413 0.3814 0.1175
-0.4459 -0.5160 0.2768
-0.4524 0.2852 0.1225
-0.4314 0.2631 0.1239
-0.4224 0.6590 0.1313
-0.4247 0.1356 0.1199
-0.4136 0.6930 0.1369
-0.4116 -0.8253 0.2084
-0.3973 0.2150 0.1246
-0.4095 -0.6378 0.1733
-0.4030 0.1738 0.1247
-0.3831 0.5188 0.1142
-0.4076 -0.6551 0.1690
-0.3993 0.0565 0.1420
-0.4061 0.7989 0.1988
-0.3872 0.1451 0.1251
-0.3850 0.3798 0.1193
-0.3952 0.4744 0.1108
-0.4001 -0.7911 0.1971
-0.3967 0.4104 0.1100
-0.3931 0.4451 0.1054
-0.3911 0.5702 0.1276
-0.3844 0.0167 0.1652
-0.3742 -0.8710 0.2149
-0.3560 0.2835 0.1212
-0.3635 -0.6475 0.1736
-0.3400 0.4440 0.1232
-0.3497 0.2357 0.1277
-0.3505 0.5554 0.1241
-0.3509 0.7005 0.1472
-0.3336 0.6435 0.1265
-0.3404 0.8522 0.2386
-0.3327 -0.8437 0.1769
-0.3348 -0.0915 0.2204
-0.3401 0.3833 0.1195
-0.3216 0.5301 0.1221
-0.3198 -0.6144 0.1975
-0.3223 0.1266 0.1680
-0.3155 0.2800 0.1040
-0.3166 0.5827 0.1181
-0.3066 0.6807 0.1329
-0.3064 0.0113 0.1946
-0.3115 -0.0406 0.2049
-0.3091 -0.7378 0.1862
-0.3045 0.0639 0.1822
-0.2931 0.3161 0.0945
-0.3004 0.3773 0.1094
-0.2909 0.6438 0.1181
-0.2847 0.2472 0.1115
-0.2923 0.2867 0.0910
-0.2733 -0.6653 0.1877
-0.2773 -0.1589 0.2030
-0.2638 0.4879 0.1189
-0.2556 0.6691 0.1395
-0.2778 0.9065 0.2409
-0.2619 0.3587 0.0948
-0.2623 0.2924 0.0938
-0.2682 -0.1823 0.2049
-0.2768 0.3978 0.1095
-0.2655 0.5396 0.1125
-0.2681 -0.8656 0.1579
-0.2551 -0.5495 0.2643
-0.2516 0.4222 0.1149
-0.2541 0.5794 0.1221
-0.2530 0.6995 0.1649
-0.2491 -1.0426 0.1832
-0.2408 0.3351 0.0983
-0.2300 0.5948 0.1375
-0.2477 0.9061 0.2224
-0.2420 -1.0857 0.2175
-0.2406 0.2478 0.1290
-0.2411 -0.8580 0.1442
-0.2293 0.3109 0.1081
-0.2301 0.1744 0.1979
-0.2244 -1.0293 0.1620
-0.2180 -0.7520 0.1486
-0.2141 -1.0609 0.1762
-0.2194 0.5005 0.1097
-0.2078 -0.9056 0.1535
-0.2120 0.3781 0.1109
-0.2066 0.4605 0.1119
-0.2083 0.8988 0.1970
-0.2020 0.5257 0.1208
-0.1987 -0.7888 0.1377
-0.1944 0.4987 0.1173
-0.1916 -0.8749 0.1407
-0.1927 -0.7441 0.1585
-0.1865 0.8811 0.1815
-0.1866 0.3844 0.1186
-0.1763 -0.7944 0.1435
-0.1722 -0.1435 0.1856
-0.1732 -1.0743 0.1890
-0.1627 0.4418 0.1166
-0.1700 -0.1885 0.1853
-0.1643 -0.9209 0.1548
-0.1343 0.6431 0.1646
-0.1630 -0.1689 0.1861
-0.1571 -0.7320 0.1932
-0.1537 -0.2615 0.2160
-0.1543 -0.2310 0.2022
-0.1463 -0.4997 0.2444
-0.1435 -0.9442 0.1613
-0.1348 -1.0359 0.1786
-0.1217 0.2925 0.1408
-0.1278 0.7768 0.1418
-0.1272 0.2496 0.1635
-0.1267 0.3889 0.1171
-0.1151 0.4201 0.1153
-0.1247 0.8280 0.1361
-0.1233 -0.4453 0.2295
-0.1174 -0.0941 0.2526
-0.1042 0.3328 0.1265
-0.0937 0.4604 0.1233
-0.1086 0.6087 0.1398
-0.1037 0.7850 0.1172
-0.0996 0.4962 0.1433
-0.0823 0.2719 0.1475
-0.0932 0.6459 0.1314
-0.0899 0.3731 0.1208
-0.0900 0.8142 0.1135
-0.0865 -0.4614 0.2309
-0.0800 0.7733 0.1076
-0.0501 0.2140 0.2058
-0.0821 0.5890 0.1291
-0.0739 -0.8730 0.1714
-0.0361 0.6193 0.1054
-0.0569 -0.9012 0.1607
-0.0605 -0.5263 0.2665
-0.0502 0.3992 0.1102
-0.0572 0.7468 0.1161
-0.0449 0.2816 0.1493
-0.0543 -0.3877 0.2408
-0.0553 0.5587 0.1377
-0.0483 0.7963 0.1048
-0.0435 -0.4747 0.2581
-0.0404 0.8847 0.1786
-0.0344 -0.9894 0.1754
-0.0224 0.4086 0.1045
-0.0283 0.4825 0.1112
-0.0207 -0.9534 0.1614
-0.0188 -1.2517 0.4614
-0.0032 0.7871 0.1104
-0.0146 0.4284 0.0981
0.0047 0.7425 0.1038
-0.0055 -0.3220 0.2952
0.0141 0.3312 0.1570
-0.0100 0.6478 0.0926
-0.0025 -0.9142 0.1687
-0.0076 0.6521 0.0913
0.0216 0.3805 0.1255
0.0077 0.4421 0.0930
0.0080 0.4742 0.0916
0.0067 0.6972 0.0946
0.0116 0.8148 0.1269
0.0078 0.6604 0.0885
0.0115 -0.9379 0.1733
0.0275 0.7101 0.0961
0.0306 0.5809 0.1042
0.0331 0.6214 0.0959
0.0460 0.7572 0.1098
0.0383 0.4837 0.0858
0.0503 0.6541 0.1001
0.0446 0.1466 0.2678
0.0583 0.4276 0.1117
0.0421 0.5025 0.0840
0.0590 -0.7891 0.2349
0.0500 -0.1061 0.2844
0.0431 0.5264 0.0803
0.0452 0.5305 0.0800
0.0538 0.8882 0.1961
0.0688 0.5807 0.0952
0.0700 0.7215 0.1168
0.0674 0.8044 0.1364
0.0780 0.5406 0.0813
0.0752 -0.9709 0.2022
0.0842 0.5034 0.0892
0.0892 0.6100 0.1053
0.1083 0.3235 0.1461
0.1065 0.7264 0.1334
0.1152 0.5405 0.0967
0.1327 -0.0465 0.1608
0.1150 0.3775 0.1183
0.1154 0.5151 0.1005
0.1216 0.6275 0.1100
0.1150 0.4217 0.1121
0.1210 0.1214 0.2244
0.1233 0.4452 0.1128
0.1348 0.4031 0.1093
0.1394 0.0274 0.1444
0.1442 -0.7294 0.2090
0.1536 0.6076 0.0912
0.1474 -0.0012 0.1320
0.1561 0.5458 0.1108
0.1479 0.2827 0.1655
0.1608 0.6400 0.0980
0.1537 0.8274 0.1217
0.1552 -0.7841 0.1902
0.1584 0.3811 0.1154
0.1714 0.7324 0.1147
0.1638 0.7697 0.1130
0.1637 -0.9978 0.2004
0.1711 0.0022 0.1140
0.1661 0.8536 0.1303
0.1793 -0.8224 0.1901
0.1898 -0.7528 0.1757
0.1710 0.2903 0.1503
0.1863 0.6219 0.0837
0.1789 -1.0287 0.2038
0.1928 -0.0723 0.1457
0.1853 0.5937 0.0900
0.1927 0.8732 0.1506
0.1857 0.5489 0.1180
0.2093 0.0247 0.1049
0.2038 0.6480 0.0889
0.1936 -1.0706 0.2153
0.1999 -0.8452 0.1978
0.1926 0.4565 0.1285
0.2036 0.6761 0.1039
0.2020 0.7627 0.1110
0.2010 0.8383 0.1180
0.2073 0.3952 0.1250
0.2030 0.7321 0.1151
0.2174 -0.9480 0.2006
0.2191 -0.0294 0.1134
0.2235 0.6206 0.0881
0.2129 0.7803 0.1111
0.2197 0.4384 0.1325
0.2294 0.8639 0.1517
0.2295 0.3077 0.1368
0.2335 0.0487 0.1116
0.2507 0.2893 0.1445
0.2336 -0.6694 0.1882
0.2491 -1.0152 0.1838
0.2585 0.4863 0.1383
0.2487 0.5924 0.1125
0.2536 0.6540 0.1144
0.2721 0.6373 0.1236
0.2698 -0.3094 0.1670
0.2579 0.0744 0.1264
0.2599 0.0166 0.1003
0.2654 0.3455 0.1298
0.2616 -0.1430 0.1349
0.2662 -0.0890 0.1295
0.2703 -0.0092 0.1075
0.2711 0.3927 0.1322
0.2803 -0.1995 0.1391
0.2794 0.0240 0.1020
0.2895 -0.2825 0.1430
0.3040 -0.1161 0.1134
0.2985 0.1412 0.1605
0.2947 0.5659 0.1384
0.2918 0.7622 0.1814
0.3046 0.0948 0.1375
0.3005 -0.6738 0.1424
0.3093 -0.6223 0.1487
0.3027 0.2948 0.1303
0.3047 -0.7479 0.1595
0.3130 -0.3183 0.1346
0.3184 -0.1793 0.1240
0.3106 0.4998 0.1329
0.3077 -0.4350 0.1845
0.3113 -0.2312 0.1366
0.3121 0.3815 0.1405
0.3178 -1.0574 0.1639
0.3149 -0.0125 0.1217
0.3242 0.4484 0.1391
0.3325 0.1990 0.1383
0.3247 -0.7612 0.1614
0.3342 0.4707 0.1352
0.3282 -1.1436 0.2053
0.3294 -0.1065 0.1121
0.3374 -1.0167 0.1710
0.3355 -0.5631 0.1562
0.3340 -0.1555 0.1151
0.3459 -0.6604 0.1320
0.3469 -0.3007 0.1239
0.3492 -0.0260 0.1248
0.3659 0.0364 0.1342
0.3463 0.2376 0.1192
0.3517 -0.8289 0.1641
0.3557 -0.0922 0.1204
0.3554 0.3092 0.1251
0.3563 0.8714 0.1946
0.3616 0.6728 0.1579
0.3631 -1.0786 0.1365
0.3649 -0.6075 0.1452
0.3642 -0.3360 0.1222
0.3706 0.1084 0.1544
0.3653 0.2121 0.1223
0.3680 0.5408 0.1277
0.3728 -0.6650 0.1457
0.3815 0.2442 0.1129
0.3716 0.5732 0.1319
0.3787 -0.5559 0.1542
0.3818 -0.7409 0.1535
0.3880 -0.4776 0.1437
0.3799 -0.4349 0.1393
0.3768 -0.4137 0.1349
0.3845 0.2927 0.1184
0.3893 -0.8557 0.1481
0.3931 0.3552 0.1315
0.3875 0.6497 0.1458
0.3980 -0.3858 0.1316
0.4002 -0.3116 0.1289
0.3949 -0.0935 0.1341
0.3958 0.5328 0.1359
0.3967 0.5628 0.1335
0.3986 0.7146 0.1645
0.4022 0.8035 0.1489
0.4033 -1.0785 0.1186
0.4071 -0.0168 0.1286
0.4086 -0.9020 0.1505
0.4218 0.0306 0.1328
0.4166 -0.5354 0.1631
0.4235 -0.2926 0.1331
0.4211 -1.0475 0.1165
0.4197 0.2328 0.1226
0.4259 -0.1677 0.1753
0.4260 0.3511 0.1216
0.4221 0.4183 0.1376
0.4403 -1.1214 0.1469
0.4342 -0.9177 0.1440
0.4328 0.8479 0.1293
0.4386 0.3995 0.1258
0.4334 0.6658 0.1503
0.4383 0.1409 0.1533
0.4382 0.8220 0.1274
0.4416 0.8812 0.1420
0.4424 -1.0749 0.1195
0.4439 -0.8436 0.1281
0.4431 -0.8171 0.1323
0.4434 -0.4429 0.1506
0.4514 -0.0707 0.1517
0.4489 -0.2955 0.1413
0.4579 -1.0510 0.1173
0.4529 0.0529 0.1327
0.4517 0.2351 0.1316
0.4616 -0.2248 0.1826
0.4679 0.5010 0.1559
0.4741 0.6210 0.1500
0.4711 0.8388 0.1255
0.4844 -0.0407 0.1438
0.4753 0.4055 0.1161
0.4810 -1.0360 0.1234
0.4813 -0.8543 0.1288
0.4795 -0.7551 0.1599
0.4841 0.2632 0.1301
0.4915 0.3487 0.1103
0.4888 -0.7246 0.1764
0.5093 0.0156 0.1198
0.4867 0.0451 0.1237
0.4840 0.1482 0.1421
0.4900 0.7495 0.1680
0.4842 0.8917 0.1480
0.4943 -0.9729 0.1352
0.5031 -0.2824 0.1841
0.5006 0.2987 0.1209
0.5122 -1.0511 0.1355
0.5088 -0.4272 0.1628
0.5132 0.3712 0.1105
0.5179 -0.9557 0.1405
0.5122 -0.3375 0.1746
0.5305 -0.0188 0.1331
0.5186 0.1273 0.1238
0.5244 0.4563 0.1390
0.5207 0.6719 0.1711
0.5181 -0.4860 0.1592
0.5314 -0.5451 0.1697
0.5260 0.3031 0.1207
0.5243 0.7976 0.1692
0.5264 -0.8517 0.1457
0.5290 -0.9198 0.1482
0.5253 0.5885 0.1573
0.5429 0.2017 0.1460
0.5363 0.9056 0.1921
0.5352 0.4212 0.1322
0.5334 -1.1884 0.1582
0.5466 -1.1703 0.1428
0.5455 -0.6401 0.2054
0.5490 0.0657 0.1042
0.5627 0.3650 0.1299
0.5455 0.4967 0.1528
0.5494 0.5805 0.1615
0.5557 -0.8049 0.1477
0.5571 -0.6181 0.2084
0.5569 0.1143 0.1160
0.5587 0.6277 0.1856
0.5703 -0.9695 0.1660
0.5647 -0.4252 0.1805
0.5638 0.0905 0.1071
0.5629 0.3105 0.1274
0.5741 -1.1487 0.1238
0.5666 -0.5437 0.1845
0.5857 0.0167 0.1064
0.5751 -0.7644 0.1668
0.5794 -0.4556 0.1812
0.5844 0.0579 0.1057
0.5732 0.9053 0.2344
0.5724 0.2194 0.1493
0.5765 -1.1000 0.1382
0.6132 -0.7884 0.1771
0.6081 -0.0217 0.1151
0.6076 -1.2883 0.1697
0.6094 -1.1796 0.1146
0.6139 -1.0575 0.1540
0.6108 0.1210 0.1113
0.6235 0.0313 0.1082
0.6188 0.3534 0.1527
0.6202 0.4837 0.1589
0.6340 -1.1608 0.1186
0.6289 -1.3339 0.2045
0.6356 -1.2462 0.1395
0.6280 -1.1958 0.1218
0.6384 0.1771 0.1228
0.6332 0.2627 0.1498
0.6416 -0.0014 0.1052
0.6452 -0.7839 0.1802
0.6604 0.4615 0.1634
0.6444 0.4975 0.1683
0.6480 -1.0263 0.1772
0.6515 -0.0379 0.1129
0.6699 -1.0936 0.1433
0.6602 -0.1706 0.2526
0.6546 0.1109 0.1186
0.6810 0.3037 0.1575
0.6633 -1.2964 0.1607
0.6561 0.1200 0.1170
0.6702 0.1587 0.1244
0.6744 0.1992 0.1326
0.6708 -1.1395 0.1315
0.6729 0.0066 0.1129
0.6760 -0.0386 0.1139
0.6862 -0.4144 0.2401
0.6888 -0.8832 0.1794
0.6952 -0.0674 0.1347
0.6914 0.3305 0.1586
0.7012 0.4178 0.1627
0.7213 -1.2167 0.1432
0.7242 -0.7315 0.1720
0.7202 -0.6874 0.1979
0.7190 0.4307 0.1691
0.7288 -1.3487 0.1808
0.7242 -0.9287 0.1686
0.7267 -0.0438 0.1303
0.7273 0.5737 0.2595
0.7332 0.1403 0.1589
0.7404 -1.1988 0.1449
0.7394 -1.0326 0.1889
0.7411 -0.4062 0.2363
0.7414 -0.5709 0.2296
0.7433 0.2924 0.1732
0.7442 -1.1413 0.1670
0.7465 -0.4552 0.2377
0.7449 0.2159 0.1684
0.7563 0.0070 0.1657
0.7571 -0.8531 0.1349
0.7600 -0.9176 0.1532
0.7763 -0.9503 0.1700
0.7883 -1.2401 0.1209
0.7783 -0.8131 0.1304
0.7810 -1.3506 0.1777
0.7898 -0.7057 0.1633
0.7913 -1.2934 0.1249
0.7923 -0.0757 0.1609
0.7970 -0.8418 0.1278
0.7971 -0.7590 0.1334
0.8016 0.3530 0.1672
0.8033 -1.2721 0.1153
0.8102 -0.5491 0.2171
0.8108 -0.0929 0.1738
0.8295 0.8420 0.3685
0.8181 -0.1486 0.1959
0.8192 -0.0747 0.1780
0.8164 0.1350 0.1973
0.8359 -0.6795 0.1707
0.8230 0.3673 0.1606
0.8241 0.4795 0.2041
0.8408 -0.8096 0.1218
0.8288 -1.2064 0.1340
0.8448 -1.2966 0.1262
0.8319 -0.8270 0.1224
0.8435 -1.2446 0.1194
0.8530 -0.5986 0.1902
0.8418 -0.3048 0.1876
0.8453 0.0978 0.2097
0.8583 0.2064 0.1989
0.8558 0.4403 0.1740
0.8553 -1.0335 0.2355
0.8658 -0.3369 0.1907
0.8637 -0.2641 0.1752
0.8872 0.3698 0.1399
0.8788 -0.7961 0.1219
0.8783 -0.3066 0.1759
0.8825 -1.2561 0.1249
0.8902 -0.2111 0.1742
0.8968 0.0884 0.1994
0.8949 0.4041 0.1485
0.9014 -1.1810 0.1763
0.9035 -0.9248 0.1859
0.9050 -0.8781 0.1521
0.9053 -0.7861 0.1255
0.9220 -1.3346 0.1924
0.9199 -0.6242 0.1782
0.9234 -1.2836 0.1532
0.9171 -0.7061 0.1659
0.9247 -0.5935 0.1887
0.9262 -0.3097 0.1873
0.9284 0.2542 0.1710
0.9239 0.3674 0.1357
0.9235 0.7219 0.2887
0.9340 -0.9638 0.2380
0.9377 0.7891 0.2446
0.9461 -0.7648 0.1506
0.9495 0.8632 0.2614
0.9558 -0.4415 0.2551
0.9575 -0.7879 0.1521
0.9555 -1.1688 0.2220
0.9580 0.2661 0.1572
0.9595 -0.8262 0.1597
0.9617 -0.1310 0.2280
0.9651 -0.2099 0.1948
0.9721 -1.2685 0.1988
0.9716 0.3501 0.1478
0.9758 0.1838 0.1780
0.9755 0.3662 0.1546
0.9919 0.0562 0.1584
0.9870 0.3119 0.1519
0.9974 0.0293 0.1721
1.0039 0.7233 0.2396
1.0080 -0.5842 0.1804
1.0121 -0.4676 0.2813
1.0160 0.0821 0.1524
1.0213 -0.2093 0.2347
1.0319 0.0372 0.1615
1.0354 -0.6487 0.1347
1.0305 0.5024 0.3047
1.0391 0.1610 0.1797
1.0493 -0.6938 0.1335
1.0487 0.1937 0.1853
1.0579 0.8608 0.2244
1.0585 -0.6706 0.1290
1.0624 -0.6643 0.1316
1.0728 0.3040 0.2074
1.0738 0.8840 0.2512
1.0640 -0.6672 0.1317
1.0763 -0.0175 0.1919
1.0759 0.0750 0.1729
1.0944 -0.7599 0.1877
1.0922 -0.1792 0.2777
1.1020 0.7942 0.2184
1.1005 -1.4055 0.3777
1.1160 -0.0725 0.2325
1.1226 -1.1918 0.2979
1.1265 -0.6741 0.1915
1.1274 0.7845 0.2403
1.1302 -1.0596 0.3796
1.1327 0.8142 0.2478
1.1452 -1.2974 0.3259
1.1449 0.2662 0.2834
1.1509 0.6520 0.3434
1.1706 -0.0192 0.2751
1.1808 -1.2011 0.3538
1.1836 -0.7938 0.3037
