points 
 2 
 1 
Tumour[19065]FoxP310NNCodensity
-1.1169 -0.6739 0.6490
-1.1061 0.3595 0.6509
-1.0386 -0.0913 0.5895
-1.0294 -0.5682 0.5855
-1.0249 0.6417 0.6039
-1.0093 0.6925 0.6056
-1.0051 -0.9486 0.7440
-0.9779 -0.0285 0.5137
-0.9618 0.0746 0.4902
-0.9370 -0.7046 0.5276
-0.8943 -0.6933 0.5196
-0.8821 -0.3305 0.6061
-0.8093 0.2531 0.4541
-0.7742 0.0581 0.4535
-0.7651 -0.8716 0.5859
-0.7627 0.7287 0.4117
-0.7431 0.1966 0.4370
-0.7357 -0.7886 0.5659
-0.7192 0.7139 0.3808
-0.7011 0.7045 0.3739
-0.7000 0.2734 0.4331
-0.6313 0.6250 0.3439
-0.6251 0.9414 0.3823
-0.6200 -0.0472 0.5153
-0.5984 -0.9531 0.6796
-0.5299 0.4455 0.3505
-0.5221 1.0210 0.3750
-0.5242 1.1110 0.4575
-0.5111 1.0931 0.4351
-0.4991 0.4339 0.3639
-0.4987 -0.2336 0.5217
-0.5011 0.5025 0.3405
-0.4696 0.5392 0.3596
-0.4488 0.5725 0.3842
-0.4471 0.9758 0.3787
-0.3968 -0.2966 0.5234
-0.3916 -0.2701 0.5006
-0.3693 0.9893 0.4079
-0.3555 0.9195 0.4131
-0.3138 0.1967 0.5489
-0.2662 -0.0834 0.4121
-0.2640 -0.0500 0.4206
-0.2465 0.0004 0.4564
-0.2283 -1.3206 0.9935
-0.2110 -0.9136 0.6654
-0.1503 -0.8710 0.6635
-0.1001 -0.8314 0.6764
-0.0978 0.8209 0.5431
-0.0563 -0.6359 0.6673
-0.0557 0.5564 0.6582
-0.0430 1.0108 0.6105
-0.0318 0.7104 0.5852
-0.0081 -0.2070 0.5274
0.0059 -0.1364 0.5404
0.0718 -0.9481 0.7849
0.0852 -0.2705 0.6230
0.1977 0.9465 0.6708
0.3529 -1.2190 0.9520
0.3547 -0.1528 0.8420
0.3629 0.4005 0.7493
0.3773 0.8458 0.6697
0.3894 0.8120 0.6646
0.4450 0.4814 0.7255
0.6837 -0.6173 0.9228
0.7424 1.1350 1.0752
0.7593 0.3630 0.7244
0.7674 -0.1682 0.8018
0.7870 0.3404 0.7172
0.8036 -0.9341 0.6984
0.8125 -1.2188 0.7410
0.8431 -1.2388 0.7371
1.0466 -0.5581 0.7267
1.0592 0.5921 0.7272
1.1289 0.6028 0.7422
1.1746 -0.1079 0.6242
1.1807 -0.9531 0.4917
1.1885 0.0607 0.6106
1.2071 -0.9570 0.4940
1.2440 -0.3076 0.7326
1.2512 -1.1848 0.6675
1.2576 0.9093 1.0663
1.2640 0.3712 0.6585
1.2673 -0.1045 0.6464
1.2897 -0.9337 0.5352
1.2900 -0.0805 0.6551
1.3058 -0.9929 0.5527
1.3289 -0.9458 0.5693
1.3801 0.4194 0.7574
