points 
 2 
 1 
Tumour[19065]CD810NNCodensity
-1.0893 -0.2716 0.2690
-1.0938 -0.0532 0.2814
-1.0877 0.8928 0.3062
-1.0574 0.9140 0.2687
-1.0449 -0.5985 0.2757
-1.0438 -0.5002 0.2306
-1.0376 0.9017 0.2517
-1.0284 0.8721 0.2563
-1.0121 -0.6667 0.3302
-1.0049 -0.3784 0.1748
-1.0032 0.3614 0.5257
-0.9954 -0.6457 0.2976
-0.9939 -0.1538 0.1527
-0.9844 -0.1884 0.1493
-0.9712 -1.3892 0.1804
-0.9801 -0.1061 0.1330
-0.9584 -0.0745 0.1255
-0.9621 1.0354 0.2736
-0.9552 -1.3691 0.1476
-0.9644 -0.3979 0.1490
-0.9622 -0.5960 0.2509
-0.9620 -0.1093 0.1225
-0.9665 0.8278 0.2648
-0.9634 -0.4184 0.1576
-0.9532 -0.2538 0.1476
-0.9592 0.4886 0.4211
-0.9398 -0.2134 0.1327
-0.9457 -0.4576 0.1778
-0.9475 -0.0298 0.1401
-0.9375 -0.2860 0.1453
-0.9373 -0.3536 0.1399
-0.9214 -1.3702 0.1204
-0.9218 0.6138 0.3323
-0.9192 -1.2960 0.1159
-0.8941 -0.1550 0.1347
-0.9084 1.0434 0.2762
-0.8927 -1.3319 0.1022
-0.9085 -0.3869 0.1474
-0.9045 0.6365 0.3145
-0.9055 -1.3833 0.1243
-0.9033 -0.0592 0.1094
-0.9022 -0.0169 0.1284
-0.8819 -1.2492 0.1005
-0.8863 -1.2801 0.0961
-0.8856 -1.1775 0.1447
-0.8862 -0.2505 0.1232
-0.8863 0.0088 0.1491
-0.8792 -0.0790 0.1141
-0.8776 1.0115 0.2705
-0.8663 -1.2946 0.0871
-0.8600 -1.2634 0.0872
-0.8534 -0.2405 0.1170
-0.8447 -0.4190 0.1834
-0.8401 -1.3494 0.1023
-0.8356 -1.2336 0.0962
-0.8431 -1.1034 0.1443
-0.8461 -0.3122 0.1403
-0.8266 -0.0709 0.1177
-0.8440 0.7522 0.2880
-0.8395 1.0484 0.3200
-0.8415 -0.2064 0.1096
-0.8212 -1.3793 0.1213
-0.8338 -0.0354 0.1325
-0.8298 -0.1805 0.1037
-0.8256 -1.2842 0.0901
-0.8314 -0.1036 0.1042
-0.8128 -1.2131 0.1005
-0.8197 0.7388 0.2934
-0.8145 -0.2945 0.1309
-0.8147 0.0631 0.2070
-0.8199 -1.1174 0.1145
-0.8063 -1.3450 0.1016
-0.8091 -1.1408 0.0996
-0.8164 -1.1225 0.1090
-0.8075 -0.1335 0.1034
-0.8159 -0.1407 0.0995
-0.8075 -0.1423 0.1033
-0.7947 -0.4738 0.2513
-0.7853 -1.1714 0.0932
-0.7963 -1.2968 0.0991
-0.7942 -1.3927 0.1386
-0.7932 -1.2390 0.1000
-0.7835 -0.2683 0.1209
-0.7858 -0.2141 0.1210
-0.7847 1.0979 0.4063
-0.7445 -1.2058 0.0971
-0.7745 -1.3182 0.1089
-0.7692 -1.1923 0.0926
-0.7679 -0.3135 0.1491
-0.7468 -1.1658 0.1021
-0.7433 -1.3111 0.1303
-0.7454 0.7715 0.3361
-0.7366 -1.1034 0.1307
-0.7341 -0.2504 0.1341
-0.7279 -0.0399 0.1664
-0.7217 -0.4522 0.2782
-0.7306 -0.0055 0.1735
-0.7176 -1.2164 0.1055
-0.7231 0.3372 0.4022
-0.7132 0.4490 0.3764
-0.7117 0.1378 0.2937
-0.7158 -1.3797 0.1658
-0.6938 0.0650 0.2261
-0.6808 -1.1402 0.1069
-0.7030 -1.2387 0.1234
-0.6934 -1.0879 0.1493
-0.6957 -0.0814 0.1919
-0.6932 -0.2710 0.1469
-0.6851 -0.8036 0.4240
-0.6758 -0.2343 0.1569
-0.6768 -1.1951 0.1055
-0.6757 -0.2865 0.1659
-0.6747 0.7040 0.3327
-0.6328 -1.3713 0.1881
-0.6537 -0.0014 0.2224
-0.6604 -1.1670 0.1051
-0.6621 0.5604 0.3299
-0.6542 -1.1069 0.1315
-0.6460 -1.3203 0.1455
-0.6315 -1.1454 0.1177
-0.6520 -0.8102 0.4010
-0.6266 -0.2066 0.1970
-0.5924 -1.3238 0.1539
-0.6159 -1.2862 0.1259
-0.6195 -1.2103 0.1140
-0.6182 -0.6751 0.4754
-0.6008 -0.2071 0.2237
-0.5915 -1.2496 0.1159
-0.5901 -1.1995 0.1149
-0.5680 -0.0694 0.2878
-0.5614 -1.1106 0.1337
-0.5390 -1.2292 0.1435
-0.5407 -1.1879 0.1428
-0.5532 -1.0480 0.1271
-0.5536 -1.2727 0.1421
-0.5388 0.5892 0.2721
-0.5334 -1.0279 0.1220
-0.5164 -1.0430 0.1000
-0.5130 -1.0785 0.1007
-0.5078 0.6110 0.2650
-0.5078 1.0662 0.5091
-0.4888 0.3022 0.3482
-0.4939 -1.0610 0.0908
-0.4928 0.3629 0.3007
-0.4671 -1.0233 0.1172
-0.4776 -1.1070 0.1248
-0.4605 -1.0725 0.1068
-0.4571 0.4980 0.2110
-0.4474 0.3640 0.2808
-0.4213 -1.0253 0.1562
-0.4029 0.5534 0.1899
-0.4113 -1.0609 0.1583
-0.4144 -1.2138 0.2158
-0.4097 -1.2182 0.2217
-0.3924 1.0862 0.4356
-0.3637 -0.4796 0.4036
-0.3728 0.5023 0.1927
-0.3605 -0.5156 0.4181
-0.3480 0.5386 0.1905
-0.3533 0.5614 0.1918
-0.3422 -0.2389 0.4351
-0.3370 1.0571 0.3651
-0.3221 -0.4479 0.4044
-0.3129 0.5294 0.2166
-0.3005 -1.2415 0.3551
-0.3048 0.2194 0.4031
-0.3020 -0.4548 0.4125
-0.2746 0.6008 0.2576
-0.2390 -0.1069 0.4952
-0.2078 0.6761 0.3455
-0.1961 -0.6713 0.5464
-0.2071 0.9762 0.2538
-0.1895 1.0598 0.2434
-0.1767 0.0490 0.4455
-0.1788 0.3555 0.3992
-0.1501 0.7548 0.3496
-0.1490 0.9667 0.1997
-0.1306 0.0781 0.4370
-0.0808 1.0330 0.1399
-0.0646 -1.0608 0.5944
-0.0685 1.0677 0.1505
-0.0534 -1.2371 0.6314
-0.0479 0.1321 0.4483
-0.0412 0.8960 0.1779
-0.0468 0.9597 0.1322
-0.0415 1.0063 0.1114
-0.0344 0.2989 0.4632
-0.0222 1.0282 0.1029
-0.0082 0.8775 0.1992
-0.0045 -0.5279 0.5411
0.0096 0.9467 0.1292
-0.0027 1.0494 0.1147
0.0138 1.0764 0.1499
0.0159 1.0041 0.1102
0.0414 1.0180 0.1323
0.0535 0.9488 0.1590
0.0747 0.6653 0.4420
0.1159 -0.2160 0.5746
0.1134 -0.4582 0.5803
0.1823 0.0100 0.5028
0.1991 0.3542 0.4078
0.2333 -0.6254 0.6748
0.2497 0.4862 0.3841
0.2681 0.4622 0.3686
0.2875 0.7401 0.3910
0.3294 0.8451 0.3311
0.3602 0.3989 0.3133
0.3607 0.8391 0.2988
0.3790 0.3728 0.2998
0.4098 0.8589 0.2556
0.4085 0.1461 0.3167
0.4151 0.0992 0.3363
0.4305 0.9100 0.2469
0.4299 -0.2304 0.4974
0.4527 -1.1613 0.6684
0.4567 -0.0129 0.3607
0.4712 -1.1261 0.6575
0.4748 -1.3626 0.8188
0.4808 -1.0733 0.6614
0.4905 0.3251 0.2789
0.4971 -0.5335 0.6331
0.4971 -0.2976 0.5088
0.5191 -1.3921 0.8579
0.5390 0.3605 0.3017
0.5475 0.2160 0.2742
0.5530 0.9128 0.1601
0.5518 0.9635 0.1788
0.5689 0.1928 0.2703
0.5736 0.1632 0.2707
0.5917 0.9556 0.1446
0.5967 0.9486 0.1377
0.6103 0.5861 0.3077
0.6168 0.8595 0.1258
0.6288 0.9038 0.1207
0.6429 -0.0479 0.3188
0.6399 0.4381 0.3550
0.6539 0.8293 0.1103
0.6534 0.8788 0.1202
0.6695 0.7728 0.1263
0.6648 0.8060 0.1096
0.6609 0.9972 0.1817
0.6773 0.5998 0.2550
0.6819 0.8597 0.1119
0.7005 0.7924 0.1039
0.7095 -0.0358 0.2891
0.7078 0.0170 0.2505
0.7160 0.6880 0.1712
0.7208 0.0502 0.2382
0.7302 0.7578 0.1200
0.7386 0.7868 0.1110
0.7305 1.0707 0.2359
0.7373 0.9660 0.1654
0.7496 -0.4420 0.5181
0.7473 0.8682 0.1316
0.7541 0.6227 0.2373
0.7610 0.8192 0.1228
0.7692 0.9086 0.1370
0.7830 0.9330 0.1391
0.7807 0.0460 0.2346
0.7801 0.7742 0.1317
0.7913 0.2018 0.2979
0.7936 1.1002 0.2323
0.8155 0.7244 0.1848
0.8302 0.9170 0.1355
0.8364 0.8942 0.1432
0.8440 0.1302 0.2441
0.8422 0.7964 0.1768
0.8451 1.0105 0.1574
0.8514 -0.4424 0.5277
0.8630 -0.2848 0.4389
0.8701 0.9675 0.1490
0.8709 0.3299 0.2529
0.8811 1.0136 0.1631
0.8963 0.0008 0.2762
0.9155 1.0842 0.2367
0.9189 0.9128 0.1922
0.9241 0.3715 0.2087
0.9399 1.0523 0.2297
0.9456 -0.8799 0.6771
0.9443 0.1095 0.2245
0.9617 0.3089 0.1886
0.9720 0.5315 0.2561
0.9725 -0.8215 0.6624
0.9757 0.0506 0.2676
0.9888 0.3488 0.1749
0.9813 0.4568 0.2140
0.9929 0.2406 0.1972
1.0161 0.1189 0.2290
1.0195 -0.3588 0.5634
1.0182 0.3987 0.1820
1.0161 0.8281 0.1688
1.0221 0.7981 0.1813
1.0318 0.4211 0.1956
1.0298 0.1811 0.2049
1.0336 -0.2719 0.5105
1.0355 0.8566 0.1516
1.0491 0.7409 0.1972
1.0627 0.5878 0.2186
1.0896 0.6350 0.2072
1.0829 0.9146 0.1491
1.0853 0.9055 0.1415
1.0976 0.2058 0.2253
1.1057 0.3059 0.2056
1.1112 0.8376 0.1347
1.1183 0.2543 0.2203
1.1173 0.9389 0.1649
1.1206 0.9210 0.1499
1.1272 0.6126 0.1921
1.1341 0.7818 0.1458
1.1589 0.5479 0.2054
1.1580 0.3629 0.2475
1.1757 0.7750 0.1322
1.1816 0.8170 0.1077
1.1859 0.8393 0.1110
1.1840 -0.9151 0.5474
1.1890 0.5552 0.1993
1.1896 -0.8984 0.5574
1.1935 1.0019 0.2448
1.2195 0.8026 0.0998
1.2202 0.8077 0.0984
1.2319 0.6330 0.1978
1.2509 0.8514 0.1161
1.2514 0.8407 0.1087
1.2625 0.5969 0.2206
1.2611 0.6835 0.1883
1.2742 0.4459 0.2887
1.2781 0.8245 0.1139
1.2933 0.4222 0.3176
1.3007 0.7811 0.1332
1.3041 -1.3735 0.6542
1.3252 0.7446 0.1731
1.3271 0.7833 0.1462
1.3207 0.9351 0.1684
1.3354 0.9002 0.1400
1.3360 0.9250 0.1611
1.3472 -1.2039 0.5015
1.3572 -1.2548 0.5322
1.3687 0.8903 0.1559
1.3829 -1.1770 0.5170
1.3829 0.8662 0.1644
1.3924 -1.1273 0.5255
1.3934 -1.2593 0.5608
1.3961 1.0942 0.4004
