points 
 2 
 1 
Tumour[19065]CD6810NNCodensity
-1.2923 -1.1947 0.2235
-1.3093 -1.1188 0.2100
-1.3145 -0.8280 0.2027
-1.3111 -0.6989 0.2883
-1.3039 0.8490 0.2118
-1.3035 -0.8599 0.1699
-1.3045 -0.2911 0.4174
-1.3015 -1.3850 0.4314
-1.2862 0.3424 0.2425
-1.3042 0.6339 0.2702
-1.2960 -1.0164 0.1881
-1.2903 0.5648 0.3007
-1.2961 0.0934 0.4182
-1.2932 -0.8785 0.1563
-1.2845 -0.8979 0.1470
-1.2685 -1.1252 0.1759
-1.2839 0.7500 0.2060
-1.2735 -0.9378 0.1454
-1.2677 -0.9502 0.1504
-1.2719 -0.3269 0.3884
-1.2559 0.7446 0.1869
-1.2579 0.9416 0.1932
-1.2514 -0.1711 0.3665
-1.2502 0.3570 0.1929
-1.2597 -0.5354 0.3007
-1.2596 0.9824 0.2256
-1.2347 -1.2303 0.2129
-1.2259 -1.1261 0.1585
-1.2269 0.7706 0.1718
-1.2209 -0.9429 0.1585
-1.2204 -0.6488 0.2278
-1.2119 0.3640 0.1520
-1.2150 0.3417 0.1609
-1.2116 -0.5450 0.2658
-1.2106 0.6378 0.2270
-1.2056 0.7872 0.1681
-1.2039 0.9145 0.1565
-1.1913 0.9416 0.1599
-1.1876 -1.0416 0.1887
-1.1765 -0.1476 0.3139
-1.1772 -1.1168 0.1678
-1.1798 0.3671 0.1350
-1.1692 -0.8654 0.1891
-1.1591 0.8574 0.1621
-1.1581 0.3566 0.1341
-1.1604 1.0133 0.2049
-1.1284 -0.6597 0.1734
-1.1446 0.0147 0.3115
-1.1241 -1.1098 0.1743
-1.1347 -1.2267 0.2031
-1.1318 -0.8681 0.1845
-1.1301 0.8318 0.1697
-1.1235 0.3902 0.1322
-1.1262 0.9470 0.1664
-1.1203 -1.1674 0.1677
-1.1242 -0.1176 0.2870
-1.1147 -0.6934 0.1746
-1.1132 0.5756 0.2818
-1.1141 -0.6096 0.1818
-1.1114 0.1891 0.2773
-1.1077 0.6783 0.2412
-1.0983 0.3653 0.1350
-1.0933 -0.7675 0.1891
-1.0877 0.7832 0.1961
-1.0809 -0.9471 0.1537
-1.0714 -0.6030 0.1830
-1.0755 0.3895 0.1302
-1.0656 -1.2073 0.1828
-1.0664 0.9270 0.1789
-1.0641 0.4441 0.1569
-1.0581 -0.9201 0.1444
-1.0575 -0.9904 0.1640
-1.0582 -0.7395 0.1835
-1.0383 0.3675 0.1489
-1.0476 0.0170 0.2719
-1.0477 1.0640 0.2940
-1.0394 -0.9568 0.1431
-1.0210 0.4132 0.1442
-1.0409 0.9180 0.1927
-1.0338 0.2232 0.2424
-1.0321 -0.8255 0.1872
-1.0273 -1.1236 0.1689
-1.0214 -0.6015 0.1812
-1.0182 0.7824 0.2209
-1.0032 -1.1877 0.1775
-1.0065 -0.3764 0.3106
-0.9955 -1.1155 0.1717
-1.0017 -0.8974 0.1620
-1.0028 -0.7075 0.1933
-0.9972 0.8921 0.2058
-0.9912 0.4384 0.1541
-0.9917 -0.9567 0.1447
-0.9565 -1.0704 0.1735
-0.9668 0.4058 0.1588
-0.9744 -0.6109 0.1814
-0.9744 0.1785 0.2624
-0.9637 -0.2887 0.2870
-0.9569 -0.9732 0.1587
-0.9511 -1.2625 0.2731
-0.9567 0.2377 0.2367
-0.9482 -0.1912 0.2172
-0.9427 -1.1682 0.2000
-0.9467 -0.0681 0.1669
-0.9363 -0.1065 0.1656
-0.9430 0.7709 0.2537
-0.9290 -0.0440 0.1652
-0.9213 -0.5562 0.1509
-0.9122 -0.5267 0.1587
-0.9060 -0.9703 0.1963
-0.8784 -0.6494 0.1489
-0.8969 -0.0935 0.1466
-0.8974 0.4398 0.1650
-0.8893 -1.0510 0.1843
-0.8662 -0.0505 0.1456
-0.8721 0.4207 0.1758
-0.8910 0.9988 0.2653
-0.8887 0.4569 0.1680
-0.8848 0.6344 0.2615
-0.8750 -0.5241 0.1452
-0.8810 -0.2124 0.2243
-0.8602 0.8983 0.2509
-0.8586 0.8442 0.2642
-0.8561 -0.4809 0.1767
-0.8451 -0.5342 0.1344
-0.8553 -0.3333 0.2881
-0.8511 0.1858 0.2266
-0.8521 0.2659 0.2479
-0.8469 -0.7178 0.1471
-0.8443 -0.0929 0.1581
-0.8345 0.6111 0.2230
-0.8406 -0.5853 0.1274
-0.8373 0.5174 0.1697
-0.8416 -0.7398 0.1639
-0.8317 -0.6740 0.1235
-0.8356 0.0166 0.1666
-0.8080 -0.5851 0.1286
-0.7927 -0.6501 0.1281
-0.8018 0.4305 0.1976
-0.8133 -0.0470 0.1586
-0.7953 0.5065 0.1704
-0.8097 1.0193 0.2624
-0.8042 -1.0757 0.2019
-0.7850 -1.1033 0.2068
-0.7989 -0.6825 0.1242
-0.7936 -0.7496 0.1661
-0.7878 0.0492 0.1695
-0.7893 -1.0317 0.2191
-0.7822 0.0869 0.1826
-0.7839 0.6029 0.2067
-0.7608 -0.6051 0.1297
-0.7561 0.1167 0.1905
-0.7570 0.2760 0.2635
-0.7476 -1.1033 0.2104
-0.7454 -0.0271 0.1634
-0.7464 1.0106 0.2267
-0.7415 -0.7689 0.2045
-0.7373 -0.5512 0.1338
-0.7295 1.0910 0.2844
-0.7320 -1.2815 0.3157
-0.7256 -0.5227 0.1506
-0.7253 0.5126 0.2031
-0.7215 0.7761 0.2559
-0.7141 -0.4595 0.2078
-0.7113 -1.2544 0.2888
-0.7033 -0.8487 0.2878
-0.7047 -0.5311 0.1553
-0.6922 0.1497 0.2027
-0.7017 -0.1130 0.2065
-0.6988 0.0129 0.1764
-0.6849 -0.6056 0.1524
-0.6801 0.6335 0.2050
-0.6744 -1.1112 0.2124
-0.6723 -0.0425 0.1625
-0.6756 -0.6236 0.1639
-0.6713 0.4943 0.2322
-0.6525 0.9706 0.1825
-0.6674 -0.1283 0.2206
-0.6573 0.9130 0.1836
-0.6190 0.1630 0.2166
-0.6216 0.2832 0.3001
-0.6246 0.6181 0.1884
-0.6084 -1.0867 0.2120
-0.6117 0.1086 0.1809
-0.6094 0.9637 0.1645
-0.5986 -0.4360 0.2315
-0.6072 0.9119 0.1656
-0.6015 0.8378 0.1804
-0.6003 0.7138 0.1555
-0.5999 0.8049 0.1850
-0.5994 0.9496 0.1586
-0.5900 -0.9450 0.2295
-0.5979 -0.6086 0.2077
-0.5933 -0.0393 0.1471
-0.5872 -0.0128 0.1360
-0.5713 -1.1113 0.2174
-0.5784 -0.6180 0.2281
-0.5865 0.0606 0.1494
-0.5868 0.7388 0.1586
-0.5763 0.6259 0.1651
-0.5780 -0.4092 0.2589
-0.5720 0.4526 0.3058
-0.5665 -1.3344 0.3966
-0.5674 0.0148 0.1328
-0.5480 1.0587 0.1914
-0.5566 -0.0248 0.1475
-0.5578 0.6856 0.1350
-0.5487 -0.9242 0.2201
-0.5418 -0.0028 0.1437
-0.5442 -1.0993 0.2045
-0.5126 0.6819 0.1212
-0.5215 -0.9381 0.2005
-0.5149 -0.5156 0.2270
-0.5047 0.0911 0.1812
-0.5029 1.0714 0.1800
-0.4794 -0.9858 0.1698
-0.4672 0.2045 0.1776
-0.4878 0.6232 0.1589
-0.4918 0.7133 0.1208
-0.4908 -1.1190 0.2320
-0.4833 0.9170 0.1833
-0.4824 -0.4958 0.2460
-0.4721 0.9996 0.1559
-0.4671 0.7076 0.1121
-0.4630 1.0961 0.1891
-0.4478 0.6799 0.1156
-0.4653 0.9715 0.1658
-0.4401 1.0573 0.1593
-0.4404 -0.0001 0.2182
-0.4411 -0.4140 0.3146
-0.4330 0.7108 0.1158
-0.4291 -0.9803 0.1647
-0.4362 0.9283 0.1821
-0.4282 -1.0054 0.1677
-0.4319 0.1611 0.1447
-0.4066 0.6696 0.1372
-0.4285 0.1937 0.1412
-0.4196 0.7548 0.1395
-0.4159 -0.7260 0.2128
-0.3912 -0.9729 0.1649
-0.4066 0.0545 0.2107
-0.3835 0.6961 0.1466
-0.4004 0.2257 0.1385
-0.3991 0.4932 0.3061
-0.3889 1.0959 0.1988
-0.3874 0.2035 0.1261
-0.3891 -0.5717 0.2432
-0.3913 0.8585 0.1678
-0.3805 -0.7325 0.1759
-0.3761 -0.6784 0.1726
-0.3508 0.7771 0.1445
-0.3618 0.2385 0.1379
-0.3626 0.8597 0.1586
-0.3447 0.2097 0.1308
-0.3508 -0.9673 0.1578
-0.3353 -0.7405 0.1517
-0.3509 0.8379 0.1462
-0.3371 1.0443 0.2032
-0.3422 0.1267 0.1552
-0.3318 -1.1879 0.2782
-0.3186 -0.9650 0.1524
-0.3008 1.0529 0.2263
-0.3024 0.1210 0.1709
-0.3006 -0.7946 0.1788
-0.2908 0.2464 0.1495
-0.3016 -0.6090 0.2057
-0.2982 0.6133 0.2250
-0.2928 -0.7231 0.1449
-0.2900 0.7992 0.1244
-0.2943 -0.9892 0.1532
-0.2890 -1.2267 0.2635
-0.2831 -1.3341 0.2828
-0.2832 0.3251 0.1951
-0.2675 -0.9636 0.1415
-0.2761 0.5440 0.2662
-0.2668 -0.7359 0.1532
-0.2528 0.2651 0.1519
-0.2538 0.8416 0.1333
-0.2594 0.3162 0.1862
-0.2553 0.7853 0.1238
-0.2506 0.1217 0.1724
-0.2528 0.7540 0.1482
-0.2493 0.8055 0.1196
-0.2490 0.1522 0.1506
-0.2409 -0.7158 0.1634
-0.2442 -0.6347 0.2144
-0.2463 -0.4594 0.3362
-0.2470 -0.8693 0.1882
-0.2405 -1.1510 0.2467
-0.2421 1.0426 0.2477
-0.2152 0.6036 0.2106
-0.2111 -0.9964 0.1446
-0.2153 -1.2834 0.2297
-0.2109 0.9406 0.1773
-0.2069 -1.3795 0.2700
-0.1899 0.7986 0.1160
-0.1999 -1.0629 0.1976
-0.2024 -0.9788 0.1370
-0.1784 0.3123 0.1873
-0.1874 0.8198 0.1140
-0.1866 0.9335 0.1636
-0.1823 -1.3673 0.2553
-0.1809 -0.9148 0.1511
-0.1764 0.1776 0.1437
-0.1807 0.2081 0.1363
-0.1649 -0.9868 0.1418
-0.1755 -0.3018 0.3519
-0.1660 0.8985 0.1350
-0.1601 -0.7903 0.1675
-0.1523 -0.2014 0.3424
-0.1505 0.6475 0.1559
-0.1466 0.8440 0.1151
-0.1461 0.2060 0.1372
-0.1476 0.1815 0.1429
-0.1389 -0.8857 0.1622
-0.1306 0.7754 0.1152
-0.1409 -0.7616 0.1834
-0.1386 -0.3677 0.3397
-0.1384 0.6595 0.1451
-0.1245 -1.3875 0.2715
-0.1260 -0.7855 0.1849
-0.1171 0.6299 0.1569
-0.1114 0.8168 0.1046
-0.1168 0.7454 0.1299
-0.0783 0.1965 0.1576
-0.1119 0.8551 0.1219
-0.1058 -0.9365 0.1452
-0.1036 0.9544 0.1966
-0.1052 0.6563 0.1420
-0.0974 -0.7478 0.2277
-0.0896 -0.1303 0.3246
-0.0922 0.2424 0.1483
-0.0912 0.7475 0.1340
-0.0724 -0.9788 0.1426
-0.0710 -0.9563 0.1433
-0.0690 0.3693 0.1877
-0.0705 0.8455 0.1369
-0.0660 0.7955 0.1338
-0.0559 -1.2819 0.2344
-0.0362 -0.9948 0.1466
-0.0593 0.4634 0.1771
-0.0536 -1.1405 0.2267
-0.0435 0.2299 0.1629
-0.0363 -0.5680 0.3316
-0.0274 -0.2768 0.2487
-0.0314 0.6228 0.1978
-0.0301 -1.1371 0.2154
-0.0262 0.4603 0.1445
-0.0169 0.2605 0.1688
-0.0163 0.5138 0.1700
-0.0200 0.6911 0.1887
-0.0085 0.4049 0.1435
-0.0084 -0.9653 0.1625
-0.0004 -1.2834 0.2374
0.0015 0.8718 0.1719
0.0070 -1.0638 0.1716
0.0184 -1.0047 0.1672
0.0030 0.4505 0.1275
0.0276 0.3261 0.1618
0.0187 0.1832 0.2047
0.0318 0.4541 0.1202
0.0527 -1.0434 0.1911
0.0363 0.9446 0.1950
0.0453 0.8709 0.1753
0.0494 -0.0638 0.2768
0.0599 -1.2697 0.2472
0.0768 0.3014 0.1579
0.0872 -0.8151 0.2223
0.0747 1.0423 0.2593
0.0742 -1.3248 0.2638
0.0772 -0.7671 0.2533
0.0779 0.9127 0.1703
0.0842 -0.2571 0.1723
0.0829 0.7876 0.2024
0.0812 -0.5767 0.2496
0.0897 0.0904 0.2720
0.0874 -0.1706 0.1912
0.0902 0.3413 0.1276
0.0930 0.4465 0.0949
0.1033 -0.3523 0.1993
0.1025 -0.2218 0.1671
0.0988 0.4743 0.1004
0.1095 -1.3779 0.3090
0.1174 0.3293 0.1271
0.1157 0.4935 0.1165
0.1108 0.4269 0.0916
0.1111 -0.8801 0.1935
0.1152 -0.5423 0.2140
0.1194 -0.2864 0.1587
0.1251 0.6239 0.2349
0.1211 -0.7849 0.2345
0.1400 0.3511 0.1154
0.1259 0.4555 0.0878
0.1276 -1.1328 0.2730
0.1419 0.3849 0.1056
0.1318 -0.5274 0.2055
0.1402 0.1852 0.2341
0.1518 0.4162 0.1011
0.1594 0.4827 0.1219
0.1500 0.8103 0.1728
0.1457 -0.1276 0.1921
0.1492 0.4438 0.0944
0.1478 0.7353 0.1937
0.1527 0.9389 0.1727
0.1533 -0.3951 0.1988
0.1569 -0.2667 0.1527
0.1606 1.0254 0.2211
0.1784 -0.9042 0.1984
0.1721 0.8997 0.1743
0.1728 0.1312 0.2530
0.1794 -0.1084 0.1942
0.1860 -0.9433 0.2080
0.1895 -0.5963 0.2144
0.1922 0.3264 0.1528
0.2087 -0.4403 0.2179
0.2010 0.0155 0.2208
0.2100 0.6350 0.2004
0.2120 -0.8399 0.2303
0.2208 0.8155 0.1541
0.2079 -0.3073 0.1860
0.2124 0.9293 0.1822
0.2312 -0.2659 0.1972
0.2347 -0.4815 0.2208
0.2282 -0.1924 0.1831
0.2274 -0.9236 0.2167
0.2349 0.7765 0.1401
0.2326 0.3460 0.1586
0.2466 0.4096 0.1523
0.2557 0.6257 0.1920
0.2572 -1.3494 0.3045
0.2619 0.5279 0.1747
0.2636 0.9924 0.1971
0.2715 -1.3919 0.3374
0.2702 -0.6000 0.2211
0.2720 -0.1334 0.1714
0.2734 0.7798 0.1253
0.2843 -1.0957 0.2179
0.2869 -0.0650 0.1493
0.2778 0.4081 0.1540
0.2817 -0.6287 0.2360
0.2828 -1.0075 0.2257
0.2833 0.7129 0.1500
0.2996 -0.0014 0.1536
0.2904 0.7431 0.1307
0.2963 1.0064 0.1962
0.2912 -1.1552 0.2266
0.3110 0.5254 0.1588
0.3159 0.8235 0.1357
0.3108 -0.6453 0.2593
0.3160 0.3861 0.1546
0.3186 0.1322 0.1872
0.3187 -1.0384 0.2238
0.3176 -0.0608 0.1445
0.3323 0.0024 0.1544
0.3221 -1.2214 0.2388
0.3288 0.5600 0.1642
0.3416 0.0459 0.1624
0.3331 0.8036 0.1256
0.3372 0.7688 0.1259
0.3417 0.1079 0.1699
0.3420 -1.1070 0.2197
0.3441 -0.1714 0.1596
0.3469 -0.0498 0.1507
0.3473 0.9865 0.1703
0.3604 -0.3964 0.2828
0.3515 0.3955 0.1449
0.3611 0.4760 0.1411
0.3649 0.5319 0.1540
0.3645 0.7812 0.1310
0.3806 -0.1200 0.1514
0.3828 0.9860 0.1519
0.3790 0.3915 0.1487
0.3967 -0.2338 0.1370
0.3899 0.2097 0.1788
0.3990 0.9009 0.1771
0.4301 -0.2036 0.1061
0.4093 -0.1706 0.1218
0.4117 0.7906 0.1405
0.4214 -1.2428 0.2468
0.4210 -0.6139 0.2980
0.4190 0.1276 0.1438
0.4179 0.1516 0.1363
0.4258 0.1784 0.1387
0.4242 0.9954 0.1401
0.4151 0.4593 0.1434
0.4209 0.5460 0.1592
0.4220 1.0862 0.2197
0.4350 -0.2402 0.1178
0.4334 -0.8545 0.2069
0.4330 0.3894 0.1653
0.4339 0.6685 0.1434
0.4450 0.5932 0.1451
0.4402 -1.2982 0.2711
0.4650 0.6714 0.1149
0.4519 -0.1720 0.1067
0.4542 -1.1467 0.2503
0.4582 -0.2748 0.1466
0.4540 0.4245 0.1549
0.4630 -0.6323 0.2953
0.4632 0.9731 0.1240
0.4630 0.8016 0.1566
0.4834 -0.2156 0.0971
0.4875 0.6283 0.1113
0.4760 0.9918 0.1226
0.4791 -0.3926 0.2722
0.4740 0.7878 0.1481
0.4714 0.7414 0.1247
0.4800 -0.1524 0.1137
0.4907 0.1428 0.1465
0.4764 0.2296 0.1570
0.5026 0.6840 0.1042
0.4935 0.9398 0.1273
0.4903 -0.0722 0.1833
0.5010 0.2038 0.1412
0.4993 0.4248 0.1755
0.4926 -1.0128 0.2122
0.4957 -0.9475 0.1466
0.5153 0.9540 0.1133
0.5118 -0.2318 0.1101
0.5088 0.7407 0.1264
0.5140 -0.9143 0.1200
0.5215 -0.1628 0.1034
0.5253 0.6389 0.1050
0.5159 -0.0069 0.2407
0.5228 -1.3865 0.3569
0.5299 -0.8764 0.1037
0.5249 -0.1870 0.0973
0.5220 0.1076 0.1730
0.5216 0.5983 0.1162
0.5318 -0.7808 0.1706
0.5302 0.6867 0.1044
0.5418 -1.2500 0.2971
0.5307 -0.9741 0.1550
0.5398 -0.8271 0.1150
0.5401 -0.2066 0.1092
0.5393 0.5416 0.1516
0.5442 -0.8551 0.0979
0.5431 1.0173 0.1042
0.5496 0.4717 0.1903
0.5547 0.2739 0.1757
0.5571 0.2052 0.1520
0.5629 0.6226 0.1087
0.5477 0.9731 0.0991
0.5662 -0.8772 0.0973
0.5666 -0.1870 0.1184
0.5628 0.9391 0.1261
0.5695 1.0455 0.1030
0.5719 0.3856 0.2175
0.5795 0.5667 0.1432
0.5845 0.6697 0.1071
0.5767 -0.8132 0.1323
0.5860 0.7265 0.1146
0.5804 -0.1106 0.1521
0.5787 0.9955 0.0940
0.5907 1.0823 0.1344
0.5825 -0.8588 0.1042
0.5825 -0.4524 0.2671
0.6133 0.7574 0.1231
0.6056 0.6944 0.1039
0.5884 1.0296 0.0886
0.5978 0.8620 0.1697
0.5948 -0.9378 0.1448
0.5973 -0.8971 0.1190
0.5967 -0.1676 0.1400
0.6126 0.6088 0.1305
0.6023 0.1720 0.1593
0.6088 1.0063 0.0955
0.6340 0.8700 0.1591
0.6228 1.0791 0.1403
0.6237 0.1254 0.1857
0.6261 1.0328 0.1066
0.6450 0.2239 0.1321
0.6443 0.7120 0.0989
0.6381 0.3045 0.1609
0.6547 -0.1323 0.1613
0.6448 -0.6299 0.2665
0.6453 0.6821 0.1067
0.6640 -0.5645 0.2030
0.6625 0.7534 0.1041
0.6657 0.8394 0.1301
0.6656 0.2768 0.1367
0.6645 0.6197 0.1323
0.6618 1.0003 0.1527
0.6761 -1.2723 0.3836
0.6677 -0.0813 0.1494
0.6724 -0.4633 0.1676
0.6763 -1.3419 0.4100
0.6761 0.7939 0.1107
0.6869 -0.8722 0.2049
0.6815 0.7159 0.0967
0.7004 0.2182 0.1227
0.6850 0.2499 0.1223
0.7082 -0.1076 0.1440
0.7003 -0.0424 0.1356
0.7074 -0.4584 0.1379
0.7089 0.8115 0.1167
0.7153 -0.7468 0.2765
0.7169 0.8356 0.1326
0.7230 0.6151 0.1081
0.7271 0.1712 0.1342
0.7183 0.7383 0.1028
0.7249 0.6602 0.0849
0.7265 0.1232 0.1501
0.7317 0.2574 0.1253
0.7280 0.7133 0.0980
0.7405 0.2875 0.1474
0.7309 0.6938 0.0896
0.7347 -0.0205 0.1174
0.7400 -0.4306 0.1153
0.7564 -0.4743 0.1049
0.7426 0.6446 0.0841
0.7445 0.6263 0.0916
0.7465 -0.0436 0.1141
0.7521 0.6669 0.0843
0.7539 -0.1680 0.2000
0.7621 -0.5605 0.1568
0.7672 0.0304 0.1240
0.7592 0.7868 0.1382
0.7718 -0.8462 0.2770
0.7675 -0.0133 0.1138
0.7706 0.1057 0.1338
0.7824 0.1666 0.1277
0.7770 -0.4429 0.0971
0.7799 0.0576 0.1291
0.7774 -0.3988 0.1100
0.7712 -0.2691 0.2116
0.7951 0.6027 0.1095
0.7712 0.8726 0.1622
0.7872 0.9369 0.1859
0.7803 -0.5439 0.1386
0.8040 0.0031 0.1225
0.7854 0.2510 0.1406
0.7881 0.6483 0.0931
0.7876 -0.0820 0.1433
0.7908 -0.4903 0.1049
0.8000 1.0061 0.2392
0.8080 0.1490 0.1244
0.8111 -0.5429 0.1378
0.8092 -0.4661 0.1027
0.8069 0.7100 0.1337
0.8208 -0.4282 0.0955
0.8199 -0.3860 0.1040
0.8238 -0.3587 0.1124
0.8409 0.5697 0.1533
0.8289 0.6308 0.1130
0.8437 0.2530 0.1451
0.8371 0.8631 0.1779
0.8486 -0.3922 0.1003
0.8437 -0.0657 0.1672
0.8647 0.0345 0.1263
0.8562 0.1476 0.1080
0.8510 0.2137 0.1173
0.8437 0.6648 0.1350
0.8560 0.9127 0.1759
0.8495 -0.8998 0.3339
0.8589 -0.2962 0.1329
0.8597 0.4736 0.2187
0.8671 -0.3232 0.1111
0.8842 0.1731 0.1021
0.8626 0.6025 0.1548
0.8785 0.0695 0.1131
0.8845 -0.4128 0.1081
0.8745 -0.4628 0.1024
0.8816 -0.4949 0.1134
0.8866 0.1055 0.1023
0.8921 0.1987 0.1071
0.8918 0.9361 0.1836
0.9135 0.1292 0.1021
0.8989 -0.3464 0.1005
0.9008 0.4750 0.2089
0.9061 -1.3227 0.4598
0.9102 -0.4847 0.0991
0.9161 0.0593 0.0993
0.9171 -0.9134 0.3487
0.9079 -0.3190 0.1084
0.9098 0.2421 0.1440
0.9175 -0.4202 0.1101
0.9225 0.0336 0.1082
0.9287 -1.1737 0.3770
0.9350 -0.3394 0.1007
0.9209 -0.0258 0.1330
0.9243 0.1547 0.1104
0.9279 0.8911 0.1916
0.9322 -0.4988 0.1019
0.9434 0.4616 0.2254
0.9468 0.7493 0.2573
0.9466 0.3905 0.2153
0.9417 -0.4671 0.0922
0.9448 -0.2988 0.1153
0.9497 0.0890 0.1146
0.9516 -0.0004 0.1259
0.9605 -0.0639 0.1491
0.9632 -0.4992 0.1059
0.9660 0.0766 0.1244
0.9627 0.2122 0.1544
0.9670 -0.4031 0.1187
0.9693 0.9431 0.1819
0.9923 -0.3653 0.1229
0.9742 -0.0864 0.1568
0.9781 -0.3380 0.1157
0.9906 -0.2352 0.1680
0.9790 0.3688 0.2136
0.9835 -0.4982 0.1184
1.0084 0.1828 0.1809
1.0003 -0.4781 0.1245
1.0009 -0.3045 0.1312
0.9999 -0.1867 0.1832
1.0030 -0.0689 0.1455
1.0030 1.0057 0.2082
1.0042 0.3547 0.2203
1.0079 -0.9321 0.3779
1.0160 -0.4352 0.1330
1.0151 -0.6535 0.3277
1.0227 -1.3937 0.5742
1.0322 -1.0785 0.3713
1.0412 0.8884 0.1532
1.0551 -0.0754 0.1501
1.0475 -1.0898 0.3805
1.0578 0.0226 0.1638
1.0570 0.0874 0.1929
1.0631 -0.2461 0.1647
1.0676 0.7824 0.1886
1.0838 0.9019 0.1218
1.0786 0.9552 0.1384
1.1003 -0.0831 0.1618
1.0833 -0.3990 0.1791
1.0890 -0.3228 0.1684
1.0890 0.9212 0.1218
1.0937 0.7394 0.2166
1.0965 -0.1507 0.1771
1.1104 -0.3551 0.1898
1.1116 -0.0210 0.1658
1.1163 0.2957 0.2833
1.1143 1.0115 0.2024
1.1159 0.0186 0.1868
1.1315 0.6385 0.2803
1.1327 0.8575 0.1231
1.1373 -1.1400 0.4822
1.1421 -0.1975 0.2069
1.1413 0.8180 0.1552
1.1422 0.9307 0.1403
1.1574 -0.2432 0.2208
1.1538 0.5858 0.3144
1.1473 0.8659 0.1292
1.1533 0.8824 0.1325
1.1548 0.2932 0.3202
1.1522 0.4781 0.2973
1.1739 0.5361 0.3252
1.1750 -0.0332 0.2251
