points 
 2 
 1 
Tumour[19065]CD6810NNCodensity
-1.3847 0.0067 0.3656
-1.4039 0.0988 0.4434
-1.4032 0.7617 0.2494
-1.3992 0.9768 0.3760
-1.3829 -0.8085 0.3184
-1.3887 -0.4995 0.3064
-1.3802 -0.5552 0.2708
-1.3704 0.5087 0.3791
-1.3670 -0.5119 0.2802
-1.3598 0.8159 0.2287
-1.3663 1.0018 0.3862
-1.3436 -0.0779 0.2815
-1.3550 -0.5506 0.2534
-1.3317 0.7134 0.2197
-1.3399 0.2632 0.4373
-1.3457 0.7772 0.2104
-1.3316 0.7574 0.2076
-1.3216 -0.8273 0.2331
-1.2888 0.7540 0.2201
-1.2713 -0.1454 0.1941
-1.2646 -0.5477 0.2297
-1.2599 -0.1813 0.1805
-1.2598 0.7624 0.2384
-1.2540 0.5755 0.2777
-1.2462 -0.2082 0.1825
-1.2411 -0.7805 0.1432
-1.2408 -0.2431 0.2040
-1.2353 -0.1506 0.1711
-1.2360 -0.6029 0.2342
-1.2303 -0.4772 0.2655
-1.2077 -0.8217 0.1098
-1.1913 -0.8061 0.0923
-1.1884 -0.7748 0.0974
-1.1854 -0.8433 0.1115
-1.1661 -0.7519 0.1067
-1.1743 0.4666 0.3168
-1.1615 0.3995 0.3354
-1.1593 -0.7911 0.0864
-1.1587 0.1985 0.3852
-1.1450 -0.2748 0.2141
-1.1543 -0.1386 0.1840
-1.1479 -0.8276 0.0938
-1.1456 0.5749 0.3135
-1.1381 -0.2073 0.1884
-1.1318 -0.7581 0.1050
-1.1280 -0.6956 0.1550
-1.1328 -0.6484 0.1988
-1.1335 0.9603 0.3920
-1.1227 -0.8747 0.1296
-1.1219 0.5206 0.3224
-1.1040 -0.8217 0.0971
-1.0949 -0.7702 0.1068
-1.0944 -0.3358 0.2257
-1.0966 -0.0795 0.2257
-1.0874 -0.8693 0.1249
-1.0815 -0.8321 0.1027
-1.0833 0.2926 0.3717
-1.0704 -0.5243 0.2191
-1.0769 -0.1032 0.2050
-1.0404 -0.7342 0.1186
-1.0516 -0.7865 0.1085
-1.0520 -0.3585 0.1943
-1.0451 0.9444 0.4309
-1.0310 -0.8071 0.1095
-1.0163 -0.8718 0.1360
-1.0006 -0.7762 0.1052
-0.9993 -0.6840 0.1164
-0.9973 -0.4280 0.1356
-0.9931 -0.7256 0.0967
-0.9847 -0.4610 0.1203
-0.9917 -0.1094 0.1622
-0.9809 -0.5821 0.1301
-0.9791 -0.3879 0.1383
-0.9744 -0.2912 0.1994
-0.9714 0.8241 0.4000
-0.9622 -0.1481 0.1523
-0.9728 0.1100 0.2213
-0.9661 -0.8298 0.1119
-0.9629 -0.7291 0.0910
-0.9672 0.0748 0.1871
-0.9644 -0.7074 0.0919
-0.9597 -0.4443 0.1061
-0.9568 -0.8683 0.1443
-0.9568 -0.6358 0.1146
-0.9531 -0.0378 0.1485
-0.9503 -0.5405 0.1072
-0.9473 -0.7816 0.0989
-0.9445 -0.7130 0.0945
-0.9363 -0.6729 0.1092
-0.9421 -0.8403 0.1183
-0.9309 -0.1824 0.1533
-0.9359 -0.5883 0.1036
-0.9404 -0.5038 0.1036
-0.9288 -0.5524 0.0994
-0.9261 -0.4382 0.1030
-0.9323 -0.0609 0.1319
-0.9189 -0.6159 0.1161
-0.9108 -0.4727 0.1069
-0.9209 -0.1492 0.1345
-0.9196 0.8988 0.4260
-0.9117 -0.5178 0.1079
-0.9194 0.1311 0.2158
-0.9039 -0.7961 0.1054
-0.9055 -0.7640 0.0982
-0.9015 -0.4089 0.1244
-0.9036 0.0248 0.1313
-0.8948 -0.1602 0.1435
-0.9018 0.6530 0.4302
-0.8853 -0.3772 0.1383
-0.8938 0.5400 0.4479
-0.8872 -0.0018 0.1156
-0.8816 -0.7771 0.1002
-0.8727 -0.7280 0.1100
-0.8747 -0.2000 0.1682
-0.8600 -0.5584 0.1212
-0.8777 -0.3227 0.1580
-0.8781 -0.0293 0.1157
-0.8606 -0.2897 0.1670
-0.8495 -0.8026 0.1062
-0.8557 -0.5937 0.1276
-0.8536 -0.0271 0.1175
-0.8504 0.0497 0.1326
-0.8526 -0.7185 0.1165
-0.8500 -0.4584 0.1319
-0.8498 -0.0694 0.1391
-0.8162 -0.3418 0.1513
-0.8214 -0.6181 0.1329
-0.8137 -0.5382 0.1225
-0.8169 -0.8537 0.1491
-0.8187 -0.7771 0.0930
-0.8125 -0.1144 0.1669
-0.8093 0.0545 0.1306
-0.7928 -0.7991 0.1010
-0.8054 -0.7464 0.0887
-0.7968 -0.5052 0.1202
-0.7974 -0.4595 0.1316
-0.7938 0.0127 0.1214
-0.7874 -0.7184 0.1121
-0.7844 -0.3216 0.1614
-0.7790 -0.7601 0.0962
-0.7748 -0.6037 0.1162
-0.7775 0.0388 0.1298
-0.7752 0.3543 0.4368
-0.7592 -0.4782 0.1061
-0.7597 -0.8586 0.1602
-0.7539 -0.7640 0.1133
-0.7566 -0.7426 0.1149
-0.7520 0.8941 0.4729
-0.7508 -0.5926 0.1092
-0.7462 0.0510 0.1488
-0.7436 -0.3663 0.1558
-0.7407 -0.0661 0.1598
-0.7405 -0.6265 0.1140
-0.7402 -0.4394 0.1209
-0.7376 -0.5849 0.1092
-0.7319 -0.2710 0.1709
-0.7307 -0.0156 0.1569
-0.7262 -0.5057 0.0891
-0.7249 0.1031 0.1761
-0.7115 -0.1559 0.1814
-0.7114 -0.1079 0.1819
-0.7149 1.0754 0.4562
-0.6995 -0.8537 0.1796
-0.7082 -0.4876 0.0867
-0.7086 -0.6581 0.1282
-0.7053 -0.5156 0.0819
-0.6926 -0.5500 0.0951
-0.6910 -0.1832 0.1786
-0.6875 -0.6567 0.1389
-0.6830 -0.4962 0.0822
-0.6778 -0.2819 0.1519
-0.6803 -0.3964 0.1358
-0.6766 0.1775 0.2490
-0.6769 -0.5188 0.0833
-0.6689 0.1316 0.2173
-0.6716 -0.6426 0.1395
-0.6545 -0.4869 0.0930
-0.6523 -0.5457 0.1000
-0.6581 0.7454 0.4975
-0.6482 1.5333 0.5326
-0.6541 -0.7727 0.1737
-0.6476 0.2069 0.2876
-0.6437 -0.2779 0.1531
-0.6278 -0.3368 0.1466
-0.6340 -0.3855 0.1311
-0.6300 -0.4490 0.1018
-0.6218 -0.0326 0.2516
-0.6107 -0.4695 0.1015
-0.6118 -0.5570 0.1114
-0.6143 1.4382 0.4192
-0.6054 -0.2156 0.1690
-0.6071 -0.8425 0.1723
-0.6032 -0.4260 0.1084
-0.5944 -0.5365 0.1036
-0.5822 -0.4102 0.1212
-0.5782 -0.5757 0.1218
-0.5740 -0.4753 0.1050
-0.5776 -0.8422 0.1593
-0.5762 -0.2736 0.1624
-0.5719 -0.8245 0.1451
-0.5411 -0.2109 0.1675
-0.5689 -0.7064 0.1632
-0.5511 -0.7629 0.1258
-0.5525 -0.5509 0.1147
-0.5471 -0.5012 0.1165
-0.5300 -0.7162 0.1396
-0.5208 -0.4567 0.1237
-0.5173 -0.6030 0.1238
-0.5008 1.2229 0.1827
-0.5059 -0.1882 0.1609
-0.5071 -0.7572 0.1262
-0.5008 -0.6266 0.1301
-0.4967 -0.5873 0.1138
-0.4933 -0.8106 0.1384
-0.4933 -0.4291 0.1350
-0.4884 -0.3412 0.1678
-0.4701 -0.2052 0.1474
-0.4794 1.1603 0.1476
-0.4781 -0.7633 0.1277
-0.4653 -0.6358 0.1414
-0.4772 1.3201 0.2474
-0.4674 0.2467 0.3335
-0.4707 1.6142 0.5048
-0.4675 -0.4993 0.1001
-0.4633 -0.2718 0.1386
-0.4666 1.2133 0.1522
-0.4478 -0.5674 0.1081
-0.4568 -0.1097 0.1692
-0.4452 -0.5195 0.0913
-0.4511 -0.4840 0.0944
-0.4507 1.1396 0.1389
-0.4474 1.1776 0.1315
-0.4493 -0.7757 0.1326
-0.4455 0.0051 0.2292
-0.4370 -0.2609 0.1350
-0.4275 -0.5465 0.1005
-0.4288 1.1506 0.1339
-0.4232 -0.4642 0.0965
-0.4150 -0.3167 0.1330
-0.4203 -0.3862 0.1337
-0.4140 -0.6840 0.1733
-0.4085 -0.4930 0.0854
-0.4186 -0.0834 0.1551
-0.4084 1.0165 0.2580
-0.3935 -0.4775 0.0920
-0.4013 -0.8658 0.1949
-0.4018 -0.5440 0.1100
-0.3858 -0.1164 0.1408
-0.4031 0.3942 0.2863
-0.3984 1.1372 0.1578
-0.3963 -0.7984 0.1378
-0.3971 -0.2382 0.1464
-0.3918 1.3849 0.3308
-0.3934 1.0753 0.2012
-0.3878 1.2318 0.1874
-0.3834 -0.4340 0.1053
-0.3817 0.8924 0.3491
-0.3764 -0.7710 0.1380
-0.3782 0.5329 0.2355
-0.3771 -0.3289 0.1354
-0.3786 -0.1967 0.1544
-0.3617 -0.3760 0.1244
-0.3641 -0.0555 0.1550
-0.3644 -0.0844 0.1403
-0.3489 -0.8348 0.1713
-0.3581 0.7517 0.2576
-0.3540 -0.4934 0.1115
-0.3507 0.7898 0.2828
-0.3471 0.0091 0.2112
-0.3483 0.1001 0.2755
-0.3377 -0.3321 0.1466
-0.3363 -0.7677 0.1397
-0.3322 0.3052 0.2547
-0.3298 -0.4651 0.1143
-0.3315 0.4516 0.2418
-0.3189 -0.4374 0.1219
-0.3187 -0.1629 0.1538
-0.3155 -0.7098 0.1349
-0.3124 -0.4147 0.1282
-0.3064 -0.6209 0.1312
-0.3081 0.6603 0.1727
-0.3021 -0.5792 0.1295
-0.3037 0.3538 0.2504
-0.2918 -0.6521 0.1229
-0.2875 -0.1055 0.1833
-0.2916 0.6358 0.1592
-0.2900 -0.1850 0.1696
-0.2867 -0.5330 0.1360
-0.2840 0.6570 0.1690
-0.2781 0.5601 0.1812
-0.2789 -0.7237 0.1253
-0.2791 0.6108 0.1625
-0.2629 0.2501 0.2490
-0.2590 -0.2270 0.1809
-0.2575 -0.6259 0.1165
-0.2557 -0.2877 0.1675
-0.2570 -0.7950 0.1421
-0.2454 -0.6071 0.1188
-0.2447 -0.4478 0.1339
-0.2362 -0.3496 0.1460
-0.2453 -0.5817 0.1178
-0.2444 0.2231 0.2502
-0.2443 0.5332 0.2027
-0.2471 1.5664 0.3181
-0.2420 -0.7356 0.1200
-0.2282 0.6410 0.1984
-0.2298 -0.7114 0.1248
-0.2240 -0.3085 0.1679
-0.2134 -0.5095 0.1230
-0.2233 1.2550 0.2794
-0.2180 -0.3748 0.1365
-0.2106 0.1816 0.2629
-0.1961 -0.4390 0.1156
-0.1828 -0.8086 0.1056
-0.1914 -0.7387 0.1107
-0.1931 -0.5711 0.1335
-0.1680 1.3700 0.1737
-0.1769 -0.7748 0.0970
-0.1706 -0.4638 0.1032
-0.1662 1.3452 0.1781
-0.1669 -0.5188 0.1094
-0.1562 1.5595 0.2117
-0.1598 -0.7888 0.0882
-0.1552 1.2829 0.2138
-0.1576 -0.8440 0.1207
-0.1434 -0.7269 0.1193
-0.1355 -0.8255 0.0966
-0.1437 1.4087 0.1594
-0.1444 -0.4582 0.0958
-0.1413 -0.4036 0.0996
-0.1277 -0.7668 0.0963
-0.1372 -0.5189 0.1050
-0.1346 -0.3846 0.1138
-0.1159 1.5842 0.2047
-0.1139 -0.4295 0.0887
-0.1111 0.8123 0.3893
-0.1061 -0.8453 0.1163
-0.0987 -0.8055 0.0992
-0.1127 -0.5430 0.1159
-0.1069 -0.6298 0.1629
-0.1017 -0.4008 0.0991
-0.0877 -0.5134 0.1100
-0.0963 -0.4887 0.0982
-0.0932 0.5292 0.3476
-0.0891 -0.7666 0.1043
-0.0890 0.1546 0.2598
-0.0843 0.1198 0.2857
-0.0833 -0.7004 0.1382
-0.0861 1.4608 0.1438
-0.0838 -0.6043 0.1457
-0.0786 -0.4414 0.0956
-0.0808 -0.4149 0.0951
-0.0758 1.3623 0.1461
-0.0784 0.2684 0.2652
-0.0767 1.4012 0.1307
-0.0695 1.4953 0.1419
-0.0438 -0.5077 0.1097
-0.0559 -0.8123 0.1096
-0.0571 0.9032 0.3732
-0.0364 1.5911 0.2101
-0.0404 -0.7272 0.1279
-0.0272 -0.4169 0.1239
-0.0271 1.3620 0.1725
-0.0218 -0.8341 0.1167
-0.0246 -0.7727 0.1108
-0.0207 -0.3730 0.1606
-0.0267 1.3997 0.1521
-0.0235 1.4661 0.1480
-0.0256 1.5144 0.1565
-0.0141 -0.4592 0.1165
-0.0138 1.2026 0.2977
-0.0064 1.5569 0.1881
-0.0074 -0.5694 0.1057
-0.0071 -0.6667 0.1270
0.0030 -0.5098 0.0984
-0.0022 -0.5513 0.1008
0.0148 -0.5919 0.1031
0.0116 -0.2010 0.3141
0.0182 -0.6503 0.1158
0.0361 -0.4816 0.1123
0.0197 -0.8190 0.1141
0.0212 -0.7960 0.1110
0.0297 -0.8677 0.1488
0.0241 -0.7692 0.1225
0.0260 -0.6173 0.1034
0.0422 -0.5122 0.1016
0.0432 -0.6973 0.1328
0.0517 -0.6095 0.1066
0.0531 0.2245 0.2204
0.0532 0.2503 0.2310
0.0663 0.3008 0.2589
0.0624 -0.5358 0.1091
0.0616 0.1588 0.2303
0.0706 -0.8438 0.1382
0.0694 -0.5079 0.1231
0.0700 1.0906 0.2569
0.0800 -0.1591 0.3048
0.0884 -0.4057 0.1678
0.0911 1.3434 0.2384
0.0956 -0.6455 0.1247
0.1111 -0.4234 0.1603
0.1046 0.5019 0.2427
0.1118 -0.8188 0.1473
0.1146 -0.2330 0.2340
0.1198 1.2632 0.2783
0.1267 -0.3439 0.1725
0.1144 0.9501 0.1845
0.1169 -0.7126 0.1635
0.1219 -0.6261 0.1291
0.1279 0.5511 0.1984
0.1197 0.6430 0.2176
0.1200 1.4988 0.1912
0.1287 0.6947 0.2258
0.1276 0.2069 0.2314
0.1359 0.9938 0.1615
0.1326 -0.5897 0.1211
0.1378 0.0134 0.2892
0.1501 0.7552 0.2304
0.1481 -0.8688 0.1860
0.1581 0.9275 0.1640
0.1642 -0.7919 0.1741
0.1539 -0.5690 0.1191
0.1571 0.8628 0.2055
0.1675 1.3934 0.1985
0.1636 1.5913 0.1808
0.1690 -0.5164 0.1200
0.1654 0.4650 0.2103
0.1702 0.1586 0.2357
0.1747 1.0666 0.1701
0.1826 1.4955 0.1398
0.1819 -0.5451 0.1175
0.1877 -0.8713 0.2026
0.1977 -0.6404 0.1428
0.2003 0.9685 0.1407
0.2015 1.0641 0.1624
0.2063 -0.5001 0.1196
0.1965 -0.3268 0.1557
0.1974 0.5288 0.1611
0.2066 0.6895 0.1849
0.2039 1.0092 0.1458
0.2053 -0.6804 0.1592
0.2040 -0.4698 0.1207
0.2073 -0.3658 0.1394
0.2011 -0.3004 0.1754
0.2050 1.4902 0.1326
0.2101 -0.3965 0.1364
0.2129 -0.5592 0.1320
0.2182 1.5502 0.1223
0.2206 1.4619 0.1450
0.2295 -0.4636 0.1313
0.2396 1.5795 0.1330
0.2402 0.5107 0.1463
0.2440 1.3863 0.1918
0.2642 1.1046 0.1746
0.2438 0.9486 0.1624
0.2489 -0.4517 0.1431
0.2470 1.5393 0.1205
0.2535 -0.6607 0.1831
0.2509 -0.0305 0.1523
0.2513 -0.3006 0.1877
0.2608 -0.7467 0.1741
0.2579 1.6139 0.1702
0.2626 0.5800 0.1493
0.2664 0.6323 0.1624
0.2725 0.7608 0.2038
0.2715 0.8982 0.1960
0.2790 -0.8412 0.2019
0.2832 0.5342 0.1389
0.2925 1.2186 0.1501
0.2835 1.5822 0.1505
0.2906 -0.7511 0.1701
0.2997 -0.0364 0.0984
0.2979 0.2335 0.1446
0.3033 0.0039 0.1023
0.3052 1.2640 0.1287
0.3021 1.1043 0.1650
0.3163 0.0647 0.1217
0.3171 0.5868 0.1567
0.3095 1.3392 0.1560
0.3073 0.4298 0.1830
0.3186 0.5237 0.1522
0.3104 -0.1324 0.1148
0.3129 0.2052 0.1192
0.3119 0.3478 0.2041
0.3092 0.7010 0.1733
0.3189 1.0667 0.1740
0.3098 1.4613 0.1770
0.3184 -0.1602 0.1288
0.3207 0.4835 0.1608
0.3209 -0.0726 0.0870
0.3162 0.9134 0.2089
0.3217 -0.8033 0.1885
0.3294 0.2563 0.1368
0.3351 0.1913 0.1025
0.3358 -0.1179 0.0905
0.3378 -0.0847 0.0839
0.3309 1.2236 0.1149
0.3400 0.0199 0.0988
0.3382 -0.0111 0.0931
0.3443 0.0854 0.1073
0.3389 0.1466 0.1042
0.3335 0.7170 0.1765
0.3442 -0.0373 0.0906
0.3571 1.1910 0.1141
0.3430 1.5513 0.1583
0.3437 -0.0642 0.0854
0.3437 1.2907 0.1075
0.3568 -0.4822 0.1750
0.3501 -0.2684 0.1591
0.3463 0.4065 0.2104
0.3524 0.0443 0.1024
0.3685 0.1590 0.0916
0.3567 0.2639 0.1432
0.3658 -0.1121 0.0884
0.3703 0.1174 0.0951
0.3616 1.2928 0.1065
0.3647 -0.4327 0.1496
0.3789 0.9866 0.1911
0.3837 -0.2464 0.1254
0.3733 0.6707 0.1920
0.3898 1.2827 0.1084
0.3979 1.1580 0.1001
0.3840 1.2205 0.1020
0.3840 1.5052 0.1747
0.3966 -0.3368 0.1339
0.3841 -0.1592 0.1005
0.3942 0.2124 0.1201
0.4000 -0.7566 0.1765
0.3922 -0.4137 0.1294
0.3934 0.1494 0.0904
0.3972 1.3390 0.1530
0.3946 -0.8126 0.1884
0.3974 -0.4819 0.1529
0.4072 -0.1708 0.1017
0.3969 1.1201 0.1184
0.4053 1.2014 0.0986
0.4153 0.1677 0.1034
0.4221 -0.1991 0.1062
0.4088 0.0516 0.0996
0.4062 1.3018 0.1255
0.4032 -0.7027 0.1861
0.4100 -0.0931 0.0955
0.4182 1.4590 0.1849
0.4083 -0.4180 0.1241
0.4231 -0.0549 0.1091
0.4168 0.9702 0.1999
0.4149 -0.1262 0.0878
0.4120 0.1307 0.0949
0.4142 0.7323 0.2011
0.4350 -0.2886 0.1059
0.4282 -0.2432 0.1070
0.4133 1.5908 0.2197
0.4402 1.2215 0.1130
0.4309 0.0260 0.1026
0.4307 0.0882 0.0960
0.4235 1.1289 0.1059
0.4417 -0.0170 0.1159
0.4416 -0.0873 0.0977
0.4372 1.1806 0.0958
0.4296 1.5225 0.1944
0.4343 -0.6764 0.1728
0.4388 0.0619 0.0985
0.4598 -0.3719 0.1210
0.4454 -0.1555 0.0988
0.4534 -0.3310 0.1198
0.4417 1.0799 0.1398
0.4584 -0.1153 0.0985
0.4632 1.1549 0.1049
0.4482 0.7878 0.2186
0.4617 0.1086 0.1170
0.4621 0.0442 0.1129
0.4621 0.8007 0.2272
0.4625 -0.5504 0.1342
0.4704 -0.3052 0.1144
0.4683 -0.2673 0.1146
0.4689 -0.5902 0.1286
0.4724 -0.2271 0.1231
0.4794 1.1277 0.1178
0.4756 -0.4114 0.1286
0.4745 0.9757 0.1911
0.5062 -0.6189 0.1204
0.4876 -0.1283 0.1208
0.4810 1.2389 0.1472
0.4947 -0.4397 0.1338
0.4790 -0.0124 0.1309
0.4831 1.4656 0.2124
0.4836 0.1876 0.1743
0.5044 -0.8166 0.1173
0.5095 -0.7514 0.1309
0.5088 -0.5324 0.1000
0.5140 1.0825 0.1440
0.5182 -0.8718 0.1449
0.5179 -0.5480 0.0910
0.5149 -0.0870 0.1408
0.5174 1.3334 0.2190
0.5225 -0.8421 0.1114
0.5216 1.0154 0.1702
0.5280 -0.5857 0.0958
0.5269 1.1669 0.1447
0.5317 1.4112 0.2498
0.5363 -0.4710 0.1165
0.5359 -0.6443 0.1355
0.5451 -0.3755 0.1200
0.5346 0.7644 0.2597
0.5372 -0.7153 0.1326
0.5471 -0.8413 0.1022
0.5609 -0.4076 0.1166
0.5497 -0.7775 0.0962
0.5523 -0.5440 0.0895
0.5494 -0.2855 0.1163
0.5636 1.0399 0.1706
0.5589 -0.8047 0.0923
0.5711 -0.8549 0.1224
0.5621 0.4107 0.3011
0.5635 -0.3128 0.1086
0.5671 -0.5688 0.0981
0.5654 -0.5274 0.0889
0.5655 -0.2199 0.1213
0.5737 -0.1709 0.1372
0.5708 -0.7413 0.1134
0.5757 1.1575 0.1660
0.5747 -0.4825 0.1150
0.5823 -0.3648 0.1102
0.5818 -0.2955 0.0994
0.5767 -0.1428 0.1439
0.5772 0.5991 0.2842
0.5991 -0.4112 0.1224
0.5902 -0.2344 0.1110
0.5820 0.7087 0.2644
0.5937 -0.5297 0.0990
0.5948 -0.7693 0.1075
0.5948 0.2045 0.1820
0.6033 0.3454 0.2476
0.5944 0.9652 0.2223
0.6025 -0.6401 0.1398
0.6068 -0.0665 0.1812
0.6152 0.1287 0.1524
0.6260 -0.3313 0.1191
0.6248 -0.2739 0.1100
0.6223 -0.2205 0.1232
0.6158 -0.0115 0.1928
0.6227 1.1717 0.1829
0.6196 -0.8056 0.1284
0.6395 -0.5337 0.0988
0.6381 -0.4265 0.1264
0.6290 1.0743 0.1924
0.6311 -0.3064 0.1182
0.6322 -0.7130 0.1263
0.6370 -0.5654 0.1007
0.6444 0.1415 0.1236
0.6398 -0.5969 0.1137
0.6418 -0.1503 0.1707
0.6511 -0.7512 0.1271
0.6651 0.1164 0.1169
0.6679 0.1911 0.1198
0.6664 1.2095 0.1966
0.6807 -0.7266 0.1188
0.6751 -0.5129 0.1034
0.6717 0.0212 0.1567
0.6857 -0.4025 0.1439
0.6711 -0.5487 0.1003
0.6825 -0.6417 0.1237
0.6820 -0.4702 0.1171
0.6914 0.1669 0.1110
0.6905 0.4733 0.1727
0.7057 -0.4970 0.1175
0.7061 0.2117 0.1170
0.6981 -0.5700 0.1107
0.7084 -0.2533 0.1817
0.7019 -0.6701 0.1168
0.7010 -0.4469 0.1346
0.6951 0.9741 0.2621
0.6998 0.0782 0.1254
0.7103 1.2420 0.1949
0.7095 0.2492 0.1303
0.7110 -0.0105 0.1712
0.7167 0.3924 0.1657
0.7199 0.6453 0.2200
0.7093 0.8554 0.3162
0.7208 0.1042 0.1237
0.7157 1.1761 0.1905
0.7253 -0.7204 0.1130
0.7514 -0.5792 0.1183
0.7294 0.4958 0.1341
0.7332 -0.7909 0.1165
0.7293 -0.8716 0.1443
0.7451 0.2381 0.1144
0.7460 0.6126 0.1886
0.7463 -0.6904 0.1065
0.7320 0.5415 0.1511
0.7427 -0.6274 0.1125
0.7392 0.0767 0.1443
0.7553 0.1439 0.1285
0.7589 -0.7423 0.1112
0.7604 -0.3576 0.1839
0.7620 -0.0906 0.2190
0.7547 0.6593 0.2350
0.7522 0.9481 0.3142
0.7626 -0.8257 0.0921
0.7625 0.2011 0.1154
0.7614 -0.8651 0.1126
0.7654 0.2844 0.1171
0.7711 0.4293 0.1234
0.7624 0.4710 0.1110
0.7658 -0.3178 0.2047
0.7626 0.3420 0.1389
0.7894 -0.0299 0.2175
0.7815 -0.8047 0.0910
0.7814 -0.6423 0.1062
0.7820 -0.1511 0.2205
0.7893 -0.6875 0.1111
0.7992 0.3453 0.1327
0.7873 -0.5233 0.1385
0.7900 0.2797 0.1150
0.7869 1.3306 0.2162
0.7937 -0.8696 0.1084
0.7988 0.1930 0.1333
0.7973 0.4907 0.1019
0.7962 -0.8440 0.0913
0.8161 -0.6055 0.1009
0.7962 1.2439 0.1531
0.8026 -0.7879 0.1027
0.7986 -0.5575 0.1181
0.7988 1.1766 0.1827
0.8265 -0.6455 0.1081
0.8224 0.5255 0.1236
0.8169 -0.3967 0.1879
0.8129 -0.8121 0.0982
0.8236 0.4739 0.1009
0.8267 0.3039 0.1225
0.8233 0.4400 0.1165
0.8294 -0.7172 0.1373
0.8232 -0.5563 0.1189
0.8329 1.2652 0.1435
0.8327 -0.4656 0.1685
0.8426 -0.6208 0.1099
0.8479 0.1852 0.1556
0.8442 1.4646 0.2741
0.8543 0.4784 0.1033
0.8624 -0.8311 0.1369
0.8593 0.2704 0.1228
0.8572 1.1988 0.1493
0.8844 -0.1990 0.1840
0.8695 0.4546 0.1143
0.8732 -0.6304 0.1230
0.8755 0.3406 0.1341
0.8724 0.5275 0.1203
0.8723 1.5020 0.2880
0.8869 -0.4326 0.1903
0.8806 -0.8628 0.1717
0.8806 0.2402 0.1259
0.8951 -0.5165 0.1692
0.8966 1.2287 0.1292
0.9129 -0.1270 0.1408
0.9009 1.2806 0.1388
0.9232 0.3045 0.1286
0.9034 1.2549 0.1289
0.9283 0.4372 0.1306
0.9112 -0.2477 0.2083
0.9185 0.5612 0.1446
0.9154 -0.6492 0.1333
0.9192 0.3737 0.1374
0.9405 0.4917 0.1357
0.9182 -0.7210 0.1590
0.9201 1.3998 0.2135
0.9178 -0.7456 0.1710
0.9211 -0.1770 0.1529
0.9215 0.5206 0.1273
0.9262 0.6768 0.2318
0.9322 0.1857 0.1513
0.9457 0.2469 0.1440
0.9314 0.2714 0.1300
0.9450 1.2472 0.1496
0.9394 -0.6277 0.1371
0.9542 0.1165 0.1858
0.9473 0.3659 0.1472
0.9475 -0.1437 0.1286
0.9465 -0.3597 0.2182
0.9593 0.4140 0.1541
0.9530 1.2711 0.1543
0.9919 -0.6828 0.1398
0.9562 -0.0141 0.1523
0.9673 0.1750 0.1735
0.9611 1.1677 0.2012
0.9568 1.4085 0.2215
0.9694 0.9438 0.4234
0.9641 -0.0734 0.1266
0.9809 0.6069 0.1687
0.9697 -0.0997 0.1212
0.9776 -0.5341 0.1889
0.9745 -0.0240 0.1453
0.9816 0.0692 0.1972
0.9846 0.5689 0.1591
0.9808 1.0586 0.3197
0.9876 -0.3860 0.2198
0.9882 -0.1215 0.1348
0.9833 1.6141 0.3989
0.9915 0.0269 0.1811
1.0056 -0.6145 0.1207
0.9961 1.5795 0.3557
1.0123 -0.6449 0.1206
1.0165 0.6459 0.2274
1.0151 -0.1090 0.1560
1.0177 0.6136 0.2003
1.0348 -0.6030 0.1326
1.0512 -0.6458 0.1396
1.0577 -0.2675 0.2450
1.0618 1.2894 0.2313
1.0736 -0.5970 0.1644
1.0676 -0.3036 0.2634
1.0728 -0.4276 0.2664
1.0860 1.3329 0.2610
1.0860 1.3944 0.2904
1.0873 -0.6334 0.1773
