points 
 2 
 1 
Tumour[19065]CD810NNCodensity
-1.2012 0.0494 0.1691
-1.1974 0.0764 0.1478
-1.1961 0.2768 0.2412
-1.1520 0.0974 0.1150
-1.1769 0.0725 0.1305
-1.1779 0.2701 0.2200
-1.1618 0.1599 0.1409
-1.1367 0.1945 0.1391
-1.1232 0.1652 0.1282
-1.1320 1.3003 0.9542
-1.1223 0.0529 0.1254
-1.0669 0.1886 0.1404
-1.0946 -0.8891 0.4551
-1.0908 0.0581 0.1198
-1.0805 0.2291 0.1693
-1.0868 0.1104 0.1163
-1.0358 0.1468 0.1252
-1.0519 0.0567 0.1058
-1.0288 0.0973 0.1036
-1.0287 0.0122 0.1244
-1.0151 0.0576 0.1034
-0.9971 0.1047 0.1152
-0.9918 0.0144 0.1198
-0.9731 -0.0229 0.1375
-0.9778 0.1352 0.1505
-0.9609 -0.8470 0.2585
-0.9618 0.0570 0.1295
-0.9535 -0.1657 0.1872
-0.9378 -0.0898 0.1519
-0.9285 -0.8377 0.2259
-0.9320 -0.0245 0.1502
-0.9188 -0.0608 0.1521
-0.8982 -0.1179 0.1601
-0.8977 -0.8428 0.2122
-0.8891 0.5706 0.7132
-0.8736 -0.2640 0.1417
-0.8842 -0.1510 0.1574
-0.8783 -0.2939 0.1410
-0.8712 -0.1959 0.1548
-0.8664 -0.3343 0.1367
-0.8558 -0.3672 0.1417
-0.8544 -0.6660 0.1574
-0.8530 -0.5323 0.1899
-0.8460 -0.5889 0.1736
-0.8489 -0.4705 0.1869
-0.8309 -0.8745 0.2037
-0.8460 -0.6836 0.1552
-0.8370 -0.7881 0.1748
-0.8404 -0.3870 0.1484
-0.8396 -0.6489 0.1523
-0.8226 -0.6072 0.1643
-0.8312 -0.2361 0.1542
-0.8302 -0.3356 0.1374
-0.8155 -0.4019 0.1620
-0.8031 -0.2406 0.1754
-0.7993 -0.6701 0.1503
-0.7983 -0.7884 0.1652
-0.7933 1.2326 0.4594
-0.7731 -1.0827 0.2892
-0.7630 -0.4738 0.2244
-0.7351 -0.8818 0.1773
-0.7288 -0.7238 0.1483
-0.7147 -0.7776 0.1307
-0.7170 -1.0135 0.1926
-0.7023 -0.9420 0.1768
-0.7020 -0.7475 0.1338
-0.6817 -0.9620 0.1753
-0.6689 -0.7614 0.1251
-0.6816 -0.7999 0.1265
-0.6589 -1.0757 0.2349
-0.6582 -1.0480 0.2077
-0.6456 -0.8711 0.1513
-0.6542 1.2441 0.3005
-0.6352 -0.7348 0.1559
-0.6337 1.3341 0.2921
-0.6277 -0.7681 0.1351
-0.6119 -0.9049 0.1778
-0.6022 1.2071 0.2817
-0.5873 -0.8130 0.1535
-0.5779 -1.0807 0.2880
-0.5653 -0.8393 0.1763
-0.5689 1.2217 0.2594
-0.5664 1.3614 0.2715
-0.5022 1.3326 0.2506
-0.5021 -0.8678 0.2464
-0.4804 0.6005 0.2010
-0.4560 0.6246 0.2107
-0.4721 1.3615 0.2778
-0.4512 0.5903 0.1696
-0.4527 1.2605 0.2671
-0.4421 0.5649 0.1526
-0.4415 0.0882 0.2719
-0.4276 0.4080 0.1949
-0.4186 0.4605 0.1741
-0.4084 0.5167 0.1530
-0.4169 -0.8027 0.3260
-0.4136 0.2574 0.1993
-0.4087 0.5692 0.1559
-0.3923 0.5890 0.1800
-0.3946 0.3564 0.1919
-0.3878 0.1829 0.1930
-0.3849 1.2384 0.3230
-0.3704 0.4342 0.1921
-0.3620 0.2962 0.1895
-0.3684 0.3317 0.1898
-0.3664 0.2027 0.1889
-0.3387 0.1194 0.2086
-0.3223 0.1642 0.2035
-0.3103 0.0576 0.2266
-0.3180 -0.6078 0.2733
-0.3116 -0.0078 0.2241
-0.3016 -0.6406 0.2603
-0.2916 -0.0580 0.1935
-0.2970 -0.0998 0.1722
-0.2957 -0.1710 0.1550
-0.2815 -0.4393 0.1620
-0.2613 -0.9983 0.1989
-0.2660 -0.1921 0.1305
-0.2590 -0.1242 0.1443
-0.2543 -1.0638 0.2104
-0.2513 -0.9554 0.2007
-0.2538 1.3233 0.2963
-0.2478 -0.2106 0.1237
-0.2492 -0.3374 0.1146
-0.2338 -0.4186 0.1019
-0.2370 -0.2826 0.1162
-0.2267 -0.3421 0.0959
-0.2157 -0.3727 0.0853
-0.2193 -0.3159 0.0916
-0.2169 -0.7100 0.1966
-0.2083 -0.1773 0.1183
-0.1991 -0.2665 0.1066
-0.1918 -0.1510 0.1392
-0.2002 -0.5156 0.1526
-0.1944 -0.4685 0.1064
-0.1714 -0.2929 0.0955
-0.1932 -0.4073 0.0744
-0.1921 -0.4117 0.0746
-0.1859 -0.4073 0.0741
-0.1748 -0.7613 0.1618
-0.1745 -0.6322 0.1802
-0.1713 -0.2147 0.1134
-0.1669 -0.4595 0.1037
-0.1637 -0.3199 0.0901
-0.1694 1.3638 0.1939
-0.1626 -0.3450 0.0873
-0.1639 -1.0674 0.1378
-0.1626 -0.3950 0.0853
-0.1479 -0.1965 0.1189
-0.1545 -1.0316 0.1158
-0.1533 -0.9342 0.1284
-0.1456 -0.8980 0.1385
-0.1480 -0.4398 0.1054
-0.1491 -0.3141 0.0956
-0.1469 -0.5472 0.1477
-0.1441 -0.7223 0.1431
-0.1414 0.1946 0.3943
-0.1466 1.3848 0.1733
-0.1397 -1.0075 0.1070
-0.1342 -0.2316 0.1107
-0.1358 -1.0712 0.1292
-0.1322 -0.9380 0.1176
-0.1310 -0.8458 0.1391
-0.1261 -0.8082 0.1339
-0.1274 -0.3604 0.1054
-0.1097 -0.6233 0.1395
-0.1132 -0.7573 0.1257
-0.0807 -0.2433 0.1146
-0.1105 -1.0614 0.1208
-0.0984 -1.0172 0.1033
-0.0761 -0.3124 0.1178
-0.0929 -0.2801 0.1168
-0.0954 1.3098 0.1578
-0.0933 1.3939 0.1313
-0.0882 -0.5230 0.1280
-0.0931 -0.9774 0.1088
-0.0874 -0.8949 0.1283
-0.0778 -0.3695 0.1063
-0.0863 -0.1959 0.1205
-0.0789 -0.7908 0.1195
-0.0799 -0.5620 0.1285
-0.0624 -1.0514 0.1358
-0.0670 -0.4226 0.0956
-0.0479 -0.9966 0.1223
-0.0550 -0.4545 0.0889
-0.0690 1.3885 0.1147
-0.0585 -0.1896 0.1263
-0.0654 -0.6987 0.1203
-0.0489 -0.4890 0.0950
-0.0552 -0.9316 0.1180
-0.0397 -0.7712 0.1021
-0.0347 -0.3408 0.1041
-0.0495 1.3372 0.1129
-0.0502 -0.6182 0.1205
-0.0508 -0.6102 0.1225
-0.0423 -0.6660 0.1143
-0.0276 -0.2345 0.1227
-0.0237 -0.1740 0.1354
-0.0372 -0.7400 0.0989
-0.0202 -0.9637 0.1221
-0.0314 -0.3804 0.0857
-0.0339 -0.4186 0.0770
-0.0335 -0.4124 0.0764
-0.0231 1.3944 0.1003
-0.0118 -0.8060 0.1065
-0.0238 -0.5082 0.0955
-0.0233 -0.4575 0.0789
-0.0148 1.3363 0.1046
-0.0172 1.3751 0.0898
-0.0015 -0.8914 0.1224
-0.0154 -0.4897 0.0878
0.0003 -0.4043 0.0833
-0.0101 -0.6975 0.1095
0.0028 -0.9344 0.1281
0.0108 -0.7472 0.1090
-0.0004 -0.7773 0.1014
-0.0027 -0.3637 0.0938
0.0162 -0.2857 0.1256
0.0160 -0.1889 0.1254
0.0288 -0.1140 0.1372
0.0145 -0.8192 0.1145
0.0046 0.4329 0.5944
0.0101 1.3510 0.0910
0.0260 1.4054 0.1093
0.0272 -0.3364 0.1104
0.0189 1.3765 0.0899
0.0191 -0.6234 0.1476
0.0173 -0.6923 0.1273
0.0240 -0.5207 0.1104
0.0188 0.0290 0.2579
0.0282 -0.4347 0.0925
0.0244 -0.8652 0.1290
0.0301 -0.5582 0.1383
0.0406 -0.4094 0.0998
0.0359 -0.9427 0.1568
0.0373 -0.4904 0.1002
0.0367 -0.4586 0.0956
0.0508 -0.2759 0.1260
0.0543 -0.8217 0.1471
0.0689 -0.3519 0.1167
0.0433 -0.0554 0.1593
0.0732 -0.1783 0.1193
0.0790 -0.2390 0.1307
0.0634 1.3502 0.0999
0.0679 -0.1379 0.1133
0.0712 1.3756 0.1005
0.0822 1.3328 0.1135
0.0828 -0.0902 0.1178
0.0958 -0.4817 0.1513
0.0932 -0.4080 0.1312
0.1032 -0.2806 0.1358
0.1253 -0.1485 0.1195
0.1169 -0.0281 0.1446
0.1027 1.4058 0.1292
0.1093 -0.3524 0.1402
0.1268 -0.0914 0.1155
0.1102 -0.1811 0.1247
0.1175 1.3447 0.1172
0.1447 1.4012 0.1402
0.1424 1.3081 0.1565
0.1453 -0.3054 0.1722
0.1558 -0.0494 0.1184
0.1597 -0.1390 0.1284
0.1942 -0.0743 0.1202
0.1912 1.3371 0.1581
0.1927 -0.0094 0.1066
0.1967 0.5262 0.4456
0.2061 1.3934 0.1596
0.2051 -0.0432 0.1072
0.2140 0.0480 0.1255
0.2134 -0.1759 0.1823
0.2411 -0.0053 0.0870
0.2474 -0.0553 0.1202
0.2468 0.0193 0.0851
0.2612 1.3998 0.1588
0.2536 0.0207 0.0847
0.2748 0.0400 0.0936
0.2840 -0.1682 0.2287
0.2923 -0.0133 0.1151
0.2980 0.0260 0.1042
0.2948 1.3766 0.1389
0.3068 0.0855 0.1323
0.3122 1.4002 0.1332
0.3132 0.0666 0.1233
0.3185 0.5166 0.3423
0.3431 0.1439 0.1506
0.3368 0.2846 0.2163
0.3490 1.3508 0.1293
0.3587 1.3860 0.1080
0.3678 0.2098 0.1320
0.3822 0.2455 0.1416
0.3811 1.3871 0.1040
0.3884 0.1644 0.1344
0.3988 0.2176 0.1231
0.3870 1.4090 0.1144
0.3964 -0.2091 0.3774
0.4002 0.7592 0.2901
0.4092 1.3820 0.1072
0.4081 0.2465 0.1386
0.4072 0.1133 0.1718
0.4140 0.6847 0.2205
0.4327 0.6480 0.2039
0.4266 0.7208 0.2339
0.4432 0.5882 0.2188
0.4332 1.3866 0.1110
0.4511 0.1802 0.1398
0.4540 1.3642 0.1222
0.4769 1.3901 0.1273
0.5008 0.2331 0.1513
0.5154 0.5776 0.1849
0.5147 1.4009 0.1613
0.5233 0.7788 0.2753
0.5259 1.3765 0.1732
0.5326 0.2136 0.1585
0.5402 0.5795 0.1679
0.5439 0.1817 0.1710
0.5427 0.2549 0.1794
0.5635 1.3998 0.2278
0.5641 0.1086 0.2173
0.5796 0.5565 0.1483
0.6497 0.5836 0.1195
0.6016 0.2284 0.1992
0.6218 0.6721 0.1718
0.6294 0.6267 0.1302
0.6269 0.0375 0.3106
0.6320 0.5243 0.1334
0.6718 0.5417 0.1196
0.6462 0.3472 0.2630
0.6470 0.4773 0.1604
0.6569 0.6704 0.1600
0.6615 -0.9339 0.5962
0.6700 0.6151 0.1199
0.6858 0.4891 0.1369
0.7012 0.2029 0.2778
0.7215 0.6295 0.1255
0.7165 0.0904 0.3352
0.7284 0.5640 0.1178
0.7315 0.4826 0.1347
0.7926 0.5101 0.1253
0.7644 0.5696 0.1171
0.7705 0.6137 0.1185
0.7670 0.4840 0.1343
0.7749 0.7396 0.1907
0.7876 0.6587 0.1298
0.7885 0.7558 0.2122
0.8047 0.6969 0.1596
0.7965 0.5672 0.1225
0.8060 0.6405 0.1313
0.8303 0.4569 0.1383
0.8329 -0.9291 0.3634
0.8557 0.4755 0.1230
0.8683 -1.0464 0.3943
0.8840 0.5277 0.1373
0.8720 0.5791 0.1656
0.9032 -0.9970 0.3320
0.8996 0.4559 0.1133
0.8953 0.4052 0.1403
0.9338 0.4904 0.1179
0.9229 -0.8835 0.2981
0.9295 0.4686 0.1085
0.9319 0.8357 0.3752
0.9357 0.4174 0.1158
0.9439 -0.7823 0.3407
0.9618 0.3912 0.1180
0.9852 0.5157 0.1435
1.0088 0.4392 0.0932
1.0109 0.4825 0.1147
0.9995 -0.9548 0.2822
1.0147 0.3358 0.1395
1.0035 0.3887 0.0992
1.0255 0.4107 0.0871
1.0334 0.0247 0.3155
1.0376 0.2955 0.1726
1.0340 0.3672 0.1090
1.0377 0.7773 0.4239
1.0392 0.4564 0.0937
1.0530 0.0477 0.2898
1.0506 0.4408 0.0868
1.0610 0.2178 0.2055
1.0609 0.4201 0.0875
1.0624 0.1091 0.2427
1.0716 0.1577 0.2207
1.0690 -0.0151 0.3539
1.0817 0.2138 0.2075
1.0992 0.4256 0.1135
1.1049 0.4511 0.1286
1.1202 -0.5613 0.4898
1.1319 -0.7760 0.2776
1.1280 0.3989 0.1446
1.1365 -0.8091 0.2658
1.1468 -0.7937 0.2717
1.1643 -0.9219 0.3063
1.1675 -0.8578 0.2881
1.1658 -0.2289 0.6210
1.1689 0.3508 0.1992
1.1763 -1.0339 0.4059
1.1964 0.3039 0.2469
1.2836 0.4415 0.3428
1.2892 -0.5844 0.5518
