points 
 2 
 1 
Tumour[19065]CD6810NNCodensity
-1.1296 -1.0332 0.1914
-1.1263 -0.9153 0.1872
-1.1362 -0.8037 0.1988
-1.1222 -0.5874 0.2062
-1.1259 -0.4286 0.2579
-1.1196 0.1420 0.2115
-1.1248 0.5315 0.1518
-1.1321 0.5711 0.1664
-1.1086 0.6456 0.1878
-1.1205 -0.6727 0.1790
-1.1173 0.0096 0.2333
-1.1279 1.1297 0.2700
-1.1178 0.9010 0.1863
-1.1240 -0.5083 0.2295
-1.1244 0.2036 0.2670
-1.1152 -1.0544 0.1891
-1.0894 0.8496 0.1728
-1.1056 1.0489 0.2109
-1.1002 -0.8163 0.1804
-1.1087 0.5128 0.1445
-1.0852 0.5458 0.1298
-1.1053 0.7477 0.2152
-1.0942 0.8844 0.1646
-1.0823 -0.6912 0.1568
-1.1061 -0.6568 0.1733
-1.0971 -0.7446 0.1676
-1.0887 -0.2638 0.2738
-1.0644 -0.9338 0.1483
-1.0825 0.4793 0.1428
-1.0756 0.9615 0.1587
-1.0670 0.0853 0.1565
-1.0733 0.6539 0.1823
-1.0573 0.7701 0.1902
-1.0484 0.0301 0.1769
-1.0565 0.5499 0.1355
-1.0611 -0.4072 0.2200
-1.0587 -0.0599 0.2530
-1.0528 -0.9962 0.1358
-1.0392 -0.9031 0.1531
-1.0521 0.4406 0.1593
-1.0458 -0.9531 0.1396
-1.0298 -0.3231 0.2108
-1.0341 1.1974 0.2376
-1.0359 -1.1152 0.2130
-1.0100 0.0863 0.1547
-1.0322 0.1105 0.1476
-1.0213 0.9490 0.1382
-1.0235 -1.0851 0.1794
-1.0215 0.1369 0.1585
-1.0127 -0.7281 0.1591
-1.0181 0.8259 0.1725
-1.0039 -0.7930 0.1613
-1.0069 0.4227 0.1672
-0.9964 0.9087 0.1489
-1.0096 -0.9776 0.1473
-1.0039 -0.5530 0.1767
-1.0024 0.1680 0.1905
-0.9968 0.9993 0.1161
-1.0044 1.0701 0.1351
-0.9939 -0.2268 0.2244
-0.9773 0.5501 0.1521
-0.9735 0.5084 0.1403
-0.9873 -0.6832 0.1636
-0.9925 -0.5885 0.1657
-0.9894 -0.5091 0.1759
-0.9672 0.4549 0.1509
-0.9718 -0.2763 0.2046
-0.9730 0.9586 0.1306
-0.9819 -1.0665 0.1834
-0.9820 1.0713 0.1179
-0.9719 -0.2097 0.2221
-0.9712 1.0267 0.1056
-0.9653 -0.9641 0.1812
-0.9493 0.6044 0.1651
-0.9615 0.6905 0.1976
-0.9546 -0.8328 0.1632
-0.9558 -0.4087 0.1927
-0.9545 -0.5721 0.1663
-0.9491 0.4094 0.1854
-0.9410 0.9698 0.1345
-0.9440 1.0835 0.1051
-0.9427 1.1236 0.1246
-0.9330 -0.8098 0.1456
-0.9253 0.4947 0.1442
-0.9171 0.0246 0.1590
-0.9313 1.1802 0.1728
-0.9158 0.7806 0.1437
-0.9328 1.0301 0.1058
-0.9114 -0.7520 0.1330
-0.9254 -0.6877 0.1554
-0.9038 0.5706 0.1350
-0.8988 -0.7997 0.1381
-0.9116 -0.5767 0.1592
-0.9091 -0.0745 0.1925
-0.8990 0.8079 0.1314
-0.8879 -0.7010 0.1368
-0.9080 0.8507 0.1422
-0.8985 -0.4368 0.1698
-0.8894 0.6854 0.1686
-0.9003 0.1399 0.1990
-0.8871 0.8368 0.1347
-0.8967 1.0466 0.1122
-0.8927 1.1465 0.1430
-0.8976 1.0815 0.1117
-0.8757 -0.3876 0.1622
-0.8779 0.0194 0.1228
-0.8625 -0.7886 0.1387
-0.8729 -0.4845 0.1574
-0.8605 0.5559 0.1144
-0.8682 -1.0642 0.3033
-0.8445 0.0634 0.1235
-0.8581 0.7823 0.1292
-0.8607 1.0634 0.1309
-0.8410 -0.0559 0.1259
-0.8481 0.0037 0.1027
-0.8479 1.0223 0.1486
-0.8405 0.4192 0.1671
-0.8406 -0.8624 0.1778
-0.8384 1.1983 0.1687
-0.8392 0.5214 0.1178
-0.8388 -0.6767 0.1195
-0.8353 -0.4370 0.1335
-0.8195 -0.0257 0.1008
-0.8274 0.6607 0.1412
-0.7958 -0.7072 0.1287
-0.8132 0.0299 0.1008
-0.8360 0.5670 0.1035
-0.8337 -0.2121 0.1730
-0.8312 0.7921 0.1350
-0.8081 -0.6061 0.1035
-0.8278 -0.2438 0.1561
-0.8166 0.5945 0.1069
-0.8171 -0.6306 0.1061
-0.8119 -0.0008 0.0933
-0.8191 0.8549 0.1551
-0.7851 1.1539 0.1402
-0.8094 0.1059 0.1453
-0.7943 -0.6517 0.1063
-0.8094 -0.5832 0.1087
-0.8121 -0.5588 0.1165
-0.8068 -0.5234 0.1233
-0.8067 0.6326 0.1224
-0.8079 0.8333 0.1467
-0.8002 -0.3155 0.1440
-0.8089 -0.6835 0.1177
-0.8047 0.4272 0.1573
-0.8080 0.5303 0.1148
-0.8001 -0.2368 0.1383
-0.7824 1.1092 0.1577
-0.7872 -0.0691 0.1391
-0.7944 -0.8259 0.1459
-0.7809 -0.5626 0.1076
-0.7943 -0.3610 0.1382
-0.7902 0.4026 0.1741
-0.7819 0.5805 0.1112
-0.7866 0.5046 0.1340
-0.7747 1.0149 0.1804
-0.7708 -0.7977 0.1326
-0.7769 -0.3746 0.1346
-0.7764 1.2029 0.1319
-0.7723 0.7088 0.1350
-0.7650 -0.4573 0.1222
-0.7654 -0.2077 0.1441
-0.7724 0.0004 0.1038
-0.7570 0.0681 0.1138
-0.7630 0.1268 0.1481
-0.7349 -0.7132 0.1353
-0.7574 -0.4051 0.1277
-0.7308 -0.2797 0.1491
-0.7508 -0.2342 0.1346
-0.7394 0.4100 0.1758
-0.7356 0.6499 0.1069
-0.7480 0.9902 0.1946
-0.7517 -0.0192 0.1159
-0.7207 0.6790 0.1028
-0.7451 -0.4886 0.1213
-0.7461 -0.4272 0.1230
-0.7383 0.5833 0.1303
-0.7420 0.8772 0.2060
-0.7395 1.2041 0.1126
-0.7390 -0.8056 0.1241
-0.7284 -1.2389 0.4700
-0.7300 0.7079 0.1116
-0.7218 -0.6065 0.1074
-0.7110 -0.0515 0.1565
-0.7221 0.0833 0.1140
-0.7182 -0.8283 0.1250
-0.7171 -0.5322 0.1222
-0.7196 1.1864 0.1097
-0.7144 1.2304 0.1153
-0.7139 0.0286 0.1183
-0.7068 1.1544 0.1269
-0.6886 -0.8605 0.1427
-0.7081 -0.6528 0.1069
-0.6964 0.1250 0.1465
-0.6974 1.0157 0.1931
-0.7007 1.2500 0.1280
-0.7025 -0.6009 0.0968
-0.6831 0.0828 0.1256
-0.6930 -0.8294 0.1318
-0.6807 0.4150 0.1953
-0.6959 0.6611 0.0981
-0.6893 -0.7322 0.1404
-0.6964 -0.2099 0.1680
-0.6833 0.7471 0.1291
-0.6875 -0.6365 0.0939
-0.6878 0.7773 0.1573
-0.6831 0.4554 0.1878
-0.6859 -0.9108 0.1790
-0.6859 -0.4711 0.1241
-0.6717 0.6000 0.1190
-0.6882 0.7050 0.1018
-0.6797 -0.1796 0.1881
-0.6796 0.0485 0.1259
-0.6726 0.6498 0.1011
-0.6675 -0.4908 0.1306
-0.6631 -0.7689 0.1527
-0.6682 -0.6109 0.0860
-0.6586 -0.5510 0.1234
-0.6609 0.5854 0.1309
-0.6235 0.6921 0.1362
-0.6578 1.2079 0.1117
-0.6496 -0.6529 0.0968
-0.6478 -0.4159 0.1649
-0.6490 -0.5994 0.0955
-0.6345 -0.4584 0.1599
-0.6404 1.2495 0.1362
-0.6288 -0.2959 0.1982
-0.6382 0.1286 0.1772
-0.6374 1.2191 0.1196
-0.6237 0.6451 0.1200
-0.6320 1.1371 0.1548
-0.6269 0.0023 0.1720
-0.6260 -0.6323 0.1020
-0.6225 -1.1574 0.3317
-0.6211 -0.9341 0.1826
-0.6205 -0.0614 0.2031
-0.6124 -0.6836 0.1331
-0.6130 0.9469 0.1685
-0.6088 0.3725 0.1672
-0.6081 0.7964 0.1952
-0.6072 0.5672 0.1469
-0.5842 -0.9158 0.1730
-0.6051 0.9662 0.1592
-0.6018 -0.6297 0.1241
-0.5815 0.6301 0.1357
-0.5916 1.2190 0.1435
-0.5731 0.9805 0.1430
-0.5815 -0.3573 0.2198
-0.5764 1.0717 0.1462
-0.5694 -0.2350 0.1982
-0.5627 0.2968 0.1168
-0.5387 0.4426 0.1308
-0.5555 0.5388 0.1374
-0.5488 0.9617 0.1389
-0.5617 1.1157 0.1305
-0.5598 0.2405 0.1281
-0.5577 0.8523 0.1927
-0.5442 -0.9173 0.1690
-0.5370 0.1667 0.1592
-0.5452 0.3191 0.1045
-0.5384 0.3387 0.1037
-0.5482 0.4840 0.1395
-0.5391 -0.9834 0.1761
-0.5376 -0.0039 0.1957
-0.5342 0.2362 0.1113
-0.5316 -0.7447 0.1734
-0.5316 -0.2378 0.1939
-0.5267 1.1233 0.1163
-0.5364 1.2197 0.1542
-0.5327 -0.6885 0.1635
-0.5173 0.2775 0.0955
-0.5286 0.6708 0.1743
-0.5184 0.3701 0.1012
-0.5131 0.6205 0.1497
-0.5057 0.8919 0.1844
-0.5138 -0.9469 0.1548
-0.5027 0.4952 0.1246
-0.5123 1.0966 0.1120
-0.5028 1.1578 0.1266
-0.4965 0.2462 0.1001
-0.4998 0.4327 0.1204
-0.5061 0.5417 0.1277
-0.5035 0.9802 0.1424
-0.4676 -0.6999 0.1513
-0.4952 -0.0805 0.1494
-0.4852 0.3983 0.1146
-0.5018 0.7810 0.2292
-0.4953 -0.2211 0.1749
-0.4917 1.2155 0.1523
-0.4905 0.3681 0.1011
-0.4890 1.0516 0.1212
-0.4881 1.0319 0.1259
-0.4831 1.1180 0.1157
-0.4810 -0.1268 0.1428
-0.4834 0.3440 0.0984
-0.4776 -1.0105 0.1662
-0.4695 -0.8411 0.1632
-0.4797 -0.6600 0.1747
-0.4604 -1.1105 0.2021
-0.4728 0.2216 0.1028
-0.4594 0.2759 0.1037
-0.4682 -1.2009 0.2118
-0.4666 0.5540 0.1427
-0.4662 0.5881 0.1520
-0.4594 -0.0255 0.1573
-0.4328 1.2374 0.1903
-0.4487 -0.0666 0.1287
-0.4541 0.1604 0.1169
-0.4280 0.2010 0.1043
-0.4615 0.3129 0.1085
-0.4566 0.1091 0.1494
-0.4539 -0.7913 0.1384
-0.4271 -1.1876 0.1693
-0.4390 -0.3731 0.2507
-0.4464 0.2417 0.0998
-0.4405 -0.1897 0.1428
-0.4435 1.0710 0.1378
-0.4321 0.4754 0.1454
-0.4329 -0.0975 0.1171
-0.4184 -0.7376 0.1277
-0.4208 -0.5701 0.2218
-0.4195 -0.9781 0.1557
-0.4213 0.1387 0.1176
-0.4253 0.9841 0.1751
-0.4127 1.1885 0.1648
-0.4160 -0.7711 0.1236
-0.4107 -0.0627 0.1356
-0.4132 0.3399 0.1303
-0.3969 0.1831 0.1146
-0.4103 -1.2351 0.1746
-0.4096 -0.9540 0.1559
-0.4107 -0.8604 0.1544
-0.4089 0.6800 0.2152
-0.4009 -1.0124 0.1678
-0.4000 -0.8348 0.1451
-0.4049 -0.1399 0.1180
-0.4044 1.1265 0.1602
-0.4002 -0.4407 0.2435
-0.3978 -0.2070 0.1450
-0.3990 0.2396 0.1197
-0.3926 0.1092 0.1312
-0.3829 -1.0727 0.1859
-0.3882 0.4083 0.1480
-0.3859 0.5170 0.1497
-0.3856 0.3453 0.1430
-0.3604 -0.7746 0.1274
-0.3643 -0.7234 0.1348
-0.3741 -0.5708 0.1919
-0.3752 -1.2386 0.1557
-0.3740 -0.1995 0.1383
-0.3715 0.2536 0.1328
-0.3341 0.4777 0.1347
-0.3628 -0.6939 0.1495
-0.3586 -0.1027 0.1343
-0.3678 0.0588 0.1624
-0.3457 0.0936 0.1481
-0.3521 0.6290 0.2074
-0.3460 -0.1390 0.1289
-0.3423 0.9378 0.1794
-0.3499 0.4332 0.1392
-0.3472 0.7693 0.2699
-0.3411 0.1297 0.1510
-0.3373 0.8500 0.2326
-0.3251 -1.2283 0.1275
-0.3168 1.1750 0.1685
-0.3384 -0.9469 0.1666
-0.3258 -0.7013 0.1478
-0.3309 0.5109 0.1477
-0.3161 0.5636 0.1825
-0.3295 1.0780 0.1751
-0.3253 -1.1949 0.1162
-0.3172 -0.3445 0.1559
-0.3237 0.9840 0.1568
-0.3140 -0.3060 0.1386
-0.3138 0.9109 0.1831
-0.2986 -0.8203 0.1821
-0.3065 0.2716 0.1344
-0.3015 1.2271 0.1934
-0.3068 -0.1713 0.1402
-0.3070 -0.4902 0.1970
-0.2985 -0.2498 0.1273
-0.3056 0.3074 0.1332
-0.2931 -1.1278 0.1389
-0.2887 1.0969 0.1631
-0.2883 -1.1664 0.1091
-0.2889 -0.9293 0.1699
-0.2934 -0.0856 0.1542
-0.2780 0.4483 0.1270
-0.2854 -1.2103 0.1039
-0.2776 -0.6025 0.1186
-0.2841 -0.2903 0.1137
-0.2865 0.3717 0.1369
-0.2715 -0.1976 0.1444
-0.2610 -1.1943 0.0961
-0.2727 -0.3585 0.1380
-0.2721 0.0175 0.1457
-0.2576 0.2469 0.1391
-0.2773 -0.7819 0.1900
-0.2700 -0.6258 0.1152
-0.2567 0.9747 0.1467
-0.2551 -1.1652 0.1043
-0.2601 1.1870 0.1612
-0.2500 -0.9549 0.1634
-0.2509 -0.5839 0.1072
-0.2522 -0.5530 0.1264
-0.2638 0.2841 0.1244
-0.2559 1.0200 0.1375
-0.2500 -0.6529 0.1229
-0.2592 -0.0594 0.1514
-0.2436 -0.0279 0.1402
-0.2507 0.0437 0.1476
-0.2406 -0.2674 0.1106
-0.2434 0.4572 0.1272
-0.2225 -0.2327 0.1225
-0.2349 0.3368 0.1234
-0.2286 -1.1912 0.1042
-0.2320 0.9974 0.1411
-0.2278 0.1682 0.1797
-0.2339 0.4192 0.1220
-0.2214 -1.2354 0.1252
-0.2290 0.1101 0.1739
-0.2254 -0.9427 0.1597
-0.2177 -0.5382 0.1319
-0.2237 -0.3011 0.1088
-0.2188 0.2470 0.1453
-0.2220 0.4000 0.1209
-0.2206 0.0498 0.1481
-0.2165 -0.9641 0.1518
-0.2078 0.6186 0.2477
-0.2102 -0.6611 0.1285
-0.2110 -0.6144 0.1033
-0.2119 -0.3594 0.1274
-0.2116 0.4333 0.1243
-0.1936 1.2261 0.1636
-0.2083 -1.0825 0.1579
-0.1822 0.5174 0.1826
-0.2042 1.1427 0.1475
-0.1984 -1.0516 0.1552
-0.1997 -0.6360 0.1161
-0.2025 0.3015 0.1345
-0.2020 -0.3105 0.1152
-0.1922 0.9907 0.1563
-0.1847 -1.2361 0.1305
-0.1715 -0.9683 0.1537
-0.1892 -0.3939 0.1232
-0.1904 -0.0374 0.1369
-0.1769 -0.1463 0.1667
-0.1826 -1.1479 0.1329
-0.1836 1.0518 0.1341
-0.1740 -0.2760 0.1186
-0.1784 1.1700 0.1444
-0.1792 1.1034 0.1455
-0.1695 0.3417 0.1467
-0.1609 -1.2191 0.1249
-0.1639 -0.5683 0.1315
-0.1384 -0.5464 0.1302
-0.1469 0.4861 0.1790
-0.1577 -0.4415 0.1081
-0.1445 -0.0514 0.1371
-0.1354 -1.0848 0.1454
-0.1559 -0.4029 0.1120
-0.1477 1.0445 0.1509
-0.1515 0.6782 0.2794
-0.1518 -0.4787 0.1118
-0.1443 -0.2594 0.1220
-0.1450 -0.2152 0.1215
-0.1463 0.8696 0.2434
-0.1275 0.1381 0.1950
-0.1374 -0.0079 0.1335
-0.1272 0.0124 0.1384
-0.1297 -0.6902 0.1571
-0.1308 -0.4232 0.1011
-0.1331 1.2419 0.1682
-0.1205 -0.5037 0.1153
-0.1152 -0.1376 0.1540
-0.0967 -1.0094 0.1620
-0.1175 0.2789 0.1761
-0.1235 1.2216 0.1531
-0.1186 -0.3794 0.1316
-0.1138 -1.2372 0.1519
-0.1136 -0.4625 0.1056
-0.1153 -0.2263 0.1213
-0.1189 0.3799 0.1759
-0.1199 -1.1591 0.1277
-0.1162 1.0725 0.1608
-0.1083 -0.8885 0.2098
-0.1075 -0.6836 0.1549
-0.1000 -1.0347 0.1582
-0.0915 -0.0719 0.1482
-0.0890 -1.1966 0.1375
-0.0927 0.0342 0.1465
-0.0811 1.1714 0.1430
-0.0766 0.7882 0.2269
-0.0835 -0.2368 0.1305
-0.0783 -1.1628 0.1380
-0.0552 0.8079 0.2223
-0.0765 -0.4713 0.1287
-0.0766 0.1205 0.1998
-0.0652 0.2318 0.1854
-0.0741 0.4531 0.2089
-0.0469 -0.7403 0.1755
-0.0666 -0.1768 0.1376
-0.0622 -0.6900 0.1579
-0.0652 -0.5897 0.1647
-0.0617 -0.5456 0.1568
-0.0617 0.0036 0.1445
-0.0543 1.2213 0.1596
-0.0616 -0.4034 0.1503
-0.0616 -0.2359 0.1361
-0.0437 0.2820 0.1630
-0.0481 -1.1848 0.1579
-0.0498 1.0962 0.1725
-0.0232 -0.9500 0.1730
-0.0483 -1.0971 0.1501
-0.0330 0.7690 0.2190
-0.0358 -0.6619 0.1510
0.0087 -1.0277 0.1346
-0.0279 0.9000 0.2420
-0.0181 1.2063 0.1591
-0.0242 -0.8559 0.2331
-0.0177 -0.0351 0.1442
-0.0117 1.1663 0.1510
-0.0168 -0.3116 0.1651
0.0024 0.2751 0.1499
0.0096 -0.1146 0.1241
-0.0022 -0.9349 0.1842
0.0085 1.0393 0.2288
0.0007 -0.3215 0.1632
0.0117 -1.0680 0.1374
0.0077 -0.1705 0.1197
0.0117 0.5699 0.2633
0.0072 0.4692 0.2137
0.0137 0.0333 0.1851
0.0218 1.1767 0.1618
0.0235 -0.4857 0.1696
0.0219 -0.1418 0.1143
0.0271 -0.7124 0.1419
0.0375 -0.3857 0.1445
0.0213 -0.0653 0.1299
0.0257 0.3676 0.1628
0.0643 -0.6859 0.1335
0.0300 0.1935 0.2043
0.0375 0.3077 0.1416
0.0422 -0.1756 0.1038
0.0436 -0.2130 0.1169
0.0488 -1.1725 0.1899
0.0795 -0.7318 0.1346
0.0618 -1.0724 0.1283
0.0634 -0.6501 0.1539
0.0605 0.7752 0.2460
0.0623 0.3077 0.1369
0.0596 -1.0299 0.1310
0.0668 -0.0509 0.1223
0.0767 0.2877 0.1409
0.0694 -0.1875 0.0974
0.0729 0.7037 0.2614
0.0698 -0.5217 0.1655
0.0788 -1.0354 0.1312
0.0722 -0.0777 0.1150
0.0761 0.8512 0.2508
0.0768 1.1395 0.1720
0.0905 -0.2916 0.1436
0.0840 0.4747 0.1874
0.0964 -0.0441 0.1269
0.0890 0.3610 0.1411
0.0953 -0.1936 0.0953
0.0991 -1.0972 0.1390
0.0988 -1.0529 0.1290
0.1104 -0.3728 0.1284
0.0886 -0.3473 0.1297
0.0955 -0.4267 0.1270
0.1199 -0.3998 0.1334
0.1064 -0.5321 0.1613
0.1020 -0.2257 0.1060
0.1080 -0.7058 0.1170
0.1115 1.1866 0.1734
0.1220 -1.2014 0.2093
0.1268 -0.7327 0.1279
0.1203 -0.4397 0.1334
0.1214 -0.1961 0.0972
0.1686 0.6047 0.1936
0.1306 -0.5112 0.1577
0.1321 -0.1483 0.0967
0.1461 -0.0684 0.1082
0.1376 0.4227 0.1562
0.1301 -0.6904 0.1205
0.1617 -0.3493 0.1463
0.1391 -0.1287 0.1003
0.1484 -0.1058 0.1003
0.1407 -0.0319 0.1342
0.1428 1.0942 0.1937
0.1464 0.0900 0.1999
0.1542 -0.7740 0.1772
0.1639 -0.2663 0.1339
0.1588 0.2958 0.1303
0.1589 -0.1473 0.1023
0.1604 -0.2184 0.1205
0.1781 0.3556 0.1248
0.1621 1.1363 0.1611
0.1737 0.0558 0.1841
0.1739 -0.5417 0.1705
0.1781 0.1681 0.1751
0.1727 0.2341 0.1573
0.1693 0.5226 0.1576
0.1746 0.9155 0.2851
0.1882 1.2440 0.2041
0.1883 -0.6490 0.1564
0.1854 0.3223 0.1197
0.1877 -1.0629 0.1528
0.1998 -1.1436 0.1595
0.1819 0.3733 0.1316
0.1868 -1.1986 0.1927
0.2057 -1.0964 0.1554
0.1848 0.5650 0.1589
0.1933 -1.0230 0.1714
0.2011 0.5001 0.1505
0.1952 -0.1290 0.1250
0.2011 -0.7296 0.1716
0.1989 -0.2775 0.1494
0.2038 0.4447 0.1553
0.2039 -0.6237 0.1653
0.2442 0.3463 0.1339
0.2020 1.1435 0.1490
0.2137 -0.9050 0.2353
0.2100 -0.0752 0.1312
0.2219 0.3004 0.1127
0.2422 -0.2961 0.1786
0.2245 0.1330 0.1748
0.2382 0.5501 0.1381
0.2505 -1.0824 0.1673
0.2454 -0.0475 0.1724
0.2420 0.2415 0.1400
0.2453 1.1557 0.1366
0.2432 0.9288 0.2406
0.2452 1.1807 0.1357
0.2705 -0.2524 0.1818
0.2742 0.6185 0.1768
0.2576 0.1027 0.1911
0.2586 0.2741 0.1226
0.2829 1.1711 0.1284
0.2759 -1.2342 0.2288
0.2639 -0.5989 0.1639
0.2703 -0.5128 0.1949
0.2771 -0.0559 0.2033
0.2965 -0.8451 0.1842
0.2854 -0.6243 0.1590
0.2941 0.3077 0.1336
0.2900 0.4751 0.1640
0.3059 -1.1699 0.1870
0.2971 0.5919 0.1532
0.3072 -0.9774 0.1837
0.3035 0.1440 0.1757
0.3130 0.5653 0.1350
0.3234 -0.1897 0.2256
0.3258 -0.4711 0.2131
0.3164 1.1829 0.1201
0.3226 0.9973 0.1643
0.3237 -0.8187 0.1802
0.3226 -0.2707 0.2308
0.3210 0.2716 0.1241
0.3387 1.0523 0.1582
0.3301 -0.7703 0.1765
0.3516 -1.0235 0.1582
0.3342 -0.7105 0.1725
0.3331 -0.5433 0.1691
0.3312 -0.8875 0.1847
0.3400 0.4725 0.1677
0.3523 0.5121 0.1342
0.3581 0.9398 0.1668
0.3425 0.2226 0.1314
0.3393 1.1872 0.1179
0.3435 1.2348 0.1479
0.3447 0.2763 0.1261
0.3417 0.9891 0.1534
0.3429 1.1514 0.1271
0.3525 -1.1635 0.1798
0.3565 -0.8440 0.1975
0.3596 1.0341 0.1460
0.3587 -0.6525 0.1585
0.3720 1.2455 0.1653
0.3720 -1.0466 0.1397
0.3788 0.7914 0.2656
0.3918 0.5735 0.1363
0.3873 -0.6778 0.1693
0.3918 0.1182 0.1890
0.3941 0.1954 0.1350
0.4062 1.1515 0.1399
0.3800 0.5384 0.1274
0.3898 0.9757 0.1454
0.3964 -1.0301 0.1262
0.3888 0.2274 0.1282
0.3902 0.3171 0.1524
0.3905 -0.6274 0.1580
0.4143 -1.0077 0.1321
0.4054 -0.4881 0.1719
0.4212 0.2511 0.1241
0.4264 0.6022 0.1598
0.4185 1.1304 0.1515
0.4219 -1.2288 0.2048
0.4196 -1.1290 0.1373
0.4219 0.5485 0.1409
0.4466 1.2008 0.1527
0.4446 -1.0736 0.1101
0.4337 -0.6098 0.1656
0.4424 0.8722 0.2153
0.4415 -0.4866 0.1663
0.4539 0.5178 0.1476
0.4554 0.9813 0.1559
0.4459 -0.4228 0.2083
0.4572 -1.1270 0.1253
0.4804 -1.1750 0.1438
0.4544 -0.2081 0.2636
0.4586 0.6796 0.1958
0.4684 0.1598 0.1443
0.4579 0.7593 0.2373
0.4674 0.3082 0.1239
0.4709 1.1127 0.1594
0.4630 0.4090 0.1641
0.4738 -0.5590 0.1767
0.4908 -1.1117 0.1124
0.4778 -1.0538 0.1085
0.4758 -0.0143 0.2557
0.4795 1.0209 0.1625
0.4861 0.0455 0.2107
0.4808 0.2147 0.1137
0.4904 0.3373 0.1183
0.4811 -1.0250 0.1159
0.4926 -1.0029 0.1342
0.4956 0.2357 0.1107
0.4852 0.6969 0.2102
0.4970 0.3722 0.1286
0.5147 1.2374 0.1860
0.4970 0.2993 0.1150
0.4987 0.1942 0.1222
0.5193 1.1832 0.1457
0.5168 0.9968 0.1744
0.5282 -1.1284 0.1228
0.5133 -0.7370 0.2097
0.5130 -0.6555 0.1711
0.5060 -0.5247 0.1707
0.5256 -0.2087 0.2204
0.5211 -1.0370 0.1169
0.5359 0.2230 0.1176
0.5235 0.9583 0.1960
0.5284 -0.4255 0.1853
0.5469 0.3391 0.1269
0.5264 0.5171 0.1414
0.5281 0.4192 0.1414
0.5439 0.5323 0.1466
0.5426 -1.1770 0.1622
0.5392 -0.0233 0.2392
0.5453 0.6734 0.2193
0.5441 1.1402 0.1507
0.5733 -1.0622 0.1191
0.5528 -0.2406 0.1899
0.5721 0.9822 0.2183
0.5746 -1.0191 0.1316
0.5601 -0.4480 0.1772
0.5620 0.1899 0.1398
0.5654 -0.7542 0.2105
0.5618 0.2982 0.1255
0.5574 0.4750 0.1318
0.5583 0.4994 0.1327
0.5763 -1.1354 0.1420
0.5797 0.2269 0.1385
0.5627 1.1250 0.1637
0.5806 0.0307 0.2096
0.5801 0.3427 0.1494
0.5806 -0.6598 0.1457
0.5833 -0.3218 0.1829
0.6133 -0.2350 0.1576
0.5916 1.1576 0.1563
0.5906 -0.6904 0.1496
0.6205 1.2387 0.1865
0.6068 -0.5938 0.1556
0.6303 0.0326 0.2101
0.6134 -1.0393 0.1284
0.6177 0.5479 0.1586
0.6145 -1.0838 0.1276
0.6226 0.1279 0.2063
0.6192 0.4615 0.1487
0.6334 1.1835 0.1609
0.6333 0.2679 0.1752
0.6360 -1.0189 0.1393
0.6213 -0.5428 0.1721
0.6289 -0.6824 0.1466
0.6348 -0.3742 0.1545
0.6452 0.4732 0.1519
0.6384 0.7742 0.2964
0.6420 -0.4425 0.1541
0.6556 -0.1410 0.1957
0.6748 -0.6462 0.1305
0.6591 -0.2823 0.1412
0.6630 -0.6337 0.1255
0.6621 -0.1990 0.1565
0.6642 -1.1500 0.1491
0.6663 -0.9537 0.1881
0.6891 -0.2803 0.1348
0.6936 0.4775 0.1688
0.6844 1.2478 0.1872
0.6827 -1.1821 0.1525
0.6934 -0.4949 0.1586
0.6788 -0.4303 0.1405
0.6888 0.6369 0.2248
0.6911 -1.1460 0.1444
0.6934 -1.0574 0.1511
0.7091 -0.9943 0.1747
0.7015 1.0867 0.1942
0.7034 -0.4455 0.1397
0.7077 0.2709 0.2029
0.7131 0.5501 0.1771
0.7141 1.1093 0.1720
0.7119 -0.1711 0.1764
0.7157 -0.8289 0.2408
0.7129 -0.5662 0.1443
0.7194 -1.2375 0.1969
0.7196 0.6353 0.2326
0.7327 -0.2964 0.1279
0.7230 -0.3642 0.1234
0.7225 -0.3277 0.1203
0.7254 0.0346 0.2285
0.7278 -1.2134 0.1709
0.7234 -0.6278 0.1264
0.7294 -0.0631 0.2316
0.7611 -1.0722 0.1820
0.7396 -0.1981 0.1724
0.7384 0.4062 0.2117
0.7429 0.8987 0.2829
0.7452 -0.5703 0.1487
0.7722 1.1213 0.1397
0.7686 -1.2133 0.1823
0.7436 -0.6300 0.1222
0.7604 -0.3757 0.1264
0.7460 0.5282 0.1806
0.7512 0.0060 0.2452
0.7469 1.1761 0.1358
0.7563 0.1525 0.1950
0.7577 1.2334 0.1566
0.7579 0.2165 0.1935
0.7744 -0.9557 0.2053
0.7778 -0.3094 0.1403
0.7775 -0.7584 0.1676
0.7893 1.1905 0.1269
0.7816 1.2223 0.1410
0.7894 -0.6978 0.1285
0.7972 -0.4407 0.1629
0.7859 -0.4084 0.1458
0.7964 -0.6668 0.1174
0.7954 0.2205 0.2006
0.8001 -0.8348 0.1975
0.8033 -0.3057 0.1650
0.8089 0.4146 0.2280
0.8110 -0.6801 0.1156
0.8053 0.9812 0.1951
0.8132 -1.1599 0.1892
0.8189 0.2155 0.2127
0.8334 -0.6097 0.1374
0.8167 0.1726 0.2106
0.8186 0.7808 0.3231
0.8298 1.1351 0.1287
0.8267 -0.7006 0.1206
0.8303 -1.0889 0.2030
0.8449 -0.5314 0.1778
0.8467 -0.4779 0.1921
0.8394 0.4995 0.2206
0.8457 1.0654 0.1357
0.8634 -0.9671 0.2043
0.8725 -0.6186 0.1305
0.8644 0.9665 0.1757
0.8684 1.0771 0.1235
0.8672 1.1385 0.1241
0.8565 1.2185 0.1570
0.8724 -0.7659 0.1630
0.8776 0.9467 0.1891
0.8878 0.4424 0.2510
0.9047 0.5506 0.2573
0.8816 1.2082 0.1671
0.8949 -0.6554 0.1168
0.9050 -0.8799 0.2034
0.9045 1.0747 0.1142
0.9301 1.1353 0.1442
0.9101 -0.6970 0.1284
0.9251 -0.8652 0.2052
0.9309 -1.0992 0.1815
0.9273 -1.2246 0.2769
0.9306 -0.9912 0.1826
0.9465 -0.6773 0.1313
0.9306 -0.8068 0.1885
0.9314 1.0264 0.1319
0.9419 -0.6136 0.1295
0.9357 1.0792 0.1190
0.9418 -0.5105 0.1672
0.9492 0.1946 0.2903
0.9565 -1.0496 0.1624
0.9544 -0.6472 0.1256
0.9631 1.0482 0.1340
0.9776 -0.6894 0.1462
0.9820 -0.5477 0.1478
0.9807 -1.1241 0.1867
0.9784 0.8660 0.2968
0.9965 -0.4609 0.1926
0.9884 0.3992 0.2897
0.9909 1.0609 0.1355
1.0137 -1.0616 0.1475
1.0127 -0.5705 0.1432
1.0219 -1.0140 0.1515
1.0354 1.0464 0.1445
1.0375 -0.5510 0.1517
1.0455 -0.4759 0.1866
1.0318 -0.0782 0.3772
1.0499 0.5600 0.1896
1.0285 0.5925 0.2122
1.0509 -0.6691 0.1704
1.0618 1.1263 0.1548
1.0463 -0.7853 0.2328
1.0628 -1.0353 0.1456
1.0583 0.2490 0.3478
1.0583 1.1619 0.1764
1.0524 0.1454 0.3321
1.0590 -0.9722 0.1788
1.0882 0.5370 0.1736
1.0809 1.2035 0.2061
1.0910 -1.1192 0.1767
1.0831 1.0550 0.1438
1.1005 -0.4216 0.2318
1.0863 -0.6714 0.1924
1.0895 -0.5677 0.1869
1.1029 1.0362 0.1547
1.1250 -1.0518 0.1461
1.1025 0.5801 0.1546
1.1112 0.7672 0.2803
1.1206 0.5241 0.1703
1.1204 0.6853 0.2125
1.1197 1.0575 0.1493
1.1238 -0.9669 0.1850
1.1363 -1.1360 0.1907
1.1429 -0.1837 0.2339
1.1622 1.2290 0.1951
1.1408 0.0641 0.2722
1.1322 0.5507 0.1508
1.1518 -0.2362 0.2281
1.1689 1.0419 0.1880
1.1587 -0.8679 0.2250
1.1731 1.1379 0.1729
1.1737 -1.0382 0.1687
1.1858 -0.6802 0.2295
1.1984 -1.1320 0.1996
1.1985 1.2384 0.1901
1.2058 -0.8234 0.2186
1.2066 -1.0383 0.1861
1.2119 -0.5174 0.2028
1.2099 -0.4851 0.2007
1.2151 -0.3261 0.2233
1.2391 1.2280 0.1825
1.2203 -0.3406 0.2283
1.2223 0.6392 0.1497
1.2273 1.0668 0.2014
1.2309 0.5970 0.1452
1.2398 -0.5225 0.2039
1.2404 0.5572 0.1538
1.2433 0.5792 0.1488
1.2367 0.7518 0.2102
1.2447 -0.8721 0.2228
1.2476 -0.1819 0.1705
1.2519 0.4319 0.2698
1.2578 0.6805 0.1544
1.2546 0.0152 0.1578
1.2556 -0.6895 0.2431
1.2546 0.1762 0.2631
1.2661 -1.1602 0.2598
1.2613 -0.2209 0.1815
1.2790 1.1460 0.1737
1.2631 -0.1543 0.1707
1.2708 -0.8230 0.2354
1.2679 -0.0431 0.1558
1.2764 -0.6242 0.2436
1.2807 0.0641 0.1645
1.2909 -0.2062 0.1905
1.2812 0.7218 0.1895
1.2876 0.0205 0.1442
1.2898 1.2259 0.1972
1.3084 0.5357 0.2119
1.3012 -1.0265 0.2634
1.3118 -0.4578 0.2566
1.3050 -0.1267 0.1779
1.3068 -0.0366 0.1462
1.3037 0.6089 0.1713
1.3068 0.7145 0.2019
1.3062 -0.8212 0.2624
1.3105 1.1541 0.1903
1.3324 -0.4967 0.2683
1.3221 0.3070 0.3635
1.3330 0.0367 0.1649
1.3445 1.2314 0.2510
1.3360 -0.0246 0.1596
1.3539 1.0626 0.2895
1.3560 -1.1540 0.3557
1.3570 0.2265 0.3220
1.3580 0.0696 0.1982
