points 
 2 
 1 
Tumour[19065]CD6810NNCodensity
-1.1496 -1.3815 0.2518
-1.1445 -1.3432 0.2213
-1.1473 -1.3180 0.2191
-1.1492 -1.1209 0.3158
-1.1466 -1.0847 0.3418
-1.1376 -0.9637 0.4704
-1.1373 0.5501 0.4341
-1.0696 -1.3827 0.1982
-1.0657 -1.2533 0.1957
-1.0647 0.4254 0.3161
-1.0563 0.8844 0.4320
-1.0187 -1.3803 0.1927
-1.0398 -1.2964 0.1730
-1.0246 0.3122 0.3505
-0.9769 -1.3312 0.1687
-1.0073 -1.1750 0.2274
-0.9562 -1.2595 0.1590
-0.9180 0.7026 0.2520
-0.9320 0.5105 0.2297
-0.9039 -1.3881 0.2220
-0.9188 0.8971 0.2923
-0.9135 0.4251 0.2020
-0.9049 0.3609 0.2449
-0.9063 0.5871 0.2536
-0.8659 -1.3228 0.1777
-0.9008 -1.2217 0.1456
-0.8886 0.7534 0.2091
-0.8831 -1.2488 0.1398
-0.8882 0.8453 0.2295
-0.8758 -1.2766 0.1455
-0.8785 -1.1245 0.1816
-0.8742 0.4192 0.2046
-0.8479 -1.2400 0.1376
-0.8415 -1.1167 0.1672
-0.8386 0.7631 0.1796
-0.8363 0.4556 0.2165
-0.8290 -1.0245 0.2644
-0.8240 0.4063 0.2419
-0.8242 -1.1950 0.1351
-0.8139 0.6890 0.2167
-0.8069 0.4739 0.2441
-0.7948 -1.1282 0.1555
-0.7763 0.8049 0.1640
-0.7686 -1.2002 0.1419
-0.7443 0.8366 0.1792
-0.7435 -1.2041 0.1428
-0.7323 -1.0692 0.2049
-0.7311 0.7865 0.1489
-0.6996 0.7575 0.1470
-0.7032 -1.2171 0.1600
-0.6888 0.7915 0.1468
-0.6989 -1.2000 0.1542
-0.6734 -1.1247 0.1906
-0.6615 -1.1710 0.1704
-0.6506 0.7900 0.1648
-0.6369 0.6654 0.2479
-0.6312 0.8001 0.1819
-0.6121 -1.3066 0.1993
-0.6002 0.7560 0.2065
-0.5754 -1.3352 0.2037
-0.5585 -1.3660 0.2319
-0.5571 -1.2439 0.1861
-0.5340 -1.1962 0.2008
-0.5042 0.5516 0.2879
-0.4989 -1.3969 0.2734
-0.4961 0.4104 0.3297
-0.4911 -1.2598 0.1811
-0.4880 1.0186 0.4325
-0.4756 0.7407 0.3001
-0.4388 -1.1766 0.2109
-0.4299 0.5841 0.2562
-0.4283 0.4197 0.2562
-0.4317 -1.2983 0.2204
-0.4204 -1.1397 0.2351
-0.3962 -1.1748 0.2073
-0.3973 0.4182 0.2398
-0.3488 0.5792 0.2311
-0.3397 0.4187 0.2346
-0.3108 0.6578 0.2686
-0.2965 -1.2351 0.1828
-0.2930 0.7096 0.3042
-0.2859 0.4797 0.2050
-0.2790 1.0514 0.3332
-0.2611 0.9855 0.2804
-0.2683 -1.3664 0.2337
-0.2697 -1.2016 0.1791
-0.2676 0.9557 0.2842
-0.2546 -1.2374 0.1570
-0.2479 1.0298 0.2986
-0.2319 0.5059 0.2028
-0.2137 0.9849 0.2747
-0.2165 -1.2292 0.1484
-0.2063 -1.1792 0.1901
-0.2060 0.5182 0.2016
-0.2029 -1.3417 0.1825
-0.1936 0.4779 0.2184
-0.1931 0.8578 0.3019
-0.1752 -1.3930 0.2393
-0.1712 -1.2683 0.1493
-0.1437 -1.2636 0.1554
-0.1362 0.4913 0.2138
-0.1271 0.6443 0.2325
-0.1123 -1.2239 0.1729
-0.0908 -1.3217 0.1854
-0.0692 0.5703 0.1983
-0.0512 0.6245 0.1944
-0.0264 -1.2606 0.1664
-0.0310 0.5728 0.2044
-0.0273 0.7278 0.2249
-0.0204 -1.2309 0.1669
-0.0091 0.7303 0.2265
-0.0070 0.8665 0.2357
-0.0032 0.9900 0.2070
-0.0044 -1.3111 0.2074
0.0053 0.7549 0.2457
0.0143 0.5172 0.2429
0.0211 -1.1906 0.1962
0.0417 -1.2216 0.2003
0.0388 -1.1687 0.2258
0.0385 0.9750 0.1580
0.0438 0.4007 0.3342
0.0730 0.9935 0.1370
0.0681 0.9545 0.1483
0.0850 1.0294 0.1440
0.0893 0.6057 0.2500
0.1183 0.9397 0.1641
0.1182 1.0616 0.1644
0.1329 1.0331 0.1449
0.1688 0.4935 0.2988
0.1644 -1.1509 0.3040
0.1885 0.6503 0.3348
0.1870 -1.3937 0.3412
0.1925 1.0000 0.1654
0.1995 0.3747 0.3584
0.2056 0.9640 0.1803
0.2139 1.0905 0.2389
0.2949 0.9420 0.2281
0.2824 -1.2960 0.2529
0.2796 -1.1681 0.3180
0.3079 0.9693 0.2370
0.3202 -1.3064 0.2563
0.3360 0.6051 0.3462
0.3220 0.9125 0.2683
0.3422 0.8357 0.3392
0.3371 -1.3933 0.3265
0.3494 -1.2852 0.2691
0.3463 0.3812 0.3114
0.3475 0.4388 0.2863
0.4111 -1.3305 0.3370
0.4212 0.4100 0.2612
0.4672 -1.2693 0.4055
0.4737 0.5580 0.2786
0.5240 0.4224 0.1914
0.5504 0.5135 0.2107
0.5879 0.4020 0.1411
0.6034 0.4387 0.1276
0.6258 0.4195 0.1162
0.6309 0.4476 0.1236
0.6497 0.4742 0.1429
0.6493 0.3463 0.1462
0.6816 0.3825 0.1126
0.6807 1.0731 0.4360
0.6972 0.3423 0.1479
0.7073 0.4087 0.1053
0.7238 0.7086 0.3433
0.7281 0.3968 0.1147
0.7306 0.4176 0.1161
0.7507 0.5316 0.2214
0.7486 0.9363 0.2468
0.7577 0.4458 0.1390
0.7727 0.7806 0.2748
0.7777 0.8493 0.2310
0.7832 0.4108 0.1444
0.8095 0.9384 0.2093
0.8408 0.4148 0.1524
0.8320 0.9300 0.2032
0.8546 0.8762 0.2110
0.8859 0.3917 0.1174
0.8957 0.6007 0.2964
0.9083 0.9357 0.2452
0.9042 0.3512 0.1245
0.9120 0.3686 0.1093
0.9319 0.4162 0.1050
0.9588 0.4408 0.1187
0.9349 0.3017 0.1804
0.9447 0.3623 0.1163
0.9489 0.3906 0.1058
0.9521 0.4647 0.1382
0.9491 0.9803 0.3064
0.9599 0.8815 0.2798
1.0056 0.4569 0.1643
1.0249 0.4661 0.1894
1.0330 0.6204 0.3105
1.0546 0.2414 0.2126
1.0968 0.2849 0.1635
1.0963 0.6813 0.3562
1.1062 0.2567 0.1663
1.1273 0.2688 0.1469
1.1652 0.3218 0.1313
1.1632 0.2676 0.1438
1.1860 0.3546 0.1410
1.1962 0.4249 0.1946
1.1958 0.8211 0.4566
1.2288 0.2907 0.1545
1.2292 0.3300 0.1440
1.2288 0.5188 0.2571
1.2366 0.3667 0.1554
1.2753 0.5482 0.2869
1.3089 0.3373 0.2080
1.3234 -1.3855 1.5370
1.3381 0.4304 0.2282
1.3354 -1.3443 1.5504
1.3393 0.4664 0.2477
1.3408 0.7628 0.5085
