points 
 2 
 1 
Tumour[19065]FoxP310NNCodensity
-1.1561 -0.1599 0.3359
-1.1198 -0.6035 0.1301
-1.1104 0.6091 0.5802
-1.1048 -0.0630 0.2285
-1.1047 0.2354 0.3512
-1.1023 -0.5650 0.1292
-1.1006 -0.5041 0.1933
-1.1015 -0.0408 0.2329
-1.0950 -0.6359 0.1199
-1.0893 -0.6158 0.1092
-1.0799 -0.6822 0.1616
-1.0769 -0.5651 0.1216
-1.0791 0.8944 0.7912
-1.0647 -0.0498 0.2002
-1.0622 -0.6755 0.1537
-1.0496 -0.0843 0.1889
-1.0523 -0.5523 0.1347
-1.0478 0.3132 0.3020
-1.0471 -0.6384 0.1279
-1.0452 -0.1347 0.2171
-1.0234 0.2082 0.2848
-1.0155 -0.0872 0.1884
-1.0086 0.2489 0.2558
-0.9767 -0.8536 0.3213
-0.9731 -0.5040 0.2295
-0.9595 -0.6033 0.1965
-0.9594 0.3217 0.2458
-0.9442 -0.8790 0.3123
-0.9057 -0.0732 0.1885
-0.9027 0.0320 0.2650
-0.8916 0.2805 0.2273
-0.8838 -0.5865 0.2187
-0.8778 1.0871 0.8186
-0.8679 0.7080 0.6244
-0.8564 -0.9013 0.2680
-0.8414 -0.1329 0.1998
-0.8415 -0.0513 0.1992
-0.8394 -0.0666 0.1907
-0.8298 0.3690 0.2792
-0.8312 -0.0764 0.1906
-0.8305 -0.6851 0.1906
-0.8313 -0.6542 0.1895
-0.8290 0.3504 0.2637
-0.8218 -0.6782 0.1835
-0.8204 0.3031 0.2524
-0.8034 -0.2297 0.2262
-0.7961 -0.6851 0.1845
-0.7707 -0.8341 0.2255
-0.7688 -0.1575 0.2041
-0.7699 1.1930 0.8070
-0.7642 -0.5165 0.2856
-0.7620 0.2006 0.3270
-0.7574 -0.9469 0.3052
-0.7542 -0.3092 0.2243
-0.7518 -0.9054 0.2639
-0.7268 -0.2619 0.1941
-0.7250 1.2194 0.8099
-0.7084 -0.8728 0.2679
-0.7025 -0.6458 0.2249
-0.6851 0.2900 0.3751
-0.6739 -0.7348 0.2491
-0.6701 -0.6613 0.2472
-0.6659 -0.2941 0.1894
-0.6556 -0.2680 0.1932
-0.6494 -0.3636 0.1936
-0.6499 -0.3386 0.1911
-0.6460 -0.0953 0.3041
-0.5805 -0.4906 0.2167
-0.5765 -0.4351 0.1933
-0.5568 -0.2044 0.2982
-0.5546 -0.4932 0.2228
-0.5136 -0.4292 0.2149
-0.5115 0.3426 0.5360
-0.4874 -0.4643 0.2598
-0.4848 -0.3834 0.2420
-0.3501 0.7681 0.3783
-0.2582 1.1742 0.6815
-0.2553 0.7921 0.2837
-0.2250 -0.7379 0.6005
-0.2134 0.8150 0.2883
-0.2092 0.6914 0.2235
-0.2058 0.1932 0.1618
-0.2021 0.7614 0.2333
-0.1961 0.7165 0.2165
-0.1873 0.4686 0.2444
-0.1757 1.2994 0.8572
-0.1682 0.1884 0.1160
-0.1656 0.2134 0.1204
-0.1501 0.3912 0.1927
-0.1453 -0.0538 0.2438
-0.1450 0.4301 0.1965
-0.1448 0.7551 0.2470
-0.1409 0.1415 0.1094
-0.1337 0.2161 0.1096
-0.1240 0.1495 0.0987
-0.1198 0.2772 0.1570
-0.1047 0.1511 0.0990
-0.1080 0.0179 0.1733
-0.1048 0.3264 0.1704
-0.1028 0.1992 0.1112
-0.0991 -0.1934 0.3121
-0.0946 -0.2120 0.3221
-0.0952 0.0652 0.1439
-0.0899 -0.9390 0.5418
-0.0894 0.5931 0.2470
-0.0882 -0.0235 0.2072
-0.0799 0.3580 0.1794
-0.0801 0.0962 0.1285
-0.0747 0.5568 0.2416
-0.0729 0.1024 0.1309
-0.0718 0.4261 0.1888
-0.0654 -0.2167 0.3190
-0.0614 0.1803 0.1385
-0.0507 -0.9718 0.5203
-0.0453 0.5992 0.2754
-0.0163 0.3985 0.2136
0.0134 -0.0205 0.2648
0.0181 -0.5260 0.3337
0.0523 -0.3874 0.3094
0.0724 -0.4725 0.2887
0.0799 0.3744 0.1940
0.0848 0.2575 0.2219
0.1008 0.2758 0.2058
0.1061 0.2859 0.1977
0.1290 -0.3865 0.2978
0.1257 -0.7466 0.2997
0.1430 -0.5565 0.2531
0.1437 -0.0485 0.4075
0.1433 0.4678 0.2015
0.1517 0.4559 0.1887
0.1524 -0.7397 0.2796
0.1649 -0.5820 0.2567
0.1653 0.4711 0.2019
0.1781 0.4440 0.1829
0.1812 0.2775 0.2116
0.1940 -0.5572 0.2651
0.2041 0.2988 0.2090
0.2179 0.4148 0.1939
0.2466 -0.7964 0.2299
0.2445 -0.8690 0.2048
0.2608 -0.8336 0.2017
0.2679 -0.3087 0.3435
0.2684 0.0865 0.3711
0.3047 -0.3761 0.3121
0.3304 0.4221 0.2763
0.3352 -0.9359 0.1564
0.3394 -0.9495 0.1663
0.3411 0.2706 0.2967
0.3443 -0.6362 0.3574
0.3461 -0.8787 0.1506
0.3560 -0.9182 0.1458
0.3670 -0.9618 0.1745
0.3951 0.1245 0.3386
0.4130 -0.9099 0.1598
0.4229 -0.3791 0.3505
0.4248 -0.3309 0.3705
0.4511 -0.8616 0.1948
0.4539 0.3963 0.3159
0.4545 -0.3057 0.4030
0.4741 0.2171 0.2870
0.4817 -0.8423 0.2344
0.5068 0.4670 0.3323
0.5177 -0.9100 0.2458
0.5427 -1.0029 0.3148
0.5491 -0.5687 0.4728
0.5576 0.1726 0.2467
0.5659 0.0428 0.3045
0.5805 0.4836 0.3327
0.6195 0.1854 0.2378
0.6214 0.4036 0.3058
0.6262 0.1311 0.2421
0.6542 0.2247 0.2666
0.6579 0.6645 0.4737
0.6694 0.0555 0.3062
0.6725 0.5430 0.3947
0.6889 0.0303 0.3380
0.7005 -0.3747 0.4998
0.7109 1.0310 0.4161
0.7698 -0.9052 0.5424
0.7738 0.3057 0.3678
0.7820 0.9618 0.2875
0.8487 -0.3226 0.4429
0.8577 0.9617 0.2092
0.8605 0.3931 0.4793
0.8613 0.9036 0.2139
0.9006 0.9046 0.1918
0.9368 0.9942 0.2035
0.9427 0.8974 0.1858
0.9761 0.9092 0.1825
0.9942 -0.5345 0.4510
0.9952 -0.0240 0.3578
0.9969 -0.3415 0.3289
1.0155 -1.0149 0.7527
1.0172 0.9041 0.1973
1.0387 -0.0933 0.3092
1.0491 -0.3497 0.3121
1.0495 1.0141 0.2169
1.0550 0.9597 0.1930
1.0583 -0.9326 0.7147
1.0722 0.0653 0.3087
1.0755 1.3220 0.4427
1.1008 -0.1807 0.2888
1.1093 1.3146 0.4273
1.1144 -0.1865 0.2899
1.1216 1.2304 0.3440
1.1349 0.1081 0.3098
1.1403 -0.6909 0.5496
1.1485 0.9652 0.2405
1.1577 1.0132 0.2567
1.1584 0.0458 0.2955
1.1709 -0.4485 0.3679
1.1696 1.0617 0.2856
1.1725 1.2708 0.4006
1.1723 -0.3716 0.3395
1.1738 0.2549 0.4095
1.1948 0.8738 0.2952
1.1916 -0.1696 0.3399
1.1990 0.2149 0.3895
1.2582 0.2019 0.4227
1.3094 0.7972 0.4321
1.3174 0.7475 0.4743
1.3273 -0.4726 0.5272
1.3277 0.4926 0.6226
