points 
 2 
 1 
Tumour[19065]CD810NNCodensity
-1.3194 0.2276 0.2905
-1.3082 0.0145 0.2784
-1.3041 0.3125 0.2535
-1.2949 -0.7099 0.3458
-1.2875 0.2296 0.2686
-1.2861 -0.1315 0.1841
-1.2840 -0.8005 0.2665
-1.2721 -1.0387 0.2976
-1.2702 0.4031 0.2030
-1.2545 -0.8573 0.2248
-1.2645 -0.2255 0.2050
-1.2556 0.4466 0.2013
-1.2517 -1.1458 0.3800
-1.2511 -0.1703 0.1523
-1.2460 -0.2204 0.1850
-1.2292 -0.0272 0.1909
-1.2090 0.4441 0.1613
-1.2105 -0.8783 0.2065
-1.2010 -0.1206 0.1335
-1.1886 -0.9736 0.2307
-1.1926 -0.8108 0.2140
-1.1891 -0.0529 0.1620
-1.1866 -0.1650 0.1304
-1.1836 0.1179 0.2247
-1.1817 -1.1425 0.3479
-1.1784 0.3500 0.1886
-1.1776 0.4691 0.1580
-1.1702 0.0125 0.1936
-1.1646 0.4323 0.1428
-1.1604 -0.1659 0.1330
-1.1426 0.4565 0.1502
-1.1405 -0.1418 0.1279
-1.1386 0.1231 0.2128
-1.1395 0.1730 0.2401
-1.1298 -1.0464 0.2585
-1.1371 -0.4109 0.3893
-1.1262 -0.1143 0.1312
-1.1180 -0.7523 0.2463
-1.1162 -0.8267 0.2260
-1.1055 -0.8724 0.2193
-1.0945 0.3791 0.1757
-1.0951 0.5157 0.1822
-1.0772 -0.0420 0.1658
-1.0735 -0.1317 0.1327
-1.0676 -0.6329 0.2993
-1.0667 -0.1863 0.1368
-1.0638 0.3403 0.2230
-1.0520 -1.0175 0.2884
-1.0530 0.0670 0.1604
-1.0392 -0.1314 0.1336
-1.0437 0.4238 0.1570
-1.0347 -0.2375 0.1710
-1.0354 -0.2038 0.1443
-1.0212 0.0561 0.1342
-1.0234 0.5092 0.1712
-1.0101 0.0179 0.1271
-1.0172 0.5109 0.1749
-1.0101 -0.0521 0.1460
-1.0083 1.2542 1.2419
-0.9989 0.0755 0.1300
-0.9996 -0.9592 0.3015
-0.9806 0.4415 0.1755
-0.9793 -0.2266 0.1610
-0.9746 0.1680 0.1874
-0.9732 -0.1018 0.1515
-0.9688 0.1240 0.1466
-0.9692 -0.6436 0.2254
-0.9565 -0.1539 0.1573
-0.9561 0.4553 0.1970
-0.9458 0.0418 0.1209
-0.9413 -0.0982 0.1591
-0.9468 -0.0050 0.1218
-0.9344 0.4743 0.2174
-0.9289 0.0157 0.1248
-0.9289 -0.7274 0.2113
-0.9274 -0.6265 0.2209
-0.9324 -0.2638 0.1828
-0.9194 -0.8420 0.2847
-0.9140 0.1873 0.1804
-0.9084 0.6596 0.3954
-0.9044 -0.6521 0.2036
-0.9046 -0.0052 0.1413
-0.8914 0.0965 0.1459
-0.8792 -0.2864 0.1914
-0.8762 -0.3954 0.2767
-0.8679 -0.0277 0.1641
-0.8606 -0.6898 0.2090
-0.8592 0.1389 0.1385
-0.8514 -0.2444 0.1938
-0.8415 -0.6760 0.2182
-0.8271 0.2324 0.2133
-0.8263 -1.1895 0.5374
-0.8233 -0.2392 0.2032
-0.8120 -0.8402 0.3118
-0.8117 0.1024 0.1141
-0.8047 0.0677 0.1141
-0.8014 0.1604 0.1393
-0.7979 0.1231 0.1171
-0.7965 -0.6063 0.2605
-0.7895 -0.3042 0.2029
-0.7763 0.0471 0.1150
-0.7807 0.0743 0.1068
-0.7778 -0.0716 0.2208
-0.7570 0.0155 0.1315
-0.7497 0.5001 0.4081
-0.7163 0.0602 0.1152
-0.7216 0.0117 0.1440
-0.7271 -0.3244 0.2299
-0.7183 0.1628 0.1408
-0.6818 0.0826 0.1124
-0.7096 -0.3449 0.2415
-0.6972 0.1119 0.1129
-0.6896 0.1550 0.1330
-0.6825 -0.4592 0.2649
-0.6687 -0.9965 0.3499
-0.6569 -0.8477 0.3503
-0.6550 -0.2533 0.3040
-0.6511 0.1198 0.1066
-0.6438 0.0993 0.1086
-0.6385 0.2838 0.2188
-0.6306 -0.5513 0.2216
-0.6287 0.2608 0.1889
-0.6201 -0.6525 0.2855
-0.6083 0.0829 0.1307
-0.5983 0.0360 0.1760
-0.5941 0.1907 0.1335
-0.5845 0.1387 0.1232
-0.5855 -1.0347 0.3201
-0.5787 0.1656 0.1303
-0.5678 -0.5563 0.1757
-0.5597 0.1997 0.1472
-0.5375 -0.9330 0.2964
-0.5279 -0.5618 0.1612
-0.5219 -1.0564 0.3012
-0.5206 -0.4530 0.1662
-0.5253 0.6787 0.4188
-0.5150 0.1365 0.1689
-0.5089 -0.4800 0.1457
-0.5124 -0.4111 0.2113
-0.4967 -0.5474 0.1471
-0.4881 0.2604 0.1898
-0.4958 0.5344 0.4363
-0.4560 -0.5404 0.1559
-0.4485 -0.4451 0.1886
-0.4434 0.1948 0.1699
-0.4460 -0.0884 0.3720
-0.4439 -0.9356 0.2703
-0.4423 -1.1644 0.3789
-0.4307 -0.5229 0.1712
-0.4158 0.2854 0.1985
-0.4106 0.2032 0.1695
-0.4020 0.0450 0.2718
-0.4050 0.8406 0.2399
-0.3958 0.1256 0.2076
-0.3994 0.8117 0.2288
-0.3848 -0.9959 0.2529
-0.3818 -0.5526 0.2347
-0.3736 0.2520 0.1882
-0.3666 0.3677 0.2946
-0.3694 -0.7741 0.3156
-0.3485 -0.1831 0.4087
-0.3275 -0.8207 0.2656
-0.3185 0.2692 0.2300
-0.3182 0.7633 0.1692
-0.3108 0.1375 0.2514
-0.2711 0.7924 0.1323
-0.2921 -1.0475 0.2546
-0.2933 0.8729 0.1550
-0.2744 -1.0148 0.2310
-0.2758 -0.3481 0.3693
-0.2788 0.8402 0.1290
-0.2684 -0.8756 0.2162
-0.2692 0.8604 0.1386
-0.2349 0.8164 0.1192
-0.2422 -0.4204 0.3768
-0.2232 -1.0332 0.2495
-0.2373 0.6700 0.1851
-0.2338 -0.8564 0.2181
-0.2203 0.7073 0.1727
-0.2181 0.7985 0.1260
-0.1982 0.8460 0.1459
-0.2080 -0.8841 0.2150
-0.1848 0.5598 0.1643
-0.1713 0.2252 0.3573
-0.1770 0.5912 0.1551
-0.1543 0.4687 0.2004
-0.1759 0.6007 0.1551
-0.1592 -0.9823 0.2328
-0.1535 -0.0521 0.3598
-0.1524 0.8317 0.1696
-0.1403 -0.7433 0.2701
-0.1367 0.6261 0.1586
-0.1412 0.7408 0.1867
-0.1345 -0.0055 0.3606
-0.1336 -0.0457 0.3617
-0.1137 1.1422 0.3722
-0.0948 0.5660 0.1464
-0.0956 -0.8427 0.2160
-0.0845 0.5267 0.1449
-0.0884 0.9083 0.2025
-0.0770 0.5006 0.1549
-0.0728 0.4737 0.1669
-0.0638 -1.1244 0.3215
-0.0538 -0.7346 0.2449
-0.0477 0.9303 0.1918
-0.0395 0.7773 0.2130
-0.0364 0.6738 0.1883
-0.0338 0.8659 0.1895
-0.0253 -0.9352 0.2647
-0.0276 -0.3086 0.3410
-0.0224 0.4011 0.2010
-0.0203 1.0963 0.2504
-0.0114 -0.8940 0.2359
-0.0136 0.3221 0.2708
-0.0115 0.6683 0.1833
-0.0064 -1.1577 0.3345
-0.0040 -0.2768 0.3318
0.0078 0.5247 0.1747
0.0086 1.0072 0.1901
0.0138 0.8913 0.1797
0.0165 0.5840 0.1726
0.0187 -0.8031 0.1955
0.0218 -0.7491 0.2057
0.0151 -0.3218 0.3276
0.0358 0.4115 0.2167
0.0448 -1.1567 0.3229
0.0623 -0.7714 0.1849
0.0589 0.9266 0.1790
0.0534 -0.0090 0.3239
0.0540 1.0122 0.1861
0.0604 0.4023 0.2372
0.0612 0.5999 0.2020
0.0625 1.0865 0.2267
0.0746 0.6391 0.2156
0.0935 -0.2676 0.2846
0.0991 0.7256 0.2284
0.1029 0.1445 0.2689
0.1124 0.8800 0.1889
0.1470 -0.7460 0.1545
0.1263 -0.6921 0.1681
0.1331 1.1466 0.3087
0.1474 -1.1350 0.2732
0.1452 0.1144 0.2271
0.1484 -0.8732 0.1749
0.1485 0.2498 0.2727
0.1802 0.9608 0.2227
0.1643 -0.6477 0.1481
0.1543 1.0374 0.2339
0.1555 -0.5578 0.1853
0.1596 0.8071 0.2063
0.1602 -0.4672 0.2714
0.1630 0.8546 0.1966
0.1761 -0.8584 0.1571
0.1866 -0.2799 0.2760
0.1931 -0.8875 0.1838
0.1925 -0.8183 0.1405
0.1948 -0.5884 0.1486
0.2010 -0.7593 0.1541
0.1921 -0.7010 0.1442
0.2027 -0.0950 0.1732
0.2001 0.0889 0.1955
0.2116 -1.1245 0.2422
0.2081 -0.5151 0.1985
0.2117 0.1282 0.1864
0.2156 0.8593 0.1999
0.2249 -0.8204 0.1458
0.2291 -0.6393 0.1369
0.2333 -1.1469 0.2245
0.2325 -0.6225 0.1368
0.2590 -0.1016 0.1007
0.2604 0.6811 0.1975
0.2612 -0.8676 0.1924
0.2679 -0.1550 0.1165
0.2730 -0.2146 0.1739
0.2713 0.7687 0.1627
0.2781 0.5767 0.2501
0.2812 -0.6317 0.1500
0.2884 0.3689 0.1785
0.2948 0.2005 0.2152
0.2903 0.3891 0.1734
0.2873 0.1187 0.1625
0.2865 -0.1114 0.0798
0.2983 -1.1816 0.1867
0.2955 0.4176 0.1707
0.2906 -0.1079 0.0781
0.2921 -0.1123 0.0792
0.3051 -0.7053 0.1937
0.2988 -0.0800 0.0902
0.3028 0.0520 0.1546
0.3153 0.7490 0.1338
0.3149 0.0217 0.1512
0.3276 -1.1189 0.1876
0.3177 -0.0191 0.1342
0.3232 -0.5956 0.1764
0.3284 -0.1231 0.1003
0.3272 -0.0716 0.1037
0.3276 1.0793 0.2904
0.3333 0.3677 0.1477
0.3300 0.8833 0.1819
0.3480 -0.5680 0.1979
0.3396 -0.8026 0.2523
0.3503 -0.2200 0.2001
0.3461 0.7288 0.1259
0.3452 0.7815 0.1277
0.3532 0.0590 0.1565
0.3574 0.6743 0.1528
0.3509 -1.1795 0.1661
0.3594 -0.1260 0.1300
0.3622 0.1081 0.1569
0.3560 0.9438 0.2019
0.3585 0.7498 0.1258
0.3584 -1.1855 0.1666
0.3745 -0.5778 0.2135
0.3813 0.7716 0.1337
0.3862 -0.3818 0.3065
0.3876 0.1578 0.1716
0.3830 0.3999 0.1283
0.3869 0.8241 0.1433
0.3901 0.4333 0.1453
0.3944 0.4722 0.1771
0.3946 0.5857 0.2173
0.3925 0.6215 0.1940
0.4013 0.3925 0.1329
0.4065 0.1980 0.1814
0.4068 -1.2026 0.1842
0.4158 -0.0414 0.1857
0.4214 0.8925 0.1689
0.4342 1.0192 0.1970
0.4331 0.3129 0.1625
0.4365 -1.1576 0.1759
0.4369 0.3901 0.1449
0.4471 0.1283 0.1816
0.4425 0.8531 0.1808
0.4412 1.1693 0.3541
0.4538 -1.0830 0.2176
0.4544 0.9173 0.1668
0.4614 -0.4341 0.2712
0.4649 -1.2020 0.2007
0.4659 0.6867 0.2105
0.4691 1.0229 0.1895
0.4716 0.2218 0.1844
0.4858 0.2762 0.1670
0.4878 -0.5757 0.2685
0.4893 0.0426 0.1609
0.5013 -0.2940 0.2577
0.4971 -0.1187 0.1804
0.5076 0.3235 0.1628
0.5171 0.0470 0.1484
0.5237 1.0051 0.1889
0.5300 -0.0404 0.1380
0.5349 0.3744 0.1937
0.5391 0.0161 0.1307
0.5487 -0.1772 0.2004
0.5424 -1.1788 0.2151
0.5415 -0.1502 0.1815
0.5512 -0.5007 0.2724
0.5465 0.9715 0.1840
0.5494 0.3506 0.1967
0.5505 0.6975 0.2912
0.5542 -0.0985 0.1494
0.5589 -0.2648 0.2651
0.5641 -0.0414 0.1302
0.5682 0.2405 0.2067
0.5702 0.9442 0.1985
0.5786 -1.0872 0.2330
0.5787 -1.0498 0.2542
0.5846 0.0966 0.1633
0.5892 0.0035 0.1133
0.5948 -0.6540 0.3432
0.6039 0.9895 0.2299
0.6041 0.0509 0.1241
0.6015 -0.4154 0.2968
0.6558 0.0434 0.1180
0.6391 -0.0504 0.1352
0.6467 -0.9209 0.3740
0.6434 -1.1941 0.2868
0.6557 0.0093 0.1107
0.6660 -1.1821 0.2941
0.6596 -0.0255 0.1220
0.6612 -0.0187 0.1177
0.6732 0.1639 0.1768
0.6743 -0.5577 0.2778
0.6838 0.7412 0.2917
0.6820 0.0726 0.1392
0.6876 0.1964 0.1917
0.6885 0.8127 0.2874
0.6935 0.9785 0.2738
0.7072 0.2785 0.2326
0.7244 0.2128 0.1956
0.7258 0.3992 0.2708
0.7301 0.5446 0.2583
0.7383 -1.0118 0.3168
0.7436 0.0687 0.1565
0.7518 -0.5527 0.2608
0.7478 0.0090 0.1612
0.7801 -0.5998 0.2664
0.7813 -0.2945 0.3559
0.7854 0.0997 0.1650
0.7895 0.7394 0.2397
0.7908 1.1118 0.2759
0.7978 0.5594 0.2135
0.8032 0.4947 0.2328
0.8187 -0.4959 0.2568
0.8233 0.1083 0.1726
0.8213 0.9896 0.2806
0.8268 0.2952 0.2443
0.8235 -0.9977 0.3391
0.8261 1.2096 0.3095
0.8285 -0.2045 0.2928
0.8262 1.1004 0.2486
0.8408 0.0090 0.1959
0.8375 0.6551 0.2083
0.8459 0.7965 0.2631
0.8522 0.1547 0.1851
0.8566 0.5593 0.2125
0.8651 -1.0604 0.3486
0.8683 0.5980 0.2075
0.8654 0.3581 0.2827
0.8794 -0.0594 0.2177
0.8754 0.6525 0.2200
0.8941 -0.5585 0.2197
0.8895 0.0811 0.1825
0.9001 0.2297 0.2111
0.9130 -0.4851 0.2516
0.9058 1.2081 0.2537
0.9077 0.8619 0.2775
0.9158 -0.5952 0.2167
0.9196 -0.1808 0.2246
0.9281 -0.0988 0.1932
0.9458 0.1028 0.1818
0.9547 -0.7243 0.2472
0.9618 1.1131 0.1768
0.9706 -1.1497 0.3833
0.9882 0.9725 0.2014
0.9867 -0.8177 0.3104
0.9828 -0.2113 0.2439
0.9833 -0.0832 0.1688
0.9856 0.1529 0.1668
0.9858 0.1798 0.1648
0.9978 1.1937 0.2225
1.0009 -0.6618 0.2129
1.0066 1.0326 0.1519
1.0109 -0.7123 0.2358
1.0151 -0.0613 0.1605
1.0162 -0.9249 0.3560
1.0132 1.0677 0.1346
1.0185 -0.4846 0.2756
1.0301 -0.4474 0.3100
1.0285 0.4791 0.2528
1.0279 0.8117 0.2902
1.0273 0.0455 0.1869
1.0374 0.1707 0.1565
1.0414 0.5958 0.2526
1.0376 1.0200 0.1575
1.0505 0.2686 0.1720
1.0464 1.0676 0.1362
1.0560 0.8321 0.2878
1.0664 -0.6442 0.2415
1.0557 1.0960 0.1448
1.0565 -0.0538 0.1653
1.0621 -0.2142 0.2787
1.0659 0.5539 0.2574
1.0750 -1.1545 0.4346
1.0625 -0.0535 0.1684
1.0737 0.4821 0.2542
1.0755 -0.6687 0.2563
1.0800 0.2913 0.1916
1.0795 1.1314 0.1869
1.0830 1.0539 0.1671
1.0904 0.1878 0.1622
1.0936 -0.0054 0.2011
1.0914 0.2258 0.1576
1.0938 0.2314 0.1604
1.1022 -0.0279 0.2074
1.1351 0.4632 0.2732
1.1335 0.8554 0.3246
1.1462 0.2743 0.2258
1.1452 0.5945 0.3228
1.1491 -1.1073 0.4573
1.1609 -1.1143 0.4745
