points 
 2 
 1 
Tumour[19065]FoxP310NNCodensity
-1.7263 -0.2025 0.4377
-1.7201 0.3914 0.4280
-1.7173 -0.0744 0.4331
-1.7150 0.8211 0.4052
-1.7060 0.0563 0.3945
-1.6836 -0.1188 0.4115
-1.6681 -1.1908 0.7740
-1.6621 0.6342 0.3897
-1.6544 -0.9110 0.5332
-1.6454 0.9492 0.3741
-1.6338 -1.0179 0.5623
-1.6326 -0.4365 0.3884
-1.6380 1.1210 0.4852
-1.6307 0.3193 0.3250
-1.6292 0.7817 0.3333
-1.6077 0.1094 0.3427
-1.5729 -0.4247 0.3360
-1.5654 0.3778 0.3027
-1.5611 0.2724 0.2969
-1.5509 -1.0160 0.5197
-1.5478 0.8403 0.2927
-1.5304 0.7882 0.2967
-1.5170 -0.4673 0.3302
-1.5070 -0.4232 0.3101
-1.5033 -0.0538 0.3959
-1.4923 0.4262 0.2811
-1.4947 0.7924 0.3020
-1.4876 1.2363 0.5597
-1.4524 -0.8676 0.4711
-1.4537 0.1369 0.3501
-1.4546 0.7674 0.3260
-1.4482 -0.4606 0.3117
-1.4219 0.4128 0.2721
-1.4278 -0.4240 0.3025
-1.4228 -0.9621 0.4873
-1.4170 0.4878 0.2776
-1.4143 0.1958 0.3466
-1.3800 1.2444 0.6022
-1.3757 1.0568 0.4310
-1.3636 -0.9230 0.4960
-1.3497 -0.4660 0.3277
-1.3453 0.0258 0.4365
-1.3256 0.5194 0.2642
-1.3148 1.0117 0.4643
-1.3090 0.4853 0.2748
-1.3100 0.5656 0.2640
-1.2929 0.6001 0.2762
-1.2309 -0.4622 0.3715
-1.2189 -0.1667 0.4352
-1.1908 0.6398 0.3093
-1.1776 0.2114 0.4493
-1.1306 -0.3062 0.3850
-1.1288 -0.3693 0.3757
-1.1266 0.6559 0.3270
-1.1054 0.3276 0.4551
-1.1000 -1.0279 0.6970
-1.0980 -0.1260 0.4641
-1.0923 0.7291 0.3225
-1.0780 -0.6056 0.4985
-1.0563 0.2601 0.5249
-1.0534 0.7905 0.3204
-0.9868 -0.0774 0.5374
-0.9698 0.7808 0.3363
-0.9684 -0.6052 0.5223
-0.9721 0.9005 0.3567
-0.9409 -0.3923 0.4645
-0.9419 0.9367 0.3946
-0.9256 -0.9686 0.7662
-0.9229 0.8779 0.3702
-0.8484 0.9867 0.5252
-0.7845 0.4926 0.6592
-0.7278 -0.4542 0.5645
-0.5855 -0.6584 0.5926
-0.5340 0.1367 0.6831
-0.5255 0.0499 0.6267
-0.4943 -0.5107 0.3942
-0.4507 -0.0732 0.5130
-0.3849 0.2429 0.7389
-0.3609 -0.3229 0.2678
-0.3389 -0.3356 0.2463
-0.3302 -0.4096 0.2152
-0.3267 -0.3844 0.2122
-0.3214 -0.4316 0.2219
-0.2950 -1.1797 0.3735
-0.2881 -0.3739 0.2111
-0.2515 0.8340 0.3104
-0.2140 -1.0545 0.2544
-0.1899 -1.0485 0.2328
-0.1854 -0.4293 0.2329
-0.1850 0.7108 0.2147
-0.1704 -0.4632 0.2493
-0.1617 0.7617 0.1769
-0.1424 0.7148 0.1705
-0.1188 -1.1499 0.1741
-0.1121 -0.5052 0.2979
-0.1094 -1.1075 0.1574
-0.0911 -1.1902 0.2032
-0.0876 -1.1518 0.1643
-0.0869 -0.2825 0.3789
-0.0810 0.7743 0.1254
-0.0654 0.6982 0.1353
-0.0630 0.7474 0.1207
-0.0639 0.8250 0.1347
-0.0495 -1.0364 0.1704
-0.0460 0.8024 0.1218
-0.0446 -1.0075 0.1900
-0.0397 -0.4295 0.2731
-0.0400 -1.1019 0.1544
-0.0444 -0.7806 0.4234
-0.0421 0.8553 0.1511
-0.0343 0.8739 0.1637
-0.0209 0.7054 0.1219
-0.0172 -1.1860 0.1961
-0.0081 0.6621 0.1418
0.0011 0.7512 0.1241
-0.0007 0.6184 0.1758
0.0108 1.1387 0.2240
0.0126 -0.9882 0.2073
0.0192 0.6967 0.1260
0.0204 -0.5059 0.2715
0.0201 0.8387 0.1454
0.0275 1.0152 0.2584
0.0345 -1.0793 0.1818
0.0508 -0.9857 0.2241
0.0667 0.5024 0.3017
0.0615 0.7419 0.1358
0.0712 0.6108 0.1674
0.0726 0.9002 0.1942
0.0739 1.2121 0.1497
0.0917 1.1685 0.1262
0.0924 0.7405 0.1403
0.0907 1.2092 0.1329
0.0963 -1.1424 0.2329
0.0999 0.8277 0.1743
0.1050 -0.4550 0.2364
0.1106 -0.9392 0.2753
0.1120 0.8929 0.1968
0.1162 -1.1766 0.2565
0.1231 0.6967 0.1403
0.1224 0.6351 0.1651
0.1218 0.6770 0.1432
0.1269 -0.0825 0.4330
0.1314 -0.0019 0.4587
0.1374 -0.4756 0.2168
0.1365 1.2175 0.1181
0.1432 1.2319 0.1295
0.1507 -0.5027 0.2206
0.1524 0.0256 0.4431
0.1583 1.1165 0.1270
0.1591 1.1414 0.1096
0.1548 0.7043 0.1562
0.1589 1.1564 0.1052
0.1722 -0.4056 0.2303
0.1745 1.0010 0.1752
0.1838 1.1019 0.1332
0.1836 1.1411 0.1191
0.2003 0.7977 0.1997
0.1967 1.0218 0.1595
0.1999 1.2504 0.1601
0.2093 -0.7680 0.1984
0.2221 -0.5417 0.2292
0.2228 0.9467 0.1869
0.2347 0.9606 0.1867
0.2357 -1.1715 0.2275
0.2375 -0.8018 0.1766
0.2406 1.1911 0.1475
0.2447 -0.7406 0.1683
0.2469 -1.0875 0.2425
0.2562 -0.8128 0.1681
0.2561 -0.3860 0.1955
0.2643 0.7292 0.2313
0.2684 1.0540 0.1742
0.2682 0.8236 0.2247
0.2747 -0.9931 0.2577
0.2874 0.5119 0.2558
0.2856 -0.7689 0.1466
0.2858 1.2411 0.1937
0.2884 1.2202 0.1845
0.2880 -1.1917 0.2094
0.2877 -0.8465 0.1788
0.2924 0.5346 0.2509
0.2968 -0.1198 0.3212
0.3054 -0.6816 0.1707
0.3106 -0.3711 0.1571
0.3099 0.6104 0.2537
0.3160 -0.5692 0.1891
0.3160 -0.5413 0.2013
0.3223 0.9976 0.1922
0.3400 1.0881 0.1947
0.3530 -0.3965 0.1370
0.3560 -0.3692 0.1412
0.3535 -0.3273 0.1676
0.3573 -0.6911 0.1554
0.3602 -0.6711 0.1545
0.3656 -1.1927 0.1632
0.3681 -0.3945 0.1347
0.3712 -1.1686 0.1552
0.3709 0.4948 0.2126
0.3711 1.1838 0.1610
0.3769 -0.9112 0.1839
0.3748 0.3578 0.1711
0.3781 -1.1899 0.1580
0.3819 -0.7310 0.1650
0.3859 0.3458 0.1589
0.3926 -0.8639 0.1636
0.3936 -0.4146 0.1414
0.3864 -0.2856 0.2085
0.3925 0.8273 0.1690
0.3998 -0.1680 0.2531
0.4034 0.2964 0.1496
0.4009 0.8103 0.1643
0.4014 0.9811 0.1849
0.4109 -0.5999 0.1436
0.4092 0.4389 0.1871
0.4150 -0.9131 0.1661
0.4108 0.1564 0.2148
0.4119 -1.1987 0.1673
0.4142 0.8419 0.1551
0.4193 -1.0286 0.1895
0.4239 0.2386 0.1494
0.4225 0.3334 0.1463
0.4197 1.2104 0.1570
0.4262 -1.1641 0.1506
0.4299 0.2273 0.1538
0.4267 -1.0419 0.1834
0.4306 -0.6274 0.1493
0.4279 0.6580 0.2661
0.4262 0.9844 0.1758
0.4311 -0.5686 0.1270
0.4297 -0.4577 0.1356
0.4371 0.7920 0.1519
0.4384 1.1104 0.1441
0.4385 -1.0402 0.1832
0.4451 1.1844 0.1509
0.4434 1.2368 0.1888
0.4440 -0.7615 0.1640
0.4520 0.2484 0.1501
0.4592 -0.1211 0.2185
0.4582 -0.5109 0.1042
0.4590 1.1298 0.1414
0.4648 1.1093 0.1496
0.4683 0.0182 0.2259
0.4717 -0.8854 0.1418
0.4729 -0.7704 0.1524
0.4737 0.5135 0.2268
0.4720 0.8254 0.1275
0.4738 1.0194 0.1743
0.4782 0.8479 0.1308
0.4835 -0.5313 0.0958
0.4806 -0.4846 0.1056
0.4807 0.3646 0.1741
0.4860 -0.8163 0.1330
0.4893 -0.8489 0.1254
0.4903 -0.4756 0.1112
0.4967 -1.1580 0.1813
0.4951 -0.5745 0.1023
0.4988 -0.5584 0.0954
0.5013 -0.1065 0.1962
0.5084 0.9608 0.1876
0.5041 1.1611 0.1856
0.5059 0.1917 0.1789
0.5150 0.9402 0.1759
0.5080 -1.1146 0.1769
0.5082 -0.8637 0.1317
0.5082 -0.4625 0.1234
0.5114 0.0030 0.2016
0.5127 0.1311 0.1883
0.5177 -0.5648 0.0999
0.5227 -0.4010 0.1701
0.5254 0.3872 0.1956
0.5320 -0.6731 0.1631
0.5357 -0.1468 0.1896
0.5380 -0.8395 0.1369
0.5360 0.8164 0.1369
0.5452 -0.5933 0.1122
0.5518 0.8030 0.1506
0.5627 -0.2479 0.1688
0.5693 -1.0536 0.1881
0.5686 -0.3577 0.1708
0.5719 0.4350 0.2017
0.5746 0.6366 0.2117
0.5670 0.8211 0.1464
0.5731 -0.7246 0.1799
0.5719 -0.5743 0.1090
0.5735 0.0425 0.1982
0.5732 0.5233 0.2008
0.5841 0.1407 0.1835
0.5805 -0.5520 0.1127
0.5873 0.8379 0.1543
0.5959 -0.7019 0.1743
0.5968 -0.4932 0.1422
0.5892 -0.2462 0.1466
0.5919 -1.1884 0.2523
0.6000 -0.0293 0.2029
0.6018 -1.0410 0.1758
0.5994 -0.8453 0.1525
0.6016 -0.2316 0.1497
0.6034 -0.8891 0.1548
0.6047 -0.6100 0.1300
0.6111 -0.2778 0.1274
0.6169 -0.5356 0.1304
0.6137 -0.4568 0.1453
0.6153 -0.0792 0.2202
0.6149 0.2218 0.1692
0.6154 0.8709 0.1818
0.6177 0.4616 0.1914
0.6308 -1.0446 0.1608
0.6305 -0.9079 0.1563
0.6311 0.6364 0.1696
0.6418 0.3979 0.2127
0.6452 0.1838 0.1533
0.6501 -0.3908 0.1114
0.6512 -0.2581 0.1272
0.6609 -0.3269 0.1045
0.6609 0.6079 0.1566
0.6668 -0.8415 0.1533
0.6616 -0.6182 0.1499
0.6613 0.2361 0.1562
0.6610 0.7049 0.1766
0.6673 -0.6471 0.1671
0.6691 0.1816 0.1503
0.6738 -0.4608 0.1447
0.6804 0.8792 0.2524
0.6785 -0.9406 0.1526
0.6790 -0.3452 0.0949
0.6840 -0.7846 0.1902
0.6856 -0.3904 0.0999
0.6849 -1.0545 0.1607
0.6878 0.5961 0.1588
0.6952 -0.3803 0.0991
0.6931 0.7137 0.1899
0.6953 -0.4041 0.1117
0.6960 -0.3204 0.1034
0.7034 0.0109 0.2138
0.7035 -0.9476 0.1568
0.7102 0.0725 0.1883
0.7065 -1.0772 0.1850
0.7150 -0.5461 0.1859
0.7174 0.2593 0.1737
0.7184 -0.5966 0.1956
0.7175 -0.2865 0.1334
0.7233 0.4703 0.2079
0.7260 -0.9863 0.1676
0.7274 -0.2274 0.1915
0.7258 0.2123 0.1600
0.7285 0.5303 0.1903
0.7327 -0.8539 0.1803
0.7359 -0.3404 0.1281
0.7370 0.6452 0.1806
0.7408 -1.0578 0.2040
0.7424 0.3091 0.2147
0.7470 -0.8421 0.2004
0.7480 0.0455 0.2198
0.7509 0.0608 0.2154
0.7460 0.6833 0.2097
0.7533 0.4935 0.2241
0.7539 0.2257 0.1857
