points 
 2 
 1 
Tumour[19065]CD6810NNCodensity
-1.3149 -1.0590 0.5629
-1.3171 -0.3868 0.1830
-1.3133 -0.3612 0.1773
-1.3238 -0.2746 0.2055
-1.3224 0.0048 0.3184
-1.3205 0.0456 0.3315
-1.3122 -0.7109 0.3560
-1.3106 0.2368 0.3361
-1.2997 -0.5259 0.2626
-1.2885 0.4320 0.3751
-1.2897 -0.4601 0.2165
-1.2835 -0.1789 0.2207
-1.2770 -0.6952 0.3248
-1.2710 -0.3682 0.1613
-1.2554 -0.2400 0.1827
-1.2541 -0.3466 0.1656
-1.2446 -0.1797 0.2129
-1.2472 1.0997 0.5061
-1.2459 0.6479 0.4405
-1.2334 0.3061 0.2722
-1.2292 -0.4452 0.2084
-1.2340 -0.0425 0.2647
-1.2110 -0.9797 0.4038
-1.2004 -0.8851 0.3406
-1.1894 -0.1835 0.2280
-1.1886 0.3837 0.2758
-1.1752 -0.7503 0.2858
-1.1759 -0.3962 0.2189
-1.1559 -0.2425 0.2243
-1.1545 0.3256 0.2320
-1.1530 0.0901 0.2646
-1.1345 -0.7319 0.2665
-1.1204 -0.0177 0.3053
-1.1124 0.1769 0.2178
-1.0973 -0.5998 0.2390
-1.0834 0.1951 0.1929
-1.0706 0.3570 0.2037
-1.0720 0.6265 0.2651
-1.0658 -0.3359 0.2715
-1.0415 0.1891 0.1836
-1.0329 1.3779 0.6500
-1.0412 0.5399 0.2583
-1.0184 0.8411 0.1840
-1.0206 0.9118 0.1582
-1.0139 1.0011 0.1436
-1.0150 0.1206 0.2281
-1.0053 0.2654 0.1582
-1.0030 0.8115 0.1808
-1.0014 -0.6171 0.1507
-0.9985 -0.2518 0.2657
-0.9887 -0.8279 0.2312
-0.9878 -0.5389 0.1476
-0.9896 0.6766 0.1880
-0.9850 0.7834 0.1791
-0.9775 0.9886 0.1119
-0.9873 1.0219 0.1321
-0.9792 -0.4914 0.1676
-0.9869 0.2923 0.1516
-0.9858 0.3505 0.1497
-0.9689 0.4278 0.1731
-0.9842 1.0519 0.1645
-0.9774 -0.6704 0.1702
-0.9784 0.6442 0.1907
-0.9774 0.9447 0.1225
-0.9668 -0.6133 0.1352
-0.9652 -0.5294 0.1454
-0.9646 -0.5712 0.1330
-0.9599 -0.9017 0.2089
-0.9560 0.3563 0.1406
-0.9480 0.2897 0.1379
-0.9478 0.2011 0.1687
-0.9399 0.9856 0.1130
-0.9371 -0.7632 0.2184
-0.9293 -0.9226 0.1902
-0.9346 0.4763 0.1698
-0.9334 1.0236 0.1326
-0.9301 -0.4579 0.1617
-0.9272 -0.3684 0.1874
-0.9294 0.8633 0.1515
-0.9224 -0.6711 0.1730
-0.9119 0.7231 0.1812
-0.9191 0.9352 0.1181
-0.9104 -0.8928 0.1720
-0.9040 0.3755 0.1384
-0.9092 0.8939 0.1373
-0.9047 -0.9925 0.2313
-0.9022 -0.6118 0.1579
-0.9045 0.6937 0.1740
-0.8958 -0.4178 0.1664
-0.8858 -0.2047 0.2399
-0.8924 0.6677 0.1689
-0.8812 0.2091 0.1461
-0.8836 -0.8905 0.1706
-0.8646 0.9879 0.1361
-0.8711 0.4832 0.1520
-0.8584 0.2524 0.1176
-0.8661 0.5221 0.1615
-0.8761 -0.3349 0.1865
-0.8457 0.5544 0.1639
-0.8570 0.3321 0.1358
-0.8540 0.4260 0.1535
-0.8623 -0.4131 0.1738
-0.8479 0.2846 0.1201
-0.8546 0.3831 0.1550
-0.8584 0.9195 0.1251
-0.8570 -0.1866 0.2305
-0.8279 0.9667 0.1511
-0.8412 -0.2524 0.2165
-0.8455 0.2043 0.1378
-0.8439 -0.6272 0.1944
-0.8388 -0.4962 0.1945
-0.8433 0.9308 0.1289
-0.8322 -0.9732 0.2076
-0.8137 0.5113 0.1694
-0.8364 0.6103 0.1606
-0.8233 0.0554 0.2162
-0.8111 0.9306 0.1579
-0.8165 -0.0982 0.1921
-0.8027 0.2138 0.1356
-0.8076 0.2560 0.1116
-0.8037 -0.3565 0.2207
-0.7917 0.6394 0.1721
-0.7844 0.0336 0.1747
-0.7801 0.3094 0.1478
-0.7782 -1.0532 0.2615
-0.7797 -0.8596 0.2079
-0.7829 -0.7757 0.1975
-0.7816 0.2596 0.1259
-0.7624 -0.5164 0.2284
-0.7735 0.8321 0.2400
-0.7663 0.0020 0.1374
-0.7604 -0.8230 0.2029
-0.7625 -0.7194 0.1982
-0.7579 -0.6784 0.2036
-0.7558 -0.0231 0.1224
-0.7564 0.6639 0.1884
-0.7451 0.2571 0.1689
-0.7408 -0.0626 0.1158
-0.7404 0.6582 0.1843
-0.7322 -0.5666 0.2086
-0.7188 -0.0390 0.1106
-0.7121 -1.0381 0.2516
-0.7044 -0.1023 0.1234
-0.6971 -0.0393 0.1149
-0.6973 -0.8389 0.2411
-0.6825 0.5052 0.2122
-0.6913 0.5474 0.1935
-0.6830 -0.1509 0.1665
-0.6785 -0.1983 0.2248
-0.6782 -0.0696 0.1224
-0.6717 -0.1195 0.1441
-0.6678 -1.0474 0.2501
-0.6578 -0.7113 0.2191
-0.6539 0.8508 0.2380
-0.6415 0.5830 0.1802
-0.6428 0.0006 0.1754
-0.6447 0.4084 0.2685
-0.6429 0.7039 0.1872
-0.6354 0.4686 0.2491
-0.6379 0.9490 0.2796
-0.6332 -0.6313 0.1753
-0.6298 -1.0426 0.2315
-0.6256 -0.5093 0.1639
-0.6117 0.7084 0.1847
-0.6266 -0.5858 0.1514
-0.6049 0.6669 0.1795
-0.5977 0.9706 0.3295
-0.5882 -0.4775 0.1805
-0.6025 0.8502 0.2511
-0.5883 -0.9633 0.2279
-0.5684 0.0176 0.2596
-0.5757 -0.5917 0.1235
-0.5650 0.2631 0.3378
-0.5613 0.6175 0.1943
-0.5638 -0.4995 0.1473
-0.5597 -0.5620 0.1141
-0.5507 -0.5953 0.1174
-0.5556 0.1429 0.3395
-0.5365 0.7485 0.2472
-0.5202 0.6074 0.2189
-0.5084 -0.5341 0.1260
-0.4887 -1.0190 0.1372
-0.4967 -0.6064 0.1206
-0.4912 -0.3347 0.2246
-0.4772 -0.5961 0.1178
-0.4846 -0.6667 0.1771
-0.4811 -1.0480 0.1405
-0.4752 -0.5657 0.1207
-0.4588 -0.9674 0.1465
-0.4461 -1.0243 0.1110
-0.4555 -1.0661 0.1387
-0.4489 -0.3470 0.1830
-0.4480 -0.5526 0.1339
-0.4316 -0.2935 0.2014
-0.4434 -0.9992 0.1149
-0.4347 0.5711 0.2844
-0.4159 -0.9575 0.1478
-0.4263 -0.3684 0.1640
-0.4149 -0.1114 0.3322
-0.4013 -0.1893 0.2774
-0.3930 -0.0158 0.3722
-0.3923 -1.0676 0.1371
-0.3960 0.5151 0.2787
-0.3899 -0.7710 0.1822
-0.3863 -0.3796 0.1528
-0.3811 -0.5211 0.1331
-0.3825 0.3164 0.3532
-0.3784 -0.6343 0.1354
-0.3832 -0.5951 0.1269
-0.3754 -0.8624 0.1994
-0.3658 -0.4440 0.1408
-0.3692 -1.0497 0.1276
-0.3533 -0.4697 0.1326
-0.3623 0.3740 0.3186
-0.3560 -0.6535 0.1310
-0.3462 -0.5681 0.1273
-0.3415 -1.0180 0.1184
-0.3461 0.1413 0.3767
-0.3317 -0.2825 0.2279
-0.3325 -0.6854 0.1252
-0.3157 -0.6388 0.1298
-0.3180 -0.4590 0.1387
-0.3229 -0.9870 0.1244
-0.3300 -0.7657 0.1491
-0.3188 -0.4042 0.1612
-0.3201 -1.0196 0.1186
-0.3183 -0.8742 0.1776
-0.3178 0.9038 0.2904
-0.3156 -0.7436 0.1408
-0.3070 -0.5559 0.1390
-0.3150 -0.5082 0.1358
-0.3069 -0.7149 0.1321
-0.2894 -0.9524 0.1389
-0.2865 0.6955 0.2323
-0.2874 0.8336 0.2169
-0.2823 -1.0346 0.1412
-0.2811 0.9055 0.2599
-0.2620 -1.0669 0.1847
-0.2602 -0.7428 0.1649
-0.2542 -0.9662 0.1473
-0.2390 0.5077 0.1559
-0.2421 0.7587 0.1754
-0.2425 0.5412 0.1440
-0.2289 -0.4114 0.2224
-0.2291 -0.9153 0.1691
-0.2265 -0.6427 0.1706
-0.2200 -0.5803 0.1764
-0.2172 0.5383 0.1170
-0.2155 1.4215 0.2421
-0.2112 -0.8735 0.1847
-0.2064 -0.5374 0.1874
-0.1918 0.7977 0.1659
-0.1981 0.7451 0.1564
-0.1901 0.5491 0.1001
-0.1850 -0.8184 0.1927
-0.1891 0.4901 0.1383
-0.1794 -0.5728 0.2028
-0.1692 1.3783 0.1573
-0.1815 0.5684 0.1014
-0.1746 -0.2918 0.3061
-0.1657 1.3452 0.1459
-0.1607 -0.8458 0.2122
-0.1593 0.8563 0.1923
-0.1390 1.4121 0.1738
-0.1538 0.1865 0.3529
-0.1500 0.5932 0.1180
-0.1524 0.7514 0.1616
-0.1540 0.2995 0.2967
-0.1570 0.5528 0.1018
-0.1579 0.6525 0.1563
-0.1486 1.3155 0.1429
-0.1416 -0.7241 0.2167
-0.1377 1.0917 0.2592
-0.1345 0.3838 0.2515
-0.1281 1.3688 0.1357
-0.1264 0.6822 0.1721
-0.1255 -0.7000 0.2194
-0.1191 0.5604 0.1225
-0.1156 1.3150 0.1385
-0.1088 0.7690 0.1804
-0.1083 1.2327 0.1939
-0.0950 1.3318 0.1403
-0.0898 0.5624 0.1507
-0.0869 -0.2810 0.3221
-0.0855 0.1605 0.3739
-0.0777 -0.4070 0.2163
-0.0808 0.5078 0.1827
-0.0753 0.9743 0.2313
-0.0672 -0.4657 0.1876
-0.0680 0.2787 0.3461
-0.0622 0.9023 0.2222
-0.0603 0.9265 0.2258
-0.0435 1.1354 0.1990
-0.0329 1.3442 0.1838
-0.0339 -1.0033 0.2546
-0.0404 1.0738 0.2039
-0.0386 1.1764 0.1919
-0.0214 -1.0223 0.2608
0.0034 -0.4649 0.1314
-0.0094 0.7673 0.2433
-0.0070 -0.5562 0.1477
-0.0074 -0.0381 0.3906
-0.0078 1.0365 0.2292
0.0030 -1.0598 0.2762
0.0086 -0.4961 0.1252
0.0137 -0.4199 0.1598
0.0088 -0.9391 0.2849
0.0128 -0.7002 0.2443
0.0127 -0.6170 0.1688
0.0190 -0.5494 0.1313
0.0220 -0.6446 0.1884
0.0274 1.1993 0.1933
0.0522 -1.0590 0.2450
0.0401 1.2212 0.1884
0.0501 1.3274 0.1720
0.0529 -0.5272 0.1207
0.0632 -0.0093 0.3588
0.0757 -0.4396 0.1329
0.0808 0.6662 0.2607
0.0836 1.2798 0.1689
0.0873 1.3707 0.1826
0.0952 -0.5378 0.1363
0.1049 -0.4768 0.1224
0.0992 0.7079 0.2689
0.1065 -0.4484 0.1274
0.1053 1.3568 0.1705
0.1101 0.8425 0.3049
0.1136 -1.0679 0.2308
0.1154 1.4032 0.2057
0.1172 0.5732 0.2762
0.1243 -0.5698 0.1660
0.1459 0.4783 0.3268
0.1430 0.5631 0.2906
0.1520 1.2515 0.1919
0.1563 -0.4282 0.1616
0.1603 -0.1252 0.2435
0.1656 -0.1057 0.2476
0.1744 -0.4434 0.1579
0.2022 1.2767 0.1679
0.1811 -0.5788 0.1784
0.1860 -0.4819 0.1481
0.2169 0.1419 0.3229
0.2168 0.7542 0.3221
0.2215 -0.1674 0.1852
0.2309 -1.0693 0.1815
0.2409 -0.6671 0.2247
0.2370 1.3680 0.1661
0.2518 -0.1918 0.1634
0.2471 -1.0627 0.1677
0.2419 0.1816 0.2970
0.2553 1.3098 0.1266
0.2518 1.3341 0.1354
0.2594 -1.0376 0.1540
0.2561 0.2309 0.2695
0.2610 0.2973 0.2633
0.2646 -0.5924 0.1666
0.2635 -0.4866 0.1607
0.2737 -1.0583 0.1541
0.2720 -0.7863 0.2108
0.2766 -0.2440 0.1650
0.2731 0.4420 0.3105
0.2798 -0.5449 0.1514
0.2862 1.3476 0.1269
0.3011 -0.9984 0.1526
0.2907 0.9113 0.3988
0.2946 -1.0429 0.1472
0.2961 -0.2665 0.1658
0.3006 -0.8328 0.1840
0.3119 1.2474 0.1219
0.3085 -0.5226 0.1475
0.3066 -0.2169 0.1452
0.3078 1.2905 0.1069
0.3099 0.7611 0.3779
0.3327 -0.9701 0.1697
0.3209 -0.4500 0.1828
0.3267 -0.2538 0.1528
0.3284 -0.1563 0.1573
0.3279 0.1533 0.2906
0.3344 1.2296 0.1208
0.3477 -0.6553 0.1792
0.3389 1.3131 0.1070
0.3487 1.1641 0.1787
0.3562 -0.8224 0.1375
0.3548 1.4128 0.1834
0.3591 -0.8998 0.1671
0.3539 -0.5486 0.1432
0.3604 -0.3186 0.1939
0.3731 0.3763 0.2990
0.3606 1.2851 0.0994
0.3681 -0.7853 0.1376
0.3644 -0.0877 0.2251
0.3732 1.2492 0.1041
0.3732 1.3153 0.1144
0.4031 1.4059 0.1863
0.3866 -0.6128 0.1646
0.3848 0.3010 0.2695
0.3914 -0.5434 0.1504
0.4044 -0.4531 0.1885
0.3998 -0.7508 0.1350
0.4010 1.2137 0.1193
0.4091 -0.1323 0.1720
0.4058 0.4090 0.3378
0.4048 -0.8194 0.1297
0.4159 -1.0238 0.1774
0.4074 1.3293 0.1228
0.4175 -1.0602 0.2013
0.4212 -0.7317 0.1311
0.4285 -0.3179 0.1885
0.4238 -0.1643 0.1503
0.4299 -0.8652 0.1439
0.4362 -0.4976 0.1675
0.4299 1.2538 0.1017
0.4443 -0.8932 0.1549
0.4384 -0.7043 0.1351
0.4412 -0.1835 0.1390
0.4583 -0.9969 0.1830
0.4490 1.2609 0.1028
0.4578 1.3101 0.1277
0.4596 -0.5682 0.1662
0.4679 -0.2368 0.1217
0.4597 1.2154 0.0961
0.4755 1.1761 0.0922
0.4729 -0.7137 0.1378
0.4743 -0.8211 0.1474
0.4761 1.1475 0.1030
0.4846 -0.6518 0.1504
0.4931 -0.2703 0.1363
0.4947 1.2215 0.0924
0.4841 1.2826 0.1204
0.4956 -0.2258 0.1147
0.4945 -0.6948 0.1437
0.4912 0.1525 0.2522
0.5011 -1.0471 0.2149
0.5005 1.1242 0.1128
0.5144 1.1621 0.0799
0.5010 1.1933 0.0816
0.5166 -0.9358 0.1692
0.5245 -0.5409 0.1829
0.5086 0.8888 0.2049
0.5148 1.3686 0.2116
0.5228 -0.8187 0.1495
0.5241 -0.4215 0.1926
0.5266 -0.2364 0.1293
0.5169 -0.2102 0.1267
0.5184 0.9330 0.1817
0.5368 1.2379 0.1184
0.5405 -0.2791 0.1597
0.5367 1.1763 0.0846
0.5358 -0.1563 0.1736
0.5481 -0.8597 0.1380
0.5454 1.1382 0.1004
0.5437 0.0446 0.2299
0.5581 -0.7005 0.1680
0.5557 -0.5102 0.1902
0.5536 1.1637 0.0936
0.5795 -0.6146 0.1983
0.5704 0.1450 0.1905
0.5776 0.9412 0.1382
0.5800 0.0363 0.2070
0.5824 -0.8916 0.1447
0.5849 -0.8599 0.1402
0.5806 1.0249 0.1472
0.5966 1.2155 0.1243
0.5900 0.9885 0.1403
0.5856 1.0671 0.1406
0.5946 0.9645 0.1343
0.5902 -0.8108 0.1473
0.5947 -0.4337 0.1996
0.5991 1.1535 0.1213
0.5991 -0.6961 0.1793
0.5976 0.2376 0.2130
0.6013 -0.4170 0.2004
0.6015 0.1866 0.1865
0.6143 0.8037 0.2120
0.6064 0.8744 0.1543
0.6098 0.8402 0.1740
0.6161 -1.0017 0.1409
0.6241 1.0485 0.1559
0.6280 -0.3744 0.2069
0.6224 0.2761 0.2263
0.6386 1.1330 0.1511
0.6365 -1.0058 0.1265
0.6428 -0.8191 0.1599
0.6393 1.2374 0.1338
0.6518 -0.0878 0.2159
0.6555 -0.9728 0.1221
0.6553 -0.2179 0.2216
0.6630 0.1117 0.1906
0.6756 -0.7827 0.1772
0.6729 1.2494 0.1420
0.6618 -1.0676 0.1449
0.6631 -0.9317 0.1448
0.6615 -0.0313 0.2042
0.6624 1.2087 0.1397
0.6720 1.2872 0.1575
0.6687 0.8133 0.2203
0.6841 -1.0425 0.1132
0.6806 0.3278 0.2564
0.6734 -0.1240 0.2176
0.6768 0.9407 0.1907
0.6937 -0.9634 0.1236
0.6846 0.4200 0.2991
0.6911 0.5484 0.3242
0.6960 -0.7326 0.1828
0.6965 0.0944 0.2090
0.6973 1.4219 0.2823
0.7050 0.2295 0.2265
0.7016 0.5123 0.3118
0.7053 -1.0148 0.1053
0.7011 -0.3805 0.2062
0.7001 0.0384 0.2047
0.7145 1.2895 0.1706
0.7261 -1.0511 0.1243
0.7302 -0.7031 0.1835
0.7383 -0.6344 0.2009
0.7425 1.3629 0.2302
0.7508 -0.8773 0.1528
0.7534 -0.5609 0.2305
0.7521 -0.2648 0.1760
0.7543 1.2655 0.1920
0.7586 -1.0635 0.1594
0.7639 -1.0095 0.1332
0.7707 0.8724 0.2572
0.7781 -0.9854 0.1378
0.7849 -0.4041 0.1920
0.7822 -0.9075 0.1284
0.7863 -0.8841 0.1373
0.7870 0.6606 0.2642
0.7859 1.1326 0.2789
0.7940 -0.3462 0.1610
0.7989 -0.0925 0.1660
0.7943 -0.7268 0.1751
0.8017 -0.9213 0.1313
0.7988 -0.2491 0.1312
0.8006 -0.1580 0.1587
0.8083 -0.0217 0.1657
0.8325 -0.2360 0.1095
0.8264 -0.4834 0.2130
0.8279 -0.4607 0.2105
0.8533 -0.0370 0.1251
0.8240 0.3046 0.3056
0.8269 0.9703 0.3053
0.8302 -0.6471 0.1901
0.8371 0.7694 0.2784
0.8480 -0.3482 0.1648
0.8385 -0.0090 0.1411
0.8487 -0.8562 0.1456
0.8553 -0.9058 0.1545
0.8608 -0.2496 0.1086
0.8550 0.6781 0.2600
0.8673 -0.6075 0.2116
0.8665 -0.7087 0.1859
0.8656 -0.2855 0.1257
0.8648 1.3589 0.3475
0.8709 -0.7561 0.1801
0.8706 -0.2197 0.1129
0.8716 -0.1673 0.1280
0.8786 -0.2640 0.1224
0.8824 -0.8531 0.1597
0.8886 -0.8024 0.1710
0.8882 -0.1896 0.1254
0.8814 0.5587 0.2555
0.8871 -0.0872 0.1275
0.9015 -0.0251 0.1097
0.9087 0.0785 0.1503
0.9067 0.5693 0.2543
0.9082 -0.1177 0.1422
0.9172 0.0618 0.1316
0.9234 -0.0031 0.1041
0.9352 0.9179 0.3298
0.9398 -0.0393 0.1048
0.9416 0.3820 0.2680
0.9415 0.6310 0.2434
0.9430 0.3342 0.2666
0.9474 0.0500 0.1140
0.9557 -0.0532 0.1150
0.9702 0.0529 0.1198
0.9742 -0.4560 0.2138
0.9785 -0.0416 0.1202
0.9838 1.0272 0.3729
0.9923 -0.0124 0.1190
0.9927 -0.8150 0.2112
0.9964 -0.5329 0.1916
1.0001 -0.6496 0.2000
1.0004 0.1264 0.1710
1.0030 0.1541 0.1881
1.0179 -0.4302 0.1891
1.0175 0.1794 0.2072
1.0179 0.7522 0.3158
1.0189 -0.2773 0.2287
1.0272 0.3120 0.2424
1.0221 0.0265 0.1470
1.0244 -0.6162 0.1969
1.0310 -1.0016 0.2065
1.0388 -0.5767 0.1852
1.0411 -0.2875 0.2357
1.0645 0.5008 0.2303
1.0545 -0.8339 0.1812
1.0501 -0.6284 0.2090
1.0554 0.2887 0.2560
1.0709 -1.0640 0.2454
1.0615 0.5610 0.2184
1.0694 -0.9228 0.1669
1.0695 -0.3484 0.2112
1.0693 1.1410 0.4872
1.0752 -0.4495 0.1780
1.0796 1.0099 0.4462
1.0999 -0.8300 0.1675
1.1090 -0.9462 0.1607
1.0931 -1.0269 0.1951
1.1044 -0.9877 0.1682
1.0977 -0.0234 0.2195
1.1043 -0.0961 0.2482
1.1079 -0.6947 0.2221
1.1049 -0.4065 0.1919
1.1117 0.4806 0.2439
1.1344 -1.0478 0.2332
1.1177 -0.8049 0.1827
1.1236 0.6036 0.2401
1.1526 -0.8667 0.1875
1.1396 0.4193 0.2797
1.1449 -0.4763 0.2177
1.1447 -0.1466 0.3037
1.1630 -0.8194 0.2084
1.1658 -0.4600 0.2435
1.1609 0.6015 0.2710
1.1604 0.6616 0.3074
