points 
 2 
 1 
Tumour[19065]CD810NNCodensity
-1.2839 -1.0585 0.2514
-1.2816 -0.9406 0.3153
-1.2817 -0.0202 0.3358
-1.2662 -0.5533 0.2396
-1.2400 -1.0420 0.2179
-1.2344 -0.0064 0.2653
-1.2336 -1.2741 0.3461
-1.2311 -1.1976 0.2502
-1.2305 -0.5364 0.1817
-1.2274 0.4175 0.4244
-1.2204 -1.1124 0.1964
-1.2215 -0.5330 0.1710
-1.1924 -0.0057 0.2299
-1.1828 -0.5394 0.1508
-1.1860 0.0516 0.2013
-1.1782 1.2201 0.5423
-1.1627 -1.1393 0.1878
-1.1656 -0.5109 0.1338
-1.1487 -0.9213 0.2420
-1.1500 1.1456 0.4509
-1.1455 0.0736 0.1800
-1.1459 0.3026 0.3383
-1.1410 0.6147 0.2389
-1.1406 -0.4109 0.1829
-1.1301 -0.5169 0.1384
-1.1242 -0.4837 0.1360
-1.1257 0.1219 0.1900
-1.1260 0.6439 0.2149
-1.1177 -1.0938 0.1826
-1.1096 -1.0907 0.1858
-1.0835 -0.8815 0.2511
-1.0964 -1.1415 0.2147
-1.0849 -0.5031 0.1594
-1.0892 -0.4574 0.1479
-1.0761 0.8065 0.2146
-1.0635 -0.9485 0.2125
-1.0670 0.0910 0.1644
-1.0575 -0.8593 0.2596
-1.0499 -0.3612 0.2398
-1.0511 0.1211 0.1685
-1.0431 0.0357 0.2027
-1.0352 0.7378 0.1695
-1.0441 0.8587 0.2376
-1.0413 1.1844 0.4006
-1.0384 -1.0897 0.2327
-1.0370 0.6464 0.1489
-1.0269 0.6114 0.1521
-1.0188 0.8652 0.2354
-1.0188 0.5757 0.1661
-1.0183 -0.4305 0.2131
-1.0179 -0.3786 0.2447
-1.0158 0.5287 0.2070
-1.0136 0.6461 0.1501
-1.0034 0.7751 0.1723
-1.0045 -0.9530 0.2156
-0.9994 0.0626 0.1984
-0.9997 0.1462 0.1804
-0.9956 0.2064 0.2161
-0.9904 0.4459 0.2776
-0.9613 0.2184 0.2177
-0.9687 1.0881 0.3325
-0.9635 1.0839 0.3320
-0.9550 0.5754 0.2081
-0.9570 0.8087 0.2043
-0.9488 0.7133 0.1986
-0.9106 0.3545 0.2735
-0.9075 -0.9538 0.2184
-0.9013 -0.9074 0.2005
-0.8677 -0.7961 0.2368
-0.8637 -1.0677 0.3073
-0.8529 0.0935 0.2192
-0.8548 0.1692 0.1814
-0.8561 0.8192 0.3203
-0.8453 -0.8979 0.2057
-0.8355 -0.8064 0.2240
-0.8429 0.0139 0.2415
-0.8244 -0.8542 0.2102
-0.8288 0.2400 0.1688
-0.8204 0.3993 0.2419
-0.8082 -0.0372 0.2382
-0.7955 0.1941 0.1481
-0.7935 -0.6734 0.3020
-0.7797 1.0900 0.3706
-0.7815 -0.4577 0.1980
-0.7759 0.2114 0.1405
-0.7697 -0.6122 0.2915
-0.7662 -0.3752 0.1827
-0.7628 0.2675 0.1581
-0.7478 -0.4006 0.1598
-0.7516 0.2215 0.1419
-0.7411 -0.9151 0.2664
-0.7440 0.2233 0.1459
-0.7328 -0.4320 0.1591
-0.7372 -0.5355 0.2343
-0.7373 -0.0671 0.1967
-0.7341 -1.1886 0.3751
-0.7311 1.2126 0.4848
-0.7277 0.5120 0.2099
-0.7201 1.1501 0.4427
-0.7237 1.0612 0.4141
-0.7197 -0.1407 0.2137
-0.7085 -0.3861 0.1595
-0.6879 -0.3388 0.1813
-0.7074 -0.0033 0.1984
-0.7103 0.1290 0.2046
-0.7011 0.3635 0.1638
-0.6933 -0.4676 0.1918
-0.6900 0.0526 0.2339
-0.6943 0.4438 0.1415
-0.6846 0.4248 0.1375
-0.6812 -0.2884 0.2058
-0.6733 -0.1333 0.1875
-0.6665 -0.8386 0.3408
-0.6598 0.2776 0.1971
-0.6705 0.3826 0.1466
-0.6668 -1.2613 0.4310
-0.6575 -0.3024 0.2075
-0.6586 -1.0870 0.3530
-0.6409 0.4598 0.1269
-0.6154 -0.1286 0.1739
-0.6445 0.3764 0.1483
-0.6177 -1.2355 0.4066
-0.6184 -0.0603 0.1606
-0.6151 0.5063 0.1430
-0.5949 0.4717 0.1299
-0.5927 0.5212 0.1407
-0.5731 -0.0760 0.1527
-0.5504 0.3489 0.2115
-0.5584 -0.1056 0.1634
-0.5356 -0.0808 0.1599
-0.5462 0.4706 0.1214
-0.5392 -1.2266 0.3969
-0.5327 0.4650 0.1256
-0.5105 -0.0606 0.1689
-0.5115 -0.2975 0.3364
-0.4983 0.0247 0.2229
-0.5029 0.5637 0.1493
-0.4943 -0.6402 0.4013
-0.4932 0.6569 0.2512
-0.4886 -0.0025 0.1978
-0.4920 0.5026 0.1234
-0.4910 0.5130 0.1224
-0.4865 0.5081 0.1254
-0.4464 0.3088 0.2990
-0.4426 0.5258 0.1709
-0.4255 -0.5277 0.3517
-0.4081 -0.5101 0.3526
-0.4107 0.3573 0.2774
-0.4026 0.6428 0.2605
-0.3982 -0.0965 0.2215
-0.3867 0.7997 0.3755
-0.3492 0.0038 0.2200
-0.3319 1.0462 0.3897
-0.3286 -1.2381 0.2863
-0.3248 -0.0706 0.2316
-0.3175 -0.1098 0.2658
-0.3125 -1.1972 0.2594
-0.3095 0.7407 0.3795
-0.3076 -0.5667 0.3690
-0.3020 0.1069 0.2670
-0.2436 -1.1335 0.2095
-0.2509 -0.5340 0.3751
-0.2399 -0.0166 0.2519
-0.2429 0.2031 0.3026
-0.2422 -0.5074 0.3827
-0.2411 0.9127 0.3368
-0.2356 0.0391 0.2435
-0.2313 0.9931 0.3117
-0.2152 1.0302 0.2978
-0.2177 -1.2251 0.1782
-0.2182 1.1838 0.3407
-0.1838 -1.1811 0.1568
-0.1897 -1.1454 0.1725
-0.1578 0.1240 0.2548
-0.1475 -1.0388 0.2884
-0.1388 -1.2171 0.1467
-0.1308 0.1203 0.2525
-0.1286 1.1831 0.2713
-0.1153 -1.2482 0.1681
-0.0953 -1.2369 0.1632
-0.0936 -0.5702 0.4052
-0.0900 1.2213 0.2526
-0.0758 -1.1966 0.1610
-0.0787 0.2475 0.2213
-0.0676 0.4209 0.2314
-0.0463 -1.2189 0.1775
-0.0514 -1.1669 0.1839
-0.0480 0.2812 0.1996
-0.0371 -0.8487 0.4187
-0.0343 -0.6246 0.3802
-0.0321 0.8411 0.2441
-0.0299 0.6140 0.2613
-0.0287 0.9667 0.2393
0.0108 0.2281 0.2017
0.0073 0.3141 0.1710
0.0187 1.0675 0.1464
0.0223 1.2033 0.1425
0.0278 0.4024 0.1579
0.0310 1.1818 0.1241
0.0315 0.3666 0.1597
0.0335 0.4751 0.1824
0.0343 0.8438 0.1866
0.0368 0.4230 0.1594
0.0383 1.0361 0.1489
0.0414 0.1688 0.2406
0.0437 0.7806 0.1678
0.0463 1.1247 0.1162
0.0684 1.2122 0.1185
0.0571 0.0720 0.3498
0.0582 1.0875 0.1114
0.0567 0.8225 0.1731
0.0619 0.2013 0.2340
0.0678 0.6417 0.1697
0.0753 0.7377 0.1580
0.0738 0.3891 0.1751
0.0918 -1.2120 0.2193
0.0845 1.0453 0.1347
0.0889 1.0986 0.1070
0.0906 -1.1796 0.2155
0.0885 0.5586 0.1843
0.0941 1.1940 0.1043
0.1024 0.6512 0.1565
0.0946 0.7043 0.1628
0.0984 0.4653 0.1861
0.1018 1.1189 0.1108
0.1028 1.2117 0.1207
0.1031 1.2077 0.1170
0.1133 0.8355 0.1954
0.1233 0.6340 0.1659
0.1281 1.1521 0.1224
0.1291 0.9525 0.2307
0.1386 -0.7517 0.2821
0.1455 -0.8465 0.3454
0.1394 -0.7413 0.2789
0.1458 1.0763 0.1605
0.1616 0.7890 0.2154
0.1636 -0.7065 0.2803
0.1719 0.5862 0.1827
0.1752 -1.1766 0.1701
0.1947 -1.1668 0.1650
0.2011 -1.1976 0.1665
0.2031 0.4677 0.2196
0.2107 -1.1513 0.1736
0.2126 0.6232 0.2048
0.2404 -0.7449 0.2850
0.2707 0.4990 0.2167
0.2794 -1.1755 0.1956
0.3000 0.4195 0.2862
0.2978 0.6342 0.2529
0.3117 0.4952 0.2299
0.3105 -0.6510 0.2958
0.3101 -1.1925 0.2181
0.3075 -1.1887 0.2156
0.3189 -1.2145 0.2371
0.3264 -0.2354 0.5203
0.3375 -0.7161 0.2770
0.3934 0.5451 0.2386
0.4132 -0.5840 0.2900
0.4466 0.5826 0.2409
0.4430 0.8190 0.2392
0.4606 -0.4309 0.3187
0.4632 0.6915 0.1895
0.4865 0.6109 0.2212
0.4821 -0.6788 0.2208
0.4934 1.1918 0.5391
0.4956 0.7723 0.1548
0.4956 0.7753 0.1558
0.5015 -0.4140 0.2929
0.4999 0.7731 0.1534
0.5193 -0.7753 0.2326
0.5168 0.3890 0.2903
0.5490 -0.7429 0.2028
0.5460 -0.7075 0.1978
0.5509 0.6326 0.2094
0.5541 0.8020 0.1724
0.5639 -0.5868 0.2535
0.5753 0.2803 0.1616
0.5787 -0.7557 0.1997
0.5872 -0.3533 0.2231
0.5830 0.7565 0.1720
0.5948 -0.8053 0.2337
0.6030 -0.3709 0.2177
0.6071 -0.1860 0.2169
0.6077 0.2156 0.1460
0.6097 0.3364 0.1623
0.6097 0.8447 0.2061
0.6297 0.2167 0.1317
0.6353 0.2537 0.1120
0.6365 -0.1548 0.1977
0.6386 0.6951 0.1961
0.6407 -1.1353 0.3118
0.6427 0.1106 0.2141
0.6493 -1.0668 0.2493
0.6470 0.3466 0.1624
0.6542 0.9311 0.2211
0.6548 1.0344 0.2688
0.6611 -0.2943 0.1883
0.6681 0.2869 0.1098
0.6599 0.6360 0.2341
0.6602 -0.0902 0.2144
0.6675 -0.0076 0.2370
0.6691 -0.0368 0.2284
0.6809 0.2655 0.1060
0.6769 -0.6241 0.2818
0.6788 -0.5961 0.2902
0.6819 -0.4088 0.2073
0.6838 0.2109 0.1266
0.6854 -0.1234 0.1945
0.6796 0.9557 0.2169
0.6955 -0.1909 0.1923
0.7076 -0.8820 0.2541
0.7062 0.2602 0.1153
0.7151 0.7713 0.2124
0.7201 -0.8440 0.2774
0.7227 0.6731 0.2275
0.7244 1.0344 0.2251
0.7423 -0.4195 0.2063
0.7316 -0.2861 0.1765
0.7380 0.2989 0.1526
0.7487 0.7378 0.2194
0.7382 -0.2861 0.1739
0.7515 -1.0713 0.1624
0.7485 0.1754 0.1554
0.7487 -0.9957 0.1539
0.7558 0.1380 0.1800
0.7475 0.2854 0.1562
0.7680 -1.0313 0.1392
0.7606 0.9641 0.2008
0.7748 0.8586 0.2140
0.7845 -1.0464 0.1387
0.7866 0.1239 0.2044
0.7888 -0.3980 0.1840
0.7966 -1.0125 0.1368
0.8106 0.1556 0.1992
0.8080 -0.3398 0.1513
0.8190 0.6318 0.2683
0.8058 1.1605 0.2490
0.8238 -1.0448 0.1467
0.8184 -1.0017 0.1493
0.8285 1.0082 0.1993
0.8381 -0.3419 0.1502
0.8484 1.1471 0.2112
0.8608 -0.2004 0.2206
0.8678 -0.2947 0.1617
0.8679 -0.2679 0.1713
0.8664 -0.1217 0.2965
0.8633 0.8596 0.2029
0.8655 0.8822 0.1950
0.8806 -0.9590 0.2114
0.8871 -0.3377 0.1757
0.9065 0.1755 0.2995
0.9064 1.0604 0.1762
0.9025 1.1126 0.1755
0.9245 0.9572 0.1858
0.9151 -1.0950 0.2204
0.9162 0.6533 0.2702
0.9304 1.0168 0.1902
0.9380 0.8384 0.2188
0.9469 -0.3581 0.2481
0.9606 1.1840 0.2001
0.9534 0.6574 0.2730
0.9508 1.0961 0.1823
0.9501 0.9156 0.1999
0.9606 -1.1015 0.2375
0.9693 0.6655 0.2733
0.9830 0.4005 0.3886
0.9937 -0.9376 0.2406
0.9948 1.2020 0.2265
1.0416 0.7919 0.2511
1.0463 -0.6203 0.3890
1.0457 -0.0538 0.1994
1.0393 1.2171 0.2740
1.0487 -1.0601 0.1991
1.0568 1.1941 0.2773
1.0596 -0.1053 0.2030
1.0554 0.0666 0.2443
1.0616 0.4215 0.3912
1.0636 -1.0735 0.2011
1.0739 -0.2352 0.2933
1.0751 0.8607 0.2881
1.0782 -0.0642 0.1749
1.0942 -0.0874 0.1785
1.0984 -0.9192 0.1351
1.1053 -0.8872 0.1273
1.1072 -0.0617 0.1731
1.1112 -1.1144 0.2337
1.1106 -0.8198 0.1504
1.1160 0.0902 0.2497
1.1147 0.7650 0.3348
1.1415 -0.9024 0.1030
1.1530 -1.0140 0.1405
1.1684 -0.8795 0.1074
1.1534 -0.9775 0.1116
1.1567 -0.9428 0.0988
1.1647 -0.8076 0.1388
1.1727 0.3981 0.4284
1.1718 -0.8515 0.1157
1.1713 0.0605 0.2480
1.1979 -0.7922 0.1702
1.1781 -0.7501 0.2125
1.1906 -0.9075 0.1146
1.1977 -0.9638 0.1130
1.1959 -0.1752 0.3113
1.1997 0.2095 0.3661
1.2063 -1.0094 0.1533
1.2065 -0.9803 0.1280
1.2047 -0.0235 0.2480
1.2058 0.3582 0.4359
1.2104 -0.5569 0.4178
1.2123 -0.4930 0.4602
