points 
 2 
 1 
Tumour[19065]CD6810NNCodensity
-0.7352 -0.9443 0.2692
-0.7333 -0.8615 0.2143
-0.7305 -0.7694 0.1718
-0.7284 -0.7349 0.1553
-0.7355 -0.6865 0.1395
-0.7126 -0.6654 0.1252
-0.7271 -0.6175 0.1355
-0.7320 -0.5823 0.1479
-0.7325 -0.1876 0.2586
-0.7359 -0.0067 0.1441
-0.7356 0.0236 0.1456
-0.7311 0.3203 0.1946
-0.7374 1.2385 0.5529
-0.7252 -0.3691 0.1511
-0.7274 -0.0555 0.1631
-0.7202 -0.4016 0.1434
-0.7013 0.4657 0.2575
-0.7092 0.3522 0.1680
-0.7032 -0.5801 0.1320
-0.7090 0.0098 0.1223
-0.6844 0.3217 0.1502
-0.7006 -0.3750 0.1265
-0.7033 0.0385 0.1291
-0.6952 0.0854 0.1737
-0.6736 -0.6765 0.1289
-0.6737 -0.5330 0.1431
-0.6894 -0.4134 0.1256
-0.6762 -0.4793 0.1484
-0.6785 -0.0098 0.1249
-0.6760 -0.3565 0.1195
-0.6736 0.0629 0.1478
-0.6732 0.2887 0.1672
-0.6712 0.6334 0.3341
-0.6770 0.3530 0.1460
-0.6748 -0.7764 0.1562
-0.6616 -0.5039 0.1452
-0.6410 -0.6476 0.1362
-0.6585 1.3066 0.5019
-0.6469 -0.8716 0.1711
-0.6419 -0.0436 0.1490
-0.6419 -0.3332 0.1198
-0.6337 0.3866 0.1635
-0.6342 -0.1378 0.1523
-0.6218 -0.6636 0.1436
-0.6099 -0.3717 0.1168
-0.6162 -0.2896 0.1258
-0.6220 0.2973 0.1606
-0.6124 -0.9614 0.2075
-0.6208 -0.5869 0.1441
-0.6073 -0.8202 0.1507
-0.5922 -0.4504 0.1584
-0.5987 -0.3404 0.1127
-0.5969 -0.2264 0.1438
-0.6019 0.6430 0.2623
-0.5920 -0.1168 0.1145
-0.5969 -0.7577 0.1577
-0.5665 -0.5076 0.1517
-0.5754 -0.8727 0.1451
-0.5327 -0.6209 0.1215
-0.5647 -0.3350 0.1141
-0.5714 -0.1360 0.1089
-0.5726 -0.2363 0.1333
-0.5660 -0.0630 0.1120
-0.5660 0.2869 0.1921
-0.5653 -0.9852 0.2233
-0.5570 0.0155 0.1690
-0.5631 0.3394 0.1757
-0.5569 0.9613 0.3745
-0.5543 -0.0993 0.1037
-0.5498 -0.3849 0.1400
-0.5506 -0.8606 0.1344
-0.5523 -0.5840 0.1273
-0.5516 -0.1970 0.1340
-0.5490 -0.3104 0.1181
-0.5411 -0.7565 0.1431
-0.5400 -0.6763 0.1362
-0.5427 -0.0029 0.1578
-0.5367 -0.1260 0.1117
-0.5330 -0.0870 0.1095
-0.5260 -0.5304 0.1299
-0.5248 -0.2845 0.1329
-0.5112 -0.8367 0.1209
-0.5053 -0.7470 0.1410
-0.5039 -0.6685 0.1235
-0.5015 0.0884 0.2243
-0.5044 0.5807 0.1575
-0.5074 0.4415 0.1488
-0.5001 -0.0783 0.1264
-0.4997 0.5024 0.1321
-0.4958 -0.5748 0.1016
-0.4870 -0.8560 0.1336
-0.4837 -0.8264 0.1287
-0.4815 -0.2276 0.1827
-0.4825 -0.5897 0.0995
-0.4798 -0.3582 0.1790
-0.4768 0.3264 0.1886
-0.4790 0.6680 0.2086
-0.4770 1.0709 0.2415
-0.4792 -0.9840 0.2303
-0.4753 -0.5297 0.1308
-0.4723 0.4776 0.1069
-0.4670 1.1151 0.2282
-0.4681 0.9221 0.3353
-0.4495 0.5192 0.1094
-0.4587 -0.8549 0.1477
-0.4562 -0.6240 0.1022
-0.4589 0.6104 0.1552
-0.4569 0.6803 0.2241
-0.4528 -0.6756 0.1204
-0.4512 1.1359 0.2250
-0.4508 0.4151 0.1233
-0.4463 -0.5574 0.1230
-0.4448 -0.4083 0.2197
-0.4473 -0.1085 0.1610
-0.4452 0.1271 0.1918
-0.4376 -0.7679 0.1587
-0.4293 0.4606 0.0960
-0.4332 -0.5817 0.1186
-0.4309 0.5779 0.1413
-0.4283 0.4392 0.1034
-0.4194 -0.6634 0.1195
-0.4248 0.2124 0.1629
-0.4260 0.2380 0.1612
-0.4169 0.5269 0.1192
-0.4027 0.5015 0.1193
-0.4106 -0.0795 0.1812
-0.4012 0.4408 0.1125
-0.4006 -0.6373 0.1184
-0.3994 -0.9205 0.2291
-0.3914 1.0264 0.2476
-0.3904 -0.6804 0.1365
-0.3898 -0.0484 0.1882
-0.3768 0.3959 0.1379
-0.3817 -0.0200 0.1891
-0.3790 1.0897 0.2127
-0.3726 0.0512 0.1824
-0.3645 1.2068 0.2114
-0.3611 0.1652 0.1457
-0.3540 0.1962 0.1381
-0.3601 0.2793 0.1295
-0.3488 0.0762 0.1804
-0.3481 0.3811 0.1420
-0.3447 1.2547 0.2419
-0.3368 -0.6488 0.1277
-0.3401 0.3053 0.1280
-0.3335 -0.8100 0.2346
-0.3278 0.2500 0.1197
-0.3277 1.2233 0.2119
-0.3064 0.2170 0.1318
-0.2986 0.5484 0.1759
-0.3129 -0.6479 0.1211
-0.3130 -0.5650 0.1071
-0.3036 -0.4371 0.1297
-0.3040 -0.5466 0.0967
-0.3053 0.0972 0.1923
-0.2797 -0.5769 0.0952
-0.2969 -0.5064 0.0965
-0.3039 -0.2029 0.2228
-0.2975 0.2921 0.1195
-0.2849 0.3447 0.1384
-0.2797 -0.4775 0.1019
-0.2814 -0.6197 0.1011
-0.2904 0.4101 0.1736
-0.2860 -0.5239 0.0896
-0.2724 -0.3851 0.1341
-0.2603 -0.6645 0.1260
-0.2734 0.4771 0.1892
-0.2714 0.6229 0.1796
-0.2588 0.7557 0.3039
-0.2367 -0.5264 0.1017
-0.2611 -0.5004 0.0945
-0.2528 -0.4385 0.1014
-0.2620 0.2794 0.1263
-0.2458 -0.5983 0.1029
-0.2436 -0.7869 0.2481
-0.2423 -0.3977 0.1085
-0.2447 -0.1553 0.2100
-0.2499 -0.1239 0.2182
-0.2492 1.1334 0.2169
-0.2393 0.1752 0.1834
-0.2348 0.2890 0.1410
-0.2305 1.2689 0.2318
-0.2269 -0.6396 0.1097
-0.2319 -0.2287 0.1947
-0.2212 0.6031 0.1333
-0.2261 -0.2054 0.2030
-0.2146 -0.4161 0.1009
-0.2096 0.5616 0.1231
-0.2159 -0.5657 0.1201
-0.2103 1.1463 0.2161
-0.1911 -0.3279 0.1747
-0.2038 -0.6556 0.1188
-0.1962 -0.3752 0.1290
-0.1903 -0.4929 0.1197
-0.1951 0.2445 0.1708
-0.1951 0.5771 0.1194
-0.1948 0.9572 0.3769
-0.1893 -0.4419 0.1066
-0.1888 0.5432 0.1337
-0.1784 0.6923 0.2057
-0.1873 -1.0159 0.3602
-0.1782 0.5923 0.1235
-0.1772 -0.4248 0.1160
-0.1705 1.1755 0.2196
-0.1704 -0.6305 0.1245
-0.1578 -0.4743 0.1414
-0.1680 0.3379 0.1920
-0.1653 -0.1412 0.2632
-0.1468 -0.6545 0.1457
-0.1405 0.0690 0.2385
-0.1376 1.1893 0.2361
-0.1344 0.5395 0.1633
-0.1309 -0.6782 0.1740
-0.1298 -1.0075 0.3205
-0.1263 0.3247 0.1947
-0.1219 1.2686 0.2750
-0.1095 -0.6392 0.1868
-0.1062 0.5898 0.1501
-0.1086 0.1660 0.1728
-0.0907 0.0255 0.2786
-0.0739 0.1898 0.1658
-0.0673 0.6132 0.1726
-0.0658 0.2640 0.1701
-0.0658 0.2404 0.1638
-0.0679 0.0930 0.2237
-0.0485 -1.0081 0.2659
-0.0377 0.6278 0.1749
-0.0457 1.2674 0.3190
-0.0416 0.1912 0.1820
-0.0161 0.6595 0.1634
-0.0209 0.2939 0.2120
0.0207 0.7239 0.1360
0.0252 -1.0187 0.2311
0.0216 -0.9881 0.2297
0.0330 0.7562 0.1379
0.0249 1.0562 0.3860
0.0419 0.7990 0.1531
0.0347 0.6850 0.1387
0.0558 -0.9850 0.2239
0.0613 0.6909 0.1392
0.0769 0.3649 0.3596
0.0841 0.8072 0.1373
0.0923 -1.0453 0.2501
0.1056 0.8854 0.1930
0.0992 0.7334 0.1287
0.1094 -0.9415 0.2608
0.1136 1.3888 0.3196
0.1188 0.7213 0.1438
0.1337 0.8848 0.1878
0.1687 0.7698 0.1582
0.1385 0.8272 0.1421
0.1545 1.3625 0.3000
0.1936 -0.9542 0.2838
0.1964 0.8035 0.1663
0.2124 -1.0043 0.2826
0.2049 1.4023 0.2756
0.2180 0.5480 0.3523
0.2240 1.4460 0.2837
0.2336 1.4177 0.2655
0.2422 0.8119 0.2087
0.2850 0.8851 0.2510
0.2895 1.4112 0.2621
0.3242 0.9619 0.2832
0.3382 -1.0301 0.3854
0.3473 0.6448 0.3141
0.3642 0.6434 0.3299
0.3731 0.6777 0.3210
0.3926 1.4006 0.2805
0.3985 -1.0468 0.4603
0.3986 1.4219 0.2874
0.4052 0.9602 0.2314
0.4662 1.0123 0.1978
0.4850 0.9308 0.1753
0.4878 -0.9721 0.5638
0.5148 0.9335 0.1539
0.5333 1.0143 0.1569
0.5311 1.3549 0.3164
0.5391 1.3746 0.3208
0.5673 0.8471 0.2271
0.5712 0.9438 0.1318
0.5867 0.9927 0.1345
0.5930 1.1038 0.2132
0.6051 0.9591 0.1318
0.6042 1.3392 0.2936
0.6232 0.9788 0.1354
0.6442 1.0855 0.1862
0.6540 0.9646 0.1528
0.6762 0.9196 0.1883
0.7171 1.0520 0.2048
0.7167 1.0704 0.2091
0.7164 1.2119 0.2354
0.7369 1.3176 0.2785
0.7592 0.8505 0.3253
0.7862 1.2787 0.2738
0.7927 1.2263 0.2541
0.8140 1.2740 0.2894
0.8898 -1.0380 0.3006
0.9321 -1.0266 0.2369
0.9509 1.0317 0.3954
0.9550 1.0890 0.3737
0.9732 -1.0094 0.1901
1.0067 -1.0414 0.1880
1.0099 -1.0128 0.1708
1.0130 -0.9820 0.1733
1.0430 -0.9150 0.2290
1.0420 -0.9819 0.1754
1.1130 1.0730 0.4104
1.1665 -1.0464 0.2230
1.1932 -0.9349 0.1733
1.2292 -1.0101 0.1819
1.2201 1.1412 0.4368
1.2317 -0.9653 0.1539
1.2529 -0.9898 0.1601
1.2584 -0.9343 0.1471
1.2617 -0.9038 0.1558
1.2668 1.0142 0.4733
1.2729 -0.8839 0.1683
1.3300 -0.8400 0.2034
1.3407 1.1016 0.5128
1.3556 1.0382 0.5357
1.3898 -0.9240 0.1952
1.3900 -1.0275 0.2524
1.3811 1.0559 0.5630
1.3873 -0.8305 0.2031
1.4473 -0.8162 0.2034
1.4495 -0.9615 0.2187
1.4902 -0.8213 0.2043
1.5209 -1.0446 0.2321
1.5286 -0.8679 0.2095
1.5357 -0.7241 0.2336
1.5565 -0.7917 0.2066
1.5814 -1.0304 0.1898
1.6113 -0.9960 0.1557
1.6326 -1.0178 0.1571
1.6560 -0.9284 0.1440
1.6517 -0.7199 0.1824
1.6755 -0.7358 0.1756
1.6684 -0.6762 0.2067
1.6785 -0.9665 0.1289
1.6910 -0.8838 0.1412
1.6814 -1.0203 0.1607
1.6930 -0.6383 0.2511
1.7148 -0.8136 0.1691
1.7046 -0.9810 0.1407
1.7152 -0.6535 0.2424
1.7287 -0.8506 0.1491
1.7428 -0.8807 0.1477
1.7466 -0.9529 0.1577
1.7531 -0.8523 0.1639
