points 
 2 
 1 
Tumour[19065]FoxP310NNCodensity
-1.2660 1.0194 0.6458
-1.2600 1.0588 0.6730
-1.2591 -0.1686 0.4568
-1.2066 -0.6652 0.1964
-1.2037 0.9755 0.5652
-1.1992 0.4732 0.6557
-1.1754 -0.0379 0.3637
-1.1727 -0.6834 0.1449
-1.1631 -0.1308 0.3372
-1.1404 -0.6684 0.1204
-1.1326 -0.1716 0.3414
-1.1278 -0.7293 0.1204
-1.1134 0.5239 0.5863
-1.1054 -0.7099 0.1011
-1.0966 -0.1008 0.3014
-1.0885 -0.7857 0.1874
-1.0848 -0.6526 0.1209
-1.0800 -0.7214 0.1144
-1.0741 -0.7003 0.1089
-1.0648 0.6342 0.4847
-1.0648 -0.6535 0.1307
-1.0538 -0.6614 0.1361
-1.0329 0.5498 0.5255
-1.0265 -0.0209 0.3127
-1.0004 0.0275 0.3468
-0.9935 0.0821 0.4045
-0.9824 -0.5176 0.3013
-0.9579 0.0386 0.3832
-0.9350 0.9749 0.3946
-0.8819 -0.3132 0.3169
-0.8823 -0.5415 0.2964
-0.8798 0.8276 0.3076
-0.8408 -0.4208 0.2108
-0.8088 -0.4061 0.1869
-0.7995 -0.4691 0.1980
-0.7969 0.9116 0.2429
-0.7881 0.8847 0.2266
-0.7638 -0.3294 0.2287
-0.7642 0.8242 0.2306
-0.7435 0.8362 0.2180
-0.7425 -1.2424 1.0283
-0.7388 0.8265 0.2247
-0.7104 -0.4803 0.2050
-0.6987 0.9322 0.2476
-0.6817 -0.4552 0.2045
-0.6836 -0.3965 0.1950
-0.6742 -0.4145 0.1983
-0.6681 -0.4000 0.2082
-0.6123 0.8927 0.2529
-0.5614 0.8995 0.2767
-0.4621 -0.5730 0.5367
-0.4635 -0.0899 0.5522
-0.4566 1.1455 0.4156
-0.4502 1.1375 0.4076
-0.4487 0.8925 0.3315
-0.4284 0.9179 0.3289
-0.4068 0.9243 0.3357
-0.3778 0.6062 0.4501
-0.3526 -0.2349 0.5273
-0.3072 -0.0877 0.4160
-0.2275 0.7072 0.2595
-0.2239 -1.2369 0.6392
-0.2189 -1.2479 0.6418
-0.2011 0.3727 0.3050
-0.1936 0.3625 0.2966
-0.1887 1.2098 0.4687
-0.1863 0.7234 0.2184
-0.1801 0.1525 0.2405
-0.1744 0.7549 0.2091
-0.1749 0.7881 0.2234
-0.1615 1.1777 0.4522
-0.1604 0.2552 0.2313
-0.1585 0.4086 0.3259
-0.1500 1.2177 0.4887
-0.1443 -0.0288 0.2511
-0.1399 0.2033 0.2185
-0.1262 0.2521 0.2278
-0.1114 0.6051 0.3019
-0.1008 0.0186 0.1996
-0.0995 0.1351 0.1954
-0.0903 -0.0303 0.2247
-0.0789 0.8300 0.2217
-0.0618 0.1145 0.2004
-0.0649 0.7964 0.2019
-0.0627 0.7809 0.2005
-0.0453 0.8299 0.2281
-0.0066 0.0549 0.2042
-0.0034 0.6521 0.3153
0.0150 0.0577 0.2178
0.0208 -0.0643 0.2669
0.0260 -1.1505 0.3953
0.0389 -1.0114 0.3666
0.0378 1.1466 0.4672
0.0395 -0.0302 0.2463
0.0468 -0.7752 0.4597
0.0545 -1.1135 0.3705
0.0839 -1.2512 0.4768
0.1012 -0.9915 0.3258
0.1359 0.8647 0.3487
0.1458 0.8685 0.3558
0.1801 0.9081 0.3884
0.1947 0.0148 0.3228
0.2217 -0.9049 0.2697
0.2334 -0.8631 0.2685
0.2613 0.0462 0.3650
0.2911 -0.1051 0.4375
0.2989 -0.9786 0.2741
0.3217 -0.6480 0.3646
0.3229 -0.7908 0.2618
0.3254 -0.7730 0.2709
0.3408 1.1796 0.4380
0.3546 1.0943 0.3830
0.3754 0.1412 0.4860
0.3758 -0.9078 0.2422
0.3766 0.0308 0.4356
0.3804 -0.9559 0.2637
0.3946 -1.0844 0.3862
0.3938 1.1655 0.4220
0.4439 -0.4335 0.4260
0.4781 -0.8570 0.2778
0.4909 -0.5494 0.3276
0.5079 1.0201 0.3933
0.5131 -0.5416 0.3312
0.5269 -0.7366 0.2941
0.5360 1.0031 0.4011
0.5792 -0.8846 0.3396
0.5870 -0.7344 0.3311
0.5835 1.0848 0.4155
0.6015 -0.4054 0.3997
0.6095 -1.1325 0.4882
0.6118 -0.4438 0.3757
0.6124 0.0051 0.5269
0.6110 0.5022 0.3785
0.6193 0.4547 0.3803
0.6687 0.6759 0.3781
0.6710 -0.1566 0.5696
0.6733 1.0198 0.4186
0.6812 -0.7922 0.4014
0.6931 0.3798 0.3751
0.7202 0.5058 0.3054
0.7253 0.2534 0.4612
0.7906 0.4999 0.3136
0.8418 0.8936 0.3252
0.8442 -0.5876 0.3871
0.8521 0.6144 0.3000
0.8529 -0.5228 0.3915
0.8552 -1.2656 0.4325
0.8756 0.6384 0.3054
0.8824 -1.2129 0.3574
0.8798 0.7438 0.2830
0.8813 0.1416 0.6226
0.9030 -1.1908 0.3309
0.9258 -1.0050 0.2813
0.9397 -1.0663 0.2569
0.9405 -0.6394 0.4059
0.9402 -0.4780 0.3801
0.9435 0.7328 0.2934
0.9421 0.7494 0.2896
0.9507 1.1853 0.5315
0.9636 1.0691 0.3953
0.9669 -0.7366 0.3961
0.9684 0.9438 0.3031
0.9859 0.9430 0.3096
1.0119 0.9592 0.3360
1.0354 -1.0315 0.2065
1.0425 -1.0491 0.2094
1.0763 -0.9282 0.2509
1.0907 -0.3525 0.3464
1.0991 -1.0498 0.2338
1.1013 -0.8723 0.3013
1.1175 -0.3481 0.3470
1.1276 -0.9938 0.2494
1.1437 -1.0048 0.2670
1.1456 -0.3556 0.3552
1.1902 -0.3343 0.3958
1.2072 -0.2016 0.5209
1.2226 -0.2854 0.4592
