points 
 2 
 1 
Tumour[19065]CD6810NNCodensity
-1.3701 -0.5552 0.3089
-1.3704 -0.4921 0.2991
-1.3747 0.3104 0.1732
-1.3764 0.7321 0.2234
-1.3595 0.8488 0.2957
-1.3598 0.6801 0.1985
-1.3593 0.2034 0.2117
-1.3423 0.3241 0.1483
-1.3489 0.3768 0.1856
-1.3409 0.7165 0.1851
-1.3473 -0.6028 0.3286
-1.3401 0.7406 0.1989
-1.3381 0.3427 0.1524
-1.3341 0.1601 0.2280
-1.3173 0.6721 0.1758
-1.3165 -0.5999 0.3131
-1.3133 -0.5614 0.2825
-1.3094 -0.2846 0.3078
-1.3115 0.4351 0.2370
-1.2839 0.2864 0.1446
-1.2963 0.0599 0.2484
-1.2851 0.3519 0.1569
-1.2842 0.2406 0.1594
-1.2903 0.5965 0.2091
-1.2758 0.0071 0.2434
-1.2736 -0.2859 0.2789
-1.2749 -0.1001 0.2418
-1.2519 -0.0419 0.2306
-1.2419 0.6913 0.1943
-1.2514 -0.6121 0.3420
-1.2184 0.9587 0.3873
-1.2169 -0.3148 0.2740
-1.2079 0.6338 0.2165
-1.2062 0.2695 0.1534
-1.1988 0.2362 0.1517
-1.1857 -0.1344 0.2227
-1.1833 0.9263 0.3565
-1.1709 0.2818 0.1576
-1.1637 0.2446 0.1488
-1.1721 0.6058 0.2573
-1.1625 -0.0903 0.2298
-1.1582 0.1213 0.2286
-1.1616 0.1509 0.2011
-1.1463 0.5895 0.2941
-1.1378 -0.3612 0.3086
-1.1269 0.8476 0.3276
-1.1278 -0.1539 0.2370
-1.1112 -0.3545 0.3036
-1.1167 -0.1149 0.2338
-1.0974 0.2915 0.1590
-1.0717 0.2365 0.1497
-1.0366 0.2114 0.1698
-1.0363 0.2756 0.1647
-1.0287 0.3103 0.1906
-0.9983 0.1773 0.2067
-0.9907 0.0762 0.2641
-0.9911 0.7838 0.3786
-0.9607 -0.1784 0.2213
-0.9726 0.2827 0.1989
-0.9555 -0.1101 0.2063
-0.9526 0.0271 0.2349
-0.9431 0.8452 0.4501
-0.9390 -0.5651 0.1844
-0.9393 -0.5229 0.1720
-0.9395 -0.2830 0.2264
-0.9147 -0.4348 0.1677
-0.9318 -0.1375 0.2023
-0.9185 -0.6152 0.2165
-0.9195 -0.0443 0.1966
-0.9031 -0.2098 0.2214
-0.9165 0.4581 0.2436
-0.9126 0.4901 0.2633
-0.8894 -0.5821 0.1669
-0.8809 -0.3721 0.1715
-0.8748 0.4570 0.2447
-0.8773 0.6121 0.3477
-0.8763 -0.3383 0.1909
-0.8533 -0.5452 0.1440
-0.8665 -0.5017 0.1394
-0.8343 -0.4411 0.1515
-0.8528 0.3169 0.2516
-0.8446 0.2577 0.2758
-0.8403 -0.5192 0.1448
-0.8395 0.5506 0.3261
-0.8363 -0.0585 0.1665
-0.8224 -0.3801 0.1759
-0.8220 -0.4028 0.1665
-0.8132 -0.0251 0.1464
-0.7971 -0.0028 0.1351
-0.8003 0.3596 0.2930
-0.7854 0.0558 0.1506
-0.7746 0.0848 0.1682
-0.7658 -0.1008 0.1509
-0.7566 0.0203 0.1261
-0.7700 -0.5720 0.2333
-0.7302 0.0562 0.1301
-0.7374 -0.0979 0.1371
-0.7127 -0.0851 0.1290
-0.7084 -0.1587 0.1628
-0.7049 0.0240 0.1233
-0.6764 -0.3798 0.2778
-0.6788 -0.0774 0.1167
-0.6763 0.0375 0.1188
-0.6473 -0.0590 0.1131
-0.6355 0.0197 0.1072
-0.6345 -0.2696 0.2723
-0.6461 -0.1476 0.1437
-0.6279 -0.0213 0.1103
-0.6358 0.0651 0.1284
-0.6296 -0.1234 0.1277
-0.6158 -0.5201 0.2593
-0.5936 0.0531 0.1180
-0.6008 0.0159 0.1060
-0.6000 -0.0716 0.1177
-0.5921 -0.1037 0.1394
-0.5712 0.5196 0.3934
-0.5651 -0.0339 0.1265
-0.5670 0.0741 0.1376
-0.5640 -0.4234 0.2382
-0.5490 0.6597 0.3720
-0.5464 -0.5397 0.2296
-0.5284 0.0013 0.1351
-0.5200 0.0910 0.1505
-0.5288 0.6864 0.3754
-0.5149 -0.5378 0.2198
-0.4875 -0.5398 0.2161
-0.4788 -0.3825 0.2393
-0.4867 -0.0089 0.1627
-0.4781 0.1176 0.1727
-0.4661 0.5648 0.3364
-0.4539 0.0031 0.1780
-0.4602 0.1436 0.1905
-0.4550 -0.2314 0.2427
-0.4443 0.7188 0.3631
-0.4149 -0.5170 0.2156
-0.4178 -0.0797 0.2034
-0.4167 0.1177 0.1641
-0.4076 0.6384 0.3118
-0.4114 -0.5506 0.2269
-0.3941 -0.1511 0.1880
-0.3914 -0.3762 0.2367
-0.3794 -0.3095 0.2355
-0.3632 -0.1555 0.1817
-0.3362 0.1826 0.1443
-0.3483 0.0775 0.1602
-0.3271 -0.1447 0.1898
-0.3213 -0.2153 0.2023
-0.3195 -0.3809 0.2570
-0.3185 0.0996 0.1397
-0.3107 0.1382 0.1200
-0.2863 -0.1190 0.2196
-0.2885 0.2531 0.1791
-0.2999 0.1008 0.1393
-0.2883 0.1640 0.1232
-0.2757 -0.6287 0.2701
-0.2804 0.2025 0.1423
-0.2625 0.7113 0.3574
-0.2792 -0.5071 0.2147
-0.2679 0.4360 0.2642
-0.2465 0.1275 0.1466
-0.2480 -0.1173 0.2427
-0.2350 -0.5416 0.2178
-0.2378 0.3097 0.1933
-0.2339 -0.5899 0.2404
-0.2058 0.3275 0.1925
-0.2007 0.1950 0.1689
-0.2009 -0.5125 0.2327
-0.1884 0.5572 0.2824
-0.1831 0.4181 0.2134
-0.1621 0.3853 0.2032
-0.1587 0.5789 0.2873
-0.1519 -0.2351 0.2602
-0.1411 0.1480 0.2255
-0.1388 0.2134 0.2129
-0.1328 -0.5123 0.2505
-0.1216 0.4245 0.2156
-0.1055 0.8141 0.3983
-0.0843 -0.1657 0.2294
-0.0648 -0.3581 0.2174
-0.0684 -0.6287 0.3513
-0.0689 0.6685 0.2863
-0.0498 -0.3055 0.1876
-0.0339 0.2856 0.1709
-0.0379 -0.3809 0.2109
-0.0162 -0.1068 0.2100
-0.0263 0.0664 0.2386
-0.0144 -0.1817 0.1869
-0.0130 0.3490 0.1630
-0.0097 0.3248 0.1549
0.0037 -0.0447 0.2017
0.0007 0.8103 0.3773
0.0173 -0.2189 0.1683
0.0129 0.1712 0.2007
0.0384 -0.2911 0.1495
0.0173 0.3744 0.1734
0.0354 -0.3642 0.1745
0.0491 -0.4855 0.2930
0.0447 0.1918 0.1900
0.0479 0.2729 0.1366
0.0505 -0.0191 0.1643
0.0561 0.6418 0.2793
0.0593 0.2533 0.1471
0.0814 -0.2049 0.1837
0.0728 0.5639 0.2639
0.0744 0.7128 0.3184
0.0831 0.3459 0.1668
0.0957 0.0028 0.1377
0.0846 0.2493 0.1674
0.0952 -0.2947 0.1514
0.0895 0.3854 0.1928
0.1095 0.5207 0.2547
0.0992 -0.3263 0.1640
0.1001 -0.2512 0.1596
0.1232 -0.0070 0.1265
0.1215 0.0614 0.1609
0.1404 -0.0641 0.1609
0.1490 0.0303 0.1289
0.1585 -0.3217 0.1767
0.1591 0.6091 0.3038
0.1730 -0.0526 0.1600
0.1885 -0.0113 0.1375
0.2075 -0.2813 0.1863
0.2068 0.0190 0.1400
0.2156 0.1308 0.1867
0.2166 0.3516 0.2797
0.2398 -0.3844 0.1928
0.2427 0.0594 0.1570
0.2384 0.4549 0.2890
0.2802 -0.4658 0.2176
0.2850 -0.3230 0.1778
0.2898 0.0724 0.1567
0.3126 -0.1479 0.2253
0.3027 -0.4921 0.2084
0.3035 -0.3721 0.1862
0.3078 -0.2839 0.1797
0.3188 0.1335 0.1333
0.3199 -0.5061 0.2028
0.3213 0.1099 0.1379
0.3243 0.1792 0.1563
0.3327 0.4762 0.3209
0.3390 -0.2449 0.1868
0.3407 0.1329 0.1309
0.3699 -0.6129 0.2034
0.3837 -0.0870 0.1554
0.3783 -0.2274 0.1904
0.3929 -0.6270 0.2050
0.3897 0.1339 0.1347
0.3949 -0.5557 0.1801
0.4098 -0.6098 0.1896
0.4067 0.2276 0.1576
0.4099 0.3112 0.1839
0.4161 -0.2846 0.2145
0.4170 0.2000 0.1529
0.4228 0.3718 0.2117
0.4250 -0.0456 0.1112
0.4277 0.1050 0.1382
0.4355 0.2714 0.1629
0.4325 -0.0690 0.1081
0.4434 0.0326 0.1105
0.4499 0.2984 0.1693
0.4480 0.0018 0.1014
0.4540 -0.1257 0.1282
0.4592 -0.6277 0.2198
0.4536 -0.1521 0.1522
0.4616 0.0805 0.1214
0.4775 0.0448 0.1045
0.4971 -0.1000 0.1110
0.4704 -0.0295 0.0946
0.4850 -0.0118 0.0990
0.4788 -0.0606 0.0987
0.5029 -0.6059 0.2313
0.5027 0.0919 0.1288
0.4983 0.3617 0.1957
0.5098 -0.4703 0.1891
0.5213 -0.3717 0.1692
0.5154 0.0031 0.1165
0.5301 -0.1129 0.1309
0.5273 0.1613 0.1655
0.5455 -0.4498 0.1592
0.5506 0.0626 0.1399
0.5434 0.3432 0.1989
0.5517 -0.0898 0.1311
0.5501 -0.2644 0.2299
0.5607 0.1650 0.1650
0.5656 -0.3911 0.1355
0.5840 -0.1042 0.1648
0.5846 -0.4115 0.1290
0.5913 -0.0258 0.1542
0.5985 0.0684 0.1534
0.5954 -0.4695 0.1594
0.6047 -0.3847 0.1339
0.5945 0.3765 0.2028
0.6147 0.1747 0.1745
0.6324 0.2124 0.1954
0.6375 -0.0332 0.1841
0.6380 0.4036 0.1781
0.6411 0.4561 0.1833
0.6380 -0.3865 0.1428
0.6503 -0.2276 0.2543
0.6478 0.0822 0.1744
0.6546 -0.4106 0.1416
0.6692 0.1151 0.1838
0.6934 0.4626 0.1472
0.7014 0.4040 0.1472
0.7200 0.5185 0.1607
0.7269 -0.3679 0.1608
0.7389 0.2814 0.1433
0.7355 -0.4672 0.1550
0.7435 -0.4482 0.1465
0.7428 -0.0545 0.2058
0.7518 0.3145 0.1323
0.7650 0.4294 0.1153
0.7700 0.4689 0.1171
0.7582 0.2415 0.1312
0.7653 -0.3046 0.1594
0.7641 0.0344 0.2063
0.7629 0.1928 0.1588
0.7885 -0.2441 0.1625
0.7741 -0.4444 0.1364
0.7895 0.3506 0.1109
0.7905 0.5096 0.1144
0.7886 -0.6227 0.2027
0.7873 0.3969 0.1095
0.7968 0.1930 0.1502
0.7922 -0.5927 0.1706
0.7985 -0.5030 0.1281
0.8030 0.2857 0.1109
0.8231 0.3745 0.0987
0.8036 -0.3400 0.1219
0.8167 0.0232 0.2105
0.8088 0.4922 0.1070
0.8146 -0.5581 0.1364
0.8267 -0.4869 0.1225
0.8260 -0.1652 0.1331
0.8281 0.2481 0.1132
0.8227 0.4003 0.0995
0.8249 0.2937 0.1092
0.8326 0.5216 0.1048
0.8262 0.5513 0.1237
0.8331 -0.1287 0.1361
0.8424 -0.3691 0.1046
0.8372 -0.0714 0.1551
0.8418 0.4186 0.1064
0.8502 -0.4535 0.1242
0.8455 -0.3315 0.0960
0.8447 0.0343 0.2189
0.8422 0.5553 0.1292
0.8542 -0.1709 0.1181
0.8554 -0.2782 0.1107
0.8664 -0.5499 0.1252
0.8530 -0.1172 0.1340
0.8660 -0.3499 0.0929
0.8577 0.2146 0.1401
0.8671 0.3622 0.0956
0.8749 0.4584 0.1321
0.8814 -0.5878 0.1373
0.8698 -0.3070 0.0966
0.8869 -0.4261 0.1139
0.8798 0.2667 0.1074
0.8801 -0.3810 0.1014
0.8881 0.3294 0.0925
0.8794 0.5358 0.1366
0.9021 -0.5040 0.1165
0.8954 -0.1097 0.1306
0.8879 0.2898 0.1000
0.8884 0.3795 0.0977
0.8879 -0.2396 0.1012
0.8916 0.5171 0.1405
0.8987 -0.2966 0.1069
0.9054 -0.3667 0.1112
0.9061 0.3598 0.0953
0.9233 -0.4640 0.1165
0.9098 -0.2186 0.0962
0.9328 -0.5483 0.1138
0.9152 -0.1938 0.1059
0.9234 0.3237 0.0899
0.9291 -0.2484 0.0914
0.9327 -0.2168 0.0924
0.9377 0.2813 0.1106
0.9457 -0.4141 0.1314
0.9463 -0.6081 0.1589
0.9545 -0.5176 0.1095
0.9570 0.2697 0.1276
0.9532 0.3753 0.1264
0.9572 0.3466 0.1112
0.9668 -0.5754 0.1299
0.9669 -0.2317 0.0999
0.9665 -0.1109 0.1561
0.9735 -0.1579 0.1364
0.9698 -0.0714 0.1836
0.9731 -0.4789 0.1159
0.9829 -0.2602 0.1120
0.9908 -0.3160 0.1338
0.9952 -0.2419 0.1183
0.9956 -0.0301 0.2163
1.0010 0.2678 0.1598
1.0036 -0.4774 0.1284
1.0356 -0.3089 0.1402
1.0204 -0.3971 0.1517
1.0228 -0.5475 0.1390
1.0294 0.3513 0.1826
1.0327 -0.5113 0.1448
1.0581 -0.3286 0.1586
1.0659 0.1281 0.2662
1.0811 0.6163 0.4342
1.0674 -0.5812 0.2093
1.0682 -0.3787 0.1799
1.0977 -0.2489 0.1981
1.1022 0.0246 0.2753
1.0940 0.2616 0.2452
1.1076 -0.1662 0.2449
1.1098 0.1581 0.2811
1.1119 -0.0096 0.2727
