points 
 2 
 1 
Tumour[19065]CD810NNCodensity
-0.9234 0.8790 0.3762
-0.8793 0.8657 0.3130
-0.8904 -0.6938 0.1536
-0.8782 -0.6121 0.1473
-0.8786 -0.6689 0.1350
-0.8666 -0.5545 0.1682
-0.8715 -0.3208 0.2846
-0.8735 0.8093 0.2938
-0.8633 -0.8699 0.2661
-0.8571 -0.5988 0.1380
-0.8532 -0.6776 0.1261
-0.8537 -0.4334 0.2187
-0.8462 -0.7653 0.1695
-0.8478 -0.3865 0.2301
-0.8477 0.7539 0.2937
-0.8424 -0.3122 0.2820
-0.8172 -0.7562 0.1588
-0.8225 -0.2286 0.3928
-0.8188 -0.6075 0.1332
-0.8085 0.8542 0.2576
-0.8065 -0.7253 0.1541
-0.7844 -0.8490 0.2221
-0.7821 -0.5103 0.1936
-0.7657 -0.6153 0.1613
-0.7499 -0.5323 0.2077
-0.7414 -0.6597 0.1936
-0.7442 -0.3535 0.2888
-0.7253 -0.8425 0.2497
-0.7187 0.8059 0.2188
-0.6987 -0.8112 0.2543
-0.6618 0.7531 0.1885
-0.6186 0.8069 0.1601
-0.6070 0.5705 0.2716
-0.6003 0.7230 0.1577
-0.6087 0.8283 0.1707
-0.5793 0.6418 0.2144
-0.5766 0.7707 0.1356
-0.5553 0.8252 0.1605
-0.5206 0.4869 0.2544
-0.5269 0.6759 0.1902
-0.5259 0.7632 0.1393
-0.5150 0.3752 0.2563
-0.5150 0.4187 0.2452
-0.4926 0.4234 0.2447
-0.4899 0.4313 0.2465
-0.4713 0.7942 0.1714
-0.4794 0.2634 0.2538
-0.4814 0.7460 0.1678
-0.4695 -0.2016 0.2924
-0.4538 0.1226 0.1739
-0.4527 0.1782 0.2050
-0.4356 0.7861 0.1768
-0.4204 0.0419 0.1412
-0.3996 0.0623 0.1255
-0.4148 0.2079 0.2233
-0.4093 0.1237 0.1510
-0.3861 -0.0913 0.1779
-0.3815 0.0078 0.1291
-0.3726 -0.2088 0.1900
-0.3559 -0.0413 0.1503
-0.3654 0.0529 0.1220
-0.3568 -0.1501 0.1693
-0.3472 0.8006 0.1712
-0.3490 0.0080 0.1321
-0.3406 0.8405 0.1772
-0.3270 -0.1308 0.1672
-0.3290 0.0723 0.1509
-0.3205 0.7812 0.1758
-0.2964 -0.2653 0.2003
-0.2950 0.7505 0.2086
-0.2983 0.8776 0.1920
-0.2982 0.0482 0.1777
-0.2781 -0.2064 0.1679
-0.2607 -0.2504 0.1943
-0.2626 -0.1227 0.1963
-0.2478 0.8209 0.1714
-0.2302 0.8953 0.1834
-0.2160 -0.2193 0.2071
-0.1793 -0.2877 0.2516
-0.1737 0.8464 0.1577
-0.1464 0.9348 0.1875
-0.1230 0.8602 0.1490
-0.1149 -0.8305 0.2851
-0.1076 0.8762 0.1510
-0.1039 0.9258 0.1852
-0.0879 0.8351 0.1654
-0.0737 0.8523 0.1681
-0.0559 -0.2986 0.2682
-0.0461 0.7203 0.2739
-0.0360 -0.4069 0.2019
-0.0267 -0.4366 0.1824
-0.0228 -0.3737 0.2178
-0.0202 -0.7248 0.1629
-0.0176 -0.4787 0.1604
-0.0137 -0.5560 0.1513
-0.0059 -0.8641 0.2066
-0.0106 -0.6854 0.1538
0.0174 -0.7013 0.1314
0.0397 -0.8344 0.1661
0.0228 -0.5529 0.1154
0.0289 -0.7991 0.1422
0.0414 -0.7349 0.1316
0.0346 -0.5837 0.1101
0.0387 -0.4819 0.1525
0.0320 0.6228 0.2499
0.0575 -0.6945 0.1263
0.0578 -0.6095 0.1044
0.0485 0.5976 0.2318
0.0542 0.8822 0.2789
0.0585 -0.5691 0.0969
0.0744 -0.8529 0.1978
0.0749 -0.7830 0.1464
0.0739 -0.2746 0.3530
0.1079 -0.5937 0.0903
0.0941 -0.6246 0.0985
0.0957 -0.5591 0.1002
0.1030 0.5937 0.1834
0.1118 -0.6578 0.1140
0.1138 -0.5445 0.1120
0.1367 -0.6451 0.1073
0.1492 -0.5639 0.1081
0.1635 0.5377 0.1479
0.1623 -0.6316 0.1075
0.1612 -0.7490 0.1651
0.1713 -0.6874 0.1209
0.1809 -0.5703 0.1163
0.1788 0.8363 0.2299
0.1877 0.7346 0.1484
0.1836 0.7782 0.1706
0.1910 -0.7050 0.1299
0.1922 0.6088 0.1410
0.1897 -0.5248 0.1454
0.1972 0.4950 0.1404
0.2417 -0.5982 0.1491
0.1915 0.6391 0.1474
0.2031 0.3560 0.2472
0.2109 0.4736 0.1364
0.2155 0.5582 0.1234
0.2267 0.6253 0.1431
0.2247 -0.6628 0.1279
0.2227 0.7415 0.1382
0.2250 0.7789 0.1614
0.2361 -0.5364 0.1616
0.2365 0.5185 0.1214
0.2550 -0.6744 0.1542
0.2579 0.7667 0.1670
0.2635 0.4712 0.1122
0.2625 -0.8396 0.2947
0.2682 -0.7218 0.1866
0.2657 -0.4326 0.2718
0.2692 0.6203 0.1573
0.2812 0.7120 0.1723
0.2893 0.4531 0.1121
0.2937 -0.4717 0.2533
0.3012 0.4335 0.1199
0.3135 0.5404 0.1365
0.3174 0.4930 0.1102
0.3166 0.4205 0.1292
0.3433 0.5441 0.1543
0.3577 0.4645 0.1182
0.3797 0.3947 0.1354
0.3879 0.4745 0.1390
0.4234 0.3917 0.1386
0.4278 0.3473 0.1453
0.4584 0.3495 0.1267
0.4548 0.4131 0.1514
0.4739 0.2817 0.1268
0.4878 0.2295 0.1299
0.5023 0.1120 0.1910
0.5097 0.1713 0.1413
0.5134 0.2126 0.1224
0.5141 0.2504 0.1184
0.5186 0.3212 0.1165
0.5291 0.3549 0.1237
0.5361 0.1309 0.1674
0.5389 0.3034 0.1171
0.5481 0.2303 0.1363
0.5648 0.3598 0.1423
0.5665 0.1088 0.2006
0.5837 0.4110 0.1981
0.5907 0.0155 0.2374
0.6050 0.3544 0.1809
0.5946 -0.1286 0.2262
0.6064 -0.4903 0.4661
0.6115 -0.3171 0.2729
0.6182 -0.1874 0.2098
0.6393 -0.2720 0.2316
0.6439 -0.1167 0.2021
0.6400 -0.1087 0.2047
0.6489 -0.3562 0.3042
0.6570 -0.2563 0.2251
0.7095 -0.0268 0.2351
0.7433 0.0393 0.2824
0.7667 0.0955 0.3401
0.7795 -0.8212 0.6784
0.7842 -0.1145 0.2631
0.8055 -0.7693 0.6237
0.8549 -0.1730 0.3328
0.9001 -0.2176 0.3960
0.9622 -0.5102 0.4258
0.9776 -0.5054 0.4277
0.9971 -0.4449 0.4372
1.0207 -0.4795 0.4445
1.3301 -0.7111 0.4381
1.3189 -0.6311 0.4364
1.3431 -0.8254 0.5479
1.3529 -0.7153 0.4516
1.3739 -0.6640 0.4620
1.5069 -0.7211 0.6434
