points 
 2 
 1 
Tumour[19065]CD6810NNCodensity
-1.3032 0.4474 0.3418
-1.2934 -0.6707 0.6808
-1.2836 0.5243 0.2888
-1.2377 0.5780 0.2558
-1.2332 0.4836 0.2570
-1.1861 0.5681 0.2222
-1.1558 0.9091 0.4593
-1.1537 0.3353 0.3876
-1.1438 0.5407 0.2194
-1.1341 0.9217 0.4637
-1.1275 0.6177 0.2413
-1.1088 0.1695 0.4250
-1.0869 -0.7553 0.4654
-1.0718 0.5961 0.2395
-1.0500 0.9449 0.4859
-1.0195 -0.0791 0.2518
-1.0133 -0.1451 0.2389
-1.0001 -0.0424 0.2381
-0.9962 -0.3941 0.2518
-0.9959 0.6097 0.2478
-0.9858 -0.0004 0.2339
-0.9805 -0.4141 0.2487
-0.9619 -0.3555 0.2196
-0.9522 0.5779 0.2483
-0.9510 0.7934 0.3696
-0.9288 -0.7868 0.3342
-0.9366 -0.2928 0.2026
-0.9212 0.6160 0.2656
-0.8989 -0.5118 0.2439
-0.9189 -0.1944 0.2063
-0.9190 -0.0490 0.2177
-0.8932 -0.8268 0.3418
-0.9101 -0.2742 0.1989
-0.8985 -0.5475 0.2608
-0.8984 -0.2141 0.2069
-0.8729 0.0427 0.1944
-0.8616 -0.7620 0.2789
-0.8498 0.1352 0.1664
-0.8518 0.4695 0.2282
-0.8508 -0.2485 0.2242
-0.8524 0.1036 0.1661
-0.8372 0.4277 0.2119
-0.8390 0.5827 0.2865
-0.8337 0.0646 0.1777
-0.8274 0.1053 0.1508
-0.8139 0.3484 0.1768
-0.8111 0.3837 0.1783
-0.8085 0.4048 0.1880
-0.8052 -0.5561 0.2057
-0.7960 -0.4558 0.2320
-0.7834 0.1352 0.1379
-0.7796 0.2199 0.1551
-0.7665 -0.5850 0.1949
-0.7660 -0.7213 0.2175
-0.7604 -0.4234 0.2475
-0.7343 0.3311 0.1455
-0.7411 0.1973 0.1182
-0.7281 -0.1417 0.3302
-0.7332 -0.2937 0.2811
-0.7226 0.2813 0.1215
-0.7231 0.1571 0.1190
-0.7082 0.1886 0.1034
-0.7097 -0.6990 0.1816
-0.7029 -0.6418 0.1685
-0.6923 0.2546 0.1049
-0.6890 0.2915 0.1118
-0.6785 -0.5184 0.2212
-0.6733 0.3435 0.1417
-0.6839 0.8570 0.5520
-0.6670 0.1885 0.1036
-0.6694 0.1198 0.1545
-0.6701 0.1497 0.1230
-0.6621 0.2381 0.1034
-0.6633 -0.6826 0.1603
-0.6643 -0.5567 0.2071
-0.6528 -0.8189 0.2723
-0.6461 -0.6640 0.1633
-0.6415 0.2149 0.1083
-0.6429 0.2903 0.1159
-0.6189 0.3259 0.1456
-0.6168 -0.3399 0.2750
-0.6129 0.3939 0.2113
-0.5879 -0.7070 0.1622
-0.5921 0.2450 0.1311
-0.5839 0.1879 0.1394
-0.5761 -0.1546 0.3025
-0.5563 -0.7148 0.1658
-0.5546 0.2270 0.1432
-0.5405 -0.3548 0.2570
-0.5383 -0.6893 0.1515
-0.5183 -0.5411 0.1796
-0.5243 0.4715 0.3367
-0.4970 -0.6469 0.1337
-0.5060 -0.0485 0.2558
-0.4997 -0.3432 0.2405
-0.4961 0.1617 0.1953
-0.4918 -0.5970 0.1450
-0.4822 -0.5325 0.1726
-0.4913 0.2187 0.1903
-0.4863 -0.6824 0.1494
-0.4889 -0.0692 0.2400
-0.4866 0.1927 0.1919
-0.4892 0.6195 0.3987
-0.4798 0.6502 0.4040
-0.4671 -0.6367 0.1394
-0.4581 -0.5557 0.1552
-0.4673 -0.4567 0.2118
-0.4650 -0.2880 0.2298
-0.4161 0.0047 0.2411
-0.4213 0.0533 0.2459
-0.4024 -0.6867 0.1557
-0.3906 0.7557 0.4331
-0.3703 -0.0782 0.2100
-0.3646 -0.7319 0.1669
-0.3580 -0.5398 0.2075
-0.3631 -0.1212 0.1959
-0.3587 -0.1583 0.1864
-0.3576 0.1920 0.3285
-0.3513 -0.2670 0.1913
-0.3495 -0.1969 0.1849
-0.3496 0.8148 0.4551
-0.3444 -0.6165 0.1797
-0.3468 -0.4311 0.2571
-0.3365 -0.8340 0.2538
-0.3391 -0.6514 0.1702
-0.3374 -0.3147 0.2088
-0.3346 -0.7560 0.1805
-0.3199 -0.6710 0.1734
-0.3288 -0.2278 0.1822
-0.3094 0.8313 0.4586
-0.3000 -0.7978 0.2076
-0.2486 -0.2063 0.2279
-0.2405 0.4433 0.4520
-0.2195 -0.3605 0.2549
-0.2019 -0.7194 0.2268
-0.1765 -0.3175 0.2748
-0.1567 -0.7558 0.2402
-0.1451 -0.8076 0.2576
-0.1499 -0.4934 0.3367
-0.1485 -0.0391 0.3631
-0.1320 0.3825 0.3613
-0.1116 -0.8272 0.2966
-0.1065 0.6084 0.3054
-0.1013 -0.3834 0.3374
-0.0449 -0.7957 0.3217
-0.0327 -0.0589 0.2735
-0.0132 -0.0847 0.2712
0.0197 0.8035 0.2435
0.0162 0.4093 0.2435
0.0148 0.7637 0.1938
0.0411 0.7311 0.1486
0.0359 -0.5611 0.2873
0.0313 0.6923 0.1355
0.0420 0.2940 0.2359
0.0486 0.6746 0.1231
0.0493 0.5595 0.1401
0.0682 0.6967 0.1241
0.0542 0.5033 0.1772
0.0556 0.2521 0.2252
0.0648 0.6117 0.1127
0.0684 0.5583 0.1311
0.0690 -0.6347 0.2907
0.0797 0.1263 0.2056
0.0835 0.0749 0.1949
0.0932 -0.6548 0.2815
0.0968 -0.3990 0.2629
0.1003 0.5764 0.1176
0.1033 -0.0506 0.1878
0.1056 0.4104 0.2339
0.1163 0.6872 0.1393
0.1144 0.2981 0.2292
0.1180 0.6044 0.1206
0.1183 0.6516 0.1263
0.1205 0.5704 0.1343
0.1317 -0.0320 0.1828
0.1280 0.0807 0.1876
0.1372 -0.0064 0.1833
0.1308 0.0439 0.1870
0.1338 0.2551 0.2220
0.1456 -0.4605 0.2112
0.1478 0.1891 0.2138
0.1601 -0.1438 0.1742
0.1626 -0.2785 0.2111
0.1656 -0.5074 0.2047
0.1878 -0.2184 0.1606
0.2053 -0.1456 0.1493
0.2115 -0.5352 0.2056
0.2250 -0.3526 0.1956
0.2286 -0.8462 0.2434
0.2228 0.6744 0.2544
0.2384 -0.2123 0.1341
0.2378 -0.4673 0.1649
0.2403 -0.7714 0.2006
0.2405 -0.8151 0.2088
0.2515 -0.1371 0.1318
0.2563 -0.1714 0.1171
0.2733 -0.2516 0.1464
0.2807 -0.6829 0.2060
0.2839 -0.4749 0.1620
0.2850 -0.4012 0.1529
0.2858 -0.1535 0.1199
0.2915 -0.7541 0.1655
0.2996 0.0986 0.2938
0.3241 -0.1384 0.1250
0.3188 -0.5773 0.2072
0.3190 -0.7211 0.1753
0.3182 0.1201 0.2954
0.3135 0.3053 0.3413
0.3315 -0.2896 0.1251
0.3351 -0.4584 0.1582
0.3332 -0.4180 0.1439
0.3385 -0.3312 0.1331
0.3399 -0.1640 0.1116
0.3448 -0.2609 0.1122
0.3531 -0.2175 0.1111
0.3616 -0.3207 0.1248
0.3696 -0.1409 0.1121
0.3721 -0.8491 0.1867
0.3879 -0.2270 0.1020
0.3825 -0.4021 0.1518
0.3868 -0.8238 0.1726
0.3836 -0.6746 0.1826
0.3876 -0.2672 0.1043
0.4051 -0.1319 0.1098
0.4116 -0.7723 0.1699
0.4165 -0.8325 0.1953
0.4149 -0.1736 0.0938
0.4182 -0.5900 0.2127
0.4218 0.2277 0.3349
0.4223 -0.1941 0.0956
0.4222 0.6651 0.5036
0.4256 -0.3974 0.1768
0.4342 -0.0959 0.1166
0.4364 -0.2045 0.1029
0.4359 -0.5054 0.2202
0.4393 -0.2723 0.1325
0.4446 -0.3057 0.1543
0.4433 -0.0531 0.1307
0.4521 -0.8147 0.2142
0.4577 -0.1716 0.1100
0.4619 -0.6307 0.2278
0.4619 -0.0306 0.1243
0.4694 -0.6679 0.2225
0.4682 0.2455 0.3372
0.4908 -0.1030 0.1194
0.4830 -0.1566 0.1293
0.4824 -0.0503 0.1089
0.5023 0.0154 0.1424
0.5356 -0.0635 0.1184
0.5406 0.0140 0.1277
0.5487 -0.0357 0.1136
0.5637 -0.0509 0.1250
0.5822 0.4795 0.3994
0.6051 0.0565 0.1305
0.6170 -0.0222 0.1295
0.6234 0.0145 0.1147
0.6168 0.4444 0.3732
0.6433 0.0507 0.1125
0.6253 0.3726 0.3455
0.6473 0.0870 0.1205
0.6803 -0.0114 0.1525
0.6836 0.0509 0.1133
0.6873 0.1514 0.1546
0.7083 0.1172 0.1225
0.6939 0.0756 0.1113
0.7258 0.1462 0.1410
0.7746 0.5730 0.2947
0.7717 0.0417 0.1682
0.7684 0.0868 0.1414
0.7935 0.2563 0.2062
0.7835 0.9142 0.3821
0.8091 0.1064 0.1686
0.8141 0.5587 0.2714
0.8127 0.1714 0.1604
0.8254 0.2186 0.1705
0.8261 0.7619 0.2597
0.8541 0.2731 0.2071
0.9015 0.6734 0.2127
0.9177 0.6341 0.2054
0.9033 0.8373 0.2353
0.9100 0.1943 0.1585
0.9246 0.5872 0.1975
0.9158 0.7903 0.2364
0.9330 0.1640 0.1654
0.9343 0.8334 0.2290
0.9400 0.2561 0.1964
0.9588 0.5476 0.1919
0.9694 0.1156 0.1934
0.9634 0.9008 0.2316
0.9901 0.2265 0.2017
0.9975 0.5044 0.1996
1.0006 -0.0344 0.2509
1.0007 0.5757 0.1817
1.0158 0.1684 0.1850
1.0216 0.9851 0.2799
1.0225 0.0822 0.1763
1.0545 0.4831 0.1935
1.0727 -0.6523 0.8481
1.0886 0.9457 0.2475
1.0875 -0.4455 0.6053
1.0895 -0.3262 0.5073
1.1024 0.0283 0.1290
1.0974 -0.5336 0.7073
1.0997 0.5619 0.1503
1.1027 -0.0079 0.1519
1.1088 0.9272 0.2444
1.1182 0.0930 0.1487
1.1178 0.1252 0.1776
1.1180 0.8968 0.2442
1.1241 0.0205 0.1314
1.1256 0.6949 0.2188
1.1323 0.5187 0.1643
1.1368 0.5635 0.1510
1.1325 0.6729 0.1976
1.1485 0.0176 0.1465
1.1508 0.0500 0.1462
1.1563 0.6342 0.1768
1.1617 0.7217 0.2535
1.1507 0.9550 0.3012
1.1649 0.5061 0.1939
1.1665 0.2918 0.3569
1.1679 0.5351 0.1768
1.1704 -0.0027 0.1837
