points 
 2 
 1 
Tumour[19065]CD6810NNCodensity
-1.1714 -1.1782 0.1253
-1.1791 -0.9084 0.2035
-1.1829 -0.6977 0.1892
-1.1850 -0.5090 0.1843
-1.1663 -0.4463 0.1152
-1.1835 -0.4054 0.1193
-1.1806 -0.2133 0.1721
-1.1806 -0.1680 0.2048
-1.1777 0.1728 0.3631
-1.1833 0.3754 0.3678
-1.1807 -0.7251 0.1616
-1.1661 -1.1315 0.1221
-1.1561 -1.1504 0.1025
-1.1637 -0.8009 0.1196
-1.1571 -0.4116 0.0958
-1.1660 0.2960 0.3477
-1.1634 -0.8530 0.1326
-1.1381 -0.3467 0.1148
-1.1492 -0.3730 0.1020
-1.1482 -0.8333 0.1133
-1.1507 -0.7510 0.1313
-1.1350 -1.2943 0.1892
-1.1433 -0.2813 0.1395
-1.1416 0.1789 0.3334
-1.1379 -0.1669 0.1785
-1.1360 -1.1801 0.0951
-1.1341 -0.8584 0.1291
-1.1198 -0.4888 0.1322
-1.1338 -0.2554 0.1334
-1.1131 -0.7809 0.1200
-1.1259 -1.1147 0.1093
-1.1283 -0.3838 0.0947
-1.1290 -0.2318 0.1367
-1.1189 -1.1395 0.0902
-1.1118 -0.8272 0.1179
-1.1259 -0.4176 0.0892
-1.1134 -1.1777 0.0901
-1.0806 -1.2771 0.1392
-1.1008 -0.6306 0.1956
-1.0936 -0.4045 0.1027
-1.0911 0.4584 0.3077
-1.0714 -1.2256 0.1143
-1.0761 -1.1145 0.1220
-1.0641 -0.5645 0.1601
-1.0781 -0.3904 0.1182
-1.0715 -1.1973 0.1080
-1.0739 -0.7297 0.1779
-1.0736 -0.4751 0.1278
-1.0660 -0.2716 0.1504
-1.0643 -1.1586 0.1075
-1.0625 -0.8422 0.1714
-1.0503 0.8905 0.2805
-1.0590 0.9238 0.3165
-1.0552 -1.2956 0.1489
-1.0588 -0.4692 0.1313
-1.0204 -1.0956 0.1642
-1.0498 -0.5916 0.1719
-1.0176 -1.2003 0.1352
-1.0459 -0.2351 0.1527
-1.0306 0.6733 0.2735
-1.0320 -0.0303 0.2306
-1.0325 -0.1498 0.1751
-1.0220 -0.9964 0.2083
-1.0196 0.1510 0.2853
-1.0050 -0.3079 0.1745
-1.0080 0.5495 0.2289
-1.0001 -1.2293 0.1354
-0.9972 -0.4821 0.1598
-1.0047 0.5091 0.2393
-0.9956 -1.2902 0.1519
-0.9965 -0.3750 0.1825
-1.0007 -0.0308 0.2184
-0.9700 -1.0640 0.1900
-0.9931 -0.5313 0.1507
-0.9633 -0.1550 0.1544
-0.9868 0.8955 0.2354
-0.9775 -0.9694 0.2093
-0.9622 -1.2895 0.1686
-0.9741 -0.2560 0.1634
-0.9755 -0.0766 0.1801
-0.9685 -0.6143 0.1855
-0.9560 0.1850 0.2676
-0.9634 0.5285 0.2118
-0.9386 -0.1837 0.1524
-0.9514 0.7447 0.2132
-0.9269 -0.2386 0.1688
-0.9319 -0.4939 0.1763
-0.9146 -1.2750 0.1974
-0.9361 -0.1078 0.1696
-0.9268 -0.9264 0.2178
-0.9274 0.7792 0.1962
-0.9083 0.8776 0.2033
-0.9134 -0.9815 0.2030
-0.9162 0.4766 0.2246
-0.9089 -0.5748 0.1774
-0.9002 0.6754 0.2090
-0.8874 0.2247 0.2028
-0.8797 0.8012 0.2020
-0.8924 1.1698 0.4786
-0.8845 -0.5793 0.1870
-0.8827 0.3329 0.2001
-0.8753 -1.0846 0.2129
-0.8754 -0.4117 0.1889
-0.8723 0.8918 0.2242
-0.8824 -0.7543 0.2189
-0.8794 0.5874 0.1908
-0.8767 -0.0049 0.2397
-0.8632 -1.2546 0.2166
-0.8720 -0.3737 0.1824
-0.8612 -0.1816 0.1899
-0.8567 -0.8446 0.2136
-0.8567 -0.7514 0.2038
-0.8541 -0.5765 0.1885
-0.8354 -0.8465 0.2107
-0.8344 -0.2283 0.1969
-0.8330 0.2175 0.1809
-0.8292 0.3462 0.1610
-0.8249 0.6121 0.1785
-0.8190 0.7967 0.2244
-0.8040 -0.3672 0.1543
-0.8056 -1.0783 0.1990
-0.7964 0.1368 0.1767
-0.7985 0.2900 0.1449
-0.7675 -0.5564 0.1700
-0.7928 -1.2457 0.2342
-0.7943 -0.4011 0.1580
-0.7960 0.3423 0.1397
-0.7882 0.5662 0.1623
-0.7613 -0.6965 0.1588
-0.7858 -1.1424 0.1850
-0.7835 1.0869 0.3785
-0.7731 -0.3595 0.1490
-0.7819 -0.7569 0.1768
-0.7747 0.3386 0.1323
-0.7646 0.9383 0.3118
-0.7744 -0.0900 0.2263
-0.7704 0.5968 0.1509
-0.7553 -1.0474 0.1905
-0.7689 0.5008 0.1785
-0.7440 -1.0688 0.1798
-0.7648 -0.2620 0.1957
-0.7644 0.0570 0.1551
-0.7589 0.1157 0.1488
-0.7526 0.3845 0.1421
-0.7573 -0.3899 0.1561
-0.7512 -0.3090 0.1685
-0.7454 0.2345 0.1720
-0.7317 -0.7067 0.1493
-0.7224 -0.5906 0.1366
-0.7353 -0.5140 0.1712
-0.7372 -1.2021 0.2101
-0.7387 0.6386 0.1488
-0.7270 -0.0113 0.1433
-0.7212 0.6909 0.1795
-0.7071 -0.6742 0.1258
-0.7096 0.1543 0.1308
-0.7056 -0.9143 0.2252
-0.7102 0.0339 0.1206
-0.7069 0.3533 0.1382
-0.7028 0.5756 0.1353
-0.7057 -0.5222 0.1539
-0.7003 0.0593 0.1197
-0.6913 -0.7081 0.1434
-0.6940 0.4718 0.1398
-0.6804 -1.1228 0.1743
-0.6877 -0.6165 0.1197
-0.6902 0.4183 0.1470
-0.6835 0.3254 0.1426
-0.6785 -0.0075 0.1221
-0.6725 0.1320 0.1205
-0.6639 0.5501 0.1103
-0.6572 0.3286 0.1493
-0.6632 -0.8578 0.2167
-0.6583 0.6744 0.1390
-0.6559 -0.5879 0.1156
-0.6626 0.1574 0.1222
-0.6467 0.5100 0.0994
-0.6568 0.6992 0.1551
-0.6468 -1.1776 0.2054
-0.6455 -0.0164 0.1222
-0.6533 -0.4201 0.1714
-0.6501 0.0249 0.1178
-0.6511 -0.0437 0.1368
-0.6461 0.1063 0.1269
-0.6444 -0.3207 0.1612
-0.6501 0.2120 0.1446
-0.6453 0.5822 0.1087
-0.6398 -0.6825 0.1412
-0.6404 0.4687 0.1163
-0.6199 0.6199 0.1095
-0.6268 0.1765 0.1294
-0.6179 0.5356 0.0886
-0.6248 -0.6388 0.1237
-0.6261 -0.6110 0.1191
-0.6227 -0.5821 0.1217
-0.6236 -1.0549 0.1297
-0.6089 -1.0229 0.1186
-0.6143 -0.9967 0.1356
-0.6148 -0.2928 0.1511
-0.5870 0.1944 0.1399
-0.6147 0.4916 0.1007
-0.6126 -0.8460 0.2120
-0.5951 0.0819 0.1528
-0.6063 -0.3729 0.1453
-0.6005 0.3011 0.1436
-0.6004 0.3550 0.1433
-0.5909 -0.0326 0.1308
-0.5927 0.5288 0.0888
-0.5920 -0.4738 0.1667
-0.5727 0.6063 0.0898
-0.5798 -1.0082 0.1048
-0.5909 -0.5519 0.1461
-0.5879 -0.5141 0.1572
-0.5912 -0.4123 0.1577
-0.5719 0.5017 0.1064
-0.5877 0.6444 0.1065
-0.5816 1.1951 0.3885
-0.5618 -0.2770 0.1237
-0.5825 -0.8746 0.1896
-0.5725 -0.0917 0.1534
-0.5660 -1.0950 0.1313
-0.5798 0.5603 0.0907
-0.5733 1.0354 0.2668
-0.5713 -1.2527 0.2420
-0.5724 0.8488 0.2060
-0.5679 -1.0682 0.1107
-0.5705 0.4315 0.1528
-0.5651 0.5770 0.0900
-0.5676 0.7178 0.1453
-0.5636 0.6386 0.0957
-0.5532 -0.3200 0.1279
-0.5545 -0.1578 0.1616
-0.5594 1.1718 0.3581
-0.5521 -0.9962 0.1134
-0.5532 -1.0201 0.0990
-0.5517 -0.3517 0.1457
-0.5459 0.3674 0.1419
-0.5364 0.1861 0.1580
-0.5376 0.5421 0.1030
-0.5416 -0.0375 0.1395
-0.5468 0.0187 0.1481
-0.5338 -0.6729 0.2193
-0.5389 0.2421 0.1428
-0.5378 -0.2336 0.1253
-0.5388 0.7031 0.1295
-0.5317 0.8657 0.1834
-0.5355 -0.8784 0.1848
-0.5149 -0.2746 0.1297
-0.5228 -1.1034 0.1382
-0.5256 0.6302 0.1007
-0.5309 0.9721 0.2340
-0.5141 0.3392 0.1304
-0.5109 -0.2143 0.1257
-0.5200 0.0621 0.1818
-0.5177 0.5981 0.0944
-0.5023 0.7885 0.1364
-0.4927 0.1846 0.1597
-0.5193 0.2935 0.1340
-0.4978 0.6460 0.1208
-0.4911 0.5501 0.1303
-0.5106 1.0059 0.2453
-0.5022 -0.2370 0.1238
-0.4927 -0.0722 0.1493
-0.4995 0.3082 0.1381
-0.4808 0.7302 0.1154
-0.4961 -1.0194 0.1198
-0.4992 -0.0513 0.1469
-0.4910 -1.2063 0.1921
-0.4918 0.8996 0.1886
-0.4888 -0.9956 0.1269
-0.4801 0.5797 0.1297
-0.4801 -0.5652 0.2211
-0.4630 0.7832 0.1218
-0.4778 -1.2661 0.2399
-0.4735 -1.1335 0.1665
-0.4708 -1.1060 0.1480
-0.4469 -0.9456 0.1203
-0.4685 -0.1432 0.1522
-0.4614 0.4140 0.1755
-0.4506 0.7105 0.1135
-0.4567 -0.1918 0.1408
-0.4487 0.3212 0.1483
-0.4312 0.8002 0.1221
-0.4373 0.7505 0.1015
-0.4290 0.2020 0.1451
-0.4396 -1.0215 0.1312
-0.4270 -0.8742 0.1343
-0.4319 0.4121 0.1855
-0.4277 -0.9022 0.1264
-0.3989 0.2237 0.1312
-0.4154 -1.0292 0.1308
-0.4129 -0.2249 0.1436
-0.4124 -0.0037 0.1761
-0.4093 0.7192 0.1044
-0.4049 0.6663 0.1394
-0.4055 -1.2831 0.2803
-0.3981 -0.9783 0.1253
-0.4024 -0.9075 0.1265
-0.4011 -0.7960 0.2006
-0.4019 -0.6102 0.1837
-0.4057 0.0409 0.1833
-0.3900 -0.8231 0.1715
-0.3961 -0.9342 0.1278
-0.4020 0.1780 0.1520
-0.3906 0.7587 0.1083
-0.3731 -0.2461 0.1466
-0.3875 -0.0989 0.1896
-0.3853 0.3298 0.1545
-0.3692 0.2083 0.1352
-0.3630 0.8560 0.1535
-0.3669 0.7307 0.1132
-0.3659 1.0495 0.2787
-0.3606 -0.3388 0.2279
-0.3553 0.2695 0.1228
-0.3587 0.0659 0.1857
-0.3601 0.8132 0.1260
-0.3538 -0.5574 0.1437
-0.3512 -0.1907 0.1504
-0.3427 -1.2086 0.2433
-0.3485 -1.0542 0.1618
-0.3478 -0.2594 0.1586
-0.3474 0.6625 0.1412
-0.3270 0.2662 0.1141
-0.3404 0.8864 0.1825
-0.3374 -0.1691 0.1688
-0.3341 0.7391 0.1199
-0.3377 -0.8368 0.1701
-0.3343 -1.0782 0.1795
-0.3179 -0.3029 0.2003
-0.3305 -0.6259 0.1380
-0.3310 0.3919 0.1766
-0.3259 0.0484 0.1892
-0.3287 -0.5279 0.1505
-0.3247 0.2113 0.1327
-0.3187 -1.0269 0.1636
-0.3085 -0.5877 0.1062
-0.3055 0.8089 0.1414
-0.3059 0.3155 0.1234
-0.2859 -0.9934 0.1787
-0.2974 0.6781 0.1285
-0.2959 0.0375 0.1889
-0.2708 0.3179 0.1341
-0.2848 1.1201 0.2583
-0.2909 1.1729 0.2981
-0.2895 -0.6234 0.1220
-0.2789 -0.5756 0.1032
-0.2778 0.7187 0.1191
-0.2698 -0.1862 0.2247
-0.2787 0.5871 0.2023
-0.2799 0.8029 0.1531
-0.2748 0.9194 0.2155
-0.2750 0.3899 0.1890
-0.2654 -0.6240 0.1299
-0.2662 -0.5896 0.1063
-0.2662 0.2877 0.1286
-0.2621 0.2647 0.1269
-0.2474 -0.8768 0.1896
-0.2533 0.6661 0.1348
-0.2300 0.1207 0.1760
-0.2325 -0.5255 0.1417
-0.2424 0.2126 0.1460
-0.2382 0.7029 0.1306
-0.2390 -0.7462 0.2039
-0.2283 -0.8468 0.1893
-0.2138 -1.1862 0.1926
-0.2080 -0.5430 0.1394
-0.2231 0.1793 0.1624
-0.2167 -0.9438 0.2091
-0.2160 0.7214 0.1417
-0.2082 -0.8169 0.2044
-0.2078 -0.4252 0.2306
-0.2017 1.1381 0.2172
-0.1885 0.0392 0.1631
-0.1895 0.7090 0.1578
-0.1897 -1.2122 0.1797
-0.1909 -1.0580 0.2363
-0.1916 0.5814 0.2094
-0.1896 -0.7238 0.1993
-0.1886 0.9907 0.2111
-0.1877 -0.0203 0.2077
-0.1811 -0.5380 0.1375
-0.1724 1.0868 0.1960
-0.1673 0.2111 0.1548
-0.1617 0.0739 0.1504
-0.1609 -1.2394 0.1804
-0.1586 0.9049 0.1782
-0.1504 -1.1650 0.1876
-0.1391 0.5430 0.2429
-0.1506 -0.3339 0.3004
-0.1465 0.2893 0.1854
-0.1432 0.7564 0.1962
-0.1431 0.3669 0.2398
-0.1339 0.0022 0.1797
-0.1309 0.0339 0.1528
-0.1305 -0.6242 0.1438
-0.1352 -0.5808 0.1241
-0.1293 -1.2978 0.2281
-0.1220 1.1084 0.1831
-0.1056 -0.4984 0.1409
-0.1148 -0.9013 0.2881
-0.1168 0.1860 0.1322
-0.1122 0.8859 0.1422
-0.1077 1.1413 0.1951
-0.1097 -1.2169 0.1707
-0.1079 -0.6580 0.1749
-0.0988 -0.6418 0.1607
-0.0975 -0.5293 0.1257
-0.0851 -1.2618 0.1982
-0.0920 -0.5638 0.1219
-0.0902 0.1856 0.1139
-0.0814 0.5372 0.2302
-0.0785 0.1368 0.1011
-0.0809 0.1000 0.1141
-0.0751 0.9002 0.1075
-0.0623 0.9527 0.1119
-0.0727 0.7299 0.2046
-0.0492 -0.5444 0.1218
-0.0569 0.1618 0.0936
-0.0522 0.2190 0.1182
-0.0561 -1.1830 0.2022
-0.0440 0.0915 0.1124
-0.0546 0.9214 0.0989
-0.0637 0.9794 0.1339
-0.0421 1.1095 0.1776
-0.0501 0.1234 0.0927
-0.0518 0.8773 0.1047
-0.0286 1.1770 0.2055
-0.0303 -0.4826 0.1081
-0.0370 0.9994 0.1463
-0.0271 0.2617 0.1561
-0.0255 -0.4476 0.1257
-0.0235 0.8874 0.0973
-0.0113 0.7927 0.1334
-0.0267 -0.1711 0.3373
-0.0074 0.1267 0.0912
-0.0075 0.2096 0.1070
-0.0017 0.1840 0.0986
-0.0086 0.5426 0.2042
-0.0194 0.6455 0.2321
-0.0218 0.8506 0.1073
-0.0013 0.0952 0.1115
-0.0147 0.3764 0.2008
-0.0053 -0.4989 0.1001
0.0018 -0.5447 0.1218
0.0171 0.1507 0.0935
0.0161 0.8616 0.0992
0.0196 0.9340 0.1060
0.0259 1.1242 0.1657
0.0150 0.9645 0.1199
0.0317 -0.2581 0.3142
0.0211 -0.4351 0.1205
0.0439 0.1161 0.1070
0.0276 -0.4878 0.0943
0.0405 0.2253 0.1268
0.0346 -0.5035 0.1000
0.0317 0.3893 0.1820
0.0291 0.7919 0.1177
0.0412 -1.2115 0.2399
0.0444 0.1689 0.1000
0.0477 0.8138 0.1032
0.0362 0.8942 0.0989
0.0664 0.8448 0.1054
0.0519 -0.4108 0.1518
0.0488 -0.5705 0.1538
0.0525 0.4274 0.1696
0.0494 0.9311 0.1115
0.0599 -0.4554 0.1147
0.0568 1.1384 0.1538
0.0587 0.5467 0.2036
0.0702 0.7949 0.1100
0.0621 -0.0241 0.1994
0.0673 0.3920 0.1791
0.0580 0.4760 0.1727
0.0813 0.1520 0.1107
0.0728 0.0160 0.1595
0.0751 0.9040 0.1166
0.0848 1.0479 0.1640
0.0765 -1.2076 0.2450
0.0928 0.1064 0.1096
0.0926 1.1938 0.1688
0.0886 -0.4995 0.1246
0.0949 0.2366 0.1627
0.1132 0.8049 0.1127
0.1037 0.7489 0.1373
0.1060 0.9472 0.1387
0.1263 1.0921 0.1463
0.1104 0.0611 0.1215
0.1164 0.1635 0.1197
0.1253 0.3906 0.2010
0.1220 0.5182 0.2058
0.1240 0.6971 0.1942
0.1386 0.8348 0.1252
0.1327 0.9880 0.1492
0.1556 -0.5618 0.1214
0.1286 0.0966 0.1065
0.1346 -0.4875 0.1311
0.1317 1.1551 0.1386
0.1369 1.1951 0.1617
0.1401 -0.6152 0.1588
0.1555 0.8103 0.1246
0.1651 -0.0551 0.1633
0.1509 -0.6659 0.2079
0.1774 0.7887 0.1306
0.1600 -1.2046 0.2420
0.1621 -0.5255 0.1155
0.1623 0.0658 0.1156
0.1655 0.0985 0.1098
0.1715 1.0196 0.1427
0.1715 -0.1058 0.1979
0.1826 0.0253 0.1250
0.1929 0.9126 0.1594
0.1794 1.1825 0.1464
0.1929 -0.5802 0.1218
0.1813 -0.4999 0.1205
0.1797 0.1647 0.1383
0.1878 -0.4750 0.1354
0.1898 -1.1973 0.2274
0.1873 0.1836 0.1550
0.1907 1.0889 0.1297
0.2033 0.1171 0.1332
0.1955 0.6080 0.2455
0.2132 1.0024 0.1511
0.2311 0.8087 0.1270
0.2072 -1.2455 0.2493
0.2065 -0.3179 0.2552
0.2200 -0.0285 0.1398
0.2125 0.0005 0.1378
0.2301 -1.1966 0.2191
0.2223 0.5912 0.2645
0.2205 0.8831 0.1497
0.2219 1.1291 0.1196
0.2368 -0.5886 0.1308
0.2314 -0.5525 0.1203
0.2356 1.0455 0.1350
0.2287 0.3651 0.2668
0.2456 0.7653 0.1368
0.2673 -0.4783 0.1285
0.2472 0.0494 0.1554
0.2524 1.1028 0.1099
0.2784 -0.4476 0.1241
0.2771 1.1092 0.1054
0.2633 0.3046 0.2528
0.2659 1.1608 0.1273
0.2728 0.7944 0.1122
0.2754 -0.6237 0.1601
0.2740 -0.1615 0.1834
0.2773 -0.0534 0.1466
0.2733 0.2602 0.2370
0.2786 -0.4090 0.1333
0.2841 -0.0983 0.1469
0.2838 0.9283 0.1624
0.2824 1.1630 0.1297
0.2887 -0.5839 0.1353
0.2994 0.8027 0.0996
0.2930 1.0625 0.1331
0.3077 -0.4200 0.1110
0.3135 0.7467 0.1211
0.3101 0.8938 0.1359
0.3102 -1.0280 0.2490
0.3187 0.8529 0.1107
0.3138 -0.4571 0.1084
0.3366 0.0328 0.1976
0.3237 -0.0621 0.1484
0.3284 -0.2805 0.2000
0.3288 0.8182 0.0952
0.3209 1.1191 0.1142
0.3253 -0.5498 0.1268
0.3384 -1.1301 0.1771
0.3402 0.7655 0.1067
0.3618 1.1467 0.1302
0.3501 -0.1391 0.1472
0.3509 -0.3961 0.1121
0.3500 -0.1762 0.1634
0.3487 0.6903 0.1764
0.3739 0.8200 0.0984
0.3558 -0.5243 0.1163
0.3660 -0.0888 0.1476
0.3571 -0.9754 0.2816
0.3543 -0.5625 0.1297
0.3512 -0.3732 0.1285
0.3618 -1.1685 0.1688
0.3637 0.7826 0.1024
0.3656 1.0952 0.1197
0.3746 0.9639 0.1391
0.3664 -0.6803 0.1995
0.3813 1.0510 0.1234
0.3680 -0.4530 0.1092
0.3688 0.8648 0.1105
0.3850 -0.4845 0.1177
0.3816 0.1769 0.2660
0.3898 -1.1412 0.1516
0.4060 1.0206 0.1218
0.3963 -0.4159 0.1271
0.4042 0.8444 0.1073
0.4050 -0.6584 0.1695
0.4013 -0.3526 0.1638
0.3973 0.0180 0.2197
0.3998 -1.1135 0.1569
0.4120 -0.4700 0.1360
0.4051 -0.5815 0.1354
0.4107 0.9305 0.1284
0.4235 1.0577 0.1170
0.4084 1.1318 0.1073
0.4150 -1.1440 0.1526
0.4264 -0.1623 0.1563
0.4121 0.8045 0.1101
0.4159 0.7291 0.1527
0.4248 -0.2671 0.2059
0.4269 -0.5512 0.1332
0.4354 0.8970 0.1191
0.4401 1.1783 0.1305
0.4373 -0.0859 0.1646
0.4316 0.2498 0.2982
0.4540 0.8356 0.1102
0.4396 1.1502 0.1061
0.4390 1.0035 0.1243
0.4437 0.9642 0.1303
0.4457 0.6475 0.2494
0.4573 -1.1483 0.1623
0.4519 -0.9435 0.3251
0.4622 1.0818 0.1155
0.4700 -0.6155 0.1294
0.4590 -1.2325 0.1842
0.4625 1.1532 0.1074
0.4756 -0.1407 0.1560
0.4759 0.2501 0.3122
0.4754 0.7889 0.1308
0.4811 1.1131 0.1056
0.4864 1.1381 0.1068
0.4933 -1.1526 0.1757
0.4829 0.8774 0.1200
0.5011 -0.5976 0.1236
0.4844 -0.1555 0.1591
0.4988 -0.5301 0.1676
0.5038 0.8146 0.1239
0.5041 0.8815 0.1278
0.5049 -0.6637 0.1320
0.5175 1.0158 0.1521
0.5165 0.3235 0.3240
0.5356 -0.6400 0.1096
0.5186 0.4985 0.3638
0.5225 -0.6816 0.1412
0.5358 -0.3749 0.2378
0.5415 1.1114 0.1198
0.5425 0.0250 0.2274
0.5389 -0.1422 0.1785
0.5455 0.7903 0.1375
0.5418 1.0586 0.1335
0.5502 1.1821 0.1530
0.5487 -1.2413 0.1579
0.5521 0.8421 0.1270
0.5507 -0.1136 0.1782
0.5555 -0.6680 0.1245
0.5593 -0.3003 0.2102
0.5769 -0.6277 0.1113
0.5687 -0.5647 0.1389
0.5674 0.9174 0.1589
0.5831 -1.2834 0.1756
0.5770 -1.2501 0.1516
0.5864 -0.3017 0.2169
0.5834 -1.2630 0.1573
0.5883 1.0930 0.1151
0.5989 -0.2099 0.1878
0.6143 0.8069 0.1199
0.6123 0.0199 0.1768
0.6038 1.0018 0.1461
0.6126 1.1324 0.1204
0.6168 -0.6093 0.1411
0.6079 0.7590 0.1556
0.6089 -0.5751 0.1510
0.6266 -1.1141 0.2293
0.6176 1.1072 0.1142
0.6279 -0.0141 0.1561
0.6260 1.1731 0.1572
0.6260 0.8357 0.1131
0.6410 -1.2146 0.1436
0.6369 -1.1807 0.1618
0.6409 -0.6256 0.1725
0.6326 -0.2655 0.2141
0.6361 0.9031 0.1209
0.6532 1.0730 0.1302
0.6721 0.0257 0.1472
0.6546 -0.0223 0.1484
0.6572 0.7889 0.1222
0.6443 1.0440 0.1283
0.6683 -0.1318 0.1881
0.6606 1.0513 0.1346
0.6620 0.8831 0.1039
0.6691 -0.9230 0.3208
0.6765 0.8627 0.0983
0.6821 0.8971 0.1021
0.6811 0.9558 0.1279
0.6926 -1.2237 0.1585
0.6865 1.1861 0.2149
0.6824 0.3443 0.3075
0.6891 0.6519 0.2039
0.6991 0.7854 0.1200
0.6936 0.3827 0.3069
0.7016 0.1564 0.2446
0.7104 0.8873 0.1065
0.7065 0.0487 0.1500
0.7053 0.8171 0.1076
0.7176 -0.2427 0.2285
0.7158 0.9685 0.1367
0.7365 0.7671 0.1257
0.7185 0.5512 0.2623
0.7282 -0.0431 0.1503
0.7290 -1.2152 0.1804
0.7283 0.4829 0.2835
0.7520 -1.2627 0.2050
0.7554 0.8680 0.1211
0.7437 -1.2948 0.2237
0.7463 0.0513 0.1615
0.7466 0.6702 0.1683
0.7448 -0.0635 0.1621
0.7592 0.9501 0.1325
0.7587 -0.8594 0.2319
0.7643 0.8182 0.1104
0.7749 0.7613 0.1199
0.7697 -0.1090 0.1816
0.7706 0.6145 0.2001
0.7736 -0.1302 0.1852
0.7761 0.9670 0.1450
0.7947 -0.4521 0.4068
0.7850 0.0795 0.1727
0.8024 0.7179 0.1374
0.8099 0.1852 0.2319
0.8102 0.8258 0.1151
0.8179 0.8820 0.1207
0.8377 0.9683 0.1413
0.8349 -1.1431 0.1852
0.8340 -1.0758 0.1502
0.8326 0.7328 0.1320
0.8368 -1.0117 0.1498
0.8255 -0.8371 0.1890
0.8387 0.8423 0.1162
0.8329 0.0582 0.1627
0.8297 0.7989 0.1190
0.8309 -0.2152 0.2399
0.8365 -0.8884 0.1728
0.8583 -1.0478 0.1298
0.8570 0.9208 0.1271
0.8514 -0.8253 0.1858
0.8519 -0.7501 0.2728
0.8626 0.7035 0.1460
0.8629 -0.9848 0.1388
0.8616 -1.1589 0.1851
0.8676 0.3190 0.2739
0.8686 -0.1919 0.2212
0.8791 1.0333 0.1670
0.8944 0.0272 0.1319
0.8804 0.8711 0.1143
0.8846 -1.1261 0.1605
0.8996 1.0091 0.1559
0.8884 -0.0482 0.1726
0.8880 -0.9860 0.1308
0.8934 0.9439 0.1361
0.9131 -0.0324 0.1578
0.8993 0.1500 0.1697
0.9045 1.1400 0.2781
0.8981 0.0662 0.1299
0.9108 0.6858 0.1407
0.9044 0.7712 0.1499
0.9175 -0.9952 0.1311
0.9176 -0.8318 0.1952
0.9217 0.8728 0.1177
0.9281 0.0601 0.1259
0.9274 1.0686 0.1887
0.9325 0.3364 0.2389
0.9301 0.5344 0.1948
0.9376 0.6520 0.1287
0.9314 0.8327 0.1250
0.9370 -1.0028 0.1381
0.9382 0.6367 0.1279
0.9479 -0.0648 0.1896
0.9596 -0.9317 0.1787
0.9549 0.0264 0.1322
0.9499 0.1079 0.1394
0.9545 0.8849 0.1171
0.9642 -1.0598 0.1647
0.9718 -0.8462 0.2274
0.9667 0.6128 0.1197
0.9707 0.8639 0.1176
0.9849 0.6915 0.1478
0.9774 -1.1402 0.1718
0.9824 -0.2735 0.2544
0.9897 -1.2799 0.2214
1.0040 -1.2188 0.1703
0.9930 0.0809 0.1502
0.9821 0.5763 0.1320
0.9827 0.1723 0.1495
0.9828 1.0115 0.1631
0.9936 0.1990 0.1518
0.9948 -1.1876 0.1627
1.0124 0.6543 0.1319
0.9977 0.7879 0.1562
1.0033 -0.2131 0.2120
1.0058 0.2292 0.1582
1.0029 0.9111 0.1333
1.0110 -1.2685 0.2091
1.0175 0.5286 0.1599
1.0129 -0.1827 0.2065
1.0156 0.8363 0.1429
1.0169 0.3791 0.1797
1.0191 0.5803 0.1345
1.0202 1.0036 0.1774
1.0216 -1.0356 0.1863
1.0523 0.2414 0.1437
1.0308 0.9791 0.1740
1.0376 0.0247 0.1721
1.0335 0.9011 0.1521
1.0566 0.4172 0.1446
1.0686 0.1976 0.1412
1.0647 0.4663 0.1462
1.0766 -1.1453 0.1895
1.0673 -1.2656 0.2285
1.0776 -0.2165 0.1780
1.0674 0.7768 0.1899
1.0816 0.2906 0.1592
1.0768 0.5962 0.1354
1.0904 0.1782 0.1493
1.0830 0.0189 0.1667
1.0860 0.4251 0.1276
1.0921 -1.1079 0.1999
1.0918 0.6662 0.1229
1.1089 -0.0561 0.1484
1.1163 0.6123 0.1279
1.1101 0.6795 0.1302
1.1191 -0.2393 0.1721
1.1205 -0.0141 0.1451
1.1142 0.4477 0.1317
1.1186 0.3242 0.1605
1.1229 -0.9851 0.2050
1.1263 0.3901 0.1353
1.1275 0.6446 0.1261
1.1384 -0.9598 0.2002
1.1337 -0.0677 0.1387
1.1377 0.6883 0.1497
1.1416 -0.0966 0.1455
1.1422 0.4944 0.1593
1.1503 0.2273 0.1560
1.1586 -0.2464 0.1704
1.1588 -0.0539 0.1363
1.1616 0.6381 0.1508
1.1637 0.1413 0.1696
1.1704 0.3841 0.1706
1.1817 0.4627 0.1789
1.1785 -0.1931 0.1571
1.1709 0.2358 0.1680
1.1772 -0.4381 0.3701
1.1931 -0.2629 0.1827
1.1859 0.0614 0.1891
1.1949 -0.0903 0.1439
1.1870 0.1141 0.1800
1.1995 -0.9060 0.2063
1.2075 -0.9667 0.1771
1.2085 -1.1455 0.2245
1.2062 0.5745 0.2012
1.2254 -0.9107 0.2016
1.2214 -1.1271 0.2194
1.2275 -0.2467 0.1868
1.2509 -0.1447 0.1772
1.2418 -0.3407 0.2733
1.2525 0.2062 0.2194
1.2549 -0.9197 0.2034
1.2528 -0.0576 0.1871
1.2727 -1.0041 0.2013
1.2863 -0.1117 0.2160
1.2745 -1.1818 0.2913
1.2771 0.1076 0.2530
1.2973 0.3108 0.2953
1.3014 -1.1253 0.2747
1.3071 -0.8954 0.2695
