points 
 2 
 1 
Tumour[19065]FoxP310NNCodensity
-1.2169 -1.1684 0.8628
-1.2199 1.1351 0.2146
-1.1898 1.0240 0.1892
-1.1846 1.0464 0.1662
-1.1800 1.1042 0.1551
-1.1569 1.0821 0.1390
-1.1449 -0.6374 0.9370
-1.1360 0.0235 0.4164
-1.1316 1.0840 0.1409
-1.1311 1.1485 0.1773
-1.1339 1.1610 0.1913
-1.1128 1.0420 0.1651
-1.1102 -1.2553 0.7993
-1.0559 0.1126 0.2744
-1.0338 0.6065 0.3038
-1.0326 0.7767 0.2773
-1.0245 0.9386 0.2779
-1.0103 0.1086 0.2281
-1.0125 0.7797 0.2607
-1.0029 0.1400 0.2282
-0.9827 1.0807 0.2934
-0.9600 0.8809 0.2982
-0.9426 0.2571 0.2803
-0.8981 -1.2942 0.6787
-0.8925 0.1380 0.1780
-0.8948 0.6191 0.1507
-0.8840 0.6493 0.1501
-0.8839 0.7530 0.2141
-0.8842 0.7685 0.2244
-0.8757 0.0716 0.1899
-0.8664 0.6074 0.1222
-0.8652 0.1733 0.1838
-0.8504 0.0626 0.1976
-0.8439 0.5379 0.1357
-0.8443 0.5989 0.1101
-0.8405 -0.0045 0.2750
-0.8370 0.5602 0.1192
-0.8255 0.0938 0.1849
-0.8261 0.6485 0.1348
-0.8011 0.4962 0.1330
-0.7915 -1.2902 0.6378
-0.7843 0.1840 0.1814
-0.7778 0.4429 0.1379
-0.7777 0.5624 0.1200
-0.7745 0.3655 0.1567
-0.7744 0.4561 0.1322
-0.7647 0.6244 0.1345
-0.7535 0.4771 0.1314
-0.7604 -1.0788 0.5163
-0.7570 0.2195 0.1710
-0.7502 0.3092 0.1468
-0.7505 0.6117 0.1384
-0.7423 0.5495 0.1347
-0.7355 0.2304 0.1620
-0.7355 0.3457 0.1406
-0.7198 0.3935 0.1400
-0.7189 0.8379 0.3338
-0.7214 -0.8740 0.4494
-0.7125 0.2985 0.1352
-0.7105 0.6457 0.1859
-0.7031 -0.8984 0.4444
-0.6824 -0.7121 0.4074
-0.6810 0.4877 0.1657
-0.6670 0.2975 0.1393
-0.6659 0.1247 0.1641
-0.6522 0.1314 0.1556
-0.6485 0.5382 0.1869
-0.6463 -0.8240 0.3873
-0.6371 0.3923 0.1552
-0.6331 0.9015 0.4262
-0.6292 0.1236 0.1507
-0.6244 0.5923 0.2126
-0.6222 0.1645 0.1539
-0.6202 0.2916 0.1657
-0.6167 -0.7587 0.3662
-0.6139 0.1307 0.1487
-0.6090 0.3545 0.1491
-0.5989 0.3149 0.1655
-0.5900 0.0371 0.2222
-0.5622 0.4252 0.1856
-0.5458 0.4262 0.1967
-0.5437 0.8020 0.4145
-0.5353 0.5719 0.2821
-0.5207 0.0791 0.2016
-0.5172 0.1953 0.1728
-0.5108 0.1752 0.1742
-0.5046 1.1284 0.6189
-0.4988 1.1518 0.6373
-0.4926 0.3806 0.2304
-0.4656 -0.6244 0.2695
-0.4638 0.2376 0.2042
-0.4514 -0.4718 0.2463
-0.4457 -0.5271 0.2183
-0.4468 -0.2269 0.3015
-0.4385 -0.1028 0.2348
-0.4360 0.2298 0.2253
-0.4296 0.0282 0.2549
-0.4191 0.2039 0.2394
-0.4092 -0.5332 0.1856
-0.4051 -1.2335 0.4831
-0.3892 -0.5234 0.1787
-0.3782 -0.0577 0.2122
-0.3649 -0.4753 0.2028
-0.3644 -0.0630 0.2081
-0.3557 -0.8903 0.4069
-0.3583 -0.4955 0.1896
-0.3510 -0.6006 0.2044
-0.3478 -0.2174 0.2154
-0.3191 -0.1224 0.1898
-0.3069 -1.1099 0.3177
-0.2947 -0.1569 0.1855
-0.2809 -0.1582 0.1913
-0.2792 -1.1791 0.3204
-0.2710 0.4479 0.4497
-0.2590 -0.7581 0.2676
-0.2447 -0.1830 0.2107
-0.2371 -0.6023 0.2044
-0.2285 -0.7589 0.2600
-0.2271 -0.6404 0.2015
-0.2109 -1.2786 0.3880
-0.1986 1.1304 0.5434
-0.1939 -0.2958 0.2243
-0.1939 -0.3070 0.2266
-0.1878 -0.6871 0.2148
-0.1867 -0.4087 0.2429
-0.1856 -1.0361 0.2547
-0.1778 -0.6284 0.2056
-0.1611 -0.4272 0.2454
-0.1555 -0.5884 0.2226
-0.1551 -0.2940 0.2485
-0.1433 0.4749 0.4050
-0.1347 -1.1345 0.2445
-0.1218 0.8053 0.4899
-0.1177 -0.9756 0.2543
-0.1092 -1.0909 0.2265
-0.1052 -0.4778 0.2758
-0.0976 1.0812 0.4665
-0.0952 -0.9642 0.2548
-0.0556 -1.1059 0.2361
-0.0121 -0.8045 0.3016
0.0025 -0.6874 0.2696
0.0070 -0.6597 0.2737
0.0170 -1.0664 0.2476
0.0199 -0.7309 0.2805
0.0326 1.0890 0.4052
0.0331 -0.9733 0.2811
0.0389 0.4995 0.2163
0.0463 0.4697 0.1842
0.0578 0.9399 0.3297
0.0643 0.9839 0.3389
0.0978 0.4054 0.1229
0.1006 0.4228 0.1207
0.1035 -1.0869 0.2971
0.1040 0.2498 0.2289
0.1017 0.3461 0.1393
0.1065 0.4506 0.1328
0.1160 -1.2143 0.3981
0.1148 0.3151 0.1593
0.1166 0.8617 0.3138
0.1238 0.2518 0.2228
0.1357 0.3932 0.1213
0.1478 0.3897 0.1262
0.1479 0.8253 0.3074
0.1892 0.5156 0.2047
0.1909 0.4131 0.1474
0.1973 0.0920 0.3921
0.2018 -0.7062 0.2424
0.2040 0.7487 0.2991
0.2098 -0.6785 0.2457
0.2177 -0.7092 0.2486
0.2197 0.5757 0.2767
0.2321 -0.9921 0.3288
0.2351 -0.6174 0.2958
0.2364 0.0925 0.3801
0.2492 0.4181 0.2014
0.2518 -0.6286 0.2966
0.2733 0.7761 0.3024
0.2827 -0.9836 0.3173
0.2894 0.3820 0.2477
0.3041 1.0589 0.2507
0.3100 0.6839 0.3271
0.3147 -0.6845 0.3367
0.3195 -1.0824 0.3214
0.3402 0.7281 0.3309
0.3659 -0.1576 0.2651
0.3681 1.0937 0.1809
0.3723 1.1374 0.2132
0.3849 1.1047 0.1754
0.3855 -0.1631 0.2495
0.3870 0.3528 0.3481
0.3899 -0.9665 0.2562
0.3900 -0.1261 0.2471
0.4214 0.1960 0.3211
0.4207 1.0404 0.1576
0.4222 1.0844 0.1612
0.4258 -0.3021 0.3422
0.4269 0.9855 0.1876
0.4307 0.9490 0.2266
0.4542 -0.1561 0.2219
0.4593 -0.1831 0.2301
0.4830 0.9738 0.2087
0.4923 -0.1025 0.2386
0.4925 -0.9551 0.2045
0.4941 -0.9818 0.1950
0.4950 0.1709 0.3163
0.5030 -1.3213 0.4364
0.5072 0.1339 0.3171
0.5051 -0.9959 0.1887
0.5181 0.1072 0.3223
0.5296 1.1262 0.1933
0.5418 -1.0546 0.1924
0.5448 -0.9305 0.1948
0.5736 1.1239 0.2042
0.5707 -0.1929 0.2647
0.5700 1.0267 0.2082
0.5775 -1.0836 0.1908
0.5886 0.8357 0.3394
0.5859 1.1394 0.2150
0.5897 1.0934 0.1978
0.6014 0.8535 0.3296
0.6090 -1.2513 0.2851
0.6170 0.2439 0.3454
0.6248 -0.1271 0.3222
0.6396 -0.9828 0.1778
0.6543 0.4179 0.4069
0.6635 -1.1165 0.1467
0.6643 -1.1008 0.1449
0.6636 -0.9384 0.1746
0.6677 -1.1533 0.1685
0.6806 -0.8851 0.2007
0.6835 0.2989 0.3687
0.6932 -0.8968 0.1863
0.6979 0.3843 0.3968
0.7028 -1.1467 0.1715
0.7091 -0.8894 0.1930
0.7118 1.0342 0.2132
0.7214 -1.0564 0.1542
0.7209 -0.6155 0.5157
0.7302 0.6839 0.4910
0.7338 -1.1116 0.1664
0.7426 -0.2710 0.4033
0.7451 1.1056 0.1846
0.7485 -0.2634 0.4088
0.7531 -0.9758 0.1741
0.7560 -1.0499 0.1730
0.7537 -0.3603 0.4617
0.7594 1.1164 0.1901
0.7697 1.1157 0.1945
0.8213 1.0419 0.2525
0.8265 1.1038 0.2419
0.8331 -1.3124 0.3387
0.8568 -0.9871 0.2123
0.8568 -0.9171 0.2236
0.8613 1.0742 0.2851
0.8713 -1.2862 0.3346
0.8838 -1.1502 0.2632
0.9256 -1.2418 0.3225
0.9357 -0.8096 0.2994
0.9415 0.4700 0.4329
0.9497 -0.9599 0.1932
0.9545 -1.0248 0.2003
0.9612 0.4174 0.4538
0.9742 -0.9064 0.2054
0.9983 -1.0153 0.1919
1.0124 0.6125 0.4467
1.0285 0.6346 0.4483
1.0365 0.0894 0.5144
1.0579 -0.9330 0.2183
1.0605 -1.0847 0.2554
1.0594 -0.7727 0.3597
1.0775 -1.0385 0.2359
1.0801 0.6805 0.4623
1.1279 -0.5148 0.6249
1.1325 -0.9464 0.2686
1.1354 -0.0516 0.4309
1.1344 -0.0119 0.4526
1.1433 1.1235 0.4071
1.1446 1.0372 0.3900
1.1628 1.1043 0.4082
1.1709 -0.0475 0.4435
1.1954 -1.2961 0.5279
1.1991 -0.3120 0.5400
1.2012 -0.0956 0.4489
1.2074 0.9857 0.4334
1.2094 0.7546 0.5054
1.2472 -0.1438 0.4932
1.2515 1.1171 0.5067
1.2549 -1.0375 0.4218
