points 
 2 
 1 
Tumour[19065]CD810NNCodensity
-1.0165 -0.1876 0.2210
-1.0163 0.9472 0.1573
-1.0179 1.0121 0.1292
-1.0193 1.0357 0.1303
-0.9992 1.1738 0.1959
-1.0021 0.2055 0.2202
-1.0012 -0.6990 0.3054
-0.9983 0.8000 0.1741
-1.0016 1.0892 0.1247
-0.9938 -0.0446 0.1901
-0.9958 0.9871 0.1321
-0.9960 1.1276 0.1408
-0.9891 0.3268 0.2881
-0.9887 0.5100 0.3289
-0.9857 -0.1959 0.1925
-0.9864 0.7412 0.1857
-0.9744 0.8338 0.1544
-0.9622 0.9026 0.1521
-0.9855 1.0078 0.1253
-0.9830 -0.5013 0.2941
-0.9766 1.1007 0.1275
-0.9743 -0.4133 0.2582
-0.9631 -0.0046 0.1671
-0.9742 0.1740 0.1791
-0.9695 0.9546 0.1472
-0.9691 1.1311 0.1471
-0.9640 -0.2967 0.1964
-0.9622 1.1651 0.1883
-0.9628 0.7071 0.1890
-0.9485 -0.6622 0.2570
-0.9446 -0.1527 0.1761
-0.9469 0.0385 0.1514
-0.9458 0.0458 0.1519
-0.9366 -0.0879 0.1751
-0.9248 0.7355 0.1599
-0.9195 -0.3398 0.1918
-0.9212 0.1603 0.1469
-0.9172 -0.8258 0.2831
-0.9191 0.6285 0.2092
-0.9242 0.8258 0.1393
-0.9091 -0.7145 0.2264
-0.9081 0.0438 0.1477
-0.9060 0.1200 0.1397
-0.8950 -0.2687 0.1491
-0.8926 -0.0775 0.1792
-0.8968 0.8591 0.1527
-0.8947 -0.9755 0.4340
-0.8817 0.1772 0.1541
-0.8911 0.2336 0.1821
-0.8906 0.4010 0.2683
-0.8666 -0.5665 0.2497
-0.8645 0.8237 0.1350
-0.8625 0.5916 0.1997
-0.8570 -0.2069 0.1544
-0.8573 -0.2395 0.1409
-0.8535 0.1344 0.1446
-0.8351 -0.2701 0.1430
-0.8384 -0.6955 0.2181
-0.8286 0.7790 0.1146
-0.8322 -0.4462 0.1693
-0.8179 0.7250 0.1281
-0.8329 0.8194 0.1280
-0.8315 0.0240 0.1673
-0.8247 0.6193 0.1595
-0.8208 -0.7931 0.2416
-0.8088 -0.2338 0.1472
-0.8029 0.0840 0.1528
-0.8067 -0.3408 0.1591
-0.8069 -0.1944 0.1579
-0.7945 0.7589 0.1016
-0.8014 0.9443 0.2541
-0.7996 -0.0660 0.1721
-0.7900 0.2677 0.1922
-0.7930 0.7981 0.1161
-0.7897 0.1210 0.1657
-0.7889 -0.4548 0.1364
-0.7869 -0.4137 0.1287
-0.7823 0.7266 0.1078
-0.7819 -0.7234 0.2306
-0.7820 -0.3869 0.1360
-0.7757 0.2821 0.1848
-0.7713 0.6045 0.1366
-0.7719 0.3707 0.1766
-0.7602 0.7741 0.1097
-0.7570 0.1029 0.1765
-0.7383 0.7104 0.1110
-0.7625 -0.8053 0.2632
-0.7543 -0.4341 0.1181
-0.7452 0.0343 0.1461
-0.7518 1.4982 0.4092
-0.7333 -0.1367 0.1562
-0.7497 0.6273 0.1308
-0.7361 0.5700 0.1377
-0.7274 0.7493 0.1157
-0.7332 0.3923 0.1562
-0.7294 0.4970 0.1565
-0.7267 0.5276 0.1473
-0.7221 -0.0167 0.1274
-0.7237 -0.4793 0.1386
-0.7204 -0.3233 0.1709
-0.7184 -0.0553 0.1201
-0.7154 0.6798 0.1225
-0.7129 -0.0891 0.1342
-0.7138 0.6194 0.1357
-0.7025 1.5009 0.3903
-0.7167 -0.2234 0.1792
-0.7110 0.3966 0.1455
-0.7052 -0.4679 0.1378
-0.6926 0.7221 0.1229
-0.6919 1.0281 0.3536
-0.6980 -0.6641 0.2447
-0.6945 -0.5112 0.1707
-0.6951 -0.0238 0.1169
-0.6871 0.4844 0.1388
-0.6890 -0.1291 0.1561
-0.6885 1.4796 0.3712
-0.6851 0.2642 0.1837
-0.6822 -0.4347 0.1426
-0.6673 -0.3743 0.1476
-0.6759 0.3115 0.1554
-0.6660 -0.0335 0.1179
-0.6660 0.3923 0.1353
-0.6583 0.2426 0.2113
-0.6559 1.4611 0.3608
-0.6433 0.0362 0.1631
-0.6453 0.7081 0.1224
-0.6462 1.0287 0.3698
-0.6406 -0.3150 0.1403
-0.6384 -0.2038 0.1635
-0.6324 -0.0137 0.1359
-0.6257 0.7300 0.1385
-0.6276 0.4878 0.1423
-0.6293 0.5639 0.1655
-0.6187 0.6487 0.1316
-0.6180 0.3734 0.1392
-0.6098 0.4184 0.1213
-0.6117 -0.9725 0.3155
-0.6054 0.4999 0.1504
-0.5992 -0.2998 0.1155
-0.6005 -0.7282 0.1917
-0.6015 1.4595 0.3802
-0.5869 0.6587 0.1294
-0.5965 0.7066 0.1367
-0.5982 1.3815 0.3711
-0.5932 -0.5899 0.1936
-0.5936 -0.3674 0.1049
-0.5968 -0.0273 0.1536
-0.5802 -0.9175 0.2333
-0.5858 -0.5352 0.1730
-0.5778 -0.4185 0.1291
-0.5841 1.0697 0.4286
-0.5813 0.3797 0.1370
-0.5691 0.1483 0.2963
-0.5686 -0.4543 0.1444
-0.5670 -0.3820 0.1064
-0.5728 -0.3337 0.0945
-0.5594 0.6727 0.1291
-0.5532 -0.8767 0.1885
-0.5593 -0.3083 0.0948
-0.5553 -0.1298 0.1606
-0.5624 -0.7167 0.1621
-0.5611 -0.1946 0.1426
-0.5625 -0.0457 0.1742
-0.5584 0.4282 0.1206
-0.5560 -0.7709 0.1486
-0.5475 -0.2609 0.1150
-0.5529 -0.2294 0.1281
-0.5524 -0.1680 0.1553
-0.5276 -0.7007 0.1462
-0.5296 -0.3225 0.0980
-0.5367 1.4699 0.4455
-0.5322 0.4484 0.1287
-0.5374 -0.3597 0.1033
-0.5323 0.4103 0.1326
-0.5277 -0.5670 0.1544
-0.5261 0.6525 0.1237
-0.5096 -0.4376 0.1355
-0.5177 -0.0970 0.1962
-0.5022 0.5832 0.1231
-0.4960 -0.8108 0.1333
-0.4883 -0.3165 0.1322
-0.4931 -0.2900 0.1344
-0.4971 0.4842 0.1361
-0.4908 0.5396 0.1239
-0.4929 -0.5370 0.1352
-0.4839 0.6434 0.1054
-0.4828 -0.8429 0.1385
-0.4844 0.3636 0.1413
-0.4761 -0.4550 0.1359
-0.4720 -0.4181 0.1426
-0.4701 -0.7753 0.1177
-0.4659 -0.7058 0.1284
-0.4702 -0.5416 0.1302
-0.4617 0.7208 0.1490
-0.4644 0.5119 0.1245
-0.4555 -0.5905 0.1408
-0.4587 0.5958 0.0968
-0.4593 0.9592 0.3811
-0.4490 -0.7351 0.1214
-0.4491 -0.6339 0.1452
-0.4452 0.6701 0.1013
-0.4531 -0.8065 0.1247
-0.4444 0.5330 0.1105
-0.4470 0.6423 0.0947
-0.4305 -0.7037 0.1333
-0.4397 0.7177 0.1438
-0.4417 0.3232 0.1412
-0.4366 0.3251 0.1370
-0.4270 0.6022 0.0906
-0.4228 0.3958 0.1151
-0.4129 -0.5048 0.1296
-0.3966 0.6095 0.0962
-0.4154 -0.9086 0.1562
-0.4056 -0.8074 0.1229
-0.4140 0.6536 0.1009
-0.3932 -0.3987 0.1676
-0.4072 0.5646 0.0991
-0.4058 -0.8887 0.1330
-0.4022 0.3969 0.1068
-0.4020 0.4351 0.1197
-0.3993 -0.5515 0.1319
-0.3958 0.3183 0.1306
-0.3892 -0.7029 0.1422
-0.3879 -0.4913 0.1394
-0.3941 -0.3665 0.1795
-0.3743 0.4203 0.1001
-0.3830 -0.4664 0.1451
-0.3489 0.3544 0.1084
-0.3727 0.5621 0.0964
-0.3647 -0.8357 0.1087
-0.3712 0.9012 0.3326
-0.3633 -0.6018 0.1459
-0.3698 0.6201 0.1037
-0.3581 0.5284 0.1098
-0.3572 -0.8736 0.1190
-0.3475 -0.2803 0.2741
-0.3367 0.4143 0.0965
-0.3418 0.4541 0.1065
-0.3375 -0.7872 0.1163
-0.3437 0.5098 0.1162
-0.3400 -0.8771 0.1258
-0.3385 -0.8393 0.1143
-0.3388 0.5392 0.1060
-0.3404 0.6948 0.1490
-0.3280 0.6632 0.1311
-0.3284 0.7585 0.2089
-0.3271 -0.7332 0.1290
-0.3247 0.3143 0.1433
-0.3178 0.5871 0.1027
-0.3188 0.3857 0.0992
-0.3169 0.4316 0.1065
-0.3146 -0.5567 0.1345
-0.3069 -0.6239 0.1140
-0.3001 -0.6600 0.1120
-0.2981 0.3335 0.1322
-0.2982 -0.8002 0.1201
-0.2939 -0.7275 0.1157
-0.2993 0.6144 0.1088
-0.2726 0.3702 0.1233
-0.2872 0.0715 0.4633
-0.2776 0.5939 0.1059
-0.2767 -0.6389 0.1011
-0.2764 -0.5161 0.1528
-0.2622 -0.5617 0.1189
-0.2604 0.5481 0.1073
-0.2617 0.4323 0.1229
-0.2593 -0.7686 0.1218
-0.2600 -0.7417 0.1134
-0.2510 0.6053 0.1129
-0.2465 -0.5912 0.1064
-0.2543 -0.9313 0.1967
-0.2497 0.5027 0.1245
-0.2314 -0.6797 0.1153
-0.2417 -0.6392 0.1001
-0.2261 0.3958 0.1402
-0.2330 0.5369 0.1070
-0.2396 -0.6570 0.1048
-0.2314 -0.3893 0.2541
-0.2286 0.6201 0.1292
-0.2138 -0.8547 0.1743
-0.2135 0.4674 0.1219
-0.2005 -0.5077 0.1480
-0.2075 -0.5838 0.1231
-0.2029 0.7059 0.2080
-0.2026 0.7746 0.2608
-0.1981 -0.7441 0.1249
-0.1914 0.5337 0.1117
-0.1900 -0.4813 0.1661
-0.1802 -0.7553 0.1325
-0.1671 -0.6074 0.1309
-0.1831 0.9061 0.3454
-0.1752 -0.9737 0.2411
-0.1769 0.5692 0.1300
-0.1647 0.4462 0.1206
-0.1626 0.5264 0.1210
-0.1545 -0.8870 0.1822
-0.1524 -0.5153 0.1497
-0.1438 0.3979 0.1245
-0.1451 -0.7265 0.1354
-0.1368 -0.9294 0.2072
-0.1302 0.4658 0.1196
-0.1234 -0.6948 0.1323
-0.1231 -0.6466 0.1279
-0.1256 -0.7697 0.1670
-0.1197 0.3864 0.1235
-0.1105 -0.6078 0.1218
-0.1153 0.5168 0.1457
-0.1079 0.4072 0.1105
-0.1061 -0.9193 0.2164
-0.0859 -0.5807 0.1174
-0.0836 0.3931 0.1151
-0.0706 -0.6756 0.1311
-0.0722 -0.5212 0.1250
-0.0549 -0.4811 0.1492
-0.0572 0.4271 0.1084
-0.0544 -0.6109 0.1078
-0.0445 -0.5666 0.1083
-0.0375 0.3937 0.1220
-0.0435 0.1096 0.4506
-0.0149 -0.5454 0.1065
-0.0237 -0.4759 0.1405
-0.0272 0.4475 0.1169
-0.0200 0.4834 0.1356
-0.0183 -0.6641 0.1246
-0.0163 0.5331 0.1728
-0.0190 0.7116 0.2646
0.0002 -0.9763 0.3613
0.0033 -0.5897 0.1044
0.0086 0.9179 0.2045
-0.0030 0.6825 0.2550
0.0074 0.4442 0.1207
-0.0037 0.9635 0.2449
-0.0018 -0.6466 0.1121
0.0002 0.2538 0.2641
0.0011 0.7690 0.2491
0.0226 -0.5262 0.1077
0.0307 -0.6707 0.1252
0.0380 0.4260 0.1210
0.0273 -0.7504 0.2171
0.0374 -0.5890 0.0960
0.0357 0.5851 0.2133
0.0639 -0.5274 0.1024
0.0545 -0.4941 0.1165
0.0479 0.9011 0.1731
0.0486 0.3652 0.1451
0.0595 -0.6438 0.1106
0.0790 0.4072 0.1195
0.0608 0.9511 0.1980
0.0688 -0.4207 0.1647
0.0822 -0.5934 0.0970
0.0729 -0.5719 0.0926
0.0806 -0.4519 0.1362
0.0856 -0.6178 0.1060
0.1066 0.8793 0.1540
0.1005 -0.5529 0.1066
0.0975 0.3155 0.1829
0.1036 0.4883 0.1563
0.1161 0.3908 0.1168
0.1405 -0.4688 0.1301
0.1469 0.3931 0.1159
0.1166 0.4380 0.1185
0.1207 0.9165 0.1659
0.1394 -0.6337 0.1440
0.1314 -0.5278 0.1217
0.1354 0.8502 0.1500
0.1491 -0.4112 0.1343
0.1624 0.6896 0.1645
0.1623 0.4386 0.1189
0.1787 -0.5999 0.1445
0.1653 0.6157 0.1471
0.1661 0.8689 0.1515
0.1847 -0.3786 0.1382
0.1770 0.5713 0.1292
0.2051 0.7472 0.1172
0.1924 -0.5570 0.1400
0.2057 0.3687 0.1386
0.1910 0.4489 0.1319
0.1960 -0.4827 0.1286
0.1993 0.8224 0.1330
0.1996 -0.7459 0.2621
0.2083 -0.3560 0.1392
0.2066 0.5609 0.1022
0.2058 0.7921 0.1180
0.2089 0.4003 0.1315
0.2047 0.7183 0.1235
0.2149 -0.4488 0.1140
0.2236 -0.3993 0.1101
0.2216 0.7058 0.1286
0.2352 0.7646 0.1172
0.2351 0.5084 0.1287
0.2345 -0.2222 0.2065
0.2398 0.8101 0.1399
0.2366 0.5791 0.0811
0.2462 -0.5769 0.1425
0.2488 -0.4386 0.1090
0.2428 0.3587 0.1545
0.2418 0.5731 0.0791
0.2418 0.5775 0.0793
0.2540 -0.7574 0.2789
0.2742 -0.3892 0.1069
0.2823 0.7238 0.1517
0.2766 -0.5721 0.1281
0.2689 0.5799 0.0908
0.2637 -0.4708 0.1215
0.2717 -0.2609 0.1433
0.2880 -0.3011 0.1239
0.2787 0.5958 0.1077
0.2900 0.5522 0.1155
0.3041 -0.3460 0.1142
0.2989 0.3059 0.1485
0.2977 1.0361 0.3742
0.3148 -0.3846 0.1048
0.3082 -0.2538 0.1234
0.3012 0.3775 0.1611
0.3073 -0.4105 0.1032
0.3174 -0.8762 0.4015
0.3094 -0.5426 0.0976
0.3134 -0.5411 0.0957
0.3626 -0.4750 0.1143
0.3252 0.5665 0.1536
0.3243 0.7055 0.1965
0.3310 -0.4347 0.1138
0.3316 -0.9045 0.4441
0.3396 -0.5089 0.0985
0.3474 -0.5318 0.0926
0.3393 -0.2438 0.1184
0.3434 0.2779 0.1382
0.3573 0.3319 0.1356
0.3439 -0.3349 0.1174
0.3529 -0.5795 0.1192
0.3622 0.2930 0.1272
0.3687 -0.4049 0.1198
0.3756 -0.3214 0.1194
0.3700 -0.2355 0.1149
0.3787 0.3589 0.1566
0.3779 -0.5333 0.1045
0.3725 1.2395 0.5994
0.3870 -0.5728 0.1246
0.3890 0.2586 0.1379
0.3969 -0.2602 0.1053
0.3974 -0.1716 0.1215
0.4065 -0.2062 0.1105
0.4315 -0.2301 0.1097
0.4214 -0.4966 0.1275
0.4216 -0.3193 0.1148
0.4167 0.2790 0.1379
0.4269 -0.6712 0.2535
0.4270 -0.4151 0.1169
0.4342 -0.1566 0.1117
0.4355 -0.3007 0.1079
0.4401 1.1133 0.4961
0.4373 -0.0291 0.2037
0.4340 0.2466 0.1440
0.4417 -0.1163 0.1329
0.4547 -0.4079 0.1116
0.4518 -0.3693 0.1176
0.4477 0.4611 0.2890
0.4588 -0.4640 0.1193
0.4605 -0.2950 0.1041
0.4687 -0.5753 0.1890
0.4715 -0.4350 0.1118
0.4732 -0.1735 0.1049
0.4827 -0.1454 0.1151
0.4743 0.0382 0.2305
0.4858 0.2245 0.1533
0.4847 0.1820 0.1673
0.5014 0.0825 0.2241
0.5006 -0.1040 0.1446
0.4940 -0.1933 0.1164
0.5124 -0.4650 0.1373
0.5113 -0.3387 0.1164
0.5099 1.1136 0.5453
0.5142 -0.4412 0.1287
0.5120 -0.2781 0.1042
0.5308 -0.2499 0.1212
0.5145 -0.2839 0.1042
0.5231 0.2022 0.1708
0.5347 -0.3052 0.1096
0.5335 0.1774 0.1870
0.5450 -0.1801 0.1543
0.5426 -0.0540 0.2033
0.5510 0.3421 0.2460
0.5628 -0.3342 0.1141
0.5580 0.2953 0.2230
0.5733 -0.4619 0.1698
0.6034 -0.6146 0.2111
0.6136 -0.3478 0.1174
0.6137 -0.3567 0.1144
0.6167 -0.3589 0.1153
0.6359 -0.6306 0.1840
0.6387 -0.3591 0.1282
0.6617 -0.4015 0.1290
0.6662 -0.5300 0.1598
0.6754 -0.4269 0.1320
0.6780 -0.6048 0.1429
0.6796 -0.2182 0.2634
0.6953 0.1371 0.2401
0.6931 0.0967 0.2575
0.7110 -0.4772 0.1397
0.7056 0.6109 0.3605
0.7127 0.1025 0.2589
0.7101 0.6650 0.3643
0.7241 -0.4458 0.1485
0.7252 -0.7441 0.2093
0.7249 0.9717 0.5188
0.7317 -0.5844 0.1232
0.7386 -0.6328 0.1181
0.7379 -0.4716 0.1413
0.7353 0.1869 0.2482
0.7398 -0.6093 0.1143
0.7503 0.5478 0.3489
0.7760 -0.6437 0.1137
0.7737 -0.5608 0.1321
0.7733 0.2588 0.2853
0.7735 0.5328 0.3503
0.7828 0.7799 0.3721
0.7854 -0.6828 0.1285
0.7848 0.8091 0.3863
0.7888 -0.4789 0.1712
0.8024 -0.5726 0.1359
0.8087 -0.6700 0.1248
0.8265 -0.7054 0.1394
0.8623 -0.7219 0.1525
0.8632 -0.6102 0.1575
0.8704 0.1767 0.3297
0.8959 -0.6119 0.1660
0.8893 0.2220 0.3469
0.9001 -0.7346 0.1704
0.9169 -0.5014 0.1957
0.9291 0.3483 0.4098
0.9366 -0.7170 0.1715
0.9283 0.6547 0.3899
0.9672 -0.7764 0.1982
0.9702 -0.5311 0.1339
0.9732 0.8881 0.5303
0.9834 -0.5843 0.1138
0.9929 -0.6303 0.1317
1.0134 -0.6210 0.1212
1.0064 -0.5635 0.0993
1.0300 -0.5300 0.0969
1.0404 -0.8437 0.2271
1.0503 -0.5817 0.0971
1.0456 -0.0236 0.5363
1.0573 -0.6323 0.1278
1.0565 -0.5163 0.0900
1.0573 -0.4441 0.1482
1.0631 -0.5562 0.0937
1.0583 -0.4864 0.1051
1.0666 0.5627 0.5369
1.0699 -0.7919 0.1745
1.0673 -0.7299 0.1615
1.0834 -0.5173 0.0872
1.1109 -0.5566 0.0976
1.1138 -0.7522 0.1498
1.1111 -0.4921 0.0951
1.1207 -0.8101 0.1635
1.1351 -0.5200 0.0942
1.1182 1.4524 0.1715
1.1260 -0.6264 0.1149
1.1239 1.3564 0.1388
1.1331 1.3967 0.1249
1.1302 -0.4544 0.1256
1.1358 1.4741 0.1877
1.1390 -0.5601 0.0981
1.1446 -0.6752 0.1295
1.1632 -0.4932 0.1072
1.1402 1.4233 0.1325
1.1453 -0.0383 0.6063
1.1471 1.2899 0.1554
1.1539 -0.6244 0.1112
1.1659 -0.7298 0.1394
1.1693 1.2991 0.1384
1.1827 -0.5938 0.1070
1.1787 -0.5544 0.1053
1.1824 1.3596 0.1144
1.1831 -0.6558 0.1217
1.1862 -0.4678 0.1432
1.1842 1.2169 0.2412
1.2123 -0.7941 0.1293
1.2171 -0.5296 0.1256
1.2058 1.4209 0.1459
1.2138 1.3655 0.1285
1.2348 -0.6039 0.1175
1.2326 -0.8360 0.1464
1.2279 1.2859 0.1716
1.2349 1.3590 0.1449
1.2336 -0.7668 0.1285
1.2354 -0.6855 0.1415
1.2484 -0.8107 0.1272
1.2583 0.1718 0.6454
1.2614 -0.5672 0.1476
1.2673 -0.8399 0.1472
1.2653 -0.7755 0.1247
1.2886 -0.6581 0.1499
1.2702 -0.6030 0.1361
1.3100 1.4994 0.2619
1.3248 -0.9724 0.2444
1.3352 1.0396 0.4903
1.3367 -0.8628 0.1654
1.3482 -0.7643 0.1524
1.3432 -0.7381 0.1481
1.3493 -0.6547 0.1709
1.3500 1.3857 0.2296
1.3788 -0.7130 0.1730
1.3841 1.3544 0.2747
1.3756 1.4460 0.2779
1.3953 -0.9148 0.1823
1.4048 -0.8742 0.1699
1.4161 -0.7248 0.1991
1.4154 0.9552 0.6467
1.4226 -0.9486 0.2260
1.4448 -0.9112 0.2090
1.4514 0.2538 0.8896
1.4710 -0.8184 0.2206
