points 
 2 
 1 
Tumour[19065]CD810NNCodensity
-1.2928 -0.4896 0.3848
-1.2633 0.0568 0.3277
-1.2570 -0.2744 0.2974
-1.2426 -0.6092 0.3613
-1.2406 0.7009 0.2036
-1.2329 0.9189 0.2437
-1.2388 0.9654 0.2680
-1.2166 0.8930 0.2189
-1.2105 -0.1217 0.2284
-1.2055 -1.1614 0.3526
-1.2017 0.6782 0.1522
-1.2036 -0.3436 0.2696
-1.1910 -1.0646 0.2840
-1.1839 -0.2199 0.2265
-1.1856 0.5312 0.1677
-1.1661 0.6611 0.1279
-1.1634 0.6289 0.1281
-1.1649 0.7876 0.1808
-1.1511 0.5209 0.1433
-1.1485 -0.8949 0.2532
-1.1495 0.4620 0.1880
-1.1507 0.5762 0.1370
-1.1495 0.6134 0.1275
-1.1423 -0.4368 0.2667
-1.1453 0.8648 0.1747
-1.1447 1.1293 0.3301
-1.1325 -0.0989 0.1616
-1.1324 0.7226 0.1466
-1.1135 0.0846 0.1622
-1.1251 -0.9556 0.2141
-1.1271 0.6982 0.1361
-1.1223 1.1211 0.3163
-1.1129 -1.0877 0.2380
-1.1034 0.1212 0.1706
-1.1107 -0.1357 0.1596
-1.0964 -0.2237 0.2252
-1.0850 0.4846 0.1359
-1.1022 0.9698 0.2252
-1.0965 -0.9623 0.1938
-1.0970 -0.0024 0.1538
-1.0959 -0.0858 0.1471
-1.0623 0.8430 0.1454
-1.0892 -0.4441 0.2385
-1.0843 -1.2615 0.3533
-1.0781 -0.3978 0.2445
-1.0808 0.5153 0.1278
-1.0792 -0.1341 0.1627
-1.0630 -0.6618 0.1403
-1.0608 0.8969 0.1697
-1.0629 0.0800 0.1247
-1.0683 0.7953 0.1492
-1.0624 1.1305 0.3411
-1.0582 0.0375 0.1313
-1.0497 0.1068 0.1274
-1.0562 0.6305 0.1164
-1.0562 0.6596 0.1136
-1.0463 -0.7263 0.1333
-1.0500 -0.0616 0.1547
-1.0480 0.5897 0.1218
-1.0421 0.4752 0.1179
-1.0386 -0.9984 0.1795
-1.0373 0.0220 0.1416
-1.0246 -0.8033 0.1254
-1.0317 -0.6958 0.1187
-1.0284 0.8717 0.1532
-1.0306 0.5174 0.1005
-1.0121 -0.6484 0.0941
-1.0218 0.6942 0.1062
-1.0189 -0.6002 0.1147
-1.0147 0.6180 0.1010
-1.0072 0.7179 0.1152
-1.0079 0.8318 0.1348
-1.0029 -0.7868 0.1061
-1.0007 -0.0742 0.1986
-1.0025 0.1207 0.1346
-0.9965 0.6829 0.0942
-0.9890 -0.8805 0.1297
-0.9938 -0.5940 0.1055
-0.9962 0.5919 0.1139
-0.9941 0.5269 0.1020
-0.9859 -1.1510 0.2371
-0.9871 0.1088 0.1328
-0.9808 -0.3413 0.2215
-0.9841 -0.7750 0.0991
-0.9846 -0.6579 0.0881
-0.9844 -0.5547 0.1263
-0.9780 0.4640 0.1303
-0.9866 0.6353 0.0994
-0.9734 -0.8336 0.0953
-0.9822 -0.8127 0.0931
-0.9790 -0.9434 0.1425
-0.9772 0.7492 0.1222
-0.9830 0.8241 0.1350
-0.9733 -0.9842 0.1532
-0.9785 0.4920 0.1058
-0.9783 0.4862 0.1089
-0.9468 -0.7335 0.1119
-0.9711 -0.6946 0.0983
-0.9723 -0.6166 0.0949
-0.9743 0.5067 0.1054
-0.9681 0.6738 0.1027
-0.9628 0.1515 0.1622
-0.9577 -0.5423 0.1261
-0.9533 -1.0460 0.1790
-0.9434 -0.8289 0.0918
-0.9506 -0.6688 0.0941
-0.9433 0.7225 0.1268
-0.9491 -0.6520 0.0936
-0.9331 0.6412 0.1171
-0.9283 -0.8926 0.1037
-0.9315 -0.4799 0.1567
-0.9405 0.8079 0.1490
-0.9275 -0.9571 0.1300
-0.9255 0.0798 0.1321
-0.9132 -0.8277 0.0834
-0.9149 -1.1772 0.2021
-0.9134 -0.3071 0.1733
-0.9141 -0.7955 0.0924
-0.9168 -0.7601 0.1104
-0.9126 -0.6788 0.1138
-0.9100 -0.5511 0.1210
-0.9142 0.5872 0.1140
-0.8986 0.0978 0.1158
-0.9063 1.2073 0.4501
-0.8986 0.5682 0.1101
-0.8961 -0.5950 0.1218
-0.8883 -0.4342 0.1501
-0.8774 -0.9734 0.1304
-0.8932 -0.8851 0.0913
-0.8879 0.0621 0.1291
-0.8907 0.5968 0.1107
-0.8830 -1.2049 0.1905
-0.8870 -0.8579 0.0822
-0.8773 -0.8066 0.0957
-0.8888 0.7876 0.1550
-0.8771 -0.3165 0.1406
-0.8789 -0.8799 0.0863
-0.8750 -0.8297 0.0931
-0.8723 0.5482 0.1051
-0.8616 -0.5736 0.1294
-0.8662 -0.5143 0.1216
-0.8720 -0.6463 0.1398
-0.8695 0.0934 0.1161
-0.8625 -1.2296 0.1953
-0.8563 0.6591 0.1535
-0.8526 -0.9070 0.1014
-0.8398 -1.0150 0.1308
-0.8519 0.5693 0.0977
-0.8493 -0.7467 0.1373
-0.8523 -1.0581 0.1492
-0.8525 0.0647 0.1312
-0.8489 -0.3682 0.1286
-0.8483 0.7518 0.1627
-0.8424 0.5085 0.1230
-0.8407 -0.4965 0.1219
-0.8398 -0.2942 0.1438
-0.8430 0.1717 0.1692
-0.8372 -0.4079 0.1342
-0.8323 -0.2619 0.1614
-0.8111 -1.2473 0.1933
-0.8238 0.5213 0.1120
-0.8243 0.7476 0.1639
-0.8291 0.8133 0.1729
-0.8240 0.1293 0.1405
-0.8122 0.0941 0.1354
-0.8243 -0.9726 0.1270
-0.8225 0.9192 0.2130
-0.8039 -1.0854 0.1460
-0.8251 -0.9044 0.1171
-0.8215 -0.7666 0.1547
-0.8171 -0.4386 0.1332
-0.8215 0.5755 0.1113
-0.8116 -1.0436 0.1329
-0.8157 -0.8774 0.1269
-0.8132 -0.5719 0.1405
-0.8025 0.0019 0.1654
-0.7998 0.4977 0.1381
-0.7896 0.8950 0.1792
-0.7996 -0.3770 0.1393
-0.8014 -0.0937 0.1525
-0.7952 -0.3056 0.1466
-0.7798 -1.1320 0.1646
-0.7921 -0.5221 0.1362
-0.7827 0.5867 0.1369
-0.7839 -1.2841 0.2191
-0.7867 -0.6834 0.1695
-0.7807 -0.1490 0.1523
-0.7852 -0.0825 0.1390
-0.7854 1.1542 0.3917
-0.7681 -0.4772 0.1447
-0.7705 -0.1164 0.1298
-0.7610 0.1689 0.2124
-0.7595 -0.9834 0.1513
-0.7413 -0.6363 0.1526
-0.7494 -0.3136 0.1717
-0.7408 -1.1620 0.1740
-0.7374 -0.1896 0.1685
-0.7401 0.5013 0.1608
-0.7303 0.5496 0.1418
-0.7370 -0.9322 0.1656
-0.7340 0.7013 0.1382
-0.7275 0.9238 0.1555
-0.7305 0.9688 0.1803
-0.7330 -1.0297 0.1542
-0.7201 -0.0207 0.1340
-0.7177 0.8154 0.1442
-0.7067 -0.7012 0.1705
-0.7185 -0.5382 0.1315
-0.7075 -1.0939 0.1581
-0.7095 0.0345 0.1734
-0.7065 -0.8261 0.1973
-0.6902 -0.6389 0.1478
-0.7094 0.7640 0.1224
-0.7035 -0.5549 0.1309
-0.7043 0.7063 0.1193
-0.6878 -1.2283 0.1825
-0.7003 0.5990 0.1293
-0.6984 -0.8852 0.1975
-0.6910 -0.4364 0.1527
-0.6970 -0.0732 0.1224
-0.6898 -0.0087 0.1426
-0.6877 -0.0890 0.1254
-0.6860 0.9505 0.1479
-0.6822 -0.5651 0.1368
-0.6694 -0.4048 0.1530
-0.6847 -0.1287 0.1357
-0.6770 0.5765 0.1323
-0.6768 -0.7253 0.1857
-0.6794 0.6596 0.1154
-0.6743 -0.1418 0.1422
-0.6667 -1.0911 0.1681
-0.6718 0.7326 0.1070
-0.6676 0.6446 0.1185
-0.6638 0.7588 0.1085
-0.6643 -0.5294 0.1409
-0.6689 0.8588 0.1229
-0.6627 0.8588 0.1222
-0.6585 -0.3686 0.1449
-0.6536 -1.2833 0.2147
-0.6426 -0.4529 0.1484
-0.6508 0.0105 0.1519
-0.6425 -0.8220 0.2419
-0.6487 0.7338 0.1138
-0.6419 0.8068 0.1092
-0.6418 0.1555 0.2307
-0.6394 -1.2291 0.1735
-0.6320 -0.6577 0.1919
-0.6207 -1.0617 0.1936
-0.6327 -0.3379 0.1438
-0.6354 0.6136 0.1363
-0.6255 0.9227 0.1191
-0.6204 -0.5137 0.1653
-0.6185 0.5379 0.1845
-0.6129 0.8074 0.1179
-0.6084 -0.0687 0.1420
-0.6105 -0.3103 0.1521
-0.6052 -0.2111 0.1658
-0.6060 -0.3074 0.1528
-0.5996 0.8650 0.1138
-0.5915 0.9713 0.1218
-0.6046 1.0005 0.1512
-0.6019 0.6204 0.1587
-0.5895 -1.1025 0.1686
-0.5762 -1.1441 0.1513
-0.5839 0.9322 0.1075
-0.5715 -1.2107 0.1582
-0.5817 -0.3051 0.1611
-0.5742 0.7703 0.1476
-0.5548 0.8543 0.1202
-0.5714 -0.0996 0.1394
-0.5716 0.2163 0.2397
-0.5608 0.9519 0.1094
-0.5633 0.0288 0.1384
-0.5536 0.8829 0.1131
-0.5563 -1.2620 0.1980
-0.5599 0.0560 0.1431
-0.5566 -0.4443 0.2103
-0.5584 -0.1577 0.1524
-0.5348 -1.1677 0.1436
-0.5535 0.1107 0.1560
-0.5478 -0.0753 0.1366
-0.5435 -0.1790 0.1648
-0.5427 -0.0171 0.1331
-0.5311 0.9615 0.1145
-0.5299 0.7174 0.1792
-0.5187 1.0193 0.1363
-0.5110 0.5528 0.2173
-0.5074 0.8918 0.1173
-0.5062 -0.2385 0.2002
-0.5025 -0.9586 0.2751
-0.5065 0.0609 0.1170
-0.4933 -1.1323 0.1603
-0.4946 0.8445 0.1232
-0.4570 0.8971 0.1175
-0.4984 -0.0304 0.1310
-0.4931 -0.0968 0.1429
-0.4844 0.0787 0.1168
-0.4600 0.1116 0.1253
-0.4677 0.1614 0.1513
-0.4742 0.8275 0.1208
-0.4640 0.9677 0.1139
-0.4712 0.9992 0.1144
-0.4674 0.6308 0.1568
-0.4600 -1.1701 0.1667
-0.4590 0.7343 0.1332
-0.4619 1.0556 0.1374
-0.4533 -1.1441 0.1740
-0.4579 1.1858 0.1778
-0.4419 0.0218 0.1256
-0.4465 -0.9784 0.2624
-0.4368 0.0618 0.1254
-0.4312 -1.1624 0.1839
-0.4359 -0.0413 0.1339
-0.4338 0.7954 0.1124
-0.4349 0.6359 0.1399
-0.4320 -0.7001 0.2453
-0.4336 0.2441 0.2543
-0.4344 0.7720 0.1181
-0.4362 1.0430 0.1172
-0.4140 -0.1040 0.1236
-0.4174 0.9641 0.0943
-0.4215 0.1028 0.1381
-0.4128 0.8383 0.1143
-0.4186 -0.0257 0.1379
-0.4302 0.1752 0.1756
-0.4255 0.7374 0.1263
-0.4143 1.1405 0.1163
-0.3997 -0.1588 0.1424
-0.4101 0.9242 0.1002
-0.4133 1.1501 0.1179
-0.4041 1.1835 0.1400
-0.4047 0.5897 0.1654
-0.3987 1.0104 0.0964
-0.3842 1.2019 0.1643
-0.3938 0.7325 0.1332
-0.3956 0.8816 0.1083
-0.3899 0.9828 0.0878
-0.3912 -0.3541 0.1817
-0.3942 0.6003 0.1571
-0.3797 0.9188 0.0927
-0.3804 -0.7598 0.1892
-0.3863 -0.1333 0.1278
-0.3672 0.8320 0.1169
-0.3613 1.0794 0.1228
-0.3765 -0.7173 0.1875
-0.3748 -0.0823 0.1366
-0.3765 1.1227 0.1200
-0.3752 -0.1567 0.1367
-0.3538 0.0410 0.1925
-0.3767 0.6722 0.1352
-0.3688 -0.8907 0.2384
-0.3668 -0.3190 0.1463
-0.3682 0.9882 0.0829
-0.3589 0.9619 0.0803
-0.3617 -0.9208 0.2638
-0.3616 -0.3433 0.1450
-0.3542 0.6181 0.1561
-0.3615 1.0511 0.1112
-0.3500 -0.1310 0.1387
-0.3371 0.8766 0.0974
-0.3457 -1.2803 0.2856
-0.3493 -0.7382 0.1708
-0.3472 -0.2673 0.1437
-0.3393 0.9420 0.0809
-0.3394 -0.7545 0.1707
-0.3357 -0.3248 0.1262
-0.3367 1.0304 0.0999
-0.3216 0.7301 0.1504
-0.3263 0.9597 0.0780
-0.3290 1.1650 0.1652
-0.3176 -1.1731 0.2223
-0.3223 0.8295 0.1100
-0.3144 0.8957 0.0951
-0.3040 -0.3437 0.1289
-0.2980 0.9256 0.0899
-0.3074 0.9711 0.0790
-0.2976 -0.2507 0.1517
-0.2928 -0.7443 0.1794
-0.2968 -0.5657 0.2570
-0.2889 0.8196 0.1079
-0.2926 0.9938 0.0848
-0.2841 -0.1839 0.1669
-0.2854 0.8489 0.1031
-0.2781 0.9589 0.0924
-0.2811 0.6623 0.1331
-0.2745 1.0421 0.1078
-0.2730 1.0172 0.0955
-0.2739 -1.1800 0.2150
-0.2660 0.8853 0.1160
-0.2547 -0.6122 0.2209
-0.2572 -0.2393 0.1761
-0.2512 -0.3492 0.1492
-0.2462 0.6641 0.1129
-0.2550 0.7369 0.1355
-0.2478 0.9953 0.1056
-0.2491 -0.0791 0.2106
-0.2443 0.7846 0.1403
-0.2515 0.8162 0.1289
-0.2374 -0.7274 0.2068
-0.2417 1.0622 0.1401
-0.2337 -0.4115 0.1619
-0.2352 -0.3791 0.1533
-0.2228 0.1038 0.1794
-0.2204 -1.1850 0.1941
-0.2118 0.6189 0.1252
-0.2141 0.6697 0.0943
-0.2118 0.6491 0.0971
-0.2030 1.0436 0.1530
-0.2013 -0.8720 0.2900
-0.2093 0.0442 0.1775
-0.1967 0.2266 0.2084
-0.1794 -1.1623 0.1774
-0.1903 0.0747 0.1592
-0.1839 -0.4651 0.1543
-0.1868 -0.1358 0.2138
-0.1885 0.6409 0.1027
-0.1762 -1.0697 0.2117
-0.1751 -0.6858 0.2092
-0.1800 0.1202 0.1564
-0.1784 0.1534 0.1653
-0.1729 0.6756 0.0966
-0.1546 -0.5358 0.1520
-0.1670 -0.4834 0.1529
-0.1645 -0.0484 0.1941
-0.1638 -0.3498 0.1399
-0.1633 0.9859 0.1662
-0.1607 0.7079 0.1115
-0.1504 -0.2856 0.1669
-0.1548 0.7249 0.1261
-0.1517 0.9401 0.1821
-0.1428 -1.0951 0.1900
-0.1414 -0.4191 0.1476
-0.1085 -0.3007 0.1470
-0.1218 0.1118 0.1545
-0.1319 0.2830 0.2005
-0.1317 0.6368 0.1164
-0.1274 -0.5576 0.1378
-0.1157 -1.2819 0.2243
-0.1201 -1.1473 0.1746
-0.1128 -1.1231 0.1816
-0.1085 -0.5429 0.1331
-0.1135 0.7350 0.1421
-0.1079 0.2703 0.1784
-0.1060 -0.3532 0.1296
-0.0910 0.6810 0.1223
-0.0681 -0.5807 0.1344
-0.0953 -0.1004 0.1819
-0.0940 -0.3258 0.1324
-0.0863 -0.6581 0.1609
-0.0813 -0.6037 0.1335
-0.0849 0.8210 0.1913
-0.0789 0.0600 0.1600
-0.0836 0.6276 0.1419
-0.0833 0.9280 0.1797
-0.0711 0.2469 0.1602
-0.0728 0.8653 0.1915
-0.0762 0.6297 0.1423
-0.0517 -0.0332 0.1543
-0.0650 -1.0248 0.2246
-0.0581 -0.6364 0.1413
-0.0637 -0.4576 0.1690
-0.0635 0.9991 0.1832
-0.0525 -1.2793 0.1932
-0.0558 0.0554 0.1580
-0.0495 -0.9204 0.2284
-0.0526 -0.0631 0.1613
-0.0469 0.3040 0.1905
-0.0433 -0.3498 0.1501
-0.0455 0.0795 0.1648
-0.0436 0.6968 0.1370
-0.0388 -0.4150 0.1715
-0.0398 -0.1405 0.1913
-0.0330 -1.2417 0.1699
-0.0313 -0.8701 0.2133
-0.0277 -0.2140 0.1969
-0.0334 -0.3134 0.1552
-0.0278 1.0442 0.2131
-0.0243 0.2324 0.1494
-0.0134 -1.2606 0.1671
-0.0038 0.9660 0.1687
-0.0146 -0.5373 0.1736
-0.0113 -0.0621 0.1704
-0.0037 0.7827 0.1684
-0.0052 -0.6538 0.1427
-0.0007 0.1693 0.1561
0.0131 -1.0235 0.2143
0.0224 -0.6954 0.1504
0.0246 0.6530 0.1508
0.0414 -1.2741 0.1757
0.0231 0.0150 0.1720
0.0283 0.2729 0.1795
0.0324 0.7135 0.1378
0.0268 0.6743 0.1378
0.0391 0.2064 0.1539
0.0398 0.9403 0.1663
0.0479 -1.2401 0.1601
0.0458 -0.7447 0.1400
0.0522 -0.2532 0.1745
0.0541 -0.6540 0.1611
0.0720 -0.8073 0.1072
0.0690 -0.7360 0.1336
0.0596 0.6852 0.1536
0.0642 0.1637 0.1683
0.0668 0.8289 0.1959
0.0661 1.0560 0.1910
0.0730 -0.4394 0.2138
0.0737 -0.1793 0.1986
0.0654 0.0955 0.1912
0.0730 -0.8436 0.1130
0.0732 -0.8778 0.1222
0.0655 0.2087 0.1596
0.0673 1.1870 0.1876
0.0784 -1.1540 0.1739
0.0765 -0.3265 0.1625
0.0776 0.7817 0.1856
0.0861 -1.2703 0.1971
0.0820 -0.6288 0.1851
0.0804 -0.5438 0.2267
0.0757 0.9380 0.1756
0.0897 -1.1380 0.1794
0.0970 -1.0812 0.1720
0.0949 -0.7911 0.1027
0.1258 -0.0100 0.2287
0.0958 0.7050 0.1862
0.1016 -0.8917 0.1175
0.1040 -0.0517 0.2073
0.1036 -0.3611 0.1709
0.1090 -0.9569 0.1448
0.1039 1.2049 0.1600
0.1123 -0.3323 0.1541
0.1125 -0.8558 0.0989
0.1074 0.9535 0.1739
0.1081 1.1642 0.1382
0.1188 -1.1896 0.1879
0.1164 -0.2608 0.1522
0.1335 -0.8370 0.0990
0.1601 -0.0797 0.2285
0.1408 -0.9872 0.1350
0.1351 0.9894 0.1604
0.1385 -0.8015 0.1019
0.1520 1.1764 0.1157
0.1411 -0.7642 0.1241
0.1478 -1.0405 0.1452
0.1651 -0.9114 0.1196
0.1869 -0.1735 0.2009
0.1532 1.2019 0.1297
0.1844 1.1015 0.1225
0.1805 -0.9696 0.1141
0.1860 1.0154 0.1376
0.1869 1.1409 0.1104
0.1930 -0.2751 0.1525
0.1864 0.1962 0.1510
0.1863 0.2232 0.1312
0.1825 -0.7844 0.1231
0.1881 -0.2353 0.1656
0.1899 1.0694 0.1248
0.1989 1.2017 0.1320
0.1909 -0.8537 0.1116
0.1976 0.3162 0.1405
0.2202 -0.9525 0.1088
0.2229 -0.8955 0.1179
0.2004 -0.3244 0.1643
0.2056 -1.0013 0.1047
0.2073 0.2324 0.1106
0.2107 0.2866 0.1106
0.2100 -0.8037 0.1139
0.2249 1.1615 0.1116
0.2161 -1.0717 0.1128
0.2335 1.0222 0.1179
0.2244 1.0781 0.1069
0.2283 -0.3368 0.1798
0.2250 0.2382 0.1017
0.2410 -0.8640 0.1169
0.2478 -1.0874 0.1028
0.2491 -1.0325 0.0825
0.2609 -0.8482 0.1267
0.2537 0.2524 0.1022
0.2535 0.2781 0.1013
0.2548 -1.0080 0.0875
0.2580 -0.9362 0.1224
0.2811 -0.4453 0.2336
0.2767 -0.9821 0.1068
0.2554 0.3345 0.1413
0.2617 0.9638 0.1354
0.2580 1.1497 0.1106
0.2643 -0.7892 0.1350
0.2638 -0.5279 0.2319
0.2799 -1.1348 0.1405
0.2808 0.3512 0.1646
0.2736 1.0653 0.1130
0.2698 -1.0479 0.0833
0.2692 0.9824 0.1250
0.2858 1.1537 0.1219
0.2760 -1.0950 0.1074
0.2744 -1.0265 0.0868
0.2787 -0.6092 0.2232
0.2737 -0.5015 0.2284
0.2889 1.1073 0.1078
0.2861 -0.7874 0.1460
0.2877 -0.6426 0.2087
0.2834 0.0091 0.2439
0.3020 -1.2330 0.2294
0.2966 -1.1633 0.1700
0.2942 -0.2253 0.1830
0.2960 1.0738 0.1108
0.3025 0.1480 0.1514
0.3045 0.9747 0.1198
0.2947 -1.0458 0.1002
0.3144 0.2686 0.1193
0.3061 0.9191 0.1313
0.3044 -0.2819 0.1781
0.3075 0.2272 0.1099
0.3080 1.1823 0.1582
0.3171 -0.7187 0.1784
0.3255 -0.0656 0.2298
0.3101 0.8336 0.1881
0.3142 -1.2836 0.2891
0.3217 -0.2247 0.1934
0.3245 0.8506 0.1676
0.3350 1.0746 0.1240
0.3511 -0.7848 0.1856
0.3416 0.9187 0.1237
0.3383 0.1787 0.0972
0.3597 0.9481 0.1140
0.3595 0.2453 0.0927
0.3660 1.0301 0.1214
0.3535 0.2138 0.0835
0.3661 1.0896 0.1388
0.3651 -0.9876 0.1761
0.3602 0.1625 0.0968
0.3760 -0.6236 0.2176
0.3821 0.0857 0.1611
0.3810 0.2042 0.0717
0.3816 -0.4005 0.2386
0.3797 0.2882 0.1372
0.3900 0.7523 0.1732
0.3881 -1.0604 0.1871
0.3952 -0.2941 0.2176
0.3964 0.1904 0.0728
0.3980 0.2192 0.0765
0.4036 -0.0915 0.2094
0.3986 0.9758 0.1086
0.3985 0.9966 0.1132
0.4053 -0.0386 0.1808
0.4079 -1.2675 0.3231
0.4123 0.1601 0.0971
0.4148 -0.7419 0.1900
0.4209 0.8225 0.1365
0.4179 0.9386 0.1168
0.4149 -0.2497 0.2247
0.4234 0.1846 0.0890
0.4162 0.2293 0.0896
0.4337 0.9791 0.1146
0.4267 1.0711 0.1645
0.4369 -1.0485 0.2285
0.4324 0.7326 0.1645
0.4370 1.2103 0.2181
0.4502 0.2203 0.1210
0.4452 -0.5238 0.2526
0.4443 0.0418 0.1598
0.4529 0.1191 0.1455
0.4614 0.9502 0.1149
0.4608 -0.7383 0.1972
0.4552 0.7656 0.1242
0.4580 0.8943 0.1188
0.4591 0.8304 0.1159
0.4639 -0.4677 0.2626
0.4677 0.0061 0.1587
0.4847 -0.7221 0.1993
0.4811 -0.0413 0.1754
0.4802 0.7508 0.1335
0.4970 0.3467 0.1625
0.4954 0.8269 0.1033
0.5042 1.2077 0.1960
0.5419 0.7740 0.1405
0.5060 0.9097 0.1131
0.5040 -0.9519 0.2920
0.5107 -0.8146 0.2582
0.5121 -0.2587 0.2496
0.5070 0.3755 0.1720
0.5086 1.0163 0.1669
0.5140 0.8173 0.1052
0.5109 0.0594 0.1495
0.5313 0.9491 0.1202
0.5354 0.3382 0.1296
0.5200 0.8553 0.0993
0.5300 0.8927 0.1037
0.5368 1.1786 0.1554
0.5314 -0.0984 0.2091
0.5379 1.1486 0.1469
0.5477 -1.0160 0.3000
0.5430 -0.6770 0.1999
0.5514 -0.5398 0.2283
0.5500 0.0679 0.1443
0.5461 0.1852 0.1669
0.5506 0.1395 0.1436
0.5722 0.8358 0.1126
0.5577 -0.3189 0.2455
0.5644 1.2059 0.1692
0.5744 0.3432 0.1080
0.5673 1.1400 0.1380
0.5708 0.8733 0.1056
0.5682 0.3623 0.1203
0.5791 -0.6498 0.1967
0.5740 0.0999 0.1398
0.5783 0.3048 0.1149
0.5950 1.0940 0.1363
0.5963 0.1564 0.1407
0.6057 0.8891 0.0976
0.6016 -0.0741 0.2155
0.6057 0.1085 0.1402
0.6079 0.9196 0.0895
0.6085 -0.6386 0.1872
0.6116 -0.3478 0.2499
0.6161 0.3025 0.1075
0.6021 0.9553 0.0917
0.6005 0.9625 0.0972
0.6304 0.8051 0.1403
0.6145 1.0621 0.1271
0.6071 0.9573 0.0916
0.6128 -0.1453 0.2482
0.6245 0.3339 0.1114
0.6281 -0.0046 0.2087
0.6288 1.0782 0.1312
0.6305 -0.3812 0.2399
0.6441 0.2854 0.1186
0.6420 0.8830 0.1110
0.6429 0.9313 0.0963
0.6518 1.0374 0.1192
0.6478 0.3545 0.1406
0.6536 -0.6202 0.1693
0.6603 1.1171 0.1331
0.6613 0.2494 0.1362
0.6639 0.8384 0.1234
0.6651 0.9894 0.1126
0.6853 -0.5668 0.1448
0.6812 0.2810 0.1411
0.6831 0.1268 0.1620
0.6770 0.1997 0.1466
0.6800 0.8050 0.1387
0.6769 0.9568 0.1138
0.6991 1.0203 0.1424
0.6855 1.1915 0.1798
0.6967 0.1755 0.1446
0.7097 1.1779 0.1810
0.7141 -1.0400 0.1787
0.7243 -0.5626 0.1238
0.7208 -0.9603 0.2138
0.7180 -0.7309 0.2540
0.7147 -0.5111 0.1469
0.7178 -0.1050 0.2107
0.7171 -0.2715 0.2342
0.7234 0.8234 0.1176
0.7452 0.9318 0.1379
0.7359 1.1472 0.1704
0.7434 -0.5107 0.1361
0.7400 0.8708 0.1097
0.7501 -0.5867 0.1261
0.7503 -1.1462 0.1500
0.7473 -0.3791 0.2077
0.7523 -1.1795 0.1544
0.7498 1.1178 0.1651
0.7607 -0.5580 0.1169
0.7584 0.8034 0.1266
0.7709 -0.9762 0.1657
0.7662 0.8436 0.1019
0.7732 0.1398 0.1348
0.7776 0.8964 0.1113
0.7861 -0.5882 0.1334
0.7761 0.1122 0.1360
0.7760 -1.0681 0.1274
0.7851 1.0143 0.1502
0.7846 -1.2266 0.1601
0.8063 -1.0189 0.1425
0.7850 0.0088 0.1593
0.7910 0.1841 0.1462
0.7902 0.2148 0.1632
0.8067 -1.2544 0.1847
0.7943 -1.0748 0.1228
0.7905 -0.4777 0.1645
0.7954 -1.1955 0.1375
0.8006 0.4210 0.2816
0.8042 0.8216 0.1111
0.8075 0.8600 0.1013
0.8040 -0.2079 0.1463
0.8109 0.0678 0.1209
0.8094 0.8918 0.1094
0.8149 -1.1002 0.1274
0.8371 1.0957 0.1991
0.8226 -1.0763 0.1327
0.8164 -0.1370 0.1320
0.8181 -0.1445 0.1304
0.8230 -0.0049 0.1390
0.8410 -0.3621 0.1757
0.8308 -1.2581 0.1919
0.8288 -0.0955 0.1412
0.8438 -0.5626 0.1565
0.8355 0.0709 0.1174
0.8342 0.1201 0.1336
0.8387 0.9436 0.1126
0.8365 0.9856 0.1175
0.8451 -0.9291 0.1556
0.8494 -0.8597 0.1718
0.8466 0.0005 0.1281
0.8467 1.0235 0.1416
0.8462 -0.7350 0.2242
0.8498 -0.3228 0.1535
0.8575 -0.2340 0.1346
0.8556 0.3788 0.2239
0.8654 0.8174 0.1470
0.8524 -0.6779 0.2103
0.8594 0.8416 0.1259
0.8579 -0.1961 0.1262
0.8587 0.9864 0.1148
0.8605 -0.6039 0.1755
0.8669 0.2444 0.1802
0.8787 -1.1136 0.1510
0.8690 -0.2862 0.1480
0.8819 -0.3510 0.1762
0.8745 -0.1475 0.1342
0.8779 -0.5084 0.2056
0.8801 -0.0915 0.1439
0.8850 -0.2331 0.1467
0.8815 0.9602 0.1085
0.8857 -1.1897 0.1755
0.8893 0.0300 0.1216
0.8925 0.1903 0.1488
0.8885 -0.9091 0.1278
0.8931 0.8734 0.1281
0.8952 0.9457 0.1119
0.8961 0.0806 0.1297
0.9053 -0.9378 0.1280
0.9154 -0.8367 0.1448
0.9272 0.4544 0.1660
0.9290 -0.9681 0.1227
0.9339 -1.1234 0.1604
0.9292 -0.0394 0.1280
0.9282 0.9080 0.1427
0.9424 -1.0741 0.1311
0.9402 -0.3680 0.2075
0.9389 0.9466 0.1513
0.9394 0.0421 0.1167
0.9459 -0.9942 0.1197
0.9451 -0.8298 0.1447
0.9565 0.0705 0.1176
0.9560 -0.9076 0.1270
0.9505 0.1829 0.1055
0.9543 0.1586 0.1080
0.9725 0.4680 0.1410
0.9654 -0.8557 0.1385
0.9664 0.2132 0.1024
0.9658 0.0026 0.1039
0.9712 -0.0697 0.1303
0.9734 0.4246 0.1088
0.9707 -1.0159 0.1106
0.9756 0.2546 0.1186
0.9789 1.1543 0.3029
0.9731 -1.0213 0.1099
0.9816 -1.0434 0.1112
0.9995 -0.8904 0.1558
0.9813 -0.6062 0.2576
0.9974 -0.0469 0.0995
0.9862 0.0914 0.1142
0.9880 -0.7471 0.2038
0.9952 -0.0161 0.0935
0.9908 0.3205 0.0986
0.9965 0.4088 0.0953
1.0066 0.4623 0.1187
1.0074 0.1972 0.0883
1.0061 0.2379 0.1028
1.0354 0.4554 0.1113
1.0085 0.0246 0.1049
1.0140 0.1552 0.0826
1.0139 0.3777 0.0763
1.0068 0.1389 0.0874
1.0113 -1.0848 0.1360
1.0069 0.3429 0.0748
1.0092 0.3480 0.0721
1.0128 0.3451 0.0711
1.0234 0.1786 0.0883
1.0222 -0.4372 0.2022
1.0236 -0.0361 0.0894
1.0495 -1.0038 0.1446
1.0328 -0.7781 0.1793
1.0364 0.1602 0.0943
1.0316 0.2761 0.1074
1.0411 0.1034 0.1056
1.0447 0.3823 0.0780
1.0518 -1.0680 0.1388
1.0592 0.0168 0.1001
1.0504 -0.0150 0.0910
1.0581 0.9918 0.2479
1.0656 -0.0554 0.1021
1.0587 -0.2604 0.1755
1.0610 0.1265 0.1125
1.0594 0.2618 0.1241
1.0534 0.3303 0.0883
1.0592 0.3604 0.0810
1.0649 -0.2818 0.1633
1.0702 0.9027 0.2949
1.0981 0.4788 0.1436
1.0766 0.0731 0.1213
1.0724 0.3849 0.0876
1.0849 -0.0835 0.1241
1.0806 -0.0352 0.0971
1.0867 -0.1987 0.1692
1.0971 -0.8636 0.1923
1.0942 0.4054 0.1014
1.0950 -1.0573 0.1514
1.1223 -0.0385 0.1157
1.1029 0.0456 0.1254
1.0952 0.4268 0.1069
1.0965 1.1244 0.3128
1.1015 -1.2832 0.3075
1.1026 -0.9987 0.1775
1.1055 -0.4224 0.1133
1.1020 -0.2756 0.1365
1.1246 0.3751 0.1022
1.1059 -0.4914 0.1404
1.1124 -0.7628 0.1762
1.1385 -0.1330 0.1423
1.1259 -1.1251 0.1731
1.1157 0.0163 0.1232
1.1207 -0.4440 0.1101
1.1188 0.3184 0.1146
1.1249 -0.5209 0.1482
1.1198 -0.3748 0.1013
1.1195 0.2707 0.1446
1.1270 0.4942 0.1753
1.1236 1.1048 0.3192
1.1323 -0.7453 0.1820
1.1310 1.0843 0.3164
1.1482 -1.1549 0.1856
1.1413 -0.6082 0.2058
1.1436 -0.3653 0.0910
1.1506 -0.3964 0.0836
1.1521 -0.3095 0.1157
1.1568 -0.8124 0.1972
1.1639 0.3415 0.1236
1.1792 -0.1832 0.1577
1.1682 -0.3469 0.1014
1.1790 -0.2664 0.1457
1.1673 -0.0619 0.1464
1.1747 -0.1079 0.1484
1.1657 -0.4156 0.0929
1.1754 0.4072 0.1456
1.1737 -0.5348 0.1579
1.1707 -0.3972 0.0883
1.1797 0.3581 0.1359
1.1782 -0.8839 0.2287
1.1756 -0.7445 0.2032
1.1796 0.1207 0.2342
1.1786 0.2889 0.1682
1.1842 -1.1268 0.1980
1.1865 -1.0026 0.2250
1.1953 -1.2743 0.3256
1.1961 -1.1727 0.2225
1.1938 -0.1435 0.1652
1.1984 -0.5212 0.1626
1.1975 -0.4651 0.1353
1.1985 -0.3662 0.1182
1.2018 -0.6761 0.2346
1.2020 -0.2579 0.1642
