points 
 2 
 1 
Tumour[19065]CD6810NNCodensity
-1.2259 -1.0868 0.1918
-1.2237 -0.6657 0.1210
-1.2252 -0.6334 0.1229
-1.2277 -0.5800 0.1513
-1.2273 -0.2468 0.2471
-1.2256 0.1237 0.1477
-1.2174 0.2134 0.1281
-1.2278 0.2441 0.1502
-1.2275 0.3661 0.1484
-1.2166 0.6914 0.1677
-1.2111 0.7253 0.1609
-1.2119 -0.8041 0.1573
-1.2071 0.8801 0.1901
-1.2003 0.9339 0.1604
-1.2104 1.1377 0.1646
-1.2099 -0.6614 0.1115
-1.2052 0.6421 0.1712
-1.1999 0.7605 0.1569
-1.2067 -0.8674 0.1613
-1.2024 -0.6870 0.1139
-1.2011 -0.5988 0.1257
-1.2036 0.6057 0.1759
-1.2022 0.1596 0.1173
-1.1964 0.3906 0.1209
-1.1926 -1.1915 0.1445
-1.1952 -1.1648 0.1346
-1.1908 -0.4644 0.1979
-1.1822 0.7841 0.1572
-1.1878 -0.0177 0.1919
-1.1795 0.1832 0.1055
-1.1839 0.4243 0.1316
-1.1796 1.0406 0.1096
-1.1640 -1.0362 0.1717
-1.1800 -0.3736 0.2045
-1.1762 0.9735 0.1216
-1.1749 1.1085 0.1138
-1.1761 -0.9378 0.1711
-1.1767 -0.7619 0.1319
-1.1691 -0.5682 0.1444
-1.1766 0.3559 0.1046
-1.1782 0.5734 0.1671
-1.1733 1.0687 0.1036
-1.1560 0.1039 0.1225
-1.1731 0.1307 0.1143
-1.1712 1.1511 0.1482
-1.1655 -1.1668 0.1117
-1.1567 -0.8621 0.1184
-1.1676 -0.7380 0.1211
-1.1630 -0.1056 0.1930
-1.1662 0.3759 0.1012
-1.1633 -1.1228 0.1196
-1.1622 0.0593 0.1410
-1.1630 0.2657 0.1189
-1.1610 0.3157 0.1179
-1.1511 -0.7571 0.1233
-1.1560 0.1937 0.1073
-1.1531 0.4911 0.1619
-1.1568 1.0195 0.1028
-1.1589 1.1323 0.1261
-1.1557 -0.4717 0.1751
-1.1402 0.4038 0.1126
-1.1515 0.5363 0.1594
-1.1531 0.9730 0.1184
-1.1472 1.0422 0.0979
-1.1470 0.9371 0.1368
-1.1405 0.2652 0.1221
-1.1311 0.7608 0.1267
-1.1357 -1.1920 0.1085
-1.1197 -1.1334 0.1114
-1.1350 -0.6614 0.1250
-1.1348 -0.6357 0.1238
-1.1199 0.2010 0.1218
-1.1341 -0.1407 0.1651
-1.1243 -0.1954 0.1405
-1.1255 0.0739 0.1465
-1.1237 -0.8533 0.1052
-1.1236 0.0268 0.1617
-1.1205 1.0535 0.1075
-1.1066 -0.8249 0.1063
-1.1157 -0.2833 0.1504
-1.1167 -0.0292 0.1733
-1.1162 0.3596 0.1143
-1.1136 -1.1836 0.1039
-1.1048 -0.8870 0.1006
-1.1120 -0.4389 0.1787
-1.1077 -0.2540 0.1374
-1.1146 0.5722 0.1465
-1.1096 0.7727 0.1300
-1.1069 -0.6856 0.1314
-1.0927 -1.0120 0.1231
-1.1017 0.2390 0.1414
-1.0947 -0.8535 0.0960
-1.0864 1.0796 0.1341
-1.0829 -0.5927 0.1595
-1.0811 -1.1199 0.1195
-1.0852 -0.2936 0.1508
-1.0851 0.3490 0.1410
-1.0755 0.3784 0.1556
-1.0778 0.7278 0.1110
-1.0758 0.7641 0.1246
-1.0829 -0.7533 0.1206
-1.0736 -1.0607 0.1195
-1.0643 0.6854 0.1163
-1.0688 -1.2266 0.1191
-1.0667 -1.1690 0.1022
-1.0758 -0.8983 0.1033
-1.0740 -0.4982 0.1726
-1.0652 -1.2771 0.1588
-1.0666 0.1695 0.1730
-1.0502 -0.9304 0.1043
-1.0625 -0.8691 0.0995
-1.0552 -0.1714 0.1393
-1.0635 -0.1429 0.1478
-1.0646 0.8999 0.1504
-1.0599 -1.0002 0.0977
-1.0607 -0.7313 0.1261
-1.0628 -0.5777 0.1675
-1.0522 0.9338 0.1318
-1.0620 1.0557 0.1589
-1.0553 -0.9569 0.1034
-1.0523 -0.3958 0.1881
-1.0569 -0.2410 0.1386
-1.0518 0.4939 0.1706
-1.0486 -0.8160 0.1130
-1.0529 -0.3225 0.1736
-1.0529 0.6085 0.1366
-1.0437 -1.1889 0.1055
-1.0420 -0.7592 0.1161
-1.0490 0.7152 0.1011
-1.0469 1.1502 0.2078
-1.0333 -1.1581 0.1090
-1.0469 0.6295 0.1258
-1.0343 -1.0449 0.0954
-1.0396 -0.1896 0.1442
-1.0253 -0.0144 0.2109
-1.0335 0.7367 0.1074
-1.0215 0.9010 0.1235
-1.0323 0.5835 0.1365
-1.0194 -0.9755 0.0915
-1.0185 -1.0096 0.0899
-1.0171 -1.2352 0.1145
-1.0130 -1.0446 0.0929
-1.0101 -0.8448 0.1302
-1.0168 0.9326 0.1121
-1.0093 0.7012 0.1015
-0.9978 -0.9523 0.0960
-1.0024 -0.7313 0.1248
-1.0099 0.5115 0.1642
-0.9886 -1.1301 0.1045
-0.9890 0.6203 0.1318
-0.9841 -1.1778 0.1090
-0.9974 -0.1194 0.1979
-0.9707 0.9436 0.1032
-0.9886 -1.2864 0.1466
-0.9888 -1.0667 0.0917
-0.9748 -1.2485 0.1246
-0.9826 -0.4373 0.2209
-0.9883 0.9792 0.1193
-0.9770 -0.9243 0.1089
-0.9835 -0.7678 0.1224
-0.9829 -0.6499 0.1710
-0.9720 0.6984 0.1213
-0.9779 -1.0388 0.0939
-0.9786 -0.5259 0.1971
-0.9726 0.5160 0.1542
-0.9700 0.8943 0.1164
-0.9740 0.7161 0.1240
-0.9687 0.9836 0.1164
-0.9709 -0.8085 0.1396
-0.9675 -1.0975 0.0911
-0.9674 -0.9494 0.0991
-0.9634 0.1675 0.2119
-0.9650 -0.7150 0.1426
-0.9286 -1.1835 0.1129
-0.9453 -1.1372 0.1017
-0.9520 0.6796 0.1377
-0.9408 -1.1038 0.0949
-0.9453 0.3370 0.2310
-0.9328 -1.2369 0.1165
-0.9381 0.1424 0.2225
-0.9425 0.8745 0.1212
-0.9384 -0.9982 0.1106
-0.9366 -0.9498 0.1031
-0.9122 0.9426 0.1064
-0.9360 -0.5812 0.2068
-0.9324 1.1451 0.2333
-0.9343 -1.0552 0.1014
-0.9308 -0.0295 0.2493
-0.9340 0.1787 0.2184
-0.9345 0.2850 0.2258
-0.9209 -1.0919 0.1004
-0.9276 0.0496 0.2331
-0.9275 1.0058 0.1146
-0.9187 0.5948 0.1522
-0.9158 -0.7798 0.1711
-0.9130 -0.9042 0.1387
-0.9124 0.4741 0.1842
-0.9045 -1.3287 0.1470
-0.9029 0.8913 0.1022
-0.8918 -1.3024 0.1196
-0.9020 0.7823 0.1486
-0.8970 -0.9450 0.1193
-0.8922 -1.2222 0.1146
-0.8985 -0.6798 0.2021
-0.8977 1.0030 0.1110
-0.8994 1.0461 0.1338
-0.8870 -0.9819 0.1191
-0.8876 0.8508 0.1111
-0.8862 -0.5010 0.2808
-0.8825 0.5824 0.1624
-0.8715 -1.2769 0.1072
-0.8770 1.0531 0.1436
-0.8594 -1.2141 0.1188
-0.8756 -1.1620 0.1151
-0.8768 -1.0563 0.1231
-0.8742 0.5308 0.1704
-0.8733 0.5553 0.1676
-0.8696 0.9556 0.1114
-0.8717 0.8116 0.1218
-0.8613 0.8916 0.1029
-0.8569 0.7370 0.1577
-0.8597 0.8509 0.1093
-0.8530 -1.1200 0.1065
-0.8434 0.4144 0.2339
-0.8464 -1.2890 0.1075
-0.8443 -0.9733 0.1285
-0.8502 0.9259 0.1074
-0.8453 0.3080 0.2627
-0.8207 -1.3236 0.1418
-0.8440 0.0077 0.2908
-0.8354 0.9725 0.1271
-0.8368 -1.1022 0.1027
-0.8148 -1.2646 0.1148
-0.8272 1.0822 0.2005
-0.8169 0.6808 0.1586
-0.8086 -1.0221 0.1275
-0.8094 -0.8290 0.1866
-0.8048 -1.1615 0.1053
-0.8026 -1.1127 0.0991
-0.7978 -0.9350 0.1232
-0.7972 -1.1376 0.0984
-0.7996 0.7983 0.1242
-0.7972 0.9047 0.1287
-0.7900 -1.0825 0.1110
-0.7929 -0.7386 0.2509
-0.7864 -0.9032 0.1334
-0.7696 0.7591 0.1153
-0.7852 0.8157 0.1230
-0.7801 -1.2781 0.1274
-0.7576 0.6337 0.1341
-0.7641 0.9514 0.1726
-0.7681 -1.2417 0.1233
-0.7661 -0.9521 0.1063
-0.7673 0.8394 0.1292
-0.7673 -1.1475 0.1030
-0.7645 -0.8789 0.1440
-0.7582 -0.3050 0.2966
-0.7563 -1.0365 0.1335
-0.7513 -0.9702 0.1051
-0.7464 0.7101 0.1035
-0.7285 -1.2204 0.1157
-0.7328 0.1094 0.2852
-0.7387 0.6022 0.1394
-0.7342 0.6698 0.1081
-0.7327 0.7276 0.1025
-0.7312 -1.1551 0.1088
-0.7312 0.5395 0.1643
-0.7311 0.8663 0.1355
-0.7256 -1.1954 0.1132
-0.7204 0.7603 0.1065
-0.7131 -0.9953 0.1136
-0.7014 -0.3465 0.2658
-0.7141 0.6373 0.1248
-0.7103 0.4845 0.1910
-0.7038 -1.2864 0.1189
-0.7082 -0.7940 0.2390
-0.7048 -0.9426 0.1141
-0.6954 -1.1115 0.1147
-0.6987 0.7361 0.1001
-0.6951 -0.9720 0.1092
-0.6856 -0.3890 0.2690
-0.6718 0.2814 0.1902
-0.6883 0.6972 0.1104
-0.6855 -1.1445 0.1050
-0.6691 0.3764 0.1970
-0.6775 0.5430 0.1459
-0.6774 -0.9365 0.1277
-0.6774 -0.2061 0.3095
-0.6769 0.7801 0.1212
-0.6733 0.8538 0.1315
-0.6744 -0.1490 0.3261
-0.6691 0.1668 0.2230
-0.6651 -1.0905 0.1097
-0.6587 -0.3509 0.2646
-0.6686 -0.3214 0.2700
-0.6658 -1.2485 0.1059
-0.6651 -1.3280 0.1414
-0.6620 -1.2805 0.1059
-0.6480 0.5812 0.1430
-0.6570 -1.0230 0.1227
-0.6511 0.2241 0.1865
-0.6569 0.8973 0.1567
-0.6497 0.8718 0.1408
-0.6508 -1.1932 0.1153
-0.6459 0.3037 0.1729
-0.6438 -1.3216 0.1330
-0.6319 -1.1438 0.1050
-0.6266 -1.0775 0.1057
-0.6416 -1.1129 0.0998
-0.6383 0.7525 0.1243
-0.6354 -1.2613 0.1070
-0.6247 0.7166 0.1345
-0.6251 0.5601 0.1465
-0.6152 -1.2073 0.1270
-0.6231 -0.9834 0.1198
-0.6228 0.1547 0.2094
-0.5983 -1.1228 0.1118
-0.6196 0.4576 0.1762
-0.6030 0.8167 0.1310
-0.6097 -1.3185 0.1449
-0.6049 -0.9677 0.1292
-0.5895 1.0094 0.2122
-0.5880 0.7848 0.1325
-0.5697 -1.0854 0.1120
-0.5812 -1.0406 0.1148
-0.5832 0.6360 0.1263
-0.5895 0.8523 0.1438
-0.5741 0.3659 0.1362
-0.5684 0.9696 0.1850
-0.5715 0.5651 0.1305
-0.5612 0.0173 0.2763
-0.5606 0.6853 0.1211
-0.5621 -0.9948 0.1369
-0.5597 -0.9215 0.1875
-0.5448 0.2442 0.1702
-0.5582 -1.2507 0.1456
-0.5477 0.2935 0.1396
-0.5572 -0.5791 0.3393
-0.5547 0.4192 0.1561
-0.5497 0.6214 0.1143
-0.5419 -1.0451 0.1303
-0.5431 -0.5313 0.3256
-0.5413 0.3757 0.1311
-0.5374 1.0925 0.2858
-0.5342 -1.1185 0.1345
-0.5292 0.7312 0.1282
-0.5236 0.6520 0.1081
-0.5314 1.0450 0.2301
-0.5245 0.3233 0.1195
-0.5231 0.7696 0.1491
-0.5179 -1.2181 0.1396
-0.5167 0.5305 0.1577
-0.5084 0.6953 0.1174
-0.5152 -0.5822 0.3294
-0.5144 -0.0124 0.3063
-0.5151 0.6059 0.1110
-0.5154 0.8966 0.1666
-0.5143 -0.7529 0.2746
-0.5012 0.5766 0.1294
-0.4962 0.9152 0.1694
-0.4951 -1.0824 0.1628
-0.4958 0.2277 0.1971
-0.4976 0.3496 0.1185
-0.4941 -1.2492 0.1419
-0.4893 0.0777 0.2504
-0.4804 -1.1562 0.1465
-0.4807 0.3934 0.1432
-0.4744 0.7145 0.1466
-0.4801 -1.2119 0.1265
-0.4572 0.6624 0.1493
-0.4663 0.5598 0.1702
-0.4630 0.3350 0.1363
-0.4613 0.0461 0.2775
-0.4382 -1.2044 0.1318
-0.4499 -0.9148 0.1942
-0.4414 0.8703 0.1687
-0.4290 0.8902 0.1727
-0.4230 -0.8971 0.1906
-0.4311 -0.8007 0.2190
-0.4309 0.3137 0.1718
-0.4217 -1.2634 0.1366
-0.4074 0.4001 0.2146
-0.3945 -0.4192 0.3922
-0.4098 1.0139 0.2238
-0.4068 0.8525 0.1781
-0.4055 -0.8263 0.1991
-0.3909 -0.8806 0.1947
-0.3911 -1.1823 0.1688
-0.3894 -1.3282 0.2034
-0.3895 -1.2411 0.1450
-0.3896 -1.2915 0.1654
-0.3748 0.7798 0.1915
-0.3630 0.9459 0.2107
-0.3557 -0.8285 0.2082
-0.3552 0.1646 0.2739
-0.3490 0.7483 0.1962
-0.3231 0.6584 0.2164
-0.3208 -0.9934 0.2264
-0.3199 0.2085 0.2705
-0.3126 0.7112 0.2035
-0.3140 -1.0638 0.2122
-0.3107 1.0997 0.2511
-0.3100 -0.1277 0.4184
-0.2887 1.1293 0.2778
-0.2916 -0.5632 0.2728
-0.2901 1.0665 0.2334
-0.2687 -0.5808 0.2481
-0.2720 -1.2132 0.1506
-0.2498 -1.2339 0.1320
-0.2623 0.6438 0.2195
-0.2625 -1.2584 0.1378
-0.2613 -0.7484 0.2283
-0.2518 -1.1001 0.1695
-0.2359 1.0240 0.2256
-0.2368 -0.6907 0.2057
-0.2297 0.9523 0.2284
-0.2350 -1.3010 0.1435
-0.2307 -1.1415 0.1622
-0.2146 0.6292 0.2070
-0.2219 -1.0905 0.1644
-0.2232 -0.0762 0.3980
-0.2166 -0.9456 0.2063
-0.2046 -1.2773 0.1174
-0.2036 0.3166 0.3296
-0.2076 0.8041 0.2219
-0.2071 0.1898 0.3325
-0.2044 -1.2455 0.1152
-0.1978 -0.7101 0.1952
-0.2025 -0.4449 0.3702
-0.1943 -1.0593 0.1550
-0.1797 -1.3128 0.1511
-0.1821 0.1388 0.3527
-0.1785 -0.7498 0.2076
-0.1749 0.3371 0.3480
-0.1574 0.9256 0.2067
-0.1518 -1.3111 0.1688
-0.1511 -1.0190 0.1406
-0.1527 -1.2420 0.1446
-0.1521 0.8339 0.1941
-0.1438 1.1570 0.3062
-0.1314 -0.6393 0.2166
-0.1356 0.6276 0.1771
-0.1372 0.7737 0.2066
-0.1080 -0.9504 0.1448
-0.1317 -0.9315 0.1651
-0.1207 -0.6679 0.2073
-0.1285 -1.0368 0.1402
-0.1040 -1.0123 0.1322
-0.1071 -0.5903 0.2562
-0.1207 -0.1228 0.4168
-0.1234 0.5742 0.1764
-0.1191 0.9004 0.1964
-0.1063 -1.2274 0.2059
-0.0977 0.5821 0.1576
-0.0819 0.6176 0.1490
-0.0715 -1.0638 0.1741
-0.0739 -0.8231 0.1892
-0.0563 0.8251 0.1836
-0.0533 0.8639 0.1936
-0.0447 -0.9561 0.1491
-0.0533 0.5808 0.1392
-0.0370 -0.9246 0.1627
-0.0405 -0.8071 0.1878
-0.0284 0.8357 0.1930
-0.0282 -1.0307 0.1742
-0.0255 -0.2141 0.3714
-0.0204 1.1107 0.2871
-0.0127 0.5836 0.1310
-0.0097 -0.7992 0.1914
0.0177 -0.9643 0.2026
0.0203 0.7179 0.1715
0.0045 1.0855 0.2750
0.0206 0.5852 0.1188
0.0116 -0.7987 0.1930
0.0177 0.6167 0.1170
0.0255 1.1322 0.2616
0.0534 0.6138 0.1037
0.0471 0.6747 0.1247
0.0516 -0.7367 0.2140
0.0656 0.4693 0.1655
0.0645 -0.6313 0.2537
0.0723 0.6604 0.1150
0.0766 0.5419 0.1257
0.0724 0.7760 0.1733
0.0841 0.3813 0.1936
0.0904 0.1766 0.3251
0.1037 0.5485 0.1223
0.0989 -0.7156 0.2157
0.1000 0.5952 0.1079
0.1122 0.6797 0.1284
0.1110 0.6365 0.1109
0.1204 0.0331 0.2422
0.1220 0.4664 0.1300
0.1212 0.8189 0.1866
0.1322 -0.9000 0.2684
0.1361 -0.5370 0.2940
0.1445 0.4832 0.1276
0.1651 0.6335 0.1306
0.1479 0.7497 0.1486
0.1576 0.4116 0.1306
0.1502 -0.1098 0.1833
0.1472 0.5719 0.1240
0.1645 1.1591 0.1811
0.1651 -0.0412 0.1738
0.1593 0.3500 0.1542
0.1641 -0.2582 0.1925
0.1758 1.0479 0.1920
0.1800 0.4365 0.1246
0.1763 1.1060 0.1630
0.1825 -0.1614 0.1664
0.1948 0.7500 0.1553
0.1839 0.2827 0.1915
0.1859 0.4926 0.1277
0.1886 -0.6918 0.1997
0.1961 -0.0653 0.1548
0.1862 0.7917 0.1614
0.1920 1.1491 0.1595
0.1975 -0.4052 0.2675
0.2000 -0.2275 0.1702
0.1966 0.6436 0.1338
0.2113 0.5746 0.1154
0.2020 0.8151 0.1668
0.2105 0.3024 0.1644
0.2123 -0.8287 0.2062
0.2110 -0.2070 0.1676
0.2125 -1.2188 0.3402
0.2120 -0.6446 0.2129
0.2199 -0.3493 0.2282
0.2302 -0.3016 0.2001
0.2265 -0.0521 0.1535
0.2248 1.1352 0.1422
0.2352 1.0075 0.1751
0.2316 0.3713 0.1228
0.2273 -0.2474 0.1785
0.2407 0.4200 0.1133
0.2399 0.8801 0.1720
0.2421 -0.7916 0.1809
0.2399 0.1094 0.2228
0.2459 0.5681 0.1032
0.2437 1.1501 0.1499
0.2483 0.5460 0.1057
0.2561 -0.0096 0.1583
0.2690 0.9547 0.1628
0.2568 0.4567 0.1127
0.2602 0.9103 0.1672
0.2617 -0.0516 0.1612
0.2585 0.6844 0.1536
0.2616 -0.6159 0.2259
0.2690 -1.2657 0.3066
0.2775 -0.8332 0.1764
0.2772 -0.7256 0.1684
0.2834 0.3327 0.1441
0.2692 0.5140 0.1126
0.2740 0.6140 0.1055
0.2765 0.6567 0.1328
0.2801 0.0166 0.1675
0.2828 1.1587 0.1692
0.2784 0.3734 0.1179
0.2863 -1.0654 0.2544
0.2887 0.4303 0.1023
0.2905 0.5923 0.0993
0.2846 0.9267 0.1585
0.2868 0.5664 0.0983
0.3057 0.2148 0.2057
0.2990 1.1086 0.1548
0.3043 0.4237 0.1054
0.3101 -0.8322 0.1647
0.3161 0.4542 0.1127
0.3145 -0.9814 0.2242
0.3224 0.5586 0.1108
0.3340 0.4924 0.1232
0.3249 0.0796 0.1842
0.3297 0.3383 0.1521
0.3369 1.0111 0.1371
0.3396 0.8243 0.1892
0.3349 -1.0385 0.2366
0.3335 -0.4485 0.3347
0.3408 0.1299 0.1839
0.3362 -1.1979 0.2285
0.3371 -0.8660 0.1794
0.3430 -0.6829 0.1637
0.3551 0.4515 0.1416
0.3561 0.6350 0.1216
0.3578 0.7037 0.1452
0.3552 1.0995 0.1558
0.3648 -1.1004 0.2410
0.3646 1.0130 0.1281
0.3666 0.5919 0.1099
0.3714 -1.2034 0.2212
0.3876 0.7808 0.1583
0.3725 -0.0438 0.1863
0.3768 -0.7235 0.1420
0.3816 -0.7485 0.1365
0.3886 1.0480 0.1256
0.3866 -0.1804 0.2628
0.4054 0.5473 0.1156
0.3926 -0.6361 0.1994
0.4073 -0.8998 0.2046
0.3960 0.3506 0.1707
0.4088 0.7229 0.1239
0.3929 0.9814 0.1223
0.4069 1.1179 0.1763
0.3934 -0.0933 0.2054
0.4153 0.0782 0.1612
0.4006 0.5780 0.1031
0.3999 0.6615 0.1118
0.4071 -0.7596 0.1426
0.4042 -0.0736 0.1964
0.4022 0.2853 0.1779
0.4157 0.2013 0.1671
0.4214 0.5846 0.1005
0.4126 -0.7281 0.1421
0.4185 0.9847 0.1159
0.4200 0.8576 0.1512
0.4416 0.6769 0.1000
0.4185 0.9566 0.1180
0.4394 0.9344 0.1179
0.4421 0.2192 0.1717
0.4448 -0.7696 0.1649
0.4367 0.6212 0.1043
0.4450 0.7453 0.1312
0.4607 -1.2918 0.2187
0.4430 -0.9255 0.2416
0.4534 0.1227 0.1339
0.4494 0.5327 0.1149
0.4551 0.8630 0.1410
0.4589 0.9938 0.1217
0.4560 0.0665 0.1451
0.4558 0.4185 0.1706
0.4713 0.8878 0.1249
0.4641 0.6380 0.1024
0.4669 1.0799 0.1564
0.4669 0.3227 0.1689
0.4741 0.7120 0.1073
0.4754 0.5431 0.1068
0.4901 0.0936 0.1216
0.5098 -0.0130 0.1443
0.4893 0.5113 0.1192
0.4917 -1.2230 0.1894
0.4936 0.6546 0.0959
0.4909 0.6846 0.0979
0.5171 -1.2985 0.2003
0.4993 -0.8048 0.2054
0.4974 -0.6426 0.2346
0.4945 0.1911 0.1517
0.5065 0.5635 0.1083
0.5223 0.7104 0.1110
0.5251 0.9363 0.1200
0.5128 0.8740 0.1204
0.5190 1.0335 0.1407
0.5106 0.1295 0.1238
0.5301 0.6143 0.1024
0.5367 0.3564 0.1253
0.5166 1.1398 0.1867
0.5202 -1.2517 0.1735
0.5214 0.0300 0.1224
0.5261 0.4018 0.1279
0.5323 0.4978 0.1127
0.5410 0.5680 0.1064
0.5421 0.6648 0.1042
0.5323 -0.1212 0.1390
0.5340 0.9786 0.1335
0.5420 -0.3156 0.2190
0.5440 -0.0160 0.1160
0.5457 0.1245 0.1248
0.5512 -0.2555 0.1685
0.5501 1.0111 0.1315
0.5502 -1.2373 0.1752
0.5527 -0.0811 0.1161
0.5578 1.1385 0.1713
0.5618 0.8026 0.1355
0.5580 0.8769 0.1178
0.5609 0.4749 0.1182
0.5675 0.4402 0.1209
0.5601 0.6329 0.1018
0.5776 -0.2003 0.1327
0.5793 1.0849 0.1313
0.5697 -0.1614 0.1197
0.5709 0.7233 0.1216
0.5675 0.9005 0.1193
0.5793 -0.7759 0.2339
0.5745 0.0644 0.1104
0.5808 0.1709 0.1270
0.5748 0.3734 0.1097
0.5765 0.5264 0.1155
0.5761 0.7438 0.1287
0.5908 -0.0057 0.1042
0.5787 -0.0994 0.1050
0.5770 0.3405 0.1033
0.5820 0.0928 0.1185
0.5820 0.5864 0.1086
0.5804 0.8750 0.1248
0.5973 0.4617 0.1329
0.5898 0.2484 0.1125
0.5875 0.3178 0.0987
0.5974 0.3518 0.1021
0.6122 0.5995 0.1148
0.5982 0.7701 0.1369
0.5959 -0.0780 0.1062
0.6066 0.0503 0.1106
0.6041 0.2298 0.1036
0.6026 0.6377 0.1172
0.6074 -1.2163 0.1994
0.6058 -1.0006 0.3442
0.6004 0.0327 0.1070
0.6096 -1.2856 0.2175
0.6093 -0.1500 0.1011
0.6158 -0.0540 0.1169
0.6075 0.9334 0.1399
0.6142 -0.6392 0.2481
0.6358 1.0522 0.1321
0.6240 -0.2487 0.1428
0.6198 1.0316 0.1251
0.6275 -0.0067 0.1225
0.6315 0.1977 0.1091
0.6305 -0.3216 0.1817
0.6326 -0.2847 0.1565
0.6278 0.3019 0.0915
0.6313 0.6485 0.1326
0.6341 0.2684 0.0957
0.6390 0.4997 0.1415
0.6412 1.0116 0.1394
0.6382 -0.1487 0.1008
0.6460 0.7759 0.1411
0.6452 1.0970 0.1535
0.6415 0.2304 0.1007
0.6505 0.1631 0.1286
0.6522 -0.1215 0.1074
0.6834 0.5583 0.1355
0.6494 1.1247 0.1794
0.6527 0.2979 0.1015
0.6567 0.3386 0.1138
0.6533 0.8461 0.1584
0.6583 -0.7981 0.2268
0.6657 -0.3552 0.2082
0.6655 0.1113 0.1403
0.6597 -0.6153 0.2328
0.6635 -1.1897 0.2326
0.6618 -0.1753 0.1163
0.6906 0.6943 0.1476
0.6733 -1.2310 0.2378
0.6729 -0.1453 0.1144
0.6763 0.2059 0.1297
0.6825 0.3338 0.1316
0.6924 0.5855 0.1362
0.6955 -0.7589 0.1908
0.6887 0.0452 0.1326
0.7067 0.7251 0.1491
0.6933 0.9845 0.1746
0.7052 0.7731 0.1496
0.7040 -0.1299 0.1277
0.7070 0.4552 0.1638
0.7126 -1.0153 0.3453
0.7110 -0.5737 0.2165
0.7454 0.1332 0.1442
0.7321 0.5467 0.1245
0.7205 0.0491 0.1343
0.7256 0.5056 0.1326
0.7293 0.8921 0.1655
0.7358 0.3090 0.1632
0.7404 -0.7765 0.1849
0.7430 0.6256 0.1391
0.7471 -0.3132 0.1802
0.7443 -0.0099 0.1605
0.7461 0.0683 0.1407
0.7501 -0.5208 0.2198
0.7569 -0.2048 0.1503
0.7581 -0.1635 0.1332
0.7562 -0.1856 0.1385
0.7610 0.6709 0.1595
0.7689 -0.7730 0.1753
0.7665 0.7728 0.1511
0.7728 -0.0470 0.1738
0.7809 0.2193 0.1948
0.7612 0.9138 0.1531
0.7711 0.4927 0.1373
0.7733 0.0263 0.1627
0.7900 0.6181 0.1423
0.7795 0.1517 0.1652
0.7882 0.3741 0.1466
0.7883 0.5437 0.1288
0.7904 0.8065 0.1368
0.7982 -0.6523 0.1558
0.7988 -0.7860 0.1807
0.7956 -0.3572 0.1579
0.8075 -0.7036 0.1489
0.8015 -0.1855 0.1511
0.8107 0.4459 0.1361
0.8028 0.8482 0.1271
0.8060 0.9518 0.1562
0.8153 -0.3761 0.1479
0.8220 0.1649 0.2032
0.8362 0.5799 0.1365
0.8176 1.0289 0.2333
0.8290 -1.1840 0.3848
0.8286 -0.5952 0.1465
0.8323 0.7989 0.1284
0.8390 0.8758 0.1233
0.8286 -0.6411 0.1344
0.8301 -0.1037 0.1541
0.8284 0.3660 0.1235
0.8426 0.3870 0.1111
0.8367 0.5292 0.1393
0.8482 -0.3492 0.1314
0.8462 0.9684 0.1758
0.8486 -0.9071 0.2858
0.8551 -0.4416 0.1571
0.8500 0.8934 0.1285
0.8611 -0.3811 0.1312
0.8672 -0.1295 0.1414
0.8779 0.8262 0.1175
0.8613 0.3585 0.1171
0.8681 0.4466 0.1297
0.8705 -0.6370 0.1211
0.8664 -0.3193 0.1432
0.8759 0.6253 0.1170
0.8777 -0.5286 0.1673
0.8779 0.4001 0.1048
0.8840 -0.7064 0.1441
0.8835 0.7569 0.1278
0.8829 -0.5795 0.1458
0.8953 -0.3816 0.1339
0.8993 -0.1975 0.1224
0.9175 0.5189 0.1574
0.8993 0.6259 0.1088
0.9002 0.6671 0.0968
0.9244 0.7614 0.1200
0.9307 -0.2747 0.1303
0.9087 -0.1627 0.1229
0.9043 0.6871 0.0949
0.9107 0.0907 0.2306
0.9165 -0.6868 0.1339
0.9102 -0.1041 0.1414
0.9105 -0.0665 0.1685
0.9136 0.4152 0.1146
0.9133 -0.8523 0.2364
0.9211 0.3560 0.1174
0.9408 0.7226 0.1024
0.9196 0.6311 0.1038
0.9285 0.8885 0.1603
0.9231 -0.0117 0.2000
0.9280 0.6757 0.0893
0.9466 0.2875 0.1590
0.9275 0.5433 0.1526
0.9298 0.7930 0.1303
0.9358 0.3816 0.1146
0.9305 0.8474 0.1400
0.9398 -0.6737 0.1344
0.9358 -0.5998 0.1516
0.9503 -0.2413 0.1221
0.9473 -0.4248 0.1514
0.9469 -0.2188 0.1142
0.9433 -0.1997 0.1134
0.9513 -0.4654 0.1604
0.9719 0.3164 0.1418
0.9672 0.6627 0.0988
0.9607 -0.7023 0.1329
0.9637 -1.2331 0.4575
0.9641 -0.2901 0.1452
0.9685 -0.2126 0.1272
0.9730 -0.7803 0.1617
0.9703 0.6971 0.0988
0.9782 0.4414 0.1597
0.9840 -0.5406 0.1802
0.9879 0.2121 0.1716
0.9806 0.4028 0.1463
1.0011 -0.4004 0.1371
1.0093 0.6676 0.1007
0.9989 -0.0911 0.1945
1.0008 0.5907 0.1440
1.0069 0.8522 0.1947
1.0121 0.7048 0.1023
1.0132 -0.7254 0.1305
1.0141 0.1910 0.1708
1.0284 -0.3636 0.1391
1.0228 0.3206 0.1394
1.0305 -0.3983 0.1257
1.0227 0.9570 0.1992
1.0201 1.1368 0.2560
1.0338 -0.7080 0.1306
1.0340 0.0329 0.1598
1.0396 0.5417 0.1639
1.0442 0.6460 0.1025
1.0458 -0.9171 0.2406
1.0671 -0.4975 0.1581
1.0438 0.2767 0.1338
1.0487 0.0985 0.1525
1.0452 0.6960 0.0970
1.0564 0.7387 0.1264
1.0544 -0.7508 0.1442
1.0603 1.0547 0.1638
1.0680 -0.5647 0.1734
1.0561 0.0598 0.1462
1.0617 -0.4396 0.1241
1.0711 0.6129 0.1215
1.0639 -0.7265 0.1362
1.0758 0.2595 0.1434
1.0723 -0.8180 0.1806
1.1018 -0.0486 0.1764
1.0807 0.6591 0.0997
1.0769 -0.2860 0.1693
1.0883 0.0667 0.1320
1.0814 0.2825 0.1441
1.0774 1.0197 0.1507
1.0781 -0.4235 0.1177
1.1003 -0.6136 0.1505
1.0811 0.6903 0.0934
1.0887 -0.6613 0.1378
1.1119 -0.2188 0.1634
1.0940 0.0284 0.1332
1.0954 1.0886 0.1577
1.1024 -0.2715 0.1661
1.1035 0.3937 0.1600
1.1029 0.5008 0.1612
1.1068 1.0064 0.1369
1.1136 -0.3984 0.1262
1.1031 0.2036 0.1667
1.1036 0.3545 0.1509
1.1217 0.7073 0.1193
1.1212 -0.4370 0.1346
1.1213 0.6629 0.1131
1.1147 -0.9264 0.1866
1.1151 -0.6467 0.1376
1.1171 -0.3373 0.1500
1.1244 0.5322 0.1390
1.1160 0.9243 0.1538
1.1275 0.4026 0.1670
1.1224 -0.1488 0.1765
1.1378 0.5648 0.1225
1.1485 1.1471 0.1947
1.1446 -0.6178 0.1343
1.1310 0.0985 0.1507
1.1299 0.7321 0.1427
1.1364 0.1610 0.1780
1.1461 -0.0482 0.1832
1.1516 0.3762 0.1737
1.1574 0.5784 0.1190
1.1572 0.0128 0.1632
1.1708 0.9364 0.1245
1.1579 0.6117 0.1259
1.1594 0.8847 0.1481
1.1811 -0.7409 0.1415
1.1595 -0.4111 0.1487
1.1641 0.9905 0.1304
1.1647 -0.8612 0.1505
1.1805 1.0856 0.1382
1.1835 -0.1768 0.1401
1.1761 1.0587 0.1281
1.1861 -0.9414 0.1431
1.1880 0.8384 0.1692
1.1985 -0.7075 0.1281
1.1996 0.5379 0.1149
1.1989 -1.2214 0.2916
1.1974 -1.0477 0.2223
1.1992 0.8652 0.1545
1.2043 -1.0175 0.1979
1.2040 -0.7878 0.1313
1.2024 -0.2033 0.1367
1.2027 0.0634 0.2046
1.2008 0.6986 0.1639
1.2075 -0.5802 0.1451
1.2097 -0.1620 0.1506
1.2121 -0.9394 0.1397
1.2099 -0.8614 0.1345
1.2230 -0.6693 0.1309
1.2127 -0.6298 0.1322
1.2080 -0.2477 0.1526
1.2153 0.9894 0.1324
1.2133 -0.4201 0.1805
1.2220 -0.2992 0.1792
1.2297 0.5614 0.1141
1.2289 -0.7361 0.1315
1.2242 0.9143 0.1378
1.2285 -1.3132 0.3882
1.2287 1.1007 0.1736
1.2423 -0.8497 0.1414
1.2418 -0.7842 0.1334
1.2261 -0.5685 0.1593
1.2294 0.3890 0.2182
1.2265 0.6420 0.1537
1.2397 0.4938 0.1502
1.2379 -1.2055 0.2813
1.2344 -0.5024 0.1917
1.2374 1.0080 0.1410
1.2403 0.2114 0.2798
1.2493 1.0679 0.1714
1.2533 -0.9542 0.1675
1.2486 -0.2065 0.1687
1.2577 0.5432 0.1357
1.2513 0.5824 0.1348
1.2530 -0.3721 0.2129
1.2580 -1.2898 0.3663
1.2574 -1.1788 0.2773
1.2572 0.9214 0.1645
1.2639 -0.7307 0.1515
1.2629 -0.5997 0.1698
1.2634 0.7455 0.2326
1.2648 -0.8991 0.1616
1.2646 -0.1290 0.2139
1.2647 0.4997 0.1638
