points 
 2 
 1 
Tumour[19065]FoxP310NNCodensity
-1.0311 -0.3092 0.3738
-1.0214 -0.4072 0.3046
-1.0197 -0.4312 0.3021
-1.0176 0.4801 0.1659
-1.0068 0.4573 0.1585
-0.9926 -0.4147 0.2808
-0.9869 0.5622 0.1691
-0.9882 -0.5907 0.2906
-0.9811 0.6170 0.2340
-0.9780 -0.7536 0.2515
-0.9581 0.5225 0.1231
-0.9544 0.5061 0.1172
-0.9491 -0.9172 0.1373
-0.9471 -0.8773 0.1525
-0.9363 -0.9924 0.1461
-0.9362 0.2665 0.1456
-0.9361 0.3838 0.1381
-0.9351 -0.6180 0.2440
-0.9165 0.4432 0.1123
-0.9167 0.4981 0.1141
-0.9145 -0.9541 0.1061
-0.9080 -0.9929 0.1259
-0.8972 0.3087 0.0950
-0.8926 0.3288 0.0936
-0.8972 0.3962 0.1079
-0.8919 -0.9713 0.1035
-0.8932 -0.8464 0.1172
-0.8916 0.5011 0.1200
-0.8831 0.4719 0.1046
-0.8877 0.2646 0.1085
-0.8813 0.2463 0.1228
-0.8754 0.2976 0.0910
-0.8711 -0.9565 0.0977
-0.8679 0.3402 0.0888
-0.8632 0.1954 0.1846
-0.8638 0.8412 0.3196
-0.8530 -0.8700 0.0842
-0.8564 -0.8405 0.0915
-0.8551 -0.7717 0.1423
-0.8593 0.0803 0.2439
-0.8462 -0.9190 0.0917
-0.8501 0.4178 0.0914
-0.8480 -0.8888 0.0827
-0.8452 0.3741 0.0874
-0.8462 0.4723 0.1130
-0.8439 0.0221 0.2249
-0.8430 -0.9686 0.1140
-0.8383 0.3172 0.0932
-0.8373 0.4043 0.0889
-0.8377 -0.8734 0.0796
-0.8246 -0.7761 0.1284
-0.8225 -0.6460 0.1241
-0.8145 0.3408 0.1002
-0.8158 -0.8580 0.0884
-0.8135 -0.6606 0.1100
-0.8132 -0.1350 0.2615
-0.8113 0.4317 0.1084
-0.8031 -0.3759 0.1731
-0.8037 -0.9457 0.1189
-0.8021 -0.8718 0.0945
-0.8053 -0.6871 0.1048
-0.7983 -0.4114 0.1473
-0.8005 0.8085 0.2677
-0.7969 -0.6545 0.0988
-0.7997 0.3718 0.1032
-0.7871 -0.7374 0.1069
-0.7950 0.4247 0.1197
-0.7892 -0.8294 0.1110
-0.7949 0.5711 0.1904
-0.7874 0.3082 0.1427
-0.7772 -0.1703 0.2765
-0.7803 0.0159 0.1967
-0.7724 -0.3084 0.2226
-0.7716 0.9617 0.3416
-0.7686 0.0031 0.1954
-0.7686 0.7825 0.2627
-0.7643 -0.7061 0.0922
-0.7643 -0.5998 0.1100
-0.7620 0.6065 0.2324
-0.7585 0.5465 0.1972
-0.7574 0.8989 0.3006
-0.7543 -0.4492 0.1096
-0.7482 -0.5327 0.1380
-0.7481 -0.9588 0.1328
-0.7410 -0.4762 0.1166
-0.7480 -0.0002 0.2043
-0.7421 -0.7394 0.1022
-0.7331 -0.7264 0.1036
-0.7416 -0.4532 0.1064
-0.7419 -0.4093 0.1169
-0.7405 0.6493 0.2745
-0.7378 -0.6208 0.1044
-0.7386 -0.5758 0.1299
-0.7289 -0.7711 0.1149
-0.7263 -0.4608 0.1125
-0.7263 -0.9043 0.1167
-0.7247 -0.8263 0.1244
-0.7250 -0.6669 0.1057
-0.7274 -0.6088 0.1149
-0.7245 -0.0355 0.2218
-0.7254 0.8682 0.2936
-0.7195 -0.6821 0.1096
-0.7186 -0.4084 0.1262
-0.7188 -0.8617 0.1229
-0.7093 -0.9535 0.1373
-0.7089 -0.9152 0.1230
-0.7090 -0.0468 0.2391
-0.6939 -0.9762 0.1626
-0.6950 1.1308 0.3985
-0.6798 -0.7914 0.1414
-0.6621 1.2655 0.3977
-0.6377 -0.8514 0.1648
-0.6291 -0.7335 0.1744
-0.6263 -0.4236 0.2329
-0.6187 -0.6995 0.1947
-0.6064 0.3267 0.3407
-0.6073 -0.9694 0.2044
-0.6034 1.4462 0.4695
-0.5929 1.4352 0.4532
-0.5863 1.2417 0.3678
-0.5693 -0.9009 0.2037
-0.5456 -0.8856 0.2199
-0.5414 1.0122 0.3956
-0.5265 1.2848 0.3696
-0.4823 -0.5855 0.3679
-0.4842 0.3037 0.4156
-0.4828 0.6267 0.3112
-0.4798 0.4913 0.3140
-0.4656 1.4970 0.4885
-0.4583 -0.8359 0.2667
-0.4386 0.6400 0.2746
-0.4372 0.7901 0.3192
-0.4266 -0.6640 0.3599
-0.4253 -0.8207 0.2903
-0.4101 0.5526 0.2686
-0.4017 0.3411 0.3739
-0.3796 0.7928 0.2702
-0.3316 0.0403 0.4653
-0.3309 1.0968 0.3739
-0.3274 1.0009 0.3476
-0.3170 -0.8644 0.3465
-0.2719 0.5177 0.2447
-0.2682 -0.1964 0.3341
-0.2660 0.4732 0.2746
-0.2624 0.7519 0.1840
-0.2605 0.6812 0.2181
-0.2583 0.5469 0.2338
-0.2380 -0.9556 0.3377
-0.2212 0.7726 0.1574
-0.2234 0.8045 0.1622
-0.2073 0.8707 0.2010
-0.2064 1.2242 0.3272
-0.1957 0.5771 0.2285
-0.1927 -0.9753 0.3156
-0.1910 1.2065 0.3162
-0.1858 0.0908 0.3728
-0.1874 1.4354 0.3329
-0.1815 0.7581 0.1627
-0.1805 -0.3722 0.1968
-0.1606 -0.3774 0.1769
-0.1694 0.7925 0.1655
-0.1589 1.0313 0.2898
-0.1430 -0.2670 0.1821
-0.1463 0.8208 0.1889
-0.1410 0.0815 0.3373
-0.1380 -0.4099 0.1818
-0.1271 -0.9275 0.2570
-0.1184 -0.5629 0.3453
-0.1190 -0.3362 0.1472
-0.1192 0.8435 0.2256
-0.1162 0.5672 0.2815
-0.1055 0.6077 0.2751
-0.1005 -0.4107 0.1767
-0.0971 -0.1847 0.1536
-0.0964 1.4720 0.2809
-0.0905 -0.2572 0.1492
-0.0835 -0.1014 0.1552
-0.0731 1.3975 0.2457
-0.0596 -0.0770 0.1520
-0.0614 1.4458 0.2508
-0.0602 -0.2456 0.1362
-0.0548 1.1393 0.3161
-0.0547 -0.1160 0.1265
-0.0524 1.1102 0.3173
-0.0276 -0.4103 0.1946
-0.0262 -0.3369 0.1535
-0.0213 -0.9545 0.1996
-0.0236 -0.1452 0.1217
-0.0149 -0.1940 0.1394
0.0006 -0.0961 0.1261
-0.0107 1.0716 0.3458
-0.0055 -0.2385 0.1416
-0.0048 -0.9740 0.2053
-0.0047 1.4079 0.2565
-0.0022 -0.2921 0.1412
0.0035 1.4971 0.3086
0.0077 -0.7375 0.3171
0.0176 -0.0626 0.1526
0.0151 -0.7950 0.2553
0.0207 -0.9154 0.1809
0.0315 -0.9764 0.2077
0.0217 -0.0822 0.1402
0.0379 -0.9275 0.1811
0.0521 -0.2801 0.1683
0.0589 -0.1313 0.1664
0.0540 1.4288 0.3002
0.0657 -0.3224 0.1741
0.0827 -0.3423 0.1900
0.0961 -0.4260 0.2218
0.1098 1.4747 0.3823
0.1123 -0.9451 0.2093
0.1320 -0.4697 0.2508
0.1313 -0.0691 0.2130
0.1364 -0.5507 0.2778
0.1420 1.1461 0.4732
0.1612 -0.8819 0.2236
0.1703 -0.7932 0.2448
0.1738 -0.5827 0.2619
0.1767 -0.0499 0.2261
0.2039 -0.7895 0.2507
0.2302 -0.1535 0.2428
0.2519 -0.9489 0.3004
0.2535 -0.1634 0.2503
0.2684 -0.7028 0.2646
0.2686 -0.0751 0.2141
0.2754 -0.4495 0.3272
0.2807 0.1915 0.1432
0.2943 -0.6309 0.2724
0.2955 0.2634 0.1652
0.2950 -0.9732 0.3590
0.2994 -0.0019 0.2171
0.3013 0.1075 0.1630
0.3113 0.1594 0.1221
0.3168 -0.7170 0.2936
0.3198 0.1753 0.1083
0.3331 -0.5610 0.3193
0.3467 -0.1181 0.2367
0.3467 0.2781 0.1558
0.3494 0.1936 0.0994
0.3512 0.0352 0.2004
0.3557 0.1732 0.1011
0.3662 0.3345 0.1881
0.3730 0.4639 0.1973
0.3818 0.1941 0.1020
0.3911 0.2128 0.1110
0.4113 0.0370 0.1919
0.4151 0.4417 0.1417
0.4200 -0.2085 0.3551
0.4181 0.3811 0.1452
0.4248 0.1831 0.1114
0.4324 0.4238 0.1284
0.4350 0.1566 0.1245
0.4585 0.1715 0.1349
0.4687 0.1405 0.1487
0.4698 0.4223 0.1248
0.4776 0.4777 0.1412
0.4749 -0.0339 0.2451
0.4777 0.2515 0.1700
0.4992 0.3836 0.1380
0.5016 0.0174 0.2176
0.5050 0.3606 0.1461
0.5120 0.4913 0.1586
0.5241 0.3134 0.1674
0.5324 0.0674 0.2057
0.5395 0.4991 0.1699
0.5657 0.5444 0.1943
0.5745 0.2940 0.1561
0.5735 0.1107 0.2252
0.5970 0.3864 0.1869
0.5974 0.6296 0.2477
0.6201 0.2199 0.1931
0.6260 0.5869 0.2376
0.6381 0.2700 0.1710
0.6518 0.2529 0.1840
0.6581 0.5507 0.2489
0.6664 0.7658 0.2427
0.6687 1.1706 0.4142
0.6735 0.2752 0.1931
0.6731 0.3714 0.2225
0.6783 0.7981 0.2387
0.6909 0.8724 0.2315
0.7096 1.0021 0.2348
0.7201 0.8512 0.2229
0.7264 0.8040 0.2388
0.7625 0.7221 0.2870
0.7701 1.0628 0.2397
0.7884 1.0543 0.2317
0.8111 0.3267 0.3660
0.8208 1.0376 0.2339
0.8283 0.9775 0.2399
0.8383 1.0195 0.2427
0.8564 -0.9839 0.2525
0.8736 -0.9612 0.2132
0.8869 -0.7678 0.1619
0.9044 -0.7362 0.1453
0.9047 -0.6734 0.1958
0.9292 -0.8759 0.1449
0.9278 -0.7193 0.1427
0.9306 -0.7583 0.1311
0.9368 -0.6103 0.2688
0.9389 -0.9319 0.1450
0.9632 -0.7264 0.1474
0.9626 -0.9285 0.1385
0.9714 -0.9486 0.1569
0.9690 -0.8339 0.1297
0.9914 1.1944 0.4034
0.9994 -0.8266 0.1358
1.0087 1.3184 0.4400
1.0106 -0.8718 0.1380
1.0173 -0.7997 0.1508
1.0357 -0.8748 0.1589
1.0386 1.4650 0.5699
1.0518 1.4473 0.5523
1.1161 -0.7511 0.2525
1.1283 -0.1469 0.2931
1.1272 -0.7069 0.2904
1.1490 -0.2402 0.2040
1.1561 -0.3538 0.1915
1.1785 -0.4339 0.2530
1.1743 -0.2997 0.1672
1.1945 -0.2851 0.1678
1.1976 -0.3752 0.1930
1.2037 -0.1047 0.3202
1.2093 -0.2590 0.1839
1.2067 0.9157 0.2049
1.2084 0.8349 0.1769
1.2113 0.8984 0.1893
1.2205 1.3494 0.5376
1.2258 0.9381 0.2179
1.2305 0.7141 0.2011
1.2349 1.1727 0.4364
1.2402 -0.4154 0.2360
1.2384 0.8397 0.1707
1.2415 0.9740 0.2598
1.2492 -0.3657 0.2082
1.2468 0.8758 0.1788
1.2514 0.6603 0.2219
1.2550 0.7265 0.1919
1.2582 -0.1012 0.3461
1.2716 0.6547 0.2239
1.2794 0.6891 0.2038
1.2809 -0.9526 0.2112
1.3236 -0.9160 0.1478
1.3590 -0.9398 0.1209
1.3622 -0.9253 0.1163
1.3730 -0.8569 0.1563
1.3829 0.5932 0.3469
1.4011 -0.9912 0.1682
1.3946 -0.9743 0.1451
1.4021 -0.8703 0.1458
1.4006 -0.9355 0.1213
1.4026 0.5596 0.4031
1.4282 -0.9180 0.1420
1.4323 -0.6332 0.4275
1.4492 -0.4841 0.4583
1.4634 -0.7780 0.2818
