points 
 2 
 1 
Tumour[19065]CD6810NNCodensity
-1.2042 -1.0506 0.2068
-1.1994 -0.9133 0.1435
-1.2025 -0.8720 0.1864
-1.2030 -0.6723 0.1494
-1.1990 -0.6230 0.1189
-1.2029 -0.3041 0.1199
-1.2022 0.9149 0.3273
-1.1999 1.1282 0.2485
-1.2024 1.2952 0.3177
-1.1727 -0.3238 0.1023
-1.1901 -0.6619 0.1286
-1.1919 -0.3977 0.1251
-1.1797 -0.9704 0.1195
-1.1824 -0.3642 0.1115
-1.1813 -0.2845 0.1004
-1.1735 -0.5656 0.1218
-1.1792 -0.4659 0.1288
-1.1767 0.1624 0.4473
-1.1696 -1.0135 0.1484
-1.1777 -0.5139 0.1324
-1.1718 -0.9488 0.1123
-1.1677 0.9513 0.2661
-1.1602 -0.8771 0.1652
-1.1625 -0.6052 0.1026
-1.1686 -0.2577 0.0978
-1.1660 -0.6538 0.1149
-1.1622 -0.4091 0.1102
-1.1609 -0.9270 0.1189
-1.1544 -0.6759 0.1365
-1.1595 -0.2264 0.1018
-1.1446 -0.1814 0.1131
-1.1466 -0.3540 0.1065
-1.1427 -0.4409 0.1105
-1.1400 1.1567 0.1879
-1.1352 -0.9660 0.1208
-1.1281 -0.5495 0.1040
-1.1346 -0.2959 0.0983
-1.1256 -0.2236 0.0911
-1.1254 -0.5876 0.1068
-1.1222 -0.2553 0.0918
-1.1218 1.2591 0.2179
-1.1115 -0.4785 0.1068
-1.1162 1.0373 0.1949
-1.1078 -0.4238 0.1165
-1.1128 -0.9833 0.1409
-1.0890 -0.6059 0.1204
-1.0990 -0.2544 0.1031
-1.1041 -0.1601 0.1061
-1.0983 -0.1891 0.0968
-1.0845 -0.3592 0.1382
-1.0832 -0.5384 0.1048
-1.0876 -0.5066 0.1080
-1.0810 -0.0719 0.1508
-1.0798 -0.1121 0.1212
-1.0705 1.1057 0.1706
-1.0656 -0.2782 0.1409
-1.0737 -0.1501 0.1071
-1.0740 1.0698 0.1789
-1.0636 -1.1045 0.1935
-1.0684 -0.1767 0.1104
-1.0677 1.2324 0.1850
-1.0601 1.2193 0.1780
-1.0586 -1.1660 0.2303
-1.0617 -0.5559 0.1091
-1.0437 -0.4852 0.1207
-1.0553 -0.4504 0.1146
-1.0525 0.6223 0.3666
-1.0460 0.9654 0.2277
-1.0426 -0.5965 0.1308
-1.0231 1.2148 0.1932
-1.0280 -1.1502 0.2031
-1.0320 -0.9893 0.1766
-1.0223 -0.4231 0.1194
-1.0280 -0.0099 0.1840
-1.0235 0.3328 0.3080
-1.0172 -1.1888 0.2333
-1.0213 -0.3671 0.1281
-1.0019 -0.6019 0.1558
-1.0113 0.8055 0.3129
-1.0048 1.0494 0.1929
-1.0122 -0.1034 0.1244
-1.0084 -0.1300 0.1294
-1.0009 -0.4395 0.1363
-0.9938 1.1970 0.2013
-0.9974 -1.0170 0.1760
-0.9991 -0.8714 0.2335
-0.9938 -0.9560 0.1805
-0.9870 -0.0801 0.1300
-0.9815 1.0214 0.2254
-0.9822 -0.3872 0.1352
-0.9729 -0.5762 0.1565
-0.9762 -0.3513 0.1379
-0.9652 0.6098 0.2944
-0.9579 -0.2817 0.1624
-0.9642 0.2144 0.2487
-0.9288 -0.5775 0.1540
-0.9448 -0.3352 0.1488
-0.9393 -0.0613 0.1250
-0.9209 1.0843 0.2560
-0.9296 -1.0688 0.1568
-0.9297 -0.1226 0.1573
-0.9305 -0.0062 0.1379
-0.9297 0.3014 0.2209
-0.9220 0.4395 0.2603
-0.9239 -0.2039 0.1923
-0.9229 0.0959 0.2137
-0.9220 0.6792 0.2775
-0.9156 -0.0243 0.1279
-0.9081 0.7624 0.2923
-0.9120 -1.0176 0.1523
-0.8966 -0.2760 0.1576
-0.9022 -0.8871 0.2065
-0.8904 -1.0785 0.1483
-0.9009 0.6663 0.2744
-0.8956 -0.7390 0.1867
-0.8855 -1.1558 0.1781
-0.8839 -0.4979 0.1759
-0.8807 -0.9323 0.1960
-0.8690 -0.6344 0.1351
-0.8696 -0.5714 0.1408
-0.8784 -0.0465 0.1297
-0.8789 0.2687 0.1999
-0.8719 0.3225 0.2085
-0.8679 -0.0046 0.1358
-0.8593 -1.0671 0.1490
-0.8630 -0.2975 0.1466
-0.8466 -1.1020 0.1473
-0.8602 -0.6740 0.1382
-0.8555 0.1745 0.1825
-0.8559 0.4199 0.2364
-0.8537 -0.7984 0.1798
-0.8520 -0.4312 0.1840
-0.8455 1.2987 0.2981
-0.8419 -0.5395 0.1585
-0.8443 -0.0324 0.1329
-0.8197 -0.2936 0.1509
-0.8292 -1.0092 0.1900
-0.8246 -0.5981 0.1351
-0.8233 -0.3445 0.1470
-0.8116 0.0098 0.1419
-0.8142 -1.1538 0.1688
-0.8114 -0.6427 0.1215
-0.8074 -0.4259 0.1907
-0.8070 0.1460 0.1532
-0.8046 0.4608 0.2359
-0.7999 1.2343 0.2362
-0.7985 -0.7741 0.1527
-0.7920 -0.7313 0.1260
-0.7989 -0.6920 0.1161
-0.7865 -0.3592 0.1678
-0.7756 -0.0398 0.1362
-0.7853 0.8411 0.2900
-0.7774 -0.6459 0.1227
-0.7757 -0.3033 0.1575
-0.7799 0.1691 0.1369
-0.7715 -0.7418 0.1376
-0.7737 -1.1826 0.2088
-0.7656 0.4510 0.2217
-0.7673 0.1505 0.1282
-0.7633 -0.8735 0.2391
-0.7466 -0.2494 0.1748
-0.7568 -1.1700 0.2125
-0.7492 -0.0656 0.1342
-0.7477 0.0307 0.1223
-0.7198 -0.1862 0.1707
-0.7525 0.2388 0.1791
-0.7379 -0.6949 0.1240
-0.7326 -0.1358 0.1490
-0.7296 1.2626 0.1960
-0.7284 0.0577 0.1162
-0.7281 1.1054 0.2209
-0.7273 0.0775 0.1117
-0.7233 0.7653 0.2734
-0.7123 1.1298 0.1922
-0.7181 -0.2194 0.1865
-0.7175 -0.0615 0.1294
-0.7065 -1.1740 0.2687
-0.7190 0.1576 0.1308
-0.7131 0.2507 0.1892
-0.7097 -0.6402 0.1177
-0.7068 0.0962 0.1143
-0.7067 1.2846 0.2046
-0.7003 0.0280 0.1264
-0.6898 -0.6238 0.1096
-0.6923 0.5551 0.2446
-0.6788 0.0561 0.1391
-0.6901 -0.0994 0.1334
-0.6742 -0.0673 0.1370
-0.6612 1.2282 0.1585
-0.6774 0.9450 0.2391
-0.6691 -0.6437 0.1020
-0.6701 0.4650 0.1950
-0.6648 -0.7058 0.1283
-0.6694 0.1437 0.1563
-0.6565 0.7654 0.2545
-0.6581 1.2114 0.1518
-0.6579 -0.5627 0.1226
-0.6520 0.8973 0.2174
-0.6452 -0.6386 0.0995
-0.6457 -0.6171 0.0986
-0.6520 0.3755 0.2152
-0.6458 1.1073 0.1786
-0.6306 -0.7122 0.1373
-0.6356 0.4910 0.1962
-0.6356 0.3357 0.2223
-0.6365 0.8567 0.2225
-0.6382 -0.5539 0.1211
-0.6295 -0.0814 0.1512
-0.6224 -0.7607 0.1868
-0.6114 -0.8626 0.2862
-0.6101 1.1038 0.1760
-0.6074 -0.1130 0.1550
-0.6040 -0.5853 0.1042
-0.6027 0.5910 0.2244
-0.5864 -0.5212 0.1140
-0.5968 0.2297 0.2179
-0.5840 1.2263 0.1646
-0.5907 -0.4530 0.1909
-0.5898 -0.2815 0.2894
-0.5845 -0.6625 0.1291
-0.5618 -0.6157 0.1241
-0.5732 0.1881 0.2290
-0.5764 1.2019 0.1637
-0.5713 -0.5669 0.1026
-0.5647 0.4598 0.2095
-0.5610 1.0493 0.1810
-0.5472 -0.5107 0.1226
-0.5506 -0.1351 0.1731
-0.5496 0.9641 0.1859
-0.5488 1.2391 0.1781
-0.5327 0.8312 0.2350
-0.5345 -0.6833 0.1811
-0.5398 0.6391 0.2161
-0.5296 -0.5648 0.1198
-0.5324 0.4536 0.2269
-0.5308 0.0561 0.2315
-0.5297 -0.0853 0.1506
-0.5271 -0.1072 0.1606
-0.4930 -0.0491 0.1510
-0.5229 -0.5307 0.1268
-0.5162 -1.1094 0.2621
-0.5184 0.9687 0.1934
-0.5146 1.0623 0.1783
-0.5016 1.0184 0.1860
-0.5074 1.2530 0.1958
-0.5049 -0.5381 0.1444
-0.4960 0.2541 0.2876
-0.4897 -0.0780 0.1546
-0.4833 0.6647 0.1839
-0.4683 -0.9027 0.1690
-0.4618 0.5317 0.1943
-0.4632 1.1449 0.1970
-0.4580 0.6975 0.1931
-0.4539 -1.1556 0.2683
-0.4416 -1.0473 0.1661
-0.4416 0.5832 0.1616
-0.4380 1.2971 0.2472
-0.4200 -0.0284 0.1580
-0.4193 0.0046 0.1512
-0.4341 0.6466 0.1540
-0.4361 -1.0663 0.1760
-0.4192 -0.8666 0.1206
-0.4141 -1.0155 0.1469
-0.4034 -0.8984 0.1051
-0.4157 0.9083 0.1886
-0.4158 1.1668 0.2098
-0.4100 -0.9517 0.1241
-0.4027 -0.4371 0.1882
-0.3999 0.1147 0.2111
-0.3965 -0.8576 0.1097
-0.3994 0.8557 0.1860
-0.3907 0.0241 0.1545
-0.3913 -0.2254 0.2228
-0.3829 -0.0040 0.1561
-0.3826 -0.9844 0.1319
-0.3815 0.8450 0.1757
-0.3754 1.0384 0.2338
-0.3782 -0.6066 0.2509
-0.3681 -0.8196 0.1270
-0.3634 -0.9171 0.1142
-0.3635 -0.2948 0.1669
-0.3565 1.1680 0.2385
-0.3628 -0.8779 0.1072
-0.3569 -0.4125 0.1655
-0.3600 -0.3637 0.1474
-0.3617 0.5020 0.1782
-0.3606 0.5966 0.1275
-0.3555 -0.4461 0.1776
-0.3531 -1.0377 0.1816
-0.3510 0.8412 0.1585
-0.3547 1.2744 0.2643
-0.3455 -0.8260 0.1268
-0.3454 0.5342 0.1454
-0.3466 0.6410 0.1296
-0.3486 0.6901 0.1544
-0.3414 -0.7494 0.1776
-0.3454 0.1865 0.2579
-0.3396 -0.5669 0.2450
-0.3361 -0.3662 0.1442
-0.3275 -1.1878 0.3200
-0.3321 -0.9298 0.1437
-0.3292 0.6077 0.1148
-0.3071 -0.3748 0.1629
-0.3198 0.0253 0.1484
-0.3195 0.8935 0.1457
-0.3171 -0.3202 0.1534
-0.3136 0.8216 0.1574
-0.3137 -0.7999 0.1531
-0.2984 0.6914 0.1438
-0.3034 0.0481 0.1542
-0.3005 -0.1540 0.2164
-0.2892 -0.2373 0.1875
-0.2870 0.5675 0.1137
-0.2835 0.5989 0.1069
-0.2784 -0.2108 0.2002
-0.2827 0.9829 0.2034
-0.2595 -0.1214 0.2090
-0.2783 0.7216 0.1646
-0.2741 0.2665 0.2565
-0.2745 -0.7103 0.1831
-0.2600 1.2427 0.2783
-0.2596 0.5701 0.1116
-0.2546 0.0500 0.1572
-0.2489 0.6057 0.1085
-0.2492 -0.7376 0.1680
-0.2327 0.6489 0.1233
-0.2405 0.9100 0.1394
-0.2336 0.4791 0.1819
-0.2303 0.5219 0.1502
-0.2332 0.8056 0.1711
-0.2307 0.0128 0.1457
-0.2328 0.9426 0.1638
-0.2071 0.6324 0.1209
-0.2172 0.9011 0.1388
-0.2198 -0.0184 0.1482
-0.2235 0.8798 0.1374
-0.2110 0.0694 0.1602
-0.2045 -0.5144 0.2739
-0.1932 -0.6700 0.1869
-0.2028 -1.0617 0.2966
-0.1950 -0.7480 0.1727
-0.1863 0.6016 0.1248
-0.1571 0.6477 0.1301
-0.1834 -0.8233 0.2032
-0.1797 -0.5876 0.2286
-0.1694 -0.0284 0.1582
-0.1562 -0.7776 0.1919
-0.1731 0.1887 0.1514
-0.1719 1.2015 0.2607
-0.1612 0.3017 0.1571
-0.1493 0.7879 0.1768
-0.1502 0.4228 0.1876
-0.1431 -0.1151 0.2295
-0.1501 0.0090 0.1540
-0.1502 0.1813 0.1383
-0.1410 0.8647 0.1497
-0.1326 0.2152 0.1257
-0.1390 1.2381 0.2594
-0.1311 0.6113 0.1328
-0.1311 0.3035 0.1463
-0.1295 0.5021 0.1811
-0.1189 0.3617 0.1627
-0.1119 -0.9255 0.1715
-0.1213 0.9005 0.1542
-0.1189 -0.6440 0.1941
-0.1166 0.1768 0.1305
-0.1117 0.6642 0.1262
-0.1093 0.0129 0.1676
-0.1056 -0.9516 0.1681
-0.1087 0.3285 0.1530
-0.0992 -0.9041 0.1652
-0.1023 0.1190 0.1449
-0.0866 0.1652 0.1279
-0.0901 0.6793 0.1253
-0.0849 1.0174 0.2050
-0.0780 0.9615 0.1717
-0.0799 -0.7023 0.1925
-0.0612 -0.2932 0.2879
-0.0725 0.1983 0.1386
-0.0805 0.7824 0.1516
-0.0794 0.2996 0.1540
-0.0775 1.2785 0.2597
-0.0752 0.9197 0.1543
-0.0642 0.8186 0.1488
-0.0625 0.6465 0.1180
-0.0614 0.6955 0.1334
-0.0529 -0.9547 0.1284
-0.0507 -0.2527 0.2779
-0.0602 -0.0013 0.1823
-0.0581 0.5646 0.1421
-0.0367 -0.8881 0.1526
-0.0410 -0.6164 0.1955
-0.0347 -0.4074 0.2948
-0.0330 0.5925 0.1332
-0.0329 0.7449 0.1522
-0.0359 1.2506 0.2289
-0.0357 0.4281 0.1626
-0.0237 0.4934 0.1509
-0.0262 -1.0503 0.1386
-0.0204 -0.9582 0.1244
-0.0171 1.0813 0.1858
-0.0232 0.5548 0.1472
-0.0192 0.8772 0.1563
-0.0167 0.6422 0.1393
-0.0204 0.0887 0.1617
0.0017 0.4250 0.1574
-0.0140 0.1092 0.1614
-0.0144 0.8367 0.1663
-0.0047 -0.6694 0.1779
-0.0078 1.1436 0.1898
0.0039 1.1208 0.1807
0.0055 0.0787 0.1813
0.0126 -1.0933 0.1191
0.0160 0.3485 0.1573
0.0164 -1.0478 0.1042
0.0340 -1.1742 0.1756
0.0207 -1.0187 0.1031
0.0174 0.1950 0.1887
0.0195 0.9756 0.1614
0.0242 -0.1337 0.2274
0.0288 -0.9004 0.1556
0.0307 -0.6351 0.1769
0.0272 0.2747 0.1850
0.0292 -0.9940 0.1100
0.0447 -0.6866 0.1669
0.0324 -0.0651 0.2069
0.0354 -0.4392 0.2788
0.0509 -1.0541 0.0996
0.0429 -0.9515 0.1313
0.0484 0.4743 0.1540
0.0486 -1.0937 0.1039
0.0468 -0.8366 0.2101
0.0472 0.3272 0.1669
0.0540 0.4276 0.1545
0.0486 0.9589 0.1662
0.0574 0.5760 0.1796
0.0556 0.7237 0.2053
0.0785 1.0820 0.1585
0.0714 -0.9803 0.1343
0.0658 -0.6565 0.1703
0.0593 0.9362 0.1698
0.0805 -1.1049 0.1068
0.0696 -0.0460 0.1948
0.0717 0.3023 0.1881
0.0764 1.2110 0.1924
0.0963 -1.1408 0.1183
0.0931 0.8088 0.1970
0.0928 0.9937 0.1465
0.0916 -0.6517 0.1830
0.1012 1.1676 0.1730
0.1054 -1.0692 0.1148
0.1039 0.4851 0.1802
0.1103 -0.2310 0.1809
0.1287 1.0750 0.1500
0.1295 -1.0950 0.1131
0.1271 -0.7918 0.2297
0.1265 -0.3516 0.1979
0.1293 -0.2737 0.1610
0.1311 -0.0852 0.1715
0.1268 0.6332 0.2136
0.1319 0.8327 0.1949
0.1646 1.1310 0.1591
0.1348 1.2896 0.2408
0.1470 -1.1596 0.1241
0.1419 -0.4357 0.2451
0.1523 -0.2921 0.1491
0.1511 0.4744 0.2043
0.1520 1.0317 0.1332
0.1471 -1.0424 0.1521
0.1530 -1.1872 0.1437
0.1825 -1.1097 0.1232
0.1618 -0.0382 0.1836
0.1649 -0.0856 0.1676
0.1644 -0.7579 0.2242
0.1642 -0.6118 0.2301
0.1725 0.1679 0.2208
0.1667 0.3490 0.1998
0.1780 -1.1763 0.1312
0.1828 -0.1865 0.1497
0.1904 -0.2257 0.1260
0.1781 0.8447 0.1926
0.1859 0.6456 0.1865
0.1774 0.9667 0.1471
0.1863 1.2026 0.1592
0.1941 1.0279 0.1352
0.2239 1.0671 0.1575
0.1985 0.9772 0.1422
0.2012 -0.9503 0.2486
0.2044 0.1671 0.2043
0.2177 -0.2620 0.1171
0.2120 -0.0245 0.1751
0.2092 0.5049 0.2177
0.2161 0.9542 0.1581
0.2370 0.1845 0.1810
0.2298 0.2981 0.1602
0.2332 0.6046 0.1793
0.2232 0.7500 0.1640
0.2267 0.7831 0.1754
0.2767 1.1399 0.1740
0.2403 -1.1323 0.1068
0.2559 -0.2821 0.1308
0.2452 -0.2419 0.1089
0.2483 0.3319 0.1630
0.2411 1.2413 0.1578
0.2556 -1.0912 0.1175
0.2482 -0.5631 0.2407
0.2534 0.7094 0.1412
0.2487 -1.1658 0.1101
0.2538 -0.7302 0.2410
0.2476 0.2642 0.1550
0.2563 0.1008 0.2011
0.2572 1.2139 0.1454
0.2656 -1.1328 0.0978
0.2606 -0.2017 0.1052
0.2645 -0.1276 0.1247
0.2596 -0.3394 0.1673
0.2656 1.1856 0.1501
0.2796 0.7268 0.1442
0.2841 0.6665 0.1395
0.2770 -0.0885 0.1248
0.3054 -1.1458 0.0961
0.2912 1.2233 0.1580
0.2908 -1.1889 0.1262
0.2881 0.3183 0.1534
0.2871 -0.4052 0.1880
0.2938 -0.7808 0.2523
0.2927 -0.1640 0.1112
0.2948 -1.1168 0.0948
0.2953 -0.2470 0.1257
0.3114 0.4374 0.1832
0.2960 0.9982 0.1859
0.3012 -0.2172 0.1214
0.3027 0.0172 0.1771
0.3015 -0.4234 0.1909
0.3114 0.0734 0.2000
0.3156 0.6054 0.1661
0.3134 -1.0299 0.1331
0.3100 -0.4440 0.1914
0.3108 -0.1766 0.1183
0.3092 -0.0969 0.1172
0.3159 0.2949 0.1606
0.3281 -1.1879 0.1354
0.3184 1.2666 0.1865
0.3201 0.9559 0.2124
0.3258 -1.0585 0.1119
0.3332 -0.1062 0.1219
0.3292 -0.6260 0.1996
0.3310 -0.0520 0.1420
0.3329 0.7263 0.1451
0.3373 -1.0979 0.1076
0.3413 -0.0712 0.1352
0.3551 -1.0272 0.1290
0.3370 0.2851 0.1644
0.3524 0.4454 0.1631
0.3562 0.5356 0.1599
0.3438 0.6292 0.1522
0.3464 -0.8376 0.2284
0.3460 -0.4438 0.1858
0.3633 0.7257 0.1577
0.3649 -1.1253 0.1287
0.3657 -0.9398 0.1548
0.3768 0.8619 0.2285
0.3729 0.4048 0.1631
0.3752 1.2632 0.2112
0.3789 -1.0487 0.1331
0.3860 -0.9837 0.1392
0.3846 -0.9125 0.1615
0.4149 0.4798 0.1325
0.3919 0.1238 0.1638
0.3934 1.0049 0.2662
0.3987 0.5029 0.1390
0.3948 -0.6189 0.1305
0.4019 -0.5620 0.1338
0.4088 0.7468 0.1858
0.4089 0.6651 0.1658
0.4132 0.1865 0.1309
0.4227 -1.1748 0.2071
0.4229 -0.5483 0.1264
0.4308 0.1562 0.1307
0.4457 0.3285 0.1265
0.4470 0.3567 0.1217
0.4300 0.5284 0.1332
0.4365 -0.6460 0.1188
0.4353 0.1859 0.1189
0.4327 0.6143 0.1600
0.4381 -0.9287 0.1463
0.4360 0.2463 0.1370
0.4403 1.2521 0.2322
0.4378 -0.1043 0.1924
0.4511 -0.6115 0.0930
0.4462 -0.3712 0.1965
0.4534 -0.5330 0.1296
0.4531 0.0198 0.1638
0.4605 -0.2845 0.2279
0.4635 0.1723 0.1219
0.4685 -0.6278 0.0934
0.4667 0.3029 0.1329
0.4677 -0.0085 0.1514
0.4729 0.2003 0.1226
0.4816 0.4784 0.1263
0.4780 -0.5737 0.1032
0.4769 0.5980 0.1404
0.4811 0.3499 0.1133
0.4803 -1.0634 0.1693
0.4860 -0.9267 0.1401
0.4851 -1.0012 0.1366
0.4786 -0.8938 0.1617
0.4782 0.8081 0.1886
0.4808 1.2909 0.2545
0.4832 -0.6474 0.1055
0.4863 -0.3606 0.1758
0.4889 0.3964 0.1124
0.4882 -0.4772 0.1876
0.4891 0.4470 0.1273
0.5055 0.3831 0.1161
0.5021 -0.0534 0.1609
0.5007 0.0068 0.1370
0.4949 0.1591 0.1401
0.5213 0.5799 0.1105
0.5081 0.3410 0.1287
0.5061 -0.6181 0.0996
0.5161 -0.5790 0.1178
0.5064 0.9214 0.1951
0.5178 -0.9850 0.1269
0.5165 0.5112 0.1183
0.5120 0.8474 0.1711
0.5255 0.5525 0.1040
0.5246 -0.2962 0.2007
0.5254 -0.6590 0.1338
0.5292 1.1562 0.2086
0.5273 -1.0221 0.1408
0.5378 -0.0406 0.1511
0.5337 0.0365 0.1359
0.5427 -0.3598 0.1668
0.5414 -0.7906 0.2187
0.5567 0.7956 0.1705
0.5504 -0.6164 0.1291
0.5474 0.4328 0.1441
0.5458 -1.0863 0.1886
0.5506 0.5587 0.0920
0.5545 0.0129 0.1364
0.5676 0.6214 0.1041
0.5559 0.9072 0.1673
0.5624 0.1772 0.1645
0.5643 -0.9754 0.1189
0.5870 0.5982 0.0916
0.5780 0.5351 0.0929
0.5653 1.1280 0.1957
0.5911 0.7605 0.1629
0.5810 0.8844 0.1581
0.5842 -0.9250 0.1080
0.5813 0.6615 0.1166
0.5832 1.0954 0.1966
0.5823 -0.3727 0.1787
0.5875 -0.8957 0.1137
0.5838 1.2172 0.1899
0.6056 0.6422 0.0956
0.6078 -0.3550 0.1995
0.6075 0.6996 0.1213
0.6020 0.5587 0.0898
0.6109 -0.9698 0.1172
0.6103 -0.9009 0.0990
0.6056 0.5207 0.1039
0.6279 1.0492 0.1981
0.6075 1.2656 0.2099
0.6097 0.4947 0.1275
0.6048 -1.1676 0.2629
0.6069 -0.4028 0.2067
0.6112 0.2199 0.1570
0.6035 0.9042 0.1655
0.6164 0.0576 0.1720
0.6101 0.0878 0.1677
0.6233 0.5760 0.0917
0.6434 -0.5842 0.1745
0.6206 -0.9368 0.1024
0.6345 1.0150 0.1923
0.6238 -0.6079 0.1718
0.6304 -0.9009 0.0989
0.6284 0.0074 0.1916
0.6351 0.6585 0.1001
0.6365 0.2345 0.1505
0.6553 0.6989 0.1221
0.6396 0.2047 0.1525
0.6412 0.3315 0.1840
0.6498 -0.8290 0.1221
0.6470 0.6101 0.0958
0.6520 1.2020 0.1922
0.6535 -0.9927 0.1405
0.6664 0.9752 0.1843
0.6667 -1.1851 0.2977
0.6631 -0.8550 0.1082
0.6720 -0.8055 0.1282
0.6821 -0.5708 0.1582
0.6674 0.5329 0.1074
0.6722 0.5721 0.0971
0.6791 0.1323 0.1960
0.6753 0.2723 0.1425
0.6728 0.7530 0.1570
0.6752 -0.8801 0.1100
0.6810 0.6135 0.1083
0.6856 -0.2861 0.3208
0.6861 0.8429 0.1874
0.6867 -1.0528 0.1861
0.6966 0.6835 0.1300
0.7015 1.2843 0.2400
0.7125 -0.7683 0.1270
0.7002 0.5791 0.1088
0.7078 0.5288 0.1225
0.7110 0.2474 0.1476
0.7137 -0.6453 0.1393
0.7360 -0.5505 0.1365
0.7104 1.1645 0.2247
0.7246 -0.8985 0.1423
0.7183 0.8138 0.2000
0.7238 -0.7158 0.1351
0.7183 0.4518 0.1573
0.7190 -0.8273 0.1227
0.7289 0.3023 0.1436
0.7468 0.5537 0.1434
0.7449 -1.0452 0.1872
0.7302 -0.9769 0.1475
0.7372 -0.9506 0.1531
0.7465 -0.7819 0.1268
0.7371 0.9110 0.1933
0.7518 0.4696 0.1513
0.7466 1.2850 0.2320
0.7471 -0.7216 0.1276
0.7532 0.6423 0.1541
0.7482 0.3333 0.1407
0.7494 0.3736 0.1387
0.7661 0.6720 0.1802
0.7698 0.4300 0.1418
0.7818 -0.5948 0.1067
0.7794 -0.6838 0.1194
0.7757 -0.6245 0.1100
0.7885 -0.5268 0.1398
0.7813 0.2905 0.1570
0.7799 1.0090 0.2170
0.7955 -0.5528 0.1156
0.7980 -0.8188 0.1633
0.7988 -0.6329 0.1110
0.7938 0.9585 0.2115
0.8080 -1.0418 0.1965
0.8102 -0.5714 0.1070
0.8150 -0.7454 0.1339
0.8250 -0.9729 0.1979
0.8278 0.2355 0.2182
0.8252 0.8894 0.2404
0.8276 0.4057 0.1362
0.8532 -0.6380 0.1269
0.8329 0.3606 0.1500
0.8403 -0.6734 0.1318
0.8541 -0.5286 0.1502
0.8453 1.2254 0.1838
0.8485 0.4038 0.1467
0.8626 -0.7670 0.1734
0.8736 1.0941 0.1993
0.8792 -0.7482 0.1794
0.8736 1.2608 0.1806
0.8798 0.4403 0.1621
0.8914 -0.5915 0.1342
0.8875 1.2239 0.1578
0.8999 -0.0551 0.4024
0.9116 0.9789 0.2070
0.9040 -1.0221 0.1789
0.9106 -0.6005 0.1424
0.9062 0.4527 0.1777
0.9145 -1.1523 0.2307
0.9126 0.5191 0.2137
0.9214 0.2432 0.2952
0.9309 0.0307 0.3834
0.9272 1.2314 0.1486
0.9344 1.0553 0.1891
0.9381 1.1189 0.1670
0.9381 1.2827 0.1914
0.9463 -0.5687 0.1611
0.9513 -1.0770 0.1622
0.9516 -1.0231 0.1629
0.9625 0.5771 0.2689
0.9661 -0.4432 0.1860
0.9669 1.0661 0.1860
0.9771 -0.5371 0.1622
0.9715 1.1944 0.1495
0.9774 -0.9814 0.1737
0.9900 0.8431 0.2060
0.9954 -0.5828 0.1915
0.9863 -0.4255 0.1810
0.9857 0.4555 0.2519
0.9991 1.1955 0.1557
0.9955 -1.1592 0.2184
1.0054 -0.4062 0.1771
1.0061 -1.0104 0.1678
1.0078 -0.9417 0.1903
1.0092 0.8242 0.2042
1.0089 0.9740 0.2179
1.0196 -1.1221 0.1851
1.0257 0.8640 0.1999
1.0371 -0.8828 0.1923
1.0295 1.2366 0.1728
1.0339 -0.2250 0.2637
1.0389 -0.1267 0.3037
1.0470 -0.8506 0.1901
1.0505 -1.1199 0.2037
1.0580 -0.4923 0.1638
1.0479 0.0405 0.3910
1.0476 0.7547 0.2196
1.0515 1.1391 0.1818
1.0535 -0.7379 0.2094
1.0568 -0.3396 0.1876
1.0587 0.7037 0.2397
1.0722 0.8989 0.2181
1.0786 -0.8278 0.1893
1.0816 -0.2973 0.1999
1.0949 -0.7963 0.1959
1.0833 0.6272 0.2869
1.0929 -0.4776 0.1634
1.1163 1.1992 0.1670
1.1209 -0.4188 0.1465
1.1179 0.8369 0.2346
1.1256 -0.6979 0.2379
1.1230 -0.7829 0.2166
1.1228 1.2288 0.1674
1.1274 0.3184 0.4087
1.1355 -0.4499 0.1378
1.1366 -1.0637 0.2858
1.1389 1.1487 0.2090
1.1506 -0.3306 0.1559
1.1590 0.6366 0.3438
1.1637 1.2701 0.2095
1.1677 -0.6674 0.2510
1.1742 -0.4665 0.1268
1.1809 1.2929 0.2459
1.1855 1.2398 0.2203
1.1847 -0.2226 0.1628
1.2072 -0.3657 0.1116
1.2088 -0.4603 0.1204
1.2115 -0.1966 0.1809
1.2192 0.1666 0.5099
1.2278 -0.4890 0.1356
1.2213 -0.4372 0.1167
1.2319 -0.2848 0.1082
1.2285 -0.2505 0.1207
1.2277 -0.3366 0.0977
1.2257 0.9425 0.3785
1.2393 -0.3610 0.0983
1.2436 -0.3986 0.1104
1.2524 -0.5185 0.1620
1.2655 -0.2271 0.1485
1.2661 -0.3153 0.1004
1.2714 -0.2678 0.1205
1.2770 0.3419 0.5406
1.2789 -0.5495 0.1997
1.2837 -0.3647 0.1202
1.2832 -0.3427 0.1132
1.2882 -0.5766 0.2321
