points 
 2 
 1 
Tumour[19065]CD6810NNCodensity
-1.2857 -0.8547 0.2020
-1.2882 -0.3877 0.2541
-1.2870 0.1525 0.2562
-1.2811 0.5185 0.3088
-1.2684 0.8981 0.2714
-1.2633 -1.0007 0.1706
-1.2552 -0.9111 0.1444
-1.2672 -0.2016 0.2990
-1.2621 -0.1568 0.3183
-1.2615 1.3607 0.4760
-1.2561 -0.5172 0.2012
-1.2462 -0.9530 0.1336
-1.2437 0.2888 0.1966
-1.2388 0.2132 0.1740
-1.2158 -0.9521 0.1157
-1.2221 0.1389 0.2062
-1.2251 0.1809 0.1747
-1.2218 0.5013 0.2417
-1.2193 0.8384 0.1970
-1.2200 -1.0033 0.1347
-1.2145 -0.3480 0.2191
-1.2068 -0.6086 0.1996
-1.2069 0.9455 0.2512
-1.2082 0.6421 0.2601
-1.2006 -0.6637 0.2049
-1.1881 0.6981 0.2251
-1.1908 -0.9109 0.1237
-1.1972 -0.8010 0.1426
-1.1948 -0.5465 0.1761
-1.1912 -0.4369 0.1726
-1.1897 -0.4862 0.1662
-1.1932 0.8348 0.1776
-1.1883 -0.8170 0.1336
-1.1730 -0.3862 0.1982
-1.1723 0.2855 0.1321
-1.1637 -0.9632 0.1096
-1.1683 -0.7266 0.1581
-1.1682 1.0874 0.3091
-1.1508 -0.9154 0.1179
-1.1717 -0.5488 0.1743
-1.1640 -0.7748 0.1259
-1.1500 -0.3432 0.2367
-1.1593 -0.0907 0.2466
-1.1544 0.3326 0.1247
-1.1424 -1.0323 0.1385
-1.1438 0.8103 0.1603
-1.1369 0.7716 0.1636
-1.1173 -0.9557 0.1169
-1.1347 0.2952 0.1066
-1.1219 -0.7930 0.1034
-1.1300 -0.2223 0.2304
-1.1302 0.3920 0.1141
-1.1227 -1.0181 0.1254
-1.1204 0.4316 0.1240
-1.1206 -0.8707 0.1147
-1.1263 0.2393 0.1148
-1.1216 -0.9964 0.1168
-1.1169 0.4119 0.1129
-1.1108 0.4615 0.1411
-1.1101 -0.8433 0.1075
-1.1095 0.3258 0.1037
-1.1086 -0.5378 0.2042
-1.1015 0.2046 0.1328
-1.0983 -0.7762 0.1124
-1.0999 0.3590 0.1066
-1.0956 -0.8712 0.1148
-1.0944 0.2524 0.0974
-1.0971 0.7892 0.1516
-1.0841 0.1838 0.1498
-1.0731 1.1149 0.2170
-1.0729 -1.0376 0.1586
-1.0760 0.2653 0.0943
-1.0775 1.4256 0.3074
-1.0715 -0.8249 0.1152
-1.0739 0.0952 0.2459
-1.0720 0.8555 0.1666
-1.0572 -0.9281 0.1413
-1.0647 0.2809 0.0986
-1.0645 0.3781 0.1162
-1.0622 0.8844 0.1873
-1.0624 -0.7890 0.1286
-1.0603 -0.7604 0.1460
-1.0568 0.6249 0.1805
-1.0509 0.4848 0.1493
-1.0457 0.5895 0.1708
-1.0442 1.1570 0.1775
-1.0419 -0.1527 0.1396
-1.0420 0.4146 0.1303
-1.0378 0.5194 0.1580
-1.0329 0.7182 0.1691
-1.0334 -1.0360 0.1781
-1.0266 -0.0753 0.1421
-1.0258 -0.1679 0.1375
-1.0314 0.3005 0.1144
-1.0198 -0.9145 0.1496
-1.0236 0.2557 0.1246
-1.0226 0.6032 0.1676
-1.0248 1.1359 0.1746
-1.0211 -0.1119 0.1264
-1.0071 1.1761 0.1573
-1.0166 0.6277 0.1696
-1.0179 1.2192 0.1750
-1.0118 -0.5695 0.2480
-1.0067 0.3569 0.1511
-1.0125 0.8036 0.1401
-1.0088 -0.1673 0.1322
-1.0025 -0.0620 0.1378
-1.0014 0.2676 0.1465
-1.0048 0.7710 0.1505
-0.9889 1.3051 0.1839
-0.9802 -0.0928 0.1197
-0.9854 -0.8829 0.1424
-0.9597 -0.1709 0.1382
-0.9804 1.3862 0.1926
-0.9595 -0.8570 0.1468
-0.9691 -0.4447 0.1979
-0.9789 1.3426 0.1780
-0.9721 0.4643 0.1982
-0.9602 0.8498 0.1399
-0.9675 -0.6935 0.2664
-0.9552 -0.2905 0.1611
-0.9573 -0.5010 0.1975
-0.9481 -1.0393 0.2072
-0.9303 0.0158 0.1466
-0.9521 1.2627 0.1681
-0.9470 0.0480 0.1822
-0.9472 0.7461 0.1721
-0.9373 0.9391 0.1812
-0.9454 0.9768 0.2056
-0.9319 -0.8887 0.1314
-0.9134 -0.2807 0.1261
-0.9375 -0.2562 0.1388
-0.9375 0.8085 0.1531
-0.9297 1.1070 0.1803
-0.9281 1.3974 0.1783
-0.9225 -0.4680 0.1640
-0.9259 -0.0737 0.1240
-0.9226 0.8688 0.1528
-0.9186 0.1634 0.2648
-0.9129 -0.0282 0.1181
-0.8995 0.8331 0.1739
-0.9179 0.9517 0.1956
-0.9082 -0.8872 0.1348
-0.9049 1.1159 0.1816
-0.8990 -0.9724 0.1479
-0.9052 0.0041 0.1358
-0.9017 0.5532 0.2429
-0.9014 1.4369 0.2120
-0.8927 -0.2274 0.1259
-0.8838 -0.8460 0.1659
-0.8934 -0.9450 0.1357
-0.8969 -0.1981 0.1345
-0.8868 -0.0563 0.1118
-0.8865 -0.3849 0.1313
-0.8831 0.6594 0.2396
-0.8788 1.1639 0.1657
-0.8821 -0.4483 0.1445
-0.8743 -0.0858 0.1099
-0.8731 1.2161 0.1536
-0.8754 -0.3520 0.1164
-0.8580 -0.2465 0.1228
-0.8672 -0.9204 0.1378
-0.8537 -1.0277 0.1702
-0.8580 1.1915 0.1631
-0.8491 -0.3337 0.0989
-0.8470 1.3101 0.1506
-0.8431 -0.1538 0.1258
-0.8374 -0.5224 0.1761
-0.8446 1.2321 0.1599
-0.8337 1.3336 0.1539
-0.8406 -0.1091 0.1073
-0.8300 -0.3785 0.1064
-0.8284 -0.3102 0.0994
-0.8209 -0.0335 0.1247
-0.8165 -0.3351 0.0889
-0.8087 -0.1072 0.0983
-0.8124 -0.0757 0.0978
-0.8096 -0.4972 0.1535
-0.8029 -0.9935 0.1468
-0.7837 -0.9467 0.1406
-0.8063 1.3236 0.1653
-0.8092 1.3864 0.1956
-0.8046 -0.2068 0.1214
-0.7976 -0.3004 0.0982
-0.7996 -0.7676 0.2086
-0.7980 -0.3840 0.1116
-0.7937 -1.0456 0.1840
-0.7896 -0.5183 0.1583
-0.7860 0.6450 0.3193
-0.7864 -0.0852 0.0990
-0.7674 -0.2508 0.1004
-0.7658 -0.2071 0.1043
-0.7557 -0.2835 0.0977
-0.7572 -0.1649 0.1100
-0.7710 1.3449 0.2074
-0.7682 -0.3226 0.0931
-0.7599 -0.0944 0.1031
-0.7518 -0.0627 0.1022
-0.7510 -0.3735 0.1127
-0.7479 -0.3446 0.0977
-0.7471 -0.8702 0.1424
-0.7396 -0.7440 0.1689
-0.7419 -0.4920 0.1407
-0.7406 -0.2311 0.0963
-0.7378 0.0165 0.1407
-0.7339 -0.8880 0.1304
-0.7351 -0.9590 0.1370
-0.7282 -0.0228 0.1061
-0.7109 -0.1947 0.0980
-0.7226 -0.1524 0.1071
-0.7228 -0.9895 0.1501
-0.7250 1.0757 0.3539
-0.7140 -0.8707 0.1272
-0.7128 -0.3732 0.1291
-0.7107 -0.2775 0.1066
-0.7128 -0.5502 0.1657
-0.6958 -0.3218 0.1169
-0.7066 -0.0536 0.0966
-0.7103 0.3803 0.3611
-0.6994 0.0009 0.1197
-0.7030 -0.4628 0.1484
-0.6928 -0.2378 0.1128
-0.6968 0.7093 0.3468
-0.6831 -0.1579 0.0988
-0.6866 -0.7989 0.1322
-0.6782 -0.1167 0.1009
-0.6893 -0.8445 0.1287
-0.6849 -0.4799 0.1492
-0.6840 0.1338 0.2317
-0.6789 -0.0466 0.0948
-0.6727 -0.7740 0.1311
-0.6687 0.0808 0.1740
-0.6731 0.4318 0.3189
-0.6733 0.8271 0.3963
-0.6694 -1.0354 0.1955
-0.6729 -0.6885 0.1597
-0.6656 -0.1867 0.1029
-0.6616 -0.5250 0.1474
-0.6644 -0.0566 0.0956
-0.6584 -0.3139 0.1418
-0.6437 -0.1110 0.0932
-0.6440 -0.9356 0.1426
-0.6448 -0.7389 0.1276
-0.6290 -0.1475 0.0829
-0.6413 -0.8973 0.1365
-0.6220 -0.0840 0.0925
-0.6386 -0.7149 0.1283
-0.6378 -0.0323 0.1074
-0.6100 -1.0075 0.1956
-0.6142 -0.5536 0.1486
-0.6133 -0.1705 0.0883
-0.6015 -0.1191 0.0855
-0.6098 -0.9289 0.1603
-0.5852 -0.0466 0.1007
-0.6046 -0.6861 0.1245
-0.5861 0.0352 0.1244
-0.5982 -0.8283 0.1300
-0.5937 -0.1625 0.0872
-0.5733 -0.0821 0.1018
-0.5863 -0.1872 0.1046
-0.5861 -0.3151 0.1680
-0.5802 -0.4441 0.1654
-0.5636 0.0669 0.1232
-0.5741 -0.8488 0.1315
-0.5692 -0.7545 0.1107
-0.5720 -0.5833 0.1459
-0.5721 -0.0122 0.1025
-0.5681 -0.1656 0.1040
-0.5642 -0.6498 0.1374
-0.5655 -0.2904 0.1637
-0.5592 -0.5522 0.1438
-0.5581 -0.5162 0.1433
-0.5563 -0.1235 0.1058
-0.5631 0.1107 0.1462
-0.5490 -0.4531 0.1694
-0.5551 -0.2624 0.1549
-0.5512 -0.6717 0.1302
-0.5489 -0.4056 0.1932
-0.5481 0.3279 0.1893
-0.5392 -0.0097 0.0965
-0.5417 0.6297 0.2755
-0.5456 -0.8138 0.1065
-0.5395 -0.7928 0.0994
-0.5395 0.3782 0.1834
-0.5255 0.1224 0.1343
-0.5347 -0.7540 0.1046
-0.5366 -0.0595 0.1091
-0.5158 0.0265 0.1032
-0.5282 0.6051 0.2463
-0.5185 -0.7285 0.1150
-0.5279 -0.7077 0.1198
-0.5093 -0.8301 0.1162
-0.5124 0.1816 0.1558
-0.5093 -0.2282 0.1756
-0.5106 -0.0251 0.1128
-0.5044 0.0620 0.1093
-0.4884 0.2169 0.1375
-0.4867 -0.9992 0.1459
-0.4923 -0.7922 0.1199
-0.4930 0.5001 0.1577
-0.4962 -0.5448 0.1917
-0.4885 0.2798 0.1316
-0.4827 -0.0056 0.1223
-0.4854 0.4759 0.1432
-0.4563 -0.8548 0.1284
-0.4621 0.3081 0.1190
-0.4726 -1.0423 0.1696
-0.4690 0.0789 0.1193
-0.4591 -0.8845 0.1280
-0.4512 -1.0132 0.1287
-0.4463 0.4148 0.1225
-0.4450 0.2797 0.1028
-0.4281 0.0870 0.1240
-0.4491 0.3923 0.1268
-0.4458 0.5170 0.1287
-0.4348 0.1553 0.1224
-0.4420 0.0590 0.1232
-0.4409 -0.9558 0.1041
-0.4346 -0.9106 0.1156
-0.4218 0.2352 0.1020
-0.4142 0.3032 0.1012
-0.4192 -0.9793 0.1038
-0.4116 0.3624 0.1151
-0.4192 0.5375 0.1298
-0.4048 0.2673 0.0907
-0.4055 0.3940 0.1165
-0.4023 0.1480 0.1221
-0.4019 -0.8380 0.1574
-0.4026 0.1957 0.1092
-0.4062 0.4307 0.1149
-0.3985 0.4928 0.1084
-0.4037 -0.9552 0.1094
-0.3985 -0.9343 0.1165
-0.3760 -0.9889 0.1350
-0.3877 -0.7957 0.1908
-0.3877 -0.1579 0.2336
-0.3924 -0.0020 0.1595
-0.3746 0.1603 0.1313
-0.3805 0.2473 0.0983
-0.3428 -1.0364 0.2058
-0.3675 0.2824 0.1040
-0.3690 0.4733 0.1142
-0.3690 0.0861 0.1430
-0.3538 0.2357 0.1178
-0.3615 0.5113 0.1104
-0.3487 0.5560 0.1292
-0.3453 0.4918 0.1162
-0.3404 -0.0191 0.1587
-0.3436 0.3023 0.1188
-0.3317 0.3553 0.1220
-0.3277 0.3777 0.1223
-0.3192 0.5853 0.1492
-0.3154 -0.7220 0.2834
-0.3081 -0.4188 0.2706
-0.3090 -0.0429 0.1630
-0.2967 0.0467 0.1524
-0.3003 -0.4690 0.2547
-0.3070 0.3754 0.1349
-0.3041 0.4087 0.1333
-0.2954 0.5262 0.1261
-0.2910 -0.1806 0.1721
-0.2876 0.6316 0.1888
-0.2782 -0.0010 0.1581
-0.2701 -0.2207 0.1994
-0.2715 0.0758 0.1718
-0.2702 -0.0761 0.1658
-0.2616 -0.4789 0.2458
-0.2615 -0.4392 0.2549
-0.2515 -0.1934 0.1708
-0.2523 0.4539 0.1410
-0.2501 -0.1587 0.1517
-0.2454 0.2101 0.1973
-0.2397 0.1896 0.2059
-0.2326 0.0566 0.1957
-0.2346 0.4725 0.1374
-0.2250 -0.5804 0.2300
-0.2269 0.5555 0.1322
-0.2311 0.9694 0.2801
-0.2235 -0.1454 0.1587
-0.2121 0.5221 0.1344
-0.2203 0.5747 0.1397
-0.2096 -0.6220 0.2275
-0.2105 0.7918 0.2284
-0.2078 0.2780 0.1974
-0.2005 0.4903 0.1401
-0.1848 0.3274 0.2007
-0.1778 -0.6631 0.2128
-0.1773 0.6683 0.1777
-0.1694 -0.4274 0.3025
-0.1466 0.5905 0.1675
-0.1608 -0.1257 0.2114
-0.1446 0.4085 0.1975
-0.1315 0.6549 0.1794
-0.1277 0.7872 0.1453
-0.1400 0.9620 0.1689
-0.1264 -0.7280 0.1914
-0.1301 0.3061 0.2525
-0.1241 -0.1609 0.2504
-0.1081 0.9368 0.1441
-0.1052 0.7109 0.1491
-0.1143 0.7479 0.1363
-0.1049 0.8877 0.1510
-0.0997 -0.6832 0.1697
-0.0994 0.5032 0.1844
-0.0756 -0.7439 0.1622
-0.0762 0.9686 0.1201
-0.0772 -0.7135 0.1524
-0.0787 0.8270 0.1282
-0.0779 1.0111 0.1289
-0.0655 1.1004 0.1638
-0.0636 0.8023 0.1163
-0.0469 0.7548 0.1241
-0.0424 0.5547 0.1928
-0.0411 0.9789 0.1095
-0.0421 0.8042 0.1211
-0.0353 0.4649 0.2271
-0.0311 1.0891 0.1374
-0.0230 0.8975 0.1472
-0.0166 1.1352 0.1342
-0.0180 1.0088 0.1101
-0.0105 -0.6634 0.1555
0.0005 0.9885 0.1145
0.0014 0.7416 0.1614
0.0016 1.0463 0.1268
0.0082 0.5708 0.2003
0.0025 0.8215 0.1572
0.0203 -0.7116 0.1170
0.0101 0.7080 0.1845
0.0210 -0.7586 0.1248
0.0262 1.1829 0.1202
0.0244 1.2174 0.1382
0.0211 -1.0460 0.2250
0.0205 0.9552 0.1353
0.0203 1.1480 0.1205
0.0396 -0.7240 0.1111
0.0297 -0.1921 0.3763
0.0331 0.1021 0.4111
0.0291 0.5274 0.2312
0.0400 0.9916 0.1446
0.0539 -0.6709 0.1416
0.0571 -0.7968 0.1233
0.0557 -0.7511 0.1080
0.0561 -1.0349 0.1767
0.0576 1.1537 0.1247
0.0977 -0.6881 0.1361
0.0641 0.5967 0.2288
0.0649 1.1778 0.1154
0.0744 -0.8503 0.1438
0.0764 1.2053 0.1160
0.0794 -0.8204 0.1257
0.0880 1.2666 0.1324
0.0961 -0.9636 0.1409
0.0846 1.3303 0.1504
0.0966 -1.0377 0.1480
0.0991 -0.8840 0.1407
0.1125 -0.7403 0.1255
0.0994 0.9047 0.2379
0.1041 -0.0435 0.3373
0.1040 1.3172 0.1337
0.1106 0.0820 0.3884
0.1213 -1.0319 0.1384
0.1232 1.3605 0.1309
0.1255 1.3834 0.1386
0.1446 1.4306 0.1719
0.1242 -0.9887 0.1269
0.1564 -0.9470 0.1245
0.1378 1.1974 0.1422
0.1481 -0.6332 0.1516
0.1476 -0.7728 0.1274
0.1509 -0.8838 0.1299
0.1547 0.6571 0.2679
0.1559 1.2290 0.1361
0.1667 -0.4981 0.1878
0.1636 -0.0898 0.3042
0.1656 1.2507 0.1285
0.1762 -0.7840 0.1178
0.1760 -0.8060 0.1171
0.1828 -0.8760 0.1188
0.1746 -0.4575 0.2111
0.1941 -1.0201 0.1442
0.1844 -0.5940 0.1423
0.1873 1.2846 0.1261
0.1999 -0.6824 0.1318
0.1872 -0.5570 0.1454
0.1905 1.3496 0.1265
0.2146 1.4350 0.1826
0.1981 1.4085 0.1496
0.2023 -1.0430 0.1639
0.2050 -0.7289 0.1189
0.2169 1.2802 0.1331
0.2191 -0.9177 0.1141
0.2200 -0.9548 0.1230
0.2584 -0.7483 0.1119
0.2312 -0.6132 0.1227
0.2438 -0.7806 0.1075
0.2400 -0.7021 0.1232
0.2409 -0.8445 0.1156
0.2393 -0.8213 0.1147
0.2466 -0.6398 0.1299
0.2397 0.6451 0.2352
0.2591 -0.2234 0.2081
0.2492 0.2862 0.4033
0.2559 1.2987 0.1344
0.2525 -0.9189 0.1248
0.2517 1.3577 0.1436
0.2614 -0.8947 0.1266
0.2604 0.4448 0.3176
0.2723 -0.5713 0.1150
0.2908 -0.4464 0.1368
0.2740 -0.5090 0.1302
0.2713 -0.1730 0.2128
0.2760 1.1642 0.1793
0.2907 -0.2614 0.1648
0.2851 -0.9709 0.1541
0.2947 -0.7510 0.1151
0.2890 0.5250 0.2507
0.2950 -0.5648 0.1148
0.3080 -0.4980 0.1219
0.2981 -0.3851 0.1366
0.3043 1.0158 0.2592
0.2993 1.2640 0.1449
0.3048 -0.5789 0.1191
0.3011 1.1922 0.1546
0.3054 -0.8113 0.1371
0.3124 0.6363 0.1840
0.3135 -1.0362 0.1789
0.3160 -0.7209 0.1277
0.3178 0.6747 0.1714
0.3190 1.1543 0.1722
0.3165 1.3273 0.1403
0.3411 -0.3917 0.1064
0.3361 0.8514 0.1827
0.3365 -0.3561 0.1149
0.3382 -0.5313 0.1198
0.3450 -0.4254 0.1104
0.3493 0.0221 0.2872
0.3458 0.8220 0.1632
0.3511 0.0736 0.3272
0.3676 0.7767 0.1407
0.3695 -0.4896 0.1436
0.3613 -0.3583 0.1125
0.3651 -0.0677 0.2042
0.3525 1.3085 0.1471
0.3637 -0.3041 0.1233
0.3529 0.4636 0.2910
0.3758 0.6074 0.1785
0.3602 1.3431 0.1523
0.3578 -0.7162 0.1440
0.3720 0.7374 0.1392
0.3669 1.3945 0.1801
0.3665 -0.2105 0.1315
0.3791 -0.3880 0.1165
0.3740 -1.0435 0.2026
0.3709 -0.7853 0.1548
0.3739 -0.5875 0.1490
0.3709 0.9041 0.1960
0.3769 1.1945 0.1546
0.3843 -1.0265 0.1901
0.3784 -0.7285 0.1536
0.3870 1.1479 0.1669
0.3857 1.4406 0.2352
0.3873 0.9612 0.2119
0.3922 -0.2513 0.1114
0.3899 -0.2226 0.1133
0.4016 -0.9924 0.1732
0.4098 -0.0931 0.1692
0.4068 -0.5956 0.1692
0.4041 -0.2817 0.1190
0.4071 -0.4150 0.1503
0.4042 1.1904 0.1671
0.4254 -0.9646 0.1697
0.4184 0.7276 0.1401
0.4114 0.7782 0.1415
0.4107 1.3445 0.1820
0.4130 0.6568 0.1452
0.4174 0.8442 0.1661
0.4257 -0.8891 0.1519
0.4209 -0.7054 0.1748
0.4369 0.6967 0.1437
0.4360 -0.2284 0.1098
0.4323 -0.1880 0.1162
0.4518 1.0661 0.2078
0.4398 -0.2764 0.1318
0.4502 -0.8779 0.1337
0.4486 -0.6020 0.1998
0.4665 -0.1740 0.1296
0.4634 -0.1225 0.1419
0.4569 0.2357 0.3587
0.4645 -0.0930 0.1569
0.4621 1.1979 0.2105
0.4761 0.6484 0.1572
0.4790 -0.8885 0.1248
0.4731 -0.8309 0.1196
0.4721 0.3037 0.3478
0.4897 -0.8049 0.1188
0.4913 0.6148 0.1690
0.4869 1.0572 0.2249
0.4944 -0.2024 0.1519
0.5124 -0.8093 0.1063
0.5193 0.7864 0.1672
0.5185 1.3174 0.2464
0.5211 0.9924 0.2120
0.5294 -0.8472 0.1111
0.5374 -0.7856 0.1004
0.5291 0.9342 0.1981
0.5434 0.7588 0.1582
0.5376 -0.0980 0.1692
0.5536 0.6101 0.1677
0.5474 -0.8848 0.1330
0.5553 -0.5724 0.2173
0.5572 0.8961 0.1745
0.5630 -0.7415 0.1081
0.5604 -0.9302 0.1498
0.5650 -0.9921 0.1765
0.5660 -0.0483 0.1811
0.5666 0.8372 0.1518
0.5691 -0.7659 0.0958
0.5708 0.7320 0.1470
0.5726 -0.7034 0.1304
0.5801 0.6598 0.1441
0.5909 -1.0413 0.2183
0.5878 -0.7997 0.0993
0.5994 0.5989 0.1613
0.5993 0.6809 0.1434
0.5965 -0.0549 0.1787
0.6000 -0.7691 0.0927
0.6172 -0.6749 0.1396
0.6109 -0.0221 0.1834
0.6196 -0.9064 0.1464
0.6174 -0.9813 0.1571
0.6181 -0.7888 0.0995
0.6259 -0.5211 0.1845
0.6320 0.8121 0.1373
0.6484 -0.8086 0.1135
0.6547 -0.6546 0.1597
0.6362 1.3204 0.2110
0.6448 -0.7600 0.1026
0.6360 0.5288 0.1681
0.6376 1.3971 0.2745
0.6376 1.4138 0.2926
0.6626 -0.0257 0.1685
0.6461 0.7846 0.1379
0.6569 -0.9610 0.1532
0.6572 -0.2604 0.2677
0.6535 0.2806 0.1864
0.6649 0.9735 0.1683
0.6627 1.1789 0.1640
0.6536 1.2446 0.1773
0.6583 -0.7040 0.1274
0.6591 0.3624 0.1732
0.6551 0.8791 0.1393
0.6592 0.3065 0.1721
0.6603 0.9097 0.1473
0.6689 0.7271 0.1347
0.6709 1.0355 0.1823
0.6897 -0.5362 0.1595
0.6771 -0.4975 0.1511
0.6743 0.6755 0.1313
0.6753 0.8312 0.1285
0.6861 -0.7872 0.1101
0.6790 -0.5928 0.1778
0.6856 -0.4164 0.1666
0.6855 -0.8756 0.1411
0.6960 -0.7375 0.1249
0.6848 0.0281 0.1739
0.6992 0.2074 0.1733
0.6856 1.1312 0.1549
0.6973 1.1839 0.1488
0.6966 0.5380 0.1218
0.7004 -0.4677 0.1424
0.6986 1.2544 0.1726
0.7145 -1.0303 0.1951
0.7061 0.6469 0.1237
0.7108 -0.0397 0.1655
0.7066 0.4523 0.1329
0.7073 0.5088 0.1176
0.7082 1.2402 0.1629
0.7227 0.4236 0.1390
0.7143 0.6006 0.1200
0.7190 -0.8811 0.1495
0.7167 -0.2373 0.2411
0.7221 -0.8305 0.1251
0.7260 -0.3382 0.1886
0.7239 0.7946 0.1238
0.7213 1.0380 0.1444
0.7484 -0.9702 0.1687
0.7333 0.5296 0.1187
0.7470 0.8152 0.1302
0.7369 0.7077 0.1184
0.7376 -0.7636 0.1262
0.7380 0.6707 0.1165
0.7390 1.1219 0.1373
0.7391 0.3008 0.1263
0.7483 0.8800 0.1233
0.7423 0.3976 0.1378
0.7408 0.4663 0.1342
0.7478 -0.8243 0.1377
0.7515 -0.0954 0.1737
0.7431 0.1343 0.1400
0.7454 0.9061 0.1205
0.7495 0.7532 0.1258
0.7485 -0.4089 0.1533
0.7465 0.5485 0.1250
0.7586 0.6493 0.1276
0.7601 0.9459 0.1237
0.7650 0.3388 0.1205
0.7557 -0.4704 0.1452
0.7787 0.7773 0.1455
0.7701 -0.7424 0.1469
0.7795 0.3118 0.1070
0.7606 0.8986 0.1252
0.7874 -1.0361 0.1618
0.7664 -0.3464 0.1859
0.7643 0.5979 0.1352
0.7674 0.0790 0.1260
0.7699 0.0224 0.1381
0.7755 0.2688 0.1116
0.7956 -0.4697 0.1580
0.7816 0.1462 0.1159
0.7833 1.1203 0.1431
0.7997 0.0499 0.1234
0.7827 1.0108 0.1341
0.7905 1.0719 0.1350
0.8015 0.2473 0.1071
0.7909 0.1645 0.1171
0.7988 0.1169 0.1179
0.7921 0.9584 0.1307
0.8260 0.2203 0.1187
0.8103 1.0573 0.1434
0.8111 1.1303 0.1618
0.8237 -0.9971 0.1296
0.8113 -0.6962 0.1690
0.8098 -0.5092 0.1762
0.8149 0.1731 0.1241
0.8168 0.2869 0.0952
0.8100 0.9684 0.1435
0.8135 -0.1271 0.1487
0.8133 0.7214 0.1697
0.8159 0.3764 0.1500
0.8254 -0.7407 0.1641
0.8237 -0.0144 0.1234
0.8308 -0.0749 0.1209
0.8333 0.3094 0.1010
0.8531 -0.2797 0.2104
0.8358 0.0028 0.1169
0.8460 -1.0295 0.1272
0.8467 -0.9137 0.1816
0.8525 -0.1303 0.1275
0.8513 0.0761 0.1395
0.8450 1.2176 0.2405
0.8552 -0.0863 0.1161
0.8675 0.2575 0.1143
0.8675 0.2999 0.1092
0.8738 -0.9983 0.1164
0.8762 -0.0252 0.1166
0.8769 -0.6761 0.1512
0.8749 -0.4427 0.1481
0.8810 -1.0161 0.1187
0.8907 -0.1215 0.1158
0.8963 0.0442 0.1409
0.8877 -1.0445 0.1425
0.9004 -0.1671 0.1163
0.8955 0.3036 0.1358
0.8970 -0.4160 0.1441
0.9049 -0.8283 0.1880
0.9205 -0.4448 0.1352
0.9063 1.4456 0.3364
0.9086 -0.6475 0.1410
0.9098 0.2860 0.1519
0.9160 -0.6742 0.1348
0.9166 -1.0090 0.1334
0.9181 -0.5008 0.1618
0.9374 -0.3974 0.1289
0.9143 -0.2134 0.1394
0.9188 -0.6254 0.1450
0.9192 -0.0029 0.1230
0.9252 0.7845 0.3066
0.9490 -0.3413 0.1537
0.9383 -0.2015 0.1282
0.9348 -0.7269 0.1562
0.9344 -0.0517 0.1234
0.9437 -0.9870 0.1406
0.9462 1.1071 0.2139
0.9504 -0.8525 0.1521
0.9493 -0.1609 0.1208
0.9549 -0.0235 0.1264
0.9506 1.3857 0.2897
0.9548 -0.8796 0.1415
0.9555 -0.1259 0.1290
0.9679 -0.1842 0.1305
0.9615 1.4353 0.3350
0.9708 -0.9415 0.1338
0.9781 -0.4464 0.1352
0.9823 -0.0416 0.1343
0.9841 0.0468 0.1807
0.9859 -0.3257 0.1548
1.0064 -0.7478 0.1526
0.9993 -0.6655 0.1269
1.0012 -0.6240 0.1150
1.0054 -0.5566 0.1403
1.0128 -0.3945 0.1244
1.0093 1.3799 0.2861
1.0142 -0.6072 0.1136
1.0176 -0.9035 0.1005
1.0171 -0.4485 0.1416
1.0157 -0.2754 0.1600
1.0166 1.1222 0.1620
1.0202 -0.0419 0.1486
1.0282 1.1517 0.1730
1.0279 1.2558 0.2409
1.0351 1.0985 0.1449
1.0287 -0.9334 0.1031
1.0374 -0.7816 0.1417
1.0387 -0.8732 0.1043
1.0485 -0.3565 0.1261
1.0389 -0.5959 0.1217
1.0366 -0.5209 0.1513
1.0523 -0.0899 0.1511
1.0535 -0.8487 0.1105
1.0480 -0.1899 0.1555
1.0513 0.1973 0.3067
1.0485 -0.9572 0.1036
1.0574 -0.6609 0.1333
1.0646 1.0717 0.1338
1.0639 1.0138 0.1604
1.0731 -0.9293 0.0847
1.0609 -0.7918 0.1354
1.0621 -0.6104 0.1309
1.0722 -0.8972 0.0862
1.0646 1.3359 0.2829
1.0735 -0.3806 0.1229
1.0793 -0.1409 0.1534
1.0879 0.9749 0.1611
1.0968 0.1324 0.2845
1.0864 -0.8650 0.1057
1.0869 -0.7648 0.1474
1.0966 -0.2720 0.1391
1.0899 -0.9705 0.0926
1.0895 -0.3977 0.1206
1.0937 -0.6760 0.1579
1.1028 -0.0968 0.1375
1.1057 0.8858 0.1497
1.1070 -0.2348 0.1449
1.1001 0.8631 0.1617
1.1119 -1.0017 0.1063
1.1119 -0.3736 0.1243
1.1095 1.1314 0.1639
1.1120 -0.9543 0.0886
1.1158 1.0994 0.1482
1.1359 -0.0209 0.1619
1.1200 -1.0433 0.1533
1.1192 -0.9221 0.0909
1.1205 0.0547 0.2179
1.1214 -0.4912 0.1523
1.1244 -0.4470 0.1305
1.1232 0.8729 0.1458
1.1289 -1.0161 0.1197
1.1320 -0.3142 0.1319
1.1302 -0.8996 0.0972
1.1301 0.9933 0.1638
1.1414 1.0264 0.1713
1.1493 -0.9644 0.1010
1.1633 -0.2057 0.1539
1.1593 -0.0522 0.1440
1.1566 0.8400 0.1583
1.1623 -0.2836 0.1518
1.1641 -0.0810 0.1365
1.1661 -0.8801 0.1119
1.1667 -0.5234 0.1759
1.1709 -0.1521 0.1500
1.1717 -0.8178 0.1431
1.1936 -0.7555 0.1897
1.1739 -0.4044 0.1401
1.1838 0.7878 0.2113
1.1778 0.8838 0.1646
1.1871 -0.2927 0.1675
1.1866 0.8165 0.1860
1.1905 -0.9244 0.1232
1.1908 -0.8201 0.1510
1.1962 -0.4593 0.1631
1.1931 -0.4227 0.1537
1.1986 0.7125 0.3164
1.1988 1.1577 0.2666
1.2015 -0.9830 0.1482
1.1973 -0.8968 0.1267
1.2009 -0.7007 0.2218
1.2009 -0.0674 0.1673
1.2024 -0.5689 0.2225
1.2048 -0.1328 0.1684
