points 
 2 
 1 
Tumour[19065]FoxP310NNCodensity
-1.2168 0.7624 0.2525
-1.2094 -0.4940 0.5632
-1.1996 0.5515 0.2320
-1.1966 0.7128 0.2093
-1.1949 0.6066 0.2068
-1.1954 0.9620 0.4088
-1.1922 0.2171 0.4222
-1.1736 -0.9766 0.3239
-1.1686 0.4119 0.2982
-1.1659 0.5427 0.2201
-1.1623 -1.0168 0.3529
-1.1564 1.2903 0.7057
-1.1476 -0.9315 0.2740
-1.1380 0.4126 0.2783
-1.1277 0.8649 0.2832
-1.1222 -0.5998 0.3783
-1.1263 1.2113 0.6019
-1.1181 -0.9457 0.2608
-1.1230 0.6958 0.1681
-1.1063 -0.6176 0.3566
-1.1029 0.6740 0.1632
-1.0965 0.6826 0.1668
-1.0917 -0.7285 0.3014
-1.0838 0.6495 0.1722
-1.0620 -0.8945 0.2318
-1.0602 0.2184 0.3101
-1.0499 0.8237 0.2700
-1.0401 0.1881 0.3140
-1.0128 -0.8315 0.2466
-1.0177 0.6524 0.2239
-0.9840 0.5648 0.2329
-0.9797 -0.8446 0.2536
-0.9759 0.9692 0.4263
-0.9725 0.4575 0.2203
-0.9655 0.4939 0.2214
-0.9439 0.3872 0.2494
-0.9447 0.4030 0.2411
-0.9371 0.1492 0.2826
-0.9403 0.4147 0.2419
-0.9360 -0.5501 0.4705
-0.9320 -0.9499 0.3054
-0.9201 -0.7706 0.3161
-0.8989 0.0613 0.3014
-0.8812 0.0126 0.3219
-0.8726 0.0658 0.2993
-0.8541 0.9374 0.4398
-0.8536 -0.0272 0.3490
-0.8250 0.5953 0.2983
-0.8119 -0.8812 0.3829
-0.7970 1.3981 0.6431
-0.7950 0.1247 0.3374
-0.7933 0.6473 0.3334
-0.7634 0.7243 0.3635
-0.7035 -0.9510 0.4980
-0.6591 0.6188 0.4208
-0.6509 0.9421 0.4589
-0.6003 0.8920 0.4431
-0.5886 0.5359 0.5179
-0.5683 -0.0031 0.2283
-0.5559 -0.0514 0.2284
-0.5478 0.0294 0.2266
-0.5423 -0.0481 0.2139
-0.5392 -0.8452 0.5289
-0.5281 1.4669 0.5210
-0.5189 -0.0420 0.1982
-0.4870 0.0738 0.2363
-0.4654 1.4279 0.4459
-0.4536 1.4147 0.4350
-0.4474 -0.0618 0.2095
-0.4377 1.4702 0.4857
-0.4320 0.9435 0.3774
-0.4315 1.3090 0.4063
-0.4167 1.0598 0.3543
-0.4116 -0.7282 0.5154
-0.3597 -0.0298 0.2407
-0.3560 0.0739 0.2814
-0.3511 -0.0578 0.2501
-0.3249 -0.9122 0.3631
-0.2790 0.0692 0.3521
-0.2688 1.0077 0.2210
-0.2577 -0.2958 0.1505
-0.2531 -0.2528 0.1363
-0.2523 -0.2700 0.1359
-0.2521 -0.2087 0.1567
-0.2258 -0.1617 0.1856
-0.2250 0.9655 0.2313
-0.2216 1.1074 0.2289
-0.2134 -0.2897 0.1296
-0.2129 1.0610 0.1988
-0.2079 -0.9264 0.2480
-0.2096 1.0936 0.2153
-0.1940 -0.3471 0.1524
-0.1947 -0.3881 0.1812
-0.1920 -0.8299 0.2803
-0.1865 -0.2045 0.1437
-0.1750 -0.2130 0.1432
-0.1626 -0.9640 0.2085
-0.1598 1.0048 0.2266
-0.1450 1.1321 0.2717
-0.1414 0.6038 0.6314
-0.1423 1.0405 0.2270
-0.1318 -0.9731 0.1953
-0.1315 0.3868 0.6368
-0.1255 -0.3325 0.1605
-0.1204 -0.2286 0.1661
-0.1188 -0.3590 0.1635
-0.1115 0.8457 0.4017
-0.1022 -0.9345 0.1810
-0.1020 -0.4153 0.1604
-0.0956 -1.0050 0.2027
-0.0841 -0.4104 0.1565
-0.0831 -0.6781 0.2152
-0.0578 -0.1770 0.1347
-0.0498 -0.1549 0.1334
-0.0397 -0.1691 0.1223
-0.0403 -0.9932 0.1891
-0.0361 -0.0846 0.1872
-0.0315 -0.5106 0.1208
-0.0271 -0.4854 0.1207
-0.0236 -0.5555 0.1087
-0.0185 -0.5698 0.1048
-0.0183 -0.4671 0.1245
-0.0079 -0.2019 0.1210
-0.0090 -0.6253 0.1123
-0.0055 -0.7794 0.1576
0.0032 -0.6225 0.1045
0.0079 -0.3461 0.1967
0.0078 -1.0138 0.2114
0.0083 -0.4988 0.1088
0.0126 -0.8547 0.1735
0.0194 -0.8257 0.1520
0.0233 -0.2028 0.1124
0.0283 -0.9158 0.1804
0.0255 -0.6268 0.0986
0.0350 -0.5897 0.0901
0.0375 -0.7231 0.1282
0.0391 -0.3973 0.1649
0.0383 -0.1683 0.1010
0.0478 -0.1561 0.1068
0.0480 -0.5259 0.1131
0.0500 -0.6034 0.0934
0.0576 -0.5505 0.1117
0.0628 -0.1621 0.1112
0.0611 -0.8036 0.1310
0.0655 -0.7436 0.1117
0.0651 -0.4559 0.1436
0.0701 -0.7237 0.1119
0.0705 -0.6392 0.1069
0.0795 1.1620 0.5114
0.0854 -0.1690 0.1293
0.0824 -0.1175 0.1496
0.0870 -0.9872 0.2190
0.0877 -0.2467 0.1739
0.0890 -0.7728 0.1221
0.1043 -0.4492 0.1750
0.1053 -0.6732 0.1119
0.1080 -0.3406 0.2326
0.1067 -0.6361 0.1180
0.1089 -0.5513 0.1488
0.1226 -0.9719 0.2269
0.1311 -0.7594 0.1330
0.1328 -0.0752 0.2361
0.1476 -0.7042 0.1158
0.1486 -0.6673 0.1243
0.1616 -0.9039 0.2076
0.1894 -0.6728 0.1543
0.1906 0.1441 0.4400
0.2019 -0.7092 0.1551
0.2151 -0.8844 0.2315
0.2188 0.1912 0.4401
0.2217 0.2404 0.4071
0.2332 -0.7903 0.1928
0.2316 0.4773 0.2690
0.2348 0.4631 0.2704
0.2537 -0.8071 0.2154
0.2603 -0.2029 0.2945
0.2629 -0.5217 0.2277
0.2679 -0.5607 0.1986
0.3158 -0.6144 0.1552
0.3214 -0.5722 0.1610
0.3298 0.5502 0.1964
0.3433 0.5309 0.1816
0.3540 -0.6772 0.1736
0.3552 -0.1790 0.3085
0.3576 0.5143 0.1777
0.3566 0.4821 0.1883
0.3654 1.3884 0.4570
0.3721 0.4778 0.1930
0.3736 1.1750 0.5058
0.3815 0.6791 0.3277
0.3828 -0.4367 0.2767
0.3863 -0.6354 0.1322
0.3953 -0.6363 0.1322
0.4019 -0.5871 0.1419
0.4169 -0.9637 0.4702
0.4146 -0.6409 0.1410
0.4181 -0.2146 0.2970
0.4145 0.6438 0.2917
0.4174 1.4531 0.4704
0.4255 1.3495 0.4009
0.4328 -0.2616 0.2802
0.4280 1.3029 0.4080
0.4445 -0.4928 0.2380
0.4464 -0.2294 0.2862
0.4523 0.4701 0.2555
0.4535 1.3916 0.4083
0.4611 -0.2602 0.2795
0.4705 -0.6498 0.1708
0.4891 -0.6016 0.1818
0.5758 -0.6408 0.1947
0.5875 -0.6708 0.1860
0.5941 0.4317 0.3670
0.6094 0.0292 0.3855
0.6385 -0.7392 0.1985
0.6497 0.3801 0.4296
0.6573 -0.6507 0.2008
0.6674 0.3701 0.4492
0.6675 -0.7665 0.2256
0.6693 -0.7426 0.2059
0.6694 -0.6781 0.1953
0.6896 -0.2634 0.2839
0.6882 0.8143 0.5852
0.6893 -0.4017 0.3165
0.6892 0.8849 0.5833
0.6993 1.3201 0.4523
0.7158 -0.0854 0.1901
0.7279 -0.1162 0.1823
0.7499 -0.7863 0.2777
0.7468 -0.2389 0.2385
0.7561 -0.4778 0.2759
0.7657 -0.0654 0.1713
0.7687 -0.0800 0.1677
0.7894 -0.1562 0.1919
0.7943 -0.0731 0.1732
0.7952 1.2547 0.4774
0.8009 -0.5201 0.2651
0.8337 1.4135 0.4745
0.8412 -0.3421 0.2825
0.8430 -0.0925 0.2016
0.8568 -0.4725 0.2596
0.8800 0.0267 0.2615
0.8845 -0.6456 0.3270
0.8916 -0.4051 0.2737
0.8967 1.2286 0.4300
0.8947 0.0688 0.3017
0.9203 -0.8363 0.4697
0.9349 0.4341 0.4812
0.9435 0.0830 0.3389
0.9752 -0.5285 0.3002
0.9793 1.0272 0.4477
0.9909 0.9500 0.4577
1.0395 -0.5084 0.3231
1.0433 0.2882 0.4697
1.0478 0.5888 0.5373
1.0822 -0.3792 0.3308
1.0840 0.2424 0.4959
1.0989 1.3801 0.3276
1.1018 -0.1904 0.4224
1.1021 0.8806 0.4993
1.1155 1.4528 0.3545
1.1187 -0.2192 0.4253
1.1228 0.8629 0.5147
1.1389 1.4631 0.3686
1.1548 0.5159 0.5981
1.1658 -0.3452 0.4060
1.1693 1.4498 0.3732
1.1850 1.4085 0.3636
1.1906 1.1371 0.4577
1.1999 -0.5718 0.5047
1.2205 1.3391 0.4000
1.2253 -1.0070 0.8984
