points 
 2 
 1 
Tumour[19065]FoxP310NNCodensity
-1.4800 0.3353 1.2274
-1.3510 -0.8915 1.0431
-1.3059 1.5090 0.9649
-1.2858 1.4124 0.9059
-1.2734 1.5085 0.9393
-1.2507 1.4970 0.9196
-1.2463 1.4657 0.8977
-1.1379 -0.5805 0.7523
-1.1352 1.4397 0.9080
-1.1147 1.4312 0.9170
-1.0530 -0.2884 0.8002
-1.0121 0.2204 0.5787
-0.9952 0.2185 0.5639
-0.9852 0.2352 0.5531
-0.7930 0.2921 0.4345
-0.7801 -0.8588 0.2682
-0.7277 -0.7643 0.1873
-0.7141 -0.6823 0.2648
-0.7093 -0.7637 0.1756
-0.6970 -0.0180 0.4530
-0.6940 -0.8717 0.2201
-0.6955 -0.7888 0.1641
-0.6860 -0.8053 0.1660
-0.6703 -0.1700 0.4581
-0.6706 -0.8205 0.1777
-0.6613 -0.7591 0.1872
-0.6425 0.2626 0.4147
-0.6323 -0.9306 0.3161
-0.5914 0.4032 0.3597
-0.5673 0.3931 0.3434
-0.5608 -0.1314 0.3522
-0.5550 0.4205 0.3412
-0.5477 -0.1395 0.3413
-0.5315 -0.1571 0.3375
-0.5308 -0.1431 0.3361
-0.5233 0.4057 0.3319
-0.4312 -0.5527 0.4137
-0.3889 0.4728 0.3543
-0.3550 0.5195 0.3795
-0.3356 -0.2950 0.3723
-0.3219 0.1136 0.5366
-0.3023 -0.4645 0.3825
-0.2999 -0.5960 0.4010
-0.2872 -0.3924 0.3764
-0.2814 -0.3667 0.3791
-0.2723 0.5266 0.4082
-0.2418 -0.6432 0.4074
-0.2361 -0.7530 0.4795
-0.1953 -0.0809 0.4948
-0.1504 0.4610 0.4002
-0.1125 0.4834 0.4113
-0.0652 0.3129 0.2993
-0.0157 0.0907 0.2184
-0.0105 0.1673 0.1731
0.0040 -0.7367 0.3607
0.0108 0.2586 0.2125
0.0149 0.1061 0.1790
0.0141 0.2025 0.1635
0.0464 0.1470 0.1454
0.0498 -0.8357 0.3463
0.0606 -0.8263 0.3300
0.0802 0.2001 0.1606
0.1107 1.3846 1.0503
0.1180 0.1684 0.1658
0.1263 0.1867 0.1797
0.1320 -0.4754 0.2793
0.1464 0.0791 0.2298
0.1801 0.0851 0.2613
0.1870 -0.6372 0.2108
0.1899 -0.5905 0.2063
0.2009 -0.8388 0.2264
0.1993 -0.6342 0.2047
0.2031 -0.5503 0.2092
0.2071 0.4636 0.4820
0.2130 -0.1824 0.3328
0.2124 -0.3023 0.2981
0.2140 -0.1721 0.3346
0.2199 -0.5162 0.2172
0.2267 -0.1592 0.3412
0.2302 -0.3710 0.2843
0.2548 0.4471 0.5094
0.2715 -0.8365 0.1602
0.2728 -0.5814 0.2208
0.2904 -0.6340 0.2245
0.3020 -0.2671 0.3492
0.3066 -0.8035 0.1354
0.3226 -0.8641 0.1322
0.3233 -0.8252 0.1225
0.3385 -0.7885 0.1421
0.3507 -0.8584 0.1243
0.3533 1.4300 0.7733
0.3701 -0.8664 0.1375
0.3677 -0.8232 0.1305
0.4342 -0.8415 0.1822
0.4614 1.3990 0.6731
0.5003 -0.8975 0.2568
0.5439 1.5377 0.6793
0.5802 -0.8864 0.3397
0.6438 -0.8524 0.4232
0.7167 1.5041 0.6183
0.7411 0.5851 0.2216
0.7537 0.1832 0.3228
0.7600 0.5491 0.1641
0.7683 0.2153 0.2914
0.7695 0.5002 0.1235
0.7731 0.4330 0.1319
0.7801 1.4251 0.6095
0.7822 1.4514 0.6092
0.7862 0.4367 0.1233
0.7889 0.4742 0.1118
0.8057 0.4458 0.1208
0.8032 -0.2604 0.3707
0.8093 -0.2788 0.3576
0.8084 0.5451 0.1561
0.8155 0.1197 0.3866
0.8154 0.4005 0.1587
0.8197 1.4747 0.6465
0.8161 1.4852 0.6488
0.8192 -0.0341 0.4493
0.8224 0.2417 0.2766
0.8231 0.5214 0.1434
0.8326 0.3702 0.1941
0.8309 -0.6096 0.4019
0.8470 -0.2807 0.3520
0.8429 -0.4476 0.3511
0.8589 -0.2767 0.3578
0.8653 -0.5183 0.3641
0.8700 -0.5686 0.3789
0.9000 -0.6167 0.4296
