points 
 2 
 1 
Tumour[19065]FoxP310NNCodensity
-1.1644 -0.3098 0.3803
-1.1283 -0.2968 0.3434
-1.1177 1.2555 0.8210
-1.1110 -0.5034 0.4571
-1.1055 -0.3509 0.3453
-1.1044 1.2164 0.7774
-1.0800 -0.8917 0.3607
-1.0230 -1.0233 0.3167
-1.0185 -0.3906 0.3367
-0.9934 0.0170 0.3846
-0.9868 -0.3863 0.3388
-0.9823 -0.0993 0.3148
-0.9740 -0.9661 0.2321
-0.9696 0.6836 0.4174
-0.9501 0.8599 0.4592
-0.9477 -0.1688 0.3182
-0.9228 -0.1010 0.3192
-0.9126 -0.8985 0.2014
-0.9086 0.3882 0.5018
-0.9055 -0.0246 0.3385
-0.8934 -1.0033 0.2079
-0.8869 -0.7321 0.3507
-0.8820 0.7007 0.3203
-0.8778 -0.8631 0.2167
-0.8633 -0.9964 0.2026
-0.8494 0.0530 0.3319
-0.8440 0.0895 0.3376
-0.8401 -0.9803 0.2011
-0.8179 -0.8499 0.2313
-0.8011 -0.9714 0.2183
-0.7613 0.6571 0.2575
-0.7536 -0.4033 0.3912
-0.7488 0.6578 0.2554
-0.7426 1.2578 0.5483
-0.7390 0.7104 0.2342
-0.7351 -0.7506 0.2972
-0.7249 0.7217 0.2325
-0.7007 0.3023 0.4144
-0.6983 -0.5020 0.3388
-0.6926 0.2343 0.4019
-0.6884 -0.9959 0.2553
-0.6827 0.5939 0.3213
-0.6754 -0.4883 0.3436
-0.6628 -0.3865 0.4061
-0.6573 0.1688 0.4155
-0.6562 0.8418 0.2649
-0.6500 -0.7849 0.2818
-0.6369 0.9446 0.3364
-0.6294 1.2448 0.4988
-0.6260 -0.6759 0.3255
-0.6084 -0.9158 0.2228
-0.6084 0.9179 0.3125
-0.6078 0.7703 0.2653
-0.5907 -0.6022 0.3553
-0.5818 0.8728 0.2939
-0.5796 -1.0420 0.2097
-0.5755 -0.9002 0.2216
-0.5546 -1.0774 0.2207
-0.5454 -1.1448 0.2909
-0.5330 -1.0304 0.1987
-0.5252 1.2053 0.4378
-0.5195 0.1493 0.5294
-0.5152 -0.8987 0.2353
-0.5060 0.4715 0.4854
-0.4881 1.2547 0.4954
-0.4801 -0.9074 0.2475
-0.4589 -1.0315 0.2324
-0.4364 -0.3771 0.4057
-0.4229 -1.2015 0.3628
-0.3884 1.0312 0.4001
-0.3846 0.8624 0.3782
-0.3427 0.3367 0.5359
-0.3261 -0.3749 0.3925
-0.3181 -1.0142 0.3025
-0.3073 -1.1715 0.3758
-0.2904 -0.8220 0.4098
-0.2825 -0.4741 0.3741
-0.2781 0.8580 0.4043
-0.2573 -0.5018 0.3885
-0.2552 -0.4705 0.3783
-0.2326 0.7675 0.4042
-0.2288 -0.9606 0.3626
-0.2220 1.0715 0.4766
-0.2151 -0.9532 0.3735
-0.1666 0.5918 0.4075
-0.1136 -0.1102 0.5100
-0.0967 0.4205 0.4780
-0.0884 -0.3864 0.4207
-0.0847 -0.4008 0.4270
-0.0777 -1.2320 0.6309
-0.0794 0.3715 0.5009
-0.0612 0.7499 0.3992
-0.0574 0.6220 0.4003
0.0178 -0.8544 0.5933
0.0154 0.9099 0.4381
0.0174 0.0282 0.4707
0.0449 1.0742 0.5100
0.0459 0.6674 0.4159
0.0697 -0.0538 0.3864
0.0942 1.1681 0.5812
0.1061 -0.1708 0.3611
0.2136 0.1167 0.4405
0.2208 1.2302 0.6023
0.2447 -0.8377 0.6245
0.2473 -0.1940 0.2804
0.2559 -0.2186 0.2913
0.2607 0.8433 0.5007
0.2752 0.4621 0.5064
0.2785 -0.2207 0.2849
0.2913 0.4872 0.5001
0.3344 0.7715 0.4919
0.3411 -0.0118 0.2823
0.3687 -0.2110 0.2784
0.3839 -0.1513 0.2483
0.3978 -0.9954 0.5968
0.4127 -0.0028 0.2874
0.4144 -1.0271 0.6191
0.4228 -0.0601 0.2626
0.4310 0.6144 0.5344
0.4426 0.0359 0.3408
0.4727 1.1830 0.3729
0.5147 -0.4766 0.3689
0.5236 -0.6304 0.4882
0.5344 -0.8331 0.5144
0.5341 0.6602 0.5408
0.5599 -0.4698 0.3468
0.5678 -0.2598 0.2816
0.5742 -0.0672 0.3461
0.6135 -0.2724 0.2725
0.6255 1.0747 0.1909
0.6311 1.0861 0.1835
0.6335 -0.2761 0.2742
0.6358 1.0283 0.2258
0.6413 -0.3594 0.2833
0.6398 1.1052 0.1777
0.6490 -0.3970 0.2951
0.6653 1.2357 0.2418
0.6894 1.1008 0.1785
0.6974 1.2120 0.2116
0.7010 0.8945 0.3904
0.7182 1.2134 0.2157
0.7353 1.0514 0.2262
0.7424 -0.9904 0.5402
0.7571 -0.9384 0.5225
0.7730 0.2645 0.6354
0.8076 -0.1962 0.3518
0.8190 1.1995 0.2823
0.8295 -0.1562 0.3771
0.8701 -0.4544 0.4867
0.8961 0.0303 0.5480
0.8938 1.1874 0.3637
0.9190 0.4936 0.4437
0.9307 -0.1052 0.4772
0.9744 0.8196 0.3587
1.0016 0.6152 0.3452
1.0032 -0.9040 0.4413
1.0172 0.8206 0.3367
1.0273 0.4774 0.4295
1.0307 0.8027 0.3317
1.0480 -0.9211 0.4082
1.0633 0.6250 0.3198
1.0649 -0.9298 0.4016
1.0729 0.6209 0.3226
1.0819 -0.3207 0.5053
1.0925 1.0063 0.4143
1.1155 1.0736 0.4629
1.1358 -1.0107 0.3989
1.2215 -0.4660 0.5453
1.2353 -1.1890 0.5169
1.2378 0.5043 0.5250
1.2396 0.9189 0.4519
1.2455 -0.6134 0.5051
1.2443 -0.5238 0.5289
1.2573 -0.5417 0.5294
1.2644 -1.2000 0.5465
1.2652 -1.1316 0.4889
1.3149 0.8655 0.5070
1.3169 -1.0633 0.5061
