points 
 2 
 1 
Tumour[19065]CD6810NNCodensity
-1.1820 -0.6216 0.1843
-1.1794 0.1852 0.5939
-1.1779 0.8895 0.4971
-1.1699 -0.7123 0.1522
-1.1693 -0.6753 0.1465
-1.1468 -0.5890 0.1880
-1.1360 -0.7689 0.1570
-1.1386 -0.6950 0.1272
-1.1347 -0.3550 0.1580
-1.1174 -0.3023 0.1480
-1.1080 -0.6991 0.1252
-1.0995 -0.2747 0.1514
-1.0865 -0.3978 0.1298
-1.0805 -0.3244 0.1125
-1.0982 0.6770 0.4019
-1.0844 -0.8155 0.1729
-1.0784 -0.8447 0.1981
-1.0769 -0.6236 0.1515
-1.0658 -0.2955 0.1224
-1.0678 -0.6542 0.1354
-1.0661 -0.4237 0.1221
-1.0608 -0.7453 0.1368
-1.0513 -0.4739 0.1441
-1.0538 0.6533 0.3579
-1.0522 0.3443 0.3575
-1.0314 -0.4076 0.1073
-1.0279 -0.3199 0.1153
-1.0367 1.0695 0.3929
-0.9997 -0.4473 0.1090
-1.0169 -0.7537 0.1476
-1.0156 -0.6405 0.1630
-1.0220 -0.4717 0.1244
-1.0152 -0.7186 0.1415
-1.0192 -0.1959 0.2428
-0.9959 -0.3504 0.1151
-1.0156 -0.3845 0.1084
-1.0044 0.6326 0.3162
-1.0034 0.2621 0.3668
-1.0086 1.0727 0.3692
-0.9981 -0.3091 0.1362
-0.9871 0.4447 0.2804
-0.9791 -0.6792 0.1644
-0.9723 -0.4921 0.1359
-0.9735 -0.8543 0.1817
-0.9538 -0.3727 0.1192
-0.9389 -0.8596 0.1928
-0.9395 -0.7731 0.1483
-0.9324 -0.4521 0.1157
-0.9320 1.2745 0.4744
-0.9295 -0.4091 0.1164
-0.9358 1.0001 0.3343
-0.9228 -0.5689 0.1915
-0.8991 -0.7822 0.1558
-0.9114 -0.4591 0.1183
-0.9131 -0.3789 0.1352
-0.8870 0.4387 0.2042
-0.8782 -0.4629 0.1144
-0.8888 0.6394 0.2818
-0.8792 -0.0923 0.3561
-0.8703 -0.7938 0.1631
-0.8673 1.2007 0.3692
-0.8649 0.3936 0.1955
-0.8570 0.4205 0.1830
-0.8596 0.8817 0.2789
-0.8541 -0.8023 0.1663
-0.8493 -0.7063 0.2101
-0.8396 -0.4483 0.1075
-0.8420 -0.5305 0.1348
-0.8360 -0.1194 0.3356
-0.8255 -0.3741 0.1256
-0.8307 0.4523 0.1769
-0.8260 0.7945 0.2498
-0.8190 -0.4750 0.1069
-0.8155 -0.5572 0.1526
-0.8144 -0.4329 0.1018
-0.8146 -0.0233 0.4567
-0.8093 0.9159 0.2740
-0.8027 -0.2453 0.2533
-0.8059 0.7152 0.2586
-0.8027 -0.5025 0.1192
-0.7928 -0.3603 0.1283
-0.7838 -0.4199 0.1033
-0.7669 0.3453 0.1646
-0.7682 -0.3794 0.1125
-0.7669 -0.3559 0.1305
-0.7637 0.5066 0.2096
-0.7650 0.5856 0.2678
-0.7550 -0.8140 0.1576
-0.7575 -0.5761 0.1808
-0.7574 1.1974 0.3882
-0.7425 0.4356 0.1673
-0.7472 -0.8428 0.1712
-0.7509 -0.4566 0.1322
-0.7331 -0.6163 0.1920
-0.7357 0.3773 0.1460
-0.7401 0.7776 0.2453
-0.7401 0.8015 0.2453
-0.7191 -0.7910 0.1405
-0.7093 -0.7180 0.1614
-0.6960 0.3176 0.1304
-0.6923 -0.3888 0.1493
-0.6896 1.0674 0.3653
-0.6910 -0.4174 0.1441
-0.6985 0.9056 0.2909
-0.6937 -0.8214 0.1457
-0.6881 -0.6852 0.1638
-0.6764 0.3876 0.1335
-0.6764 -0.8334 0.1564
-0.6804 0.3529 0.1159
-0.6483 -0.4069 0.1607
-0.6565 0.3369 0.1128
-0.6561 0.2892 0.1390
-0.6560 -0.7443 0.1453
-0.6547 1.1518 0.4398
-0.6519 -0.5017 0.1694
-0.6197 -0.7075 0.1615
-0.6137 -0.6120 0.1749
-0.6147 0.3543 0.1209
-0.6063 0.5141 0.2525
-0.6134 -0.8326 0.1845
-0.6017 0.3218 0.1154
-0.6085 -0.5285 0.1678
-0.5845 -0.4445 0.1517
-0.5946 -0.6313 0.1688
-0.5865 0.7786 0.3750
-0.5837 0.2756 0.1421
-0.5653 -0.4266 0.1651
-0.5531 0.3569 0.1364
-0.5664 -0.7415 0.1833
-0.5435 0.2885 0.1326
-0.5528 -0.4867 0.1483
-0.5575 0.5585 0.3089
-0.5034 -0.4541 0.1688
-0.5195 0.3233 0.1233
-0.5202 -0.8606 0.2618
-0.5047 -0.5619 0.1650
-0.5019 -0.6656 0.1643
-0.4948 -0.6289 0.1649
-0.4797 0.3197 0.1318
-0.4772 0.2908 0.1465
-0.4792 0.4983 0.2456
-0.4750 -0.5077 0.1649
-0.4722 0.3659 0.1500
-0.4719 -0.7163 0.1884
-0.4406 -0.5004 0.1861
-0.4251 0.3436 0.1528
-0.4221 -0.6597 0.1824
-0.4190 -0.8190 0.2430
-0.3903 0.3587 0.1549
-0.3957 -0.6351 0.1800
-0.3851 -0.4769 0.2407
-0.3515 0.3367 0.1500
-0.3549 0.4948 0.2235
-0.3545 -0.6574 0.1832
-0.3276 -0.7857 0.2133
-0.3473 0.4427 0.1868
-0.3301 -0.8403 0.2632
-0.2880 0.3192 0.1501
-0.2901 0.3681 0.1563
-0.2845 -0.5721 0.2226
-0.2877 0.5056 0.2324
-0.2713 -0.6502 0.1759
-0.2861 0.6338 0.3469
-0.2815 0.2577 0.1721
-0.2761 0.3287 0.1513
-0.2616 -0.7231 0.1793
-0.2455 0.1922 0.1864
-0.2455 0.3344 0.1655
-0.2395 -0.1826 0.4313
-0.2395 -0.6107 0.2123
-0.2356 0.1613 0.2022
-0.2287 -0.0539 0.3203
-0.2250 -0.1021 0.3491
-0.2176 -0.7301 0.1872
-0.2026 0.5402 0.2630
-0.1697 -0.6857 0.2210
-0.1775 -0.7563 0.2086
-0.1745 0.1492 0.1741
-0.1687 0.9083 0.3568
-0.1518 0.2525 0.1660
-0.1491 0.1557 0.1621
-0.1460 -0.3249 0.4929
-0.1472 0.2906 0.1870
-0.1265 0.0600 0.2168
-0.1317 0.4411 0.2419
-0.1231 -0.8336 0.2621
-0.0962 0.4344 0.2554
-0.0889 -0.8574 0.2882
-0.0892 0.7347 0.3269
-0.0897 0.2202 0.1476
-0.0802 1.5888 0.4960
-0.0747 0.5510 0.2859
-0.0649 0.9140 0.2395
-0.0670 0.2592 0.1628
-0.0554 0.1988 0.1527
-0.0538 1.5456 0.4276
-0.0460 0.1682 0.1597
-0.0489 1.2173 0.3737
-0.0454 0.0162 0.2206
-0.0323 0.3338 0.2115
-0.0325 0.9743 0.1940
-0.0315 1.0381 0.2151
-0.0215 0.0255 0.2047
-0.0014 -0.8172 0.3102
0.0111 0.2160 0.1583
0.0136 0.0805 0.1753
0.0118 1.4822 0.3448
0.0175 1.0895 0.2294
0.0259 1.5609 0.4001
0.0402 0.1569 0.1663
0.0416 0.6048 0.2525
0.0508 0.9931 0.1419
0.0513 0.9199 0.1728
0.0519 0.0101 0.2275
0.0705 0.7945 0.2604
0.0622 0.9764 0.1376
0.0763 0.6632 0.2362
0.0704 -0.7324 0.3446
0.0845 0.6311 0.2278
0.0824 -0.8306 0.3573
0.0845 0.1393 0.1910
0.0827 0.1860 0.1804
0.1041 0.3222 0.1966
0.0926 0.3572 0.2152
0.0946 1.3007 0.2801
0.1069 0.2609 0.1847
0.1089 0.9697 0.1242
0.1211 0.9819 0.1206
0.1211 -0.0119 0.2839
0.1301 0.7641 0.2575
0.1441 1.0064 0.1269
0.1637 0.4549 0.1993
0.1470 1.2692 0.2618
0.1628 0.9704 0.1289
0.1614 1.3771 0.2902
0.1789 0.4061 0.2066
0.1999 1.0291 0.1508
0.1855 0.9967 0.1346
0.1877 0.2838 0.2087
0.1841 1.4057 0.3120
0.1889 -0.2126 0.3342
0.1925 0.5707 0.1819
0.1921 0.5220 0.1672
0.2211 0.2484 0.2094
0.2056 1.1646 0.2337
0.2235 -0.6850 0.3366
0.2120 0.9446 0.1787
0.2173 0.5101 0.1511
0.2226 1.1141 0.2061
0.2217 1.1949 0.2531
0.2320 0.6000 0.1876
0.2386 0.8060 0.2606
0.2558 -0.4110 0.3219
0.2554 -0.7186 0.3273
0.2756 0.5173 0.1322
0.2744 0.7073 0.2503
0.2717 -0.1634 0.2674
0.2818 1.0417 0.2211
0.2806 0.1134 0.2553
0.3054 0.1522 0.2424
0.3118 0.1929 0.2380
0.3013 1.3826 0.3952
0.3247 0.5323 0.1270
0.3135 0.4901 0.1298
0.3241 0.2639 0.2447
0.3303 0.4543 0.1581
0.3372 0.7870 0.2822
0.3383 -0.5788 0.2838
0.3407 -0.2428 0.1916
0.3505 0.0151 0.3205
0.3489 -0.2740 0.1849
0.3543 0.5692 0.1574
0.3570 0.4843 0.1362
0.3701 0.2843 0.2707
0.3695 0.5037 0.1346
0.3773 -0.8306 0.3577
0.3729 -0.2487 0.1810
0.3760 0.7900 0.2821
0.3866 -0.3197 0.1762
0.3822 -0.0444 0.3130
0.3943 -0.5936 0.2527
0.4145 -0.2853 0.1633
0.4088 0.5129 0.1574
0.4288 -0.4402 0.2050
0.4275 0.9688 0.3565
0.4443 -0.2228 0.1905
0.4428 0.5521 0.1877
0.4771 -0.7026 0.2193
0.4699 -0.4128 0.1677
0.4760 -0.7367 0.2343
0.5015 -0.5282 0.1598
0.4929 -0.2259 0.1999
0.4920 -0.3917 0.1638
0.5195 0.6168 0.2570
0.5316 0.7830 0.2241
0.5315 -0.4189 0.1428
0.5318 -0.5518 0.1447
0.5448 0.5697 0.2732
0.5437 -0.3230 0.1824
0.5485 0.7676 0.2214
0.5465 -0.7453 0.2087
0.5597 -0.4309 0.1380
0.5561 0.1964 0.2894
0.5590 -0.5673 0.1378
0.5643 -0.5216 0.1184
0.5722 0.7953 0.2301
0.5771 -0.6516 0.1671
0.5787 0.2357 0.3022
0.5869 -0.2175 0.2032
0.5788 0.2693 0.3257
0.5840 0.0596 0.2886
0.5947 -0.4453 0.1367
0.5838 -0.5404 0.1237
0.5891 0.0079 0.2992
0.5981 0.8337 0.2645
0.6069 -0.2354 0.1921
0.6008 -0.7783 0.2161
0.6110 -0.5763 0.1442
0.6272 -0.4531 0.1320
0.6379 -0.4809 0.1331
0.6237 -0.6769 0.1690
0.6223 0.7693 0.2327
0.6312 -0.3299 0.1834
0.6522 -0.1830 0.2291
0.6693 -0.0127 0.2896
0.6684 -0.7054 0.1717
0.6841 -0.4831 0.1418
0.6780 -0.3694 0.1757
0.6838 0.7323 0.2466
0.6832 0.5278 0.3164
0.6947 -0.2502 0.1947
0.6872 0.1744 0.2614
0.6855 1.5418 0.9276
0.6879 -0.6254 0.1509
0.6981 -0.8006 0.2195
0.7247 -0.6486 0.1571
0.7456 -0.5188 0.1262
0.7344 -0.4646 0.1424
0.7187 -0.4251 0.1601
0.7365 0.6015 0.2599
0.7404 -0.5697 0.1305
0.7532 -0.2602 0.2066
0.7512 -0.5877 0.1337
0.7691 -0.7944 0.2075
0.7584 0.0142 0.2705
0.7770 -0.3053 0.1925
0.7655 -0.6629 0.1627
0.7595 0.5324 0.2947
0.7772 0.2067 0.2806
0.8078 -0.4805 0.1310
0.7982 -0.5287 0.1155
0.8048 -0.5562 0.1261
0.8048 0.7260 0.2639
0.8069 -0.8104 0.2279
0.8257 0.0822 0.2320
0.8300 -0.7342 0.1771
0.8470 -0.3053 0.2001
0.8474 -0.5303 0.1224
0.8676 -0.4944 0.1184
0.8417 -0.3639 0.1685
0.8527 -0.4483 0.1373
0.8671 0.0785 0.2248
0.8622 0.7191 0.2670
0.8701 -0.7082 0.1757
0.8777 -0.6656 0.1706
0.8808 0.1853 0.2185
0.8839 0.6768 0.2483
0.8912 -0.5686 0.1471
0.8963 0.5928 0.2571
0.9435 -0.5236 0.1499
0.9044 -0.3537 0.1721
0.9030 -0.7100 0.2006
0.9038 -0.3864 0.1509
0.9236 -0.4876 0.1270
0.9211 -0.4566 0.1286
0.9260 -0.6254 0.1849
0.9289 0.0590 0.2280
0.9472 0.0891 0.2170
0.9452 0.3216 0.2864
0.9532 0.5727 0.2881
0.9559 0.2356 0.2180
0.9643 0.6524 0.2967
0.9740 -0.4578 0.1427
0.9800 0.2477 0.2274
0.9770 -0.2419 0.2843
1.0003 -0.4238 0.1575
0.9989 0.3457 0.3032
1.0211 -0.1092 0.2827
1.0497 -0.4343 0.1562
1.0523 0.1019 0.2394
1.0637 -0.4681 0.1520
1.0558 0.1464 0.2444
1.1127 -0.4182 0.1819
1.1081 -0.5110 0.1714
1.1208 0.6305 0.3978
1.1288 -0.0502 0.2293
1.1472 -0.4554 0.1652
1.1272 -0.2076 0.2594
1.1294 -0.6342 0.2393
1.1540 -0.0332 0.2300
1.1335 -0.4955 0.1625
1.1268 1.5395 1.2792
1.1493 -0.1504 0.2358
1.1464 0.3359 0.3754
1.1763 -0.1914 0.2564
1.1788 0.1796 0.3231
1.2049 -0.5891 0.1656
1.1992 -0.6270 0.1918
1.1940 0.0436 0.2792
1.2209 -0.0481 0.2591
1.2538 -0.4768 0.1677
1.2500 -0.4301 0.2005
1.2614 -0.5288 0.1570
1.2675 1.6256 1.4769
1.2729 -0.6650 0.2500
1.2741 -0.5957 0.1819
1.2981 -0.5460 0.1816
1.2995 -0.4606 0.2125
1.3001 0.5767 0.5427
1.3023 -0.1997 0.3552
1.3051 0.6043 0.5602
