points 
 2 
 1 
Tumour[19065]CD810NNCodensity
-1.4328 -0.8189 0.3707
-1.4222 -0.0292 0.6048
-1.4206 -0.5995 0.2722
-1.3838 -0.7162 0.2903
-1.3863 -0.3863 0.2579
-1.3724 -1.0978 0.3814
-1.3708 -0.6750 0.2678
-1.3599 -0.4994 0.2016
-1.3558 0.4461 0.6955
-1.3613 0.9667 0.7174
-1.3583 -0.5385 0.2066
-1.3289 -0.2118 0.3461
-1.3073 -0.8508 0.2654
-1.3002 -0.4752 0.1714
-1.3033 -0.5062 0.1829
-1.2815 -0.2360 0.3154
-1.2618 0.5614 0.5831
-1.2561 -0.3216 0.2358
-1.2456 -0.4150 0.1825
-1.2464 -0.4639 0.1806
-1.2362 -0.9881 0.2115
-1.2229 -1.1035 0.2150
-1.2243 1.0046 0.5864
-1.2230 -0.9220 0.1938
-1.2013 -0.0146 0.5442
-1.2004 -0.4319 0.2112
-1.1920 -0.6614 0.3084
-1.1873 -1.0769 0.1820
-1.1843 -0.8318 0.1916
-1.1664 -0.4190 0.2536
-1.1603 -0.9158 0.1637
-1.1559 -1.1335 0.2123
-1.1382 -0.9272 0.1618
-1.1374 -0.8839 0.1595
-1.1239 -1.1573 0.2468
-1.1219 -1.0735 0.1764
-1.1020 -0.9041 0.1695
-1.1165 -0.7540 0.2229
-1.1059 1.0592 0.5252
-1.0970 0.5756 0.4299
-1.0802 -1.0944 0.2121
-1.0686 -0.8247 0.1859
-1.0687 -1.0359 0.2109
-1.0376 -0.6985 0.2572
-1.0030 -0.8547 0.2308
-0.9917 0.7735 0.4373
-0.9956 1.0241 0.4429
-0.9824 -0.0902 0.5716
-0.9704 -0.8106 0.2610
-0.9419 -0.6448 0.3401
-0.9372 0.3935 0.1840
-0.9371 0.2714 0.3025
-0.9283 -0.6217 0.3565
-0.9156 0.4137 0.1551
-0.8869 0.4342 0.1343
-0.8854 0.7779 0.3955
-0.8628 0.4422 0.1227
-0.8616 -0.4254 0.4491
-0.8500 0.3881 0.1275
-0.8456 0.3919 0.1242
-0.8230 -0.3115 0.4577
-0.8137 0.5188 0.1886
-0.8171 0.4256 0.1206
-0.7856 0.8934 0.3538
-0.7857 0.4309 0.1361
-0.7744 0.4096 0.1503
-0.7733 0.5519 0.2462
-0.7727 1.0884 0.3823
-0.7572 0.9110 0.3436
-0.7374 0.8778 0.3663
-0.7185 -0.4413 0.4460
-0.7131 -1.1144 0.5260
-0.7035 0.3994 0.2207
-0.7034 -0.8731 0.3715
-0.6226 -0.1463 0.4227
-0.6181 1.0792 0.3541
-0.6164 -0.9890 0.3418
-0.6008 1.1199 0.3674
-0.6060 0.3760 0.2448
-0.6039 -0.2609 0.4234
-0.5956 0.1972 0.3295
-0.5889 1.1469 0.3853
-0.5735 -0.8389 0.2795
-0.5734 0.5546 0.3000
-0.5727 -0.7317 0.3604
-0.5445 -0.7719 0.3042
-0.5493 0.2478 0.2835
-0.5425 0.4254 0.2532
-0.5353 0.1543 0.3283
-0.5269 -0.9770 0.2983
-0.5249 0.5400 0.3088
-0.5196 -0.1632 0.4061
-0.5065 -0.3747 0.4705
-0.5116 -0.1140 0.3993
-0.5066 0.4210 0.2711
-0.4858 1.0846 0.3798
-0.4792 -0.9029 0.2440
-0.4732 0.3489 0.2879
-0.4467 0.6617 0.4142
-0.3851 1.0595 0.3895
-0.3854 0.1459 0.2761
-0.3815 -0.8840 0.2087
-0.3580 0.0861 0.2954
-0.3533 -0.9021 0.1887
-0.3229 -0.8595 0.1816
-0.3127 -0.9040 0.1757
-0.3020 0.1834 0.2385
-0.2913 -0.9843 0.2331
-0.2830 -0.8276 0.1946
-0.2877 0.1999 0.2355
-0.2617 0.7792 0.3896
-0.2443 0.7356 0.3880
-0.2400 0.4267 0.3327
-0.2228 0.9286 0.3645
-0.2231 1.1515 0.4669
-0.2172 -0.7089 0.2922
-0.2146 -0.2172 0.3257
-0.2122 -0.8105 0.2172
-0.2188 0.1226 0.2232
-0.2095 0.8162 0.3700
-0.1998 1.1334 0.4554
-0.1992 -0.9090 0.1859
-0.1922 -0.9281 0.1898
-0.1916 0.2471 0.2293
-0.1798 -0.5671 0.3708
-0.1666 -0.0611 0.2939
-0.1668 0.1172 0.2321
-0.1647 0.1669 0.2182
-0.1619 0.4122 0.2771
-0.1618 -0.4068 0.3308
-0.1458 0.7930 0.3834
-0.1409 -0.2729 0.2697
-0.1297 -0.9579 0.1840
-0.1338 0.3139 0.2348
-0.0989 0.4374 0.2822
-0.1066 -0.6752 0.3244
-0.0962 -0.0632 0.2543
-0.0739 -0.8468 0.2222
-0.0689 -1.0329 0.1998
-0.0627 -0.1586 0.2034
-0.0539 0.0799 0.2324
-0.0620 -0.9442 0.1596
-0.0569 0.2968 0.2412
-0.0586 -0.9506 0.1591
-0.0374 -0.8548 0.2323
-0.0291 -0.3511 0.2215
-0.0252 0.4210 0.2682
-0.0178 -1.0218 0.1933
-0.0161 -0.1283 0.2020
-0.0030 -1.0682 0.2446
0.0082 0.1396 0.2298
0.0048 -0.4636 0.2363
0.0126 -0.2709 0.2049
0.0146 -0.2125 0.1895
0.0211 -1.0039 0.2001
0.0225 0.3590 0.2545
0.0307 -0.4496 0.2301
0.0208 -0.2023 0.1919
0.0356 0.0512 0.2432
0.0360 0.1270 0.2312
0.0535 0.9565 0.3443
0.0491 0.1764 0.2370
0.0597 -0.3805 0.2168
0.0694 -0.1078 0.2413
0.0798 -0.5440 0.2653
0.0886 -0.1268 0.2509
0.0876 1.1366 0.3493
0.0981 -0.5107 0.2477
0.1030 -0.6661 0.3021
0.1052 -0.3504 0.2402
0.1178 0.4316 0.2572
0.1250 -0.9367 0.2408
0.1377 -0.8788 0.2378
0.1426 0.7872 0.1960
0.1492 -0.7211 0.2656
0.1573 0.9340 0.2747
0.1561 0.1511 0.2145
0.1639 0.7792 0.1741
0.1700 0.7082 0.1682
0.1728 -0.8897 0.2314
0.1825 0.4479 0.2213
0.1913 1.1087 0.2798
0.1967 0.3646 0.1847
0.2014 -1.1033 0.2891
0.2087 0.3396 0.1785
0.2061 0.6575 0.1702
0.2108 0.8133 0.1888
0.2230 0.7286 0.1489
0.2321 -0.8680 0.2328
0.2274 -0.7434 0.2327
0.2329 0.7882 0.1743
0.2327 0.1159 0.1694
0.2355 0.1840 0.1763
0.2493 1.0547 0.2737
0.2353 1.1206 0.2874
0.2349 0.3128 0.1697
0.2375 0.6408 0.1828
0.2407 0.0540 0.1946
0.2373 1.1459 0.3148
0.2501 0.6839 0.1586
0.2513 1.1068 0.2850
0.2547 -1.0509 0.2523
0.2607 -0.4032 0.3044
0.2655 -1.1444 0.3404
0.2861 -0.8565 0.2579
0.2783 -0.4657 0.2986
0.2773 0.2202 0.1673
0.2758 -1.0534 0.2564
0.2849 0.1184 0.1448
0.2906 0.5399 0.2159
0.2887 0.2874 0.1598
0.2977 0.6644 0.2085
0.3007 0.4518 0.1746
0.3049 -0.6875 0.2599
0.3094 0.3429 0.1550
0.3170 0.0573 0.1532
0.3328 -0.7030 0.2630
0.3270 0.0997 0.1478
0.3321 0.4366 0.1754
0.3365 0.3161 0.1695
0.3439 0.4171 0.1771
0.3509 -0.4443 0.3240
0.3513 0.0719 0.1510
0.3589 0.2310 0.1708
0.3609 0.4784 0.2160
0.3672 0.1559 0.1569
0.3659 -0.1385 0.2464
0.3792 -0.6656 0.2856
0.3823 0.0071 0.1461
0.3891 -0.0412 0.1610
0.3992 -0.3090 0.3235
0.4157 -1.0896 0.3302
0.4146 -0.1785 0.2557
0.4250 -0.0050 0.1335
0.4353 -0.5133 0.3313
0.4346 0.1893 0.1638
0.4371 0.2364 0.1931
0.4514 -0.9636 0.3293
0.4553 -0.0203 0.1316
0.4689 0.0023 0.1335
0.4709 -0.0426 0.1388
0.4745 0.1099 0.1607
0.4725 0.1565 0.1638
0.4808 -0.7483 0.3280
0.4832 0.5372 0.2850
0.5001 0.7561 0.3299
0.4831 0.0664 0.1587
0.4794 0.1519 0.1679
0.5378 -0.0450 0.1614
0.5288 0.9731 0.3719
0.5381 0.6358 0.3045
0.5370 -0.8141 0.3538
0.5511 -0.1010 0.1954
0.5621 -1.1475 0.4244
0.5601 -1.0399 0.3703
0.5690 -0.0612 0.1785
0.5835 0.4602 0.2670
0.6013 -0.3662 0.2646
0.6100 -0.3102 0.2399
0.6295 0.0233 0.2507
0.6401 -0.3120 0.2138
0.6404 0.4891 0.2199
0.6419 0.8049 0.2264
0.6390 0.8523 0.2164
0.6476 0.4185 0.2458
0.6511 0.6998 0.2704
0.6515 -0.6267 0.3292
0.6536 -0.1081 0.1802
0.6915 0.5392 0.2041
0.6844 -0.5453 0.2835
0.6849 0.9155 0.2137
0.6937 0.8326 0.2076
0.6987 -0.1232 0.1608
0.6994 -0.1729 0.1497
0.7175 0.9298 0.2081
0.7252 0.3955 0.2294
0.7220 -0.2961 0.1842
0.7320 -0.5434 0.2656
0.7408 0.8872 0.1948
0.7317 -0.3734 0.1975
0.7397 -0.1474 0.1324
0.7437 -0.7965 0.3534
0.7428 -0.9414 0.3522
0.7507 -0.1758 0.1260
0.7587 -0.2729 0.1843
0.7649 -0.3964 0.1974
0.7759 0.4464 0.1772
0.7781 0.9543 0.2157
0.7783 -0.1651 0.1288
0.7820 -0.1614 0.1298
0.7910 0.5576 0.1553
0.7980 0.5031 0.1484
0.8035 -1.0011 0.3627
0.8017 -0.6784 0.3456
0.8080 -0.1363 0.1543
0.8021 0.6758 0.2267
0.8110 -1.0880 0.4263
0.8151 0.5214 0.1442
0.8205 -0.4794 0.2298
0.8302 0.5711 0.1553
0.8281 0.5349 0.1452
0.8464 -0.4150 0.2046
0.8526 1.1380 0.3105
0.8584 0.6830 0.1976
0.8708 0.4645 0.1777
0.8684 1.0030 0.1959
0.8775 -0.1789 0.2014
0.8845 0.8360 0.1527
0.8916 -0.4051 0.2267
0.8924 -0.3586 0.2219
0.8962 0.8040 0.1430
0.9027 -0.7831 0.4069
0.9070 -0.1159 0.2158
0.9074 0.9277 0.1475
0.9167 0.7916 0.1313
0.9189 0.8437 0.1265
0.9287 0.4347 0.2206
0.9415 0.9211 0.1315
0.9403 0.5833 0.1961
0.9345 1.0807 0.2027
0.9398 0.6782 0.1664
0.9476 0.9659 0.1336
0.9469 -1.0058 0.4564
0.9606 -0.4026 0.2922
0.9650 0.7045 0.1566
0.9565 0.8222 0.1268
0.9757 1.0174 0.1490
0.9862 -0.1318 0.2507
0.9823 0.3920 0.2976
0.9790 0.7940 0.1373
0.9832 0.9540 0.1341
1.0039 0.7211 0.1677
1.0044 0.9341 0.1395
1.0052 0.8217 0.1581
1.0121 -0.1172 0.2790
1.0113 1.1206 0.2606
1.0231 0.4751 0.2718
1.0203 0.5988 0.2284
1.0195 0.6457 0.2060
1.0311 -0.9633 0.5458
1.0378 -0.2602 0.3078
1.0377 0.9330 0.1693
1.0418 -0.1220 0.3116
1.0457 1.0268 0.1998
