points 
 2 
 1 
Tumour[19065]FoxP310NNCodensity
-1.3941 -1.0197 0.6602
-1.3585 -0.9030 0.5672
-1.3229 -0.8281 0.5343
-1.2718 -0.7952 0.5089
-1.2415 0.4268 0.3754
-1.2389 -0.6409 0.6371
-1.2212 -0.0096 0.4813
-1.2050 0.7609 0.3881
-1.1940 0.6200 0.2547
-1.1825 0.5688 0.2346
-1.1741 0.6056 0.2336
-1.1553 0.5098 0.2460
-1.1360 0.5013 0.2494
-1.1002 -0.0548 0.3363
-1.0949 -0.9136 0.4467
-1.0939 0.5640 0.2277
-1.0951 0.9380 0.5027
-1.0843 0.2514 0.4387
-1.0783 1.0598 0.6460
-1.0470 -1.1587 0.5346
-1.0420 0.0041 0.2857
-1.0004 0.6021 0.2561
-0.9841 -0.0628 0.2551
-0.9638 -0.1393 0.2917
-0.9510 0.1602 0.3575
-0.9298 0.6583 0.3025
-0.9214 -0.1477 0.2787
-0.9082 0.6312 0.3098
-0.8822 -0.0899 0.2372
-0.8862 0.1597 0.3596
-0.8866 0.6662 0.3285
-0.8815 -0.8599 0.3161
-0.8563 1.0424 0.6096
-0.8406 -0.9652 0.2747
-0.8431 0.0286 0.2601
-0.8312 -0.7486 0.3241
-0.8284 -0.0473 0.2286
-0.8211 -1.1898 0.4515
-0.8081 -0.9783 0.2576
-0.7882 0.6404 0.2949
-0.7821 -1.1440 0.3916
-0.7730 -0.9638 0.2453
-0.7294 0.4126 0.3841
-0.7265 -0.0079 0.2302
-0.7053 -0.8643 0.2246
-0.6897 -0.0394 0.2008
-0.6873 -0.1033 0.2156
-0.6797 -0.8798 0.2371
-0.6791 -0.0844 0.1987
-0.6734 -0.6637 0.3518
-0.6724 -0.8336 0.2442
-0.6701 -0.5846 0.4601
-0.6438 -0.7090 0.3231
-0.6377 0.5225 0.2203
-0.6295 0.5725 0.2013
-0.6128 0.6598 0.2009
-0.6074 -0.9201 0.3272
-0.5938 0.7737 0.2630
-0.5935 0.6551 0.1951
-0.5724 0.5430 0.2017
-0.5746 0.6846 0.2117
-0.5589 0.5363 0.2088
-0.5561 -0.0741 0.1001
-0.5547 -0.0335 0.0902
-0.5474 -0.0162 0.0928
-0.5396 0.4389 0.3042
-0.5386 -0.0642 0.0804
-0.5222 0.0058 0.1026
-0.5203 -0.1359 0.1502
-0.5213 -0.0312 0.0705
-0.5095 -0.0542 0.0697
-0.5104 0.8864 0.3217
-0.5021 -0.0744 0.0800
-0.4995 0.7969 0.2586
-0.4880 -0.0209 0.0788
-0.4846 0.9069 0.3478
-0.4800 -0.0789 0.0834
-0.4639 -0.0440 0.0689
-0.4545 -0.0159 0.0898
-0.4443 -0.0391 0.0744
-0.4429 0.5905 0.2768
-0.4443 0.8571 0.3089
-0.4406 -0.0698 0.0788
-0.4217 -0.0754 0.0915
-0.4163 -0.0604 0.0834
-0.4148 0.0740 0.1383
-0.4087 0.1254 0.1577
-0.3930 0.0020 0.0986
-0.3905 0.1253 0.1475
-0.3859 -0.0343 0.0925
-0.3735 -0.0190 0.1011
-0.3618 0.0052 0.1189
-0.3554 0.0437 0.1258
-0.3538 0.1297 0.1505
-0.3296 0.5773 0.3044
-0.3292 0.1338 0.1679
-0.3164 0.1108 0.1618
-0.2899 -1.3117 0.9031
-0.2845 0.7817 0.3546
-0.2504 0.6356 0.2839
-0.2030 0.5063 0.2506
-0.1811 0.6233 0.2653
-0.1802 -0.1546 0.3764
-0.1612 0.0027 0.3262
-0.1566 0.5235 0.2255
-0.1497 -0.8164 0.3266
-0.1473 -0.0899 0.3667
-0.1334 0.6111 0.2658
-0.1025 0.3575 0.2756
-0.0941 -0.8156 0.2576
-0.0919 -0.6369 0.2801
-0.0879 0.5324 0.2340
-0.0860 0.8891 0.3861
-0.0248 -0.7444 0.1735
-0.0262 0.4135 0.2207
-0.0170 0.3824 0.2306
-0.0083 0.4414 0.2318
0.0116 -0.6985 0.1499
0.0190 0.9845 0.2159
0.0303 1.0336 0.1832
0.0321 1.0728 0.1776
0.0441 -0.7168 0.1234
0.0486 -0.7433 0.1173
0.0510 0.3161 0.2641
0.0489 0.3776 0.2625
0.0509 1.0774 0.1624
0.0602 -0.8194 0.1504
0.0699 -0.6743 0.1436
0.0691 1.1186 0.1657
0.0817 -0.6488 0.1687
0.0845 -0.7307 0.1195
0.0866 -0.8273 0.1518
0.0926 -1.1005 0.4694
0.0926 -0.5828 0.2510
0.0949 -0.7906 0.1225
0.1031 0.9622 0.1777
0.1085 0.2304 0.2601
0.1246 0.1232 0.2479
0.1219 1.1365 0.1453
0.1314 -0.7986 0.1300
0.1590 -0.7884 0.1413
0.1618 0.0918 0.2215
0.1624 0.1628 0.2269
0.1706 -0.7409 0.1671
0.1734 1.1035 0.1214
0.1743 1.1668 0.1590
0.1824 1.0163 0.1400
0.1825 1.0631 0.1290
0.1838 0.9377 0.1658
0.1848 1.1253 0.1265
0.1851 0.9893 0.1472
0.1894 0.6632 0.3143
0.1926 1.0431 0.1357
0.1897 0.9049 0.1831
0.1933 0.0869 0.2057
0.2026 1.1367 0.1405
0.2036 0.7006 0.2871
0.2083 -1.0084 0.3272
0.2076 0.8252 0.2303
0.2282 0.8922 0.2031
0.2298 -0.8167 0.2171
0.2380 -0.8397 0.2277
0.2443 -0.0743 0.3021
0.2433 0.7559 0.2639
0.2688 0.5576 0.3433
0.2712 0.1438 0.2058
0.2744 -0.6276 0.2309
0.2719 1.1757 0.2331
0.2805 0.1778 0.2302
0.2833 -0.5812 0.2518
0.2943 0.6112 0.3377
0.3070 0.0116 0.2185
0.3187 -0.5964 0.2452
0.3298 -1.0338 0.3544
0.3437 0.0424 0.1956
0.3591 0.4397 0.4053
0.3668 0.4082 0.4029
0.3721 -0.6144 0.2542
0.3719 -0.9480 0.2953
0.3807 0.1247 0.1923
0.3850 -0.6236 0.2552
0.3955 -0.1690 0.2038
0.4012 1.0874 0.3092
0.4222 -0.6294 0.2839
0.4175 0.0644 0.1592
0.4232 -0.1347 0.1544
0.4401 -0.7895 0.2978
0.4341 -0.0159 0.1422
0.4392 -0.1632 0.1700
0.4508 -0.0774 0.1182
0.4553 -0.0562 0.1217
0.4586 -0.9036 0.2995
0.4705 0.0473 0.1515
0.4723 0.1152 0.1758
0.4886 -0.1077 0.1228
0.4859 -0.0678 0.1172
0.4852 -0.0837 0.1155
0.4866 1.1624 0.2379
0.4900 0.1284 0.1882
0.5031 -1.0115 0.2854
0.5172 0.0353 0.1610
0.5539 1.0571 0.1730
0.5585 1.1437 0.1609
0.5621 -0.8098 0.3412
0.5708 -0.0897 0.1461
0.5836 0.0708 0.1975
0.5902 -0.9264 0.2800
0.5914 0.1667 0.2480
0.5951 1.0208 0.1654
0.5946 -0.0437 0.1597
0.6027 -0.0922 0.1451
0.6011 1.0877 0.1291
0.6088 1.1738 0.1608
0.6114 0.3474 0.4317
0.6222 1.1586 0.1455
0.6252 -1.1476 0.1897
0.6289 1.1446 0.1377
0.6393 0.8499 0.2499
0.6383 -1.1215 0.1664
0.6452 -0.1158 0.1597
0.6438 0.8807 0.2127
0.6488 0.9764 0.1482
0.6522 1.0852 0.1321
0.6533 -1.1057 0.1549
0.6575 0.0681 0.2101
0.6675 -0.1110 0.1666
0.6738 -1.0821 0.1543
0.6765 -0.1391 0.1908
0.6754 1.0544 0.1365
0.6868 -0.0510 0.1669
0.6892 -1.1359 0.1336
0.6873 0.9618 0.1452
0.6994 -1.1516 0.1373
0.7088 0.9239 0.1713
0.7042 1.0965 0.1674
0.7212 0.9947 0.1539
0.7230 -0.9237 0.2607
0.7259 0.1408 0.2968
0.7307 -0.0354 0.1989
0.7391 0.9886 0.1717
0.7454 -1.1084 0.1386
0.7564 0.0656 0.2673
0.7635 -0.9799 0.2214
0.7706 -1.1661 0.1414
0.8021 -1.0850 0.1579
0.8138 0.8421 0.2933
0.8193 -1.1526 0.1210
0.8276 -0.1336 0.3353
0.8360 -0.8686 0.3000
0.8446 -1.1618 0.1184
0.8518 -1.2028 0.1217
0.8513 -1.1230 0.1356
0.8609 0.8618 0.3229
0.8569 -0.8937 0.2885
0.8637 0.3320 0.5538
0.8679 -1.2072 0.1218
0.8694 -1.0204 0.2303
0.8838 -0.5982 0.3249
0.8942 1.1665 0.4337
0.8958 -1.2266 0.1434
0.8970 -1.1975 0.1358
0.9033 -1.2788 0.1974
0.9215 -0.6338 0.2688
0.9333 -0.6584 0.2515
0.9349 -1.3007 0.2486
0.9402 -0.6109 0.2931
0.9712 -0.7024 0.2506
0.9903 -0.6587 0.2772
0.9911 -0.7468 0.2688
1.0021 0.0972 0.5496
1.0502 0.7830 0.6135
1.0643 -0.9475 0.4356
