points 
 2 
 1 
Tumour[19065]CD6810NNCodensity
-1.4433 0.3176 0.1982
-1.4471 0.8424 0.3941
-1.4381 0.3790 0.2306
-1.4370 -0.0487 0.3545
-1.4270 0.1726 0.2193
-1.4169 0.3470 0.1984
-1.4176 -0.0066 0.3080
-1.4179 -0.8777 0.4214
-1.4153 0.0989 0.2407
-1.4082 -1.3101 0.2979
-1.4114 0.2578 0.1786
-1.4109 0.3787 0.2191
-1.4076 0.6066 0.3661
-1.4006 0.2129 0.1933
-1.4006 -1.2297 0.2764
-1.3985 0.0495 0.2646
-1.3673 0.7022 0.2983
-1.3545 0.9561 0.3915
-1.3521 -0.7450 0.3834
-1.3417 -1.3654 0.2612
-1.3331 -1.2261 0.2166
-1.3359 0.1982 0.2224
-1.3110 -0.7729 0.3451
-1.3175 0.3687 0.2467
-1.2940 0.9375 0.3525
-1.2772 0.8126 0.2648
-1.2760 -1.0915 0.2613
-1.2757 0.2677 0.2612
-1.2654 -1.2355 0.1963
-1.2639 -0.6642 0.3417
-1.2503 -0.1959 0.3430
-1.2403 -0.6680 0.3354
-1.2419 -1.3612 0.1997
-1.2348 0.7493 0.2456
-1.2315 -1.1129 0.2313
-1.2240 0.7230 0.2438
-1.2182 -1.3249 0.1691
-1.2158 0.0023 0.3469
-1.2005 -1.2877 0.1625
-1.1993 -0.9996 0.2853
-1.1988 -1.1547 0.2159
-1.1962 0.7128 0.2524
-1.1892 0.5779 0.3041
-1.1853 -0.8089 0.3431
-1.1631 -0.4796 0.2913
-1.1618 0.6726 0.2728
-1.1389 -1.3599 0.1496
-1.1514 -1.3072 0.1329
-1.1489 -0.1346 0.3124
-1.1437 1.0465 0.4645
-1.1401 -0.9632 0.3081
-1.1310 -0.2640 0.2556
-1.1272 -0.3998 0.2467
-1.1214 -0.1075 0.3235
-1.1199 0.4023 0.3248
-1.1110 -0.2302 0.2568
-1.0914 -1.3639 0.1512
-1.0934 -1.3375 0.1278
-1.0874 -1.2335 0.1317
-1.0923 -1.2801 0.1116
-1.0902 -0.4332 0.2193
-1.0796 -1.0195 0.2909
-1.0641 -1.2560 0.1151
-1.0639 -1.1320 0.2171
-1.0674 0.4873 0.3528
-1.0489 -1.2893 0.1109
-1.0464 0.2400 0.2387
-1.0402 -1.1997 0.1565
-1.0348 -0.4946 0.2173
-1.0293 -1.2997 0.1228
-1.0223 -1.2404 0.1342
-1.0269 0.3095 0.2404
-1.0055 -0.5610 0.2786
-1.0042 -0.3766 0.1885
-1.0014 0.2501 0.2231
-0.9936 0.7182 0.3323
-0.9870 0.1232 0.2846
-0.9844 0.1433 0.2693
-0.9761 -1.3474 0.1870
-0.9641 -0.2257 0.2548
-0.9522 -0.4657 0.1849
-0.9434 -0.3975 0.1561
-0.9384 0.8891 0.2644
-0.9376 -0.3184 0.1710
-0.9338 0.9627 0.2923
-0.9308 -1.3461 0.2034
-0.9253 -1.2098 0.1895
-0.9169 -0.3748 0.1498
-0.9184 0.2228 0.2348
-0.9156 0.2579 0.2336
-0.9110 0.3031 0.2545
-0.9099 0.9018 0.2419
-0.8814 -0.3655 0.1544
-0.8807 -0.2771 0.1996
-0.8772 0.6906 0.2844
-0.8674 -0.7826 0.3903
-0.8641 -0.4524 0.2151
-0.8619 -1.1741 0.1360
-0.8550 -1.2537 0.1463
-0.8478 -0.9922 0.2714
-0.8485 0.5778 0.2725
-0.8441 -1.1268 0.1586
-0.8432 -0.3744 0.1853
-0.8283 -1.3907 0.2001
-0.8292 0.8679 0.1907
-0.8225 -1.3370 0.1539
-0.8207 -0.6669 0.3802
-0.8119 -1.1928 0.0950
-0.8095 -1.2373 0.1090
-0.7843 -1.1530 0.1036
-0.7960 -0.2787 0.2283
-0.7849 -1.2106 0.0901
-0.7730 -1.3426 0.1347
-0.7699 -1.2502 0.1102
-0.7820 -0.9732 0.2520
-0.7802 0.7735 0.2176
-0.7785 0.9454 0.1820
-0.7757 -1.1786 0.0891
-0.7623 0.0282 0.3191
-0.7532 -1.2042 0.0924
-0.7477 -1.2878 0.1168
-0.7605 -0.9372 0.2712
-0.7518 -1.1506 0.1053
-0.7573 1.0011 0.2204
-0.7434 0.8481 0.1642
-0.7330 0.8927 0.1477
-0.7380 0.5090 0.1767
-0.7313 -1.3620 0.1429
-0.7392 0.5573 0.1731
-0.7204 -1.3197 0.1177
-0.7349 0.4124 0.2542
-0.7299 0.5991 0.1787
-0.7229 -1.1772 0.0996
-0.7239 -0.8760 0.2924
-0.7184 -0.2054 0.2118
-0.7215 0.1891 0.2467
-0.7194 0.6398 0.1833
-0.7155 0.4302 0.2277
-0.6927 0.8508 0.1568
-0.7007 0.8817 0.1521
-0.7079 1.0155 0.2448
-0.6942 -1.2872 0.1143
-0.6875 -1.1573 0.1160
-0.6744 -0.1829 0.1703
-0.6717 -0.2310 0.1920
-0.6814 -1.1175 0.1375
-0.6731 -1.3321 0.1238
-0.6608 -1.2437 0.1322
-0.6740 -1.2035 0.1278
-0.6496 0.8293 0.1558
-0.6642 0.1496 0.1898
-0.6617 -1.1376 0.1331
-0.6596 -0.6715 0.3341
-0.6506 0.2013 0.1989
-0.6514 0.4677 0.1959
-0.6445 0.5957 0.1509
-0.6402 0.6922 0.1410
-0.6317 -0.1955 0.1552
-0.6163 -0.1644 0.1408
-0.6373 0.5604 0.1560
-0.6240 -1.3317 0.1539
-0.6328 -1.2981 0.1325
-0.6314 0.7189 0.1347
-0.6345 0.9414 0.2085
-0.6145 0.7348 0.1207
-0.6112 0.1678 0.1761
-0.6213 -1.0483 0.1904
-0.6105 -0.0338 0.1735
-0.6175 -0.4149 0.3349
-0.6066 0.2215 0.1945
-0.6079 -1.2969 0.1532
-0.5933 0.0673 0.1750
-0.5788 0.6533 0.1269
-0.6019 -0.0840 0.1484
-0.5950 0.5271 0.1610
-0.5900 -1.0941 0.1633
-0.5836 0.7484 0.1122
-0.5888 0.7860 0.1310
-0.5797 0.1263 0.1732
-0.5751 -0.6968 0.3039
-0.5472 -0.9023 0.2479
-0.5661 -0.0903 0.1454
-0.5666 -0.0517 0.1540
-0.5612 -1.0056 0.1844
-0.5604 -0.1598 0.1460
-0.5496 0.7452 0.1114
-0.5560 -1.1393 0.1773
-0.5555 -0.2013 0.1521
-0.5502 0.6302 0.1244
-0.5411 0.5918 0.1204
-0.5414 0.8352 0.1741
-0.5415 0.6615 0.1189
-0.5336 0.0145 0.1779
-0.5172 0.7179 0.1208
-0.5358 -0.8181 0.2770
-0.5341 0.1100 0.1924
-0.5290 0.3159 0.2423
-0.5295 0.3579 0.2401
-0.5272 -0.0133 0.1767
-0.5175 -1.2327 0.2302
-0.5173 0.5705 0.1133
-0.5133 0.7493 0.1244
-0.5044 -0.6478 0.2794
-0.4852 -1.0688 0.1578
-0.5037 0.5276 0.1171
-0.5015 -0.3205 0.2222
-0.4926 -0.2839 0.2020
-0.4910 -0.4722 0.3211
-0.4915 -1.1442 0.1886
-0.4914 0.5008 0.1356
-0.4843 -0.7035 0.2607
-0.4866 0.7020 0.1319
-0.4795 -1.0344 0.1616
-0.4846 -1.0080 0.1682
-0.4813 -0.2430 0.1843
-0.4760 0.6134 0.1099
-0.4714 -0.2113 0.1813
-0.4612 0.5099 0.1291
-0.4642 0.5694 0.0994
-0.4614 -0.1752 0.1941
-0.4601 0.8245 0.1805
-0.4435 -0.9805 0.1741
-0.4548 0.3777 0.2199
-0.4527 0.6403 0.1298
-0.4374 0.5525 0.1138
-0.4357 0.6212 0.1326
-0.4283 0.7866 0.1638
-0.4218 0.1896 0.2086
-0.4183 0.5244 0.1414
-0.4020 0.2918 0.2157
-0.4010 0.7906 0.1823
-0.3910 0.2036 0.2012
-0.3841 -1.0807 0.1416
-0.3711 -1.1345 0.1584
-0.3704 -0.9389 0.2032
-0.3728 0.1588 0.2023
-0.3750 0.7057 0.1651
-0.3540 -0.3993 0.2759
-0.3569 0.4356 0.2434
-0.3511 -1.1229 0.1396
-0.3483 -1.0880 0.1256
-0.3476 -0.7955 0.2497
-0.3452 -0.0923 0.2640
-0.3405 0.1366 0.2008
-0.3386 0.6325 0.1595
-0.3396 -1.0663 0.1256
-0.3409 -0.9920 0.1657
-0.3323 -0.6093 0.2250
-0.3327 0.7524 0.1904
-0.3173 -0.8319 0.2362
-0.3205 -0.6778 0.2139
-0.3156 -0.6363 0.2132
-0.3058 0.6767 0.1471
-0.3020 -1.3917 0.3725
-0.3011 0.5889 0.1685
-0.2767 -1.0325 0.1479
-0.2864 -0.4941 0.2417
-0.2864 0.1317 0.1988
-0.2839 0.2502 0.2333
-0.2715 -1.1307 0.1332
-0.2676 -1.0908 0.1303
-0.2618 0.6212 0.1242
-0.2558 -0.3309 0.2500
-0.2537 -0.2441 0.2280
-0.2570 0.0445 0.2029
-0.2528 -0.5541 0.2076
-0.2548 0.3119 0.2900
-0.2482 -0.9657 0.1897
-0.2424 -1.3273 0.2781
-0.2474 0.8931 0.2339
-0.2461 -1.2805 0.2347
-0.2399 -0.2068 0.2093
-0.2418 -0.1551 0.2071
-0.2436 0.7013 0.1298
-0.2383 -1.2101 0.1786
-0.2360 -1.0754 0.1404
-0.2365 -0.4640 0.2369
-0.2304 0.6360 0.1104
-0.2327 -1.1641 0.1532
-0.2276 -0.7272 0.2041
-0.2199 -0.0664 0.2023
-0.2209 0.5552 0.1609
-0.1987 0.6355 0.1004
-0.1858 0.6598 0.0932
-0.1910 0.7919 0.1357
-0.2030 0.0508 0.2061
-0.2048 -0.1138 0.1967
-0.2040 -0.8925 0.1989
-0.1977 -0.6853 0.1804
-0.1742 0.6816 0.0930
-0.1850 0.7094 0.1009
-0.1774 0.7387 0.1070
-0.1872 -0.8614 0.1916
-0.1862 0.1243 0.2265
-0.1798 -0.0148 0.2018
-0.1767 -1.1479 0.1711
-0.1524 0.8520 0.1274
-0.1675 0.6103 0.1122
-0.1579 0.7573 0.1072
-0.1721 -1.1219 0.1677
-0.1518 0.9180 0.1442
-0.1625 0.5476 0.1707
-0.1423 0.6391 0.1051
-0.1479 0.7981 0.1140
-0.1568 1.0820 0.2013
-0.1560 -0.2936 0.1831
-0.1509 -1.0364 0.1792
-0.1467 -0.6515 0.1477
-0.1303 0.7161 0.0998
-0.1288 0.0820 0.2197
-0.1103 0.8168 0.1111
-0.1208 -0.6334 0.1347
-0.1226 -0.8946 0.1367
-0.1187 -0.5949 0.1414
-0.1152 0.8894 0.1141
-0.1237 -0.6789 0.1400
-0.1033 1.0260 0.1398
-0.1246 1.0975 0.1772
-0.1097 0.6568 0.1096
-0.0941 0.9577 0.1357
-0.0864 0.9878 0.1388
-0.0982 -1.0317 0.1869
-0.1030 -0.4893 0.1374
-0.0788 0.8447 0.1089
-0.1003 0.6753 0.1107
-0.0873 -0.8656 0.1166
-0.0774 0.7080 0.1172
-0.0795 0.7521 0.1159
-0.0770 1.0746 0.1303
-0.0856 -0.8438 0.1214
-0.0789 -0.4273 0.1169
-0.0722 -0.1176 0.1559
-0.0842 0.9162 0.1177
-0.0645 0.8978 0.1187
-0.0795 -0.1936 0.1251
-0.0794 -0.2830 0.1109
-0.0579 0.7973 0.1169
-0.0700 -0.5398 0.1174
-0.0602 -1.3367 0.3578
-0.0714 -0.9712 0.1418
-0.0672 -0.6522 0.1289
-0.0651 -0.4540 0.1054
-0.0596 -0.2889 0.1004
-0.0592 -0.9879 0.1561
-0.0597 -0.7617 0.1621
-0.0544 -0.3231 0.0965
-0.0595 -0.2393 0.1012
-0.0601 -0.1510 0.1280
-0.0605 0.5116 0.2190
-0.0438 0.6244 0.1326
-0.0550 -0.9060 0.1051
-0.0508 -0.5702 0.1225
-0.0510 1.0989 0.1386
-0.0438 -0.5207 0.1073
-0.0476 -0.3833 0.0972
-0.0369 -0.8835 0.0992
-0.0422 -0.6740 0.1403
-0.0399 -0.4183 0.0953
-0.0444 -0.2686 0.0971
-0.0459 -0.1842 0.1125
-0.0483 -0.0747 0.1693
-0.0396 0.8376 0.1200
-0.0356 -0.9418 0.1303
-0.0346 -0.8501 0.1004
-0.0332 -0.4697 0.1011
-0.0344 -0.3602 0.0900
-0.0259 -0.3088 0.0922
-0.0131 -0.4026 0.0931
-0.0324 0.7470 0.1304
-0.0233 -0.8206 0.1184
-0.0255 1.0783 0.1223
-0.0209 -0.7033 0.1606
-0.0079 -0.3515 0.0886
-0.0175 0.1155 0.1631
-0.0150 -0.5394 0.1191
-0.0109 0.6735 0.1255
-0.0171 -0.2083 0.1041
-0.0018 -0.5771 0.1339
-0.0045 0.6236 0.1365
0.0024 -0.4747 0.1080
0.0072 -0.8706 0.1163
0.0240 -0.3296 0.1019
0.0072 -0.2249 0.1085
0.0025 0.8714 0.1601
0.0286 -0.3676 0.0947
0.0404 -0.2830 0.1159
0.0142 0.0821 0.1317
0.0040 0.7756 0.1523
0.0048 1.0069 0.1187
0.0126 1.0312 0.1052
0.0169 0.0508 0.1363
0.0158 0.6597 0.1396
0.0224 -0.8492 0.1297
0.0434 -0.3945 0.0942
0.0328 -0.1096 0.1412
0.0300 0.6232 0.1582
0.0248 1.0526 0.1049
0.0278 -1.3331 0.3666
0.0333 -0.6311 0.1568
0.0270 0.1672 0.1517
0.0316 -0.1574 0.1283
0.0384 1.0050 0.1103
0.0320 1.0749 0.1203
0.0442 -0.4649 0.1147
0.0381 -0.4413 0.1000
0.0391 -0.0601 0.1390
0.0430 -0.2323 0.1136
0.0412 0.0010 0.1293
0.0406 0.5689 0.1765
0.0499 -0.8513 0.1649
0.0495 0.3952 0.1796
0.0496 0.1416 0.1266
0.0543 0.0178 0.1214
0.0542 0.4916 0.1904
0.0574 -0.1896 0.1234
0.0612 0.4429 0.1814
0.0625 -0.0702 0.1457
0.0639 0.2279 0.1619
0.0616 1.0198 0.1047
0.0656 -0.4211 0.1021
0.0682 -0.6967 0.2025
0.0738 0.0949 0.1142
0.0764 0.3198 0.1639
0.0776 -0.5994 0.1650
0.0814 -0.3471 0.0924
0.0824 0.3906 0.1609
0.0938 -0.3864 0.1054
0.0915 -0.0258 0.1365
0.1010 -0.2708 0.0988
0.1013 -0.2276 0.1115
0.0920 1.0010 0.1127
0.0977 -0.4797 0.1413
0.1007 -0.3368 0.0964
0.0931 0.8413 0.1468
0.0984 0.9435 0.1438
0.1023 0.1263 0.1092
0.1041 0.4115 0.1608
0.1090 -0.3055 0.0989
0.1210 0.2539 0.1372
0.1133 -0.3580 0.1078
0.1218 0.0522 0.1134
0.1227 -0.5306 0.1568
0.1290 -0.2485 0.1138
0.1228 1.0442 0.1115
0.1263 -1.2092 0.3394
0.1282 0.8282 0.1224
0.1284 0.1327 0.1017
0.1379 0.9491 0.1380
0.1406 0.7220 0.1586
0.1443 0.8509 0.1131
0.1436 1.0735 0.1396
0.1451 -0.2237 0.1439
0.1449 0.0506 0.1150
0.1461 0.1224 0.1004
0.1405 0.3033 0.1406
0.1519 0.8098 0.1106
0.1465 -0.2893 0.1205
0.1541 0.8904 0.1274
0.1507 1.0557 0.1292
0.1532 0.2032 0.1152
0.1590 -0.6304 0.2076
0.1591 0.0189 0.1409
0.1681 0.0843 0.1149
0.1608 0.6415 0.1599
0.1748 0.7712 0.1158
0.1639 1.0362 0.1320
0.1715 -0.5878 0.1870
0.1661 -0.5066 0.1597
0.1687 0.1381 0.1114
0.1691 0.2092 0.1215
0.1686 1.0074 0.1334
0.1969 0.5946 0.1362
0.1842 0.3380 0.1494
0.1994 0.6369 0.1314
0.1828 0.1843 0.1265
0.2003 0.8033 0.1122
0.1885 0.2644 0.1395
0.2100 0.0021 0.1956
0.2116 0.5151 0.1374
0.2047 -0.4420 0.1592
0.2415 0.5563 0.1239
0.2108 0.8878 0.1444
0.2230 0.8384 0.1272
0.2151 0.7067 0.1265
0.2209 -1.3538 0.1820
0.2239 -0.5296 0.1822
0.2287 -1.3076 0.1815
0.2285 -0.4249 0.1459
0.2218 0.3071 0.1508
0.2281 0.3945 0.1473
0.2339 -0.3591 0.1598
0.2312 0.4637 0.1253
0.2383 0.4922 0.1170
0.2309 0.7707 0.1205
0.2390 0.7503 0.1250
0.2488 -0.1300 0.2576
0.2511 -1.3891 0.1846
0.2543 -1.3612 0.1617
0.2502 0.3817 0.1497
0.2585 0.6207 0.1287
0.2578 0.6431 0.1269
0.2825 0.5249 0.1168
0.2777 -0.3970 0.1244
0.2882 0.7282 0.1369
0.2801 0.4808 0.1106
0.2774 0.6478 0.1382
0.2936 0.9157 0.1147
0.2907 0.4389 0.1296
0.2916 -0.3785 0.1235
0.2976 -1.3753 0.1534
0.3025 0.9464 0.1266
0.3181 0.5017 0.1271
0.3169 -1.3394 0.1391
0.3051 0.2637 0.2240
0.3130 0.8578 0.1129
0.3162 1.0197 0.1762
0.3164 1.0668 0.2129
0.3133 -1.2912 0.1612
0.3156 0.7875 0.1427
0.3255 0.9270 0.1068
0.3246 -0.4858 0.1683
0.3226 -0.4130 0.1261
0.3242 0.3462 0.1998
0.3310 -0.2778 0.1573
0.3300 0.8895 0.0989
0.3480 0.5206 0.1527
0.3351 -0.3705 0.1326
0.3417 -1.3276 0.1482
0.3374 -0.4337 0.1407
0.3349 0.8625 0.1072
0.3371 -0.2392 0.1767
0.3442 -0.3079 0.1479
0.3557 0.9219 0.1123
0.3507 -0.0599 0.2561
0.3605 0.7214 0.1373
0.3790 1.0882 0.2345
0.3796 0.8967 0.1199
0.3675 -0.2117 0.1815
0.3770 0.4787 0.1748
0.3764 0.7061 0.1298
0.3918 0.7594 0.1392
0.3867 -1.2702 0.1846
0.3893 -1.1144 0.3206
0.3915 -0.5348 0.2428
0.3927 0.0032 0.2751
0.3966 0.6398 0.1314
0.3949 0.8600 0.1345
0.4027 -0.2616 0.1744
0.4151 -0.4054 0.1978
0.4183 -0.1027 0.2401
0.4333 1.0456 0.1981
0.4279 0.6356 0.1130
0.4387 0.5673 0.1561
0.4317 0.7228 0.1146
0.4504 0.6151 0.1173
0.4441 -1.3924 0.2328
0.4391 -0.2074 0.2151
0.4514 0.8369 0.1579
0.4459 -0.9529 0.3939
0.4512 0.4101 0.2735
0.4530 -1.2982 0.1761
0.4647 0.6801 0.1022
0.4725 0.6556 0.1026
0.4677 0.7292 0.1118
0.4729 -0.9221 0.3928
0.4721 0.1817 0.3095
0.4855 -1.3383 0.1997
0.4864 0.7886 0.1290
0.5024 0.9891 0.1426
0.4864 -1.2300 0.1909
0.4856 0.6716 0.1083
0.5069 0.8017 0.1429
0.5239 0.6309 0.1224
0.5088 -0.5125 0.2819
0.5081 -0.2910 0.2749
0.5141 0.7545 0.1175
0.5156 -1.2420 0.1765
0.5172 0.0502 0.2495
0.5305 0.5829 0.1401
0.5243 1.0242 0.1188
0.5311 0.0064 0.2569
0.5411 0.7538 0.1246
0.5448 0.9187 0.1662
0.5506 1.0930 0.1467
0.5541 -0.5403 0.2920
0.5598 0.9858 0.0996
0.5646 -1.2378 0.1747
0.5652 -0.7614 0.3890
0.5655 0.0773 0.2622
0.5748 1.0877 0.1317
0.5867 0.6925 0.1065
0.5709 0.9605 0.1109
0.5710 1.0483 0.1018
0.5811 0.7385 0.1268
0.6033 0.5771 0.1319
0.5896 0.5341 0.1731
0.5901 0.1364 0.2826
0.5915 0.9884 0.0948
0.5927 0.6281 0.1073
0.5959 1.0322 0.0947
0.6048 -1.2732 0.1767
0.5984 0.6573 0.1004
0.6098 -1.2183 0.1826
0.6127 0.6260 0.1073
0.6147 1.0091 0.0932
0.6318 0.6978 0.0969
0.6260 0.7308 0.1160
0.6412 1.0197 0.1008
0.6478 0.2125 0.3143
0.6529 0.6488 0.0988
0.6487 0.9776 0.0952
0.6506 1.0957 0.1515
0.6547 -1.2959 0.1943
0.6575 -0.4284 0.2536
0.6631 0.0107 0.3191
0.6623 0.6915 0.0978
0.6640 -1.2002 0.1882
0.6646 -0.9307 0.2868
0.6721 0.9362 0.1073
0.6784 0.9834 0.0885
0.6818 -0.5293 0.2410
0.6800 0.7972 0.1835
0.6828 0.9625 0.0900
0.6871 -1.0373 0.2571
0.6957 0.6381 0.0960
0.6922 0.3430 0.2963
0.6903 0.5268 0.1414
0.6994 0.5677 0.1107
0.6943 0.8911 0.1344
0.6909 0.6940 0.1059
0.7265 0.6555 0.0923
0.6973 -0.9328 0.2776
0.7120 0.6036 0.0932
0.7044 1.0081 0.0917
0.7205 0.7156 0.1293
0.7216 1.0565 0.1040
0.7248 -1.1842 0.1744
0.7355 -0.5170 0.2148
0.7394 0.5367 0.1043
0.7345 0.6244 0.0842
0.7280 0.9335 0.0957
0.7346 -0.5604 0.2483
0.7350 1.0105 0.0886
0.7398 0.9599 0.0866
0.7410 1.0821 0.1212
0.7490 0.5774 0.0868
0.7490 0.4234 0.2097
0.7592 0.6223 0.0809
0.7472 -1.2898 0.1792
0.7514 -1.3928 0.2432
0.7530 0.9241 0.1040
0.7517 1.0516 0.0964
0.7543 0.9935 0.0873
0.7662 -0.3723 0.2049
0.7689 0.8676 0.1398
0.7779 -0.8374 0.3065
0.7774 -0.9963 0.2260
0.7822 0.5105 0.1214
0.7833 0.6794 0.0960
0.7863 1.0438 0.1007
0.7814 0.5342 0.1050
0.7834 0.5773 0.0863
0.7884 0.6416 0.0838
0.7869 -1.3100 0.1777
0.7925 0.6012 0.0837
0.7856 0.9607 0.0923
0.7827 1.0920 0.1326
0.7854 0.2853 0.3409
0.7920 -0.5069 0.2018
0.7976 0.9898 0.0927
0.7975 -1.1697 0.1317
0.8119 0.6986 0.0915
0.8138 -0.3672 0.1745
0.8057 -1.2051 0.1237
0.8152 0.9635 0.0982
0.8164 -1.1339 0.1387
0.8122 -1.3868 0.2102
0.8300 -0.4002 0.1616
0.8142 -0.0574 0.3129
0.8233 0.6195 0.0867
0.8192 0.6682 0.0825
0.8210 0.8661 0.1336
0.8214 -1.1940 0.1184
0.8294 0.5622 0.1018
0.8319 0.7421 0.1096
0.8565 -0.3444 0.1654
0.8342 0.7096 0.0894
0.8282 0.8859 0.1218
0.8313 1.0036 0.1028
0.8446 0.4809 0.1556
0.8441 -0.9329 0.2406
0.8480 0.6835 0.0820
0.8590 0.7783 0.1207
0.8490 0.6361 0.0850
0.8475 -1.2014 0.1179
0.8514 0.9226 0.1119
0.8493 0.5794 0.0952
0.8642 -0.0152 0.2852
0.8641 0.9668 0.1030
0.8619 1.0433 0.1156
0.8675 -1.1100 0.1403
0.8710 1.0974 0.1433
0.8846 0.7096 0.0865
0.8801 -1.2092 0.1248
0.8884 0.6651 0.0838
0.8894 0.8129 0.1234
0.8862 -1.0698 0.1626
0.8900 0.5804 0.0881
0.8892 1.0737 0.1243
0.8926 0.6413 0.0842
0.8948 -1.1850 0.1295
0.8988 -0.3192 0.1657
0.8956 -1.2897 0.1542
0.8898 0.6111 0.0819
0.9065 0.8684 0.1159
0.8943 1.0032 0.1094
0.9055 -1.3390 0.1614
0.8957 -0.7561 0.3561
0.9021 -1.3768 0.1786
0.9096 -0.5246 0.2620
0.9019 -0.3876 0.1648
0.9171 -0.3479 0.1650
0.9065 -0.1243 0.2279
0.9082 0.5380 0.1030
0.9055 0.9340 0.1018
0.9272 1.0885 0.1422
0.9108 0.6202 0.0847
0.9143 0.6955 0.0930
0.9173 0.7429 0.1014
0.9172 0.4623 0.1542
0.9316 0.5813 0.0926
0.9116 0.7176 0.0956
0.9131 0.7707 0.1058
0.9186 -0.4644 0.2141
0.9211 -0.2043 0.2062
0.9447 0.8381 0.1139
0.9418 -1.3780 0.1771
0.9359 0.5458 0.0956
0.9343 0.9407 0.0979
0.9425 0.8832 0.1067
0.9373 0.9641 0.1016
0.9382 -1.2507 0.1485
0.9436 -1.0837 0.1498
0.9468 1.0118 0.1175
0.9489 -1.0480 0.1508
0.9445 0.5197 0.0998
0.9484 0.6255 0.0919
0.9505 1.0593 0.1301
0.9646 0.6607 0.1000
0.9625 -1.1290 0.1546
0.9646 -1.0123 0.1539
0.9801 -0.2356 0.1970
0.9661 -0.9050 0.2307
0.9703 0.5182 0.0967
0.9798 0.8204 0.1108
0.9704 0.9506 0.1058
0.9744 0.9026 0.1065
0.9882 -1.2006 0.1571
0.9772 0.1459 0.3841
0.9771 0.7698 0.1130
0.9843 0.6384 0.1042
1.0038 1.0723 0.1749
0.9836 -0.0752 0.2398
0.9926 0.5026 0.1100
1.0026 0.6206 0.1101
0.9999 0.7396 0.1254
1.0087 -0.1509 0.2271
0.9929 0.6808 0.1189
1.0003 -1.2524 0.1637
1.0046 0.5368 0.1044
1.0016 -0.9705 0.1897
1.0138 -0.3084 0.2352
1.0125 0.0269 0.2998
1.0105 0.1416 0.3939
1.0175 0.5950 0.1190
1.0165 -0.7709 0.3729
1.0231 0.4770 0.1561
1.0155 0.9662 0.1308
1.0335 -1.1729 0.1953
1.0257 -0.1815 0.2355
1.0240 0.8708 0.1221
1.0189 -1.3860 0.2163
1.0336 0.5493 0.1273
1.0257 -1.3615 0.2000
1.0318 0.7680 0.1372
1.0273 0.8278 0.1161
1.0345 -1.0249 0.1842
1.0407 -1.2763 0.1917
1.0436 -1.0022 0.2023
1.0433 0.8123 0.1313
1.0432 0.9042 0.1396
1.0431 0.9873 0.1605
