points 
 2 
 1 
Tumour[19065]CD810NNCodensity
-1.2247 -1.3161 0.1688
-1.2373 -1.2844 0.1677
-1.2362 0.7359 0.4957
-1.2285 -1.2485 0.1637
-1.2204 -1.1162 0.2489
-1.2139 0.3427 0.4798
-1.2182 -0.0947 0.4085
-1.1913 -1.2649 0.1335
-1.1971 -0.0834 0.3783
-1.1879 -1.3315 0.1535
-1.1695 0.8182 0.4257
-1.1758 0.8465 0.4390
-1.1460 -1.2377 0.1416
-1.1621 -1.0912 0.2202
-1.1493 -1.3127 0.1329
-1.1514 0.3499 0.4083
-1.1486 -0.9524 0.2897
-1.1491 -0.1017 0.3374
-1.1286 -1.0961 0.2015
-1.1343 0.7998 0.3989
-1.1195 -1.2861 0.1308
-1.0881 -1.2359 0.1337
-1.1213 -0.1516 0.3487
-1.1116 0.2635 0.3438
-1.0913 -0.8978 0.3130
-1.0805 -0.9923 0.2361
-1.0590 -1.2745 0.1216
-1.0661 0.3149 0.3316
-1.0367 -1.2034 0.1180
-1.0410 -1.3297 0.1490
-1.0326 -1.1730 0.1229
-1.0361 -0.8816 0.3248
-1.0253 -1.3123 0.1329
-1.0066 -1.2568 0.1132
-1.0193 -1.1502 0.1250
-0.9894 -1.1980 0.1123
-0.9912 -1.1480 0.1124
-0.9870 0.0888 0.2642
-0.9736 -1.3025 0.1211
-0.9735 0.7114 0.3406
-0.9684 -1.1214 0.1158
-0.9624 -1.2534 0.1147
-0.9649 -0.5875 0.6198
-0.9612 0.1304 0.2463
-0.9571 -0.0079 0.2475
-0.9606 0.7443 0.3416
-0.9459 1.0880 0.4311
-0.9472 0.1668 0.2489
-0.9213 -1.1392 0.1086
-0.9396 -1.0944 0.1258
-0.9336 -0.0336 0.2410
-0.9265 -1.2974 0.1100
-0.9105 -1.2237 0.1163
-0.9141 -1.1136 0.1120
-0.9005 -1.3094 0.1115
-0.9006 -1.2771 0.0974
-0.8955 -1.1852 0.1302
-0.8977 -0.0257 0.2304
-0.8917 -0.1921 0.3246
-0.8918 0.2291 0.2723
-0.8806 -1.0835 0.1406
-0.8666 -1.1089 0.1315
-0.8757 -0.8617 0.3804
-0.8784 1.1194 0.4019
-0.8723 -1.2488 0.1069
-0.8735 0.5627 0.2488
-0.8284 -1.1132 0.1539
-0.8649 0.9910 0.3156
-0.8553 -1.2600 0.1065
-0.8359 -1.2972 0.1227
-0.8461 -1.3264 0.1399
-0.8302 -0.1471 0.2752
-0.8307 0.5628 0.2052
-0.8269 0.4619 0.2294
-0.8125 0.2777 0.2574
-0.8087 -0.0614 0.2341
-0.7918 -1.3027 0.1712
-0.7939 0.1773 0.2572
-0.7931 0.4794 0.1926
-0.7867 -1.2072 0.1805
-0.7749 0.6418 0.1604
-0.7701 -1.0723 0.1959
-0.7473 0.9468 0.2345
-0.7492 1.0173 0.2564
-0.7263 0.8378 0.1911
-0.7339 0.6537 0.1188
-0.7282 -0.0098 0.2495
-0.7284 -0.1701 0.3148
-0.7272 0.4504 0.1602
-0.7222 0.7281 0.1390
-0.7253 0.9007 0.2181
-0.7080 0.6968 0.1104
-0.7108 -1.1351 0.1878
-0.7105 -0.7262 0.4528
-0.7080 0.6314 0.1022
-0.7041 0.2134 0.1996
-0.7080 0.7580 0.1495
-0.7005 0.0053 0.2519
-0.6939 0.5056 0.1251
-0.6869 0.1832 0.2146
-0.6909 0.4230 0.1557
-0.6754 0.6805 0.1008
-0.6688 -1.0701 0.1503
-0.6746 0.5709 0.1052
-0.6647 0.3474 0.1587
-0.6721 0.6204 0.0928
-0.6690 0.6273 0.0908
-0.6544 0.3186 0.1458
-0.6518 0.5894 0.0989
-0.6582 0.8310 0.1780
-0.6560 -1.0143 0.1658
-0.6485 0.5257 0.0981
-0.6413 0.4537 0.1254
-0.6474 -1.1431 0.1918
-0.6420 1.0804 0.3212
-0.6353 0.6400 0.0944
-0.6400 0.7182 0.1224
-0.6338 -1.0127 0.1619
-0.6372 -0.8066 0.3569
-0.6330 0.5401 0.0997
-0.6284 -0.0051 0.2597
-0.6229 0.2929 0.1226
-0.6315 0.5053 0.0974
-0.6276 0.8492 0.2093
-0.6197 -1.3300 0.3171
-0.6233 -1.0536 0.1508
-0.6178 1.0547 0.3160
-0.6059 0.2710 0.1223
-0.6074 0.4795 0.1182
-0.5988 0.5110 0.1097
-0.6019 -1.0061 0.1739
-0.5918 -1.1202 0.1974
-0.6001 0.6533 0.0995
-0.6000 0.6792 0.1028
-0.5945 0.7500 0.1540
-0.5726 0.3359 0.1205
-0.5798 0.0642 0.2536
-0.5777 0.2520 0.1349
-0.5818 0.6207 0.1142
-0.5681 0.3142 0.1111
-0.5591 -1.0112 0.1916
-0.5545 0.6063 0.1352
-0.5602 0.6796 0.1229
-0.5586 0.5090 0.1299
-0.5486 -0.5700 0.4440
-0.5525 0.2456 0.1437
-0.5430 0.3280 0.1158
-0.5399 0.6960 0.1498
-0.5309 -0.1072 0.3463
-0.5282 -1.2954 0.3109
-0.5163 0.0667 0.2779
-0.5116 0.4259 0.1444
-0.5042 0.5352 0.1591
-0.4975 0.3844 0.1169
-0.4818 -1.2828 0.3210
-0.4839 0.3411 0.1077
-0.4833 0.2787 0.1405
-0.4811 0.4743 0.1448
-0.4692 1.1337 0.5165
-0.4628 0.5877 0.1971
-0.4670 -0.3551 0.5594
-0.4608 0.3819 0.1096
-0.4566 0.3287 0.1098
-0.4523 -0.9497 0.1959
-0.4294 0.4170 0.1154
-0.4315 -0.9254 0.1707
-0.4368 0.3358 0.1101
-0.4139 -1.2621 0.3644
-0.4191 -0.8884 0.1512
-0.4143 0.0268 0.3212
-0.3988 0.4567 0.1134
-0.3994 0.5140 0.1394
-0.3969 0.3454 0.1199
-0.3901 0.2922 0.1209
-0.3966 -0.9261 0.1608
-0.3864 0.2106 0.1543
-0.3766 0.4103 0.1132
-0.3830 -0.7896 0.1520
-0.3793 0.4368 0.1071
-0.3695 -0.7269 0.1927
-0.3558 -0.8590 0.1336
-0.3657 -0.7556 0.1648
-0.3632 -0.6563 0.2769
-0.3500 -0.9255 0.1672
-0.3455 0.4943 0.1055
-0.3420 -1.2649 0.4424
-0.3405 -0.8708 0.1426
-0.3428 -0.8049 0.1428
-0.3297 0.3768 0.1356
-0.3364 0.4389 0.1080
-0.3318 0.5127 0.1198
-0.3367 0.2450 0.1035
-0.3355 0.2492 0.1006
-0.3318 0.2514 0.1008
-0.3208 0.3012 0.1203
-0.3279 0.2465 0.1054
-0.3115 0.2451 0.1190
-0.3116 0.5031 0.1165
-0.3002 -0.7754 0.1702
-0.3073 0.4810 0.1090
-0.2910 -0.1519 0.4326
-0.2721 -0.0123 0.3773
-0.2663 0.3856 0.1357
-0.2606 0.4924 0.1297
-0.2513 0.4100 0.1236
-0.2333 0.4300 0.1202
-0.2292 0.4321 0.1222
-0.1804 0.4321 0.1391
-0.2063 -0.7951 0.2148
-0.2050 -0.8847 0.2462
-0.1938 0.3030 0.2108
-0.1834 1.1602 0.4971
-0.1692 0.1980 0.2915
-0.1604 -0.8371 0.2529
-0.1428 0.4793 0.1373
-0.1237 -0.6650 0.2114
-0.1228 -0.1024 0.4192
-0.1179 0.5250 0.1616
-0.1149 0.5013 0.1367
-0.1114 -0.7303 0.2224
-0.1075 -0.6766 0.2031
-0.1026 0.4104 0.1295
-0.0850 0.3728 0.1632
-0.0812 -0.5874 0.1845
-0.0695 0.4509 0.1056
-0.0691 0.4177 0.1173
-0.0666 -0.2287 0.3829
-0.0495 0.7476 0.4463
-0.0426 0.5023 0.1305
-0.0418 1.1287 0.3612
-0.0313 -0.6707 0.1878
-0.0353 0.4335 0.1157
-0.0246 1.1557 0.3708
-0.0246 -0.5901 0.1462
-0.0135 -0.5603 0.1351
-0.0057 0.4351 0.1268
-0.0098 0.4894 0.1313
-0.0002 -0.1650 0.3835
0.0177 -0.4430 0.1857
0.0259 -0.5023 0.1267
0.0359 -0.5208 0.1132
0.0452 -0.5859 0.1318
0.0438 -0.0623 0.4203
0.0499 0.5062 0.1475
0.0457 1.0071 0.3168
0.0546 0.4535 0.1319
0.0579 1.0932 0.3041
0.0703 -0.5560 0.1191
0.0574 1.0609 0.2985
0.0695 -0.5145 0.1164
0.0732 1.1272 0.3269
0.0783 -0.5897 0.1464
0.1080 -0.4871 0.1406
0.1049 0.4648 0.1151
0.1024 0.3123 0.2146
0.1183 -1.0742 0.5474
0.1209 -0.8370 0.4311
0.1185 0.5007 0.1242
0.1216 -0.4099 0.1798
0.1277 0.4265 0.1111
0.1273 0.2627 0.2710
0.1272 0.4432 0.1049
0.1479 -0.5052 0.1699
0.1459 -0.3855 0.2013
0.1483 0.0969 0.4123
0.1642 0.4081 0.1196
0.1450 0.3719 0.1485
0.1759 0.5154 0.1222
0.1979 0.5691 0.1260
0.1873 0.4761 0.1052
0.1932 -0.3527 0.2246
0.2016 0.4195 0.1172
0.2032 0.4947 0.1076
0.2168 0.7000 0.1703
0.2380 0.6025 0.1248
0.2396 0.6321 0.1346
0.2385 -0.4428 0.2310
0.2384 0.4569 0.1020
0.2403 0.5745 0.1118
0.2436 0.7241 0.1600
0.2455 0.9681 0.3082
0.2581 0.5653 0.1121
0.2619 0.4446 0.1133
0.2675 0.4835 0.1068
0.2791 0.5915 0.1255
0.2794 -0.1983 0.2412
0.2785 0.7376 0.1510
0.2724 0.4822 0.1086
0.2858 -0.3418 0.2027
0.2867 0.8090 0.1917
0.2999 1.0095 0.3452
0.3044 -0.9631 0.5344
0.2955 0.7753 0.1649
0.2970 0.4412 0.1421
0.3147 -1.3210 0.2900
0.3235 -0.3667 0.2207
0.3117 0.0801 0.4088
0.3169 0.7634 0.1624
0.3248 -1.2993 0.2745
0.3242 0.8321 0.2095
0.3319 -0.0202 0.3439
0.3463 -0.2143 0.1998
0.3545 0.6100 0.1407
0.3558 -1.3182 0.2426
0.3575 0.4760 0.1700
0.3524 0.5759 0.1427
0.3510 -0.2183 0.1986
0.3641 -0.2938 0.2000
0.3816 -1.3259 0.2267
0.3889 0.6646 0.1642
0.3914 -1.2939 0.2173
0.3977 0.5512 0.1595
0.4003 -0.2908 0.2224
0.3977 -0.0750 0.3037
0.4029 0.6129 0.1499
0.4169 0.9559 0.3383
0.4231 0.6637 0.1576
0.4240 -0.6350 0.4521
0.4531 0.5051 0.1757
0.4492 -0.2314 0.2717
0.4585 0.3206 0.3434
0.4714 0.7245 0.1615
0.4844 -1.3029 0.2018
0.5062 0.7475 0.1454
0.5155 0.5654 0.1495
0.5161 0.7289 0.1329
0.5208 0.6361 0.1634
0.5328 0.5089 0.1438
0.5442 0.5425 0.1322
0.5457 -1.2988 0.2085
0.5460 0.7086 0.1228
0.5598 -1.2515 0.2107
0.5658 -1.3079 0.2235
0.5613 0.5098 0.1328
0.5718 0.5383 0.1270
0.5748 -0.7543 0.3516
0.5809 0.7844 0.1208
0.5850 1.1301 0.3228
0.5903 -0.6392 0.4095
0.5979 0.0734 0.2737
0.6032 0.6883 0.1322
0.6016 0.7506 0.0980
0.6142 -1.2830 0.2335
0.6195 -1.1423 0.1839
0.6214 -0.9368 0.2428
0.6203 0.0092 0.2907
0.6248 -1.1801 0.1878
0.6195 0.7636 0.0999
0.6338 0.4746 0.1433
0.6227 0.7561 0.0977
0.6266 0.7615 0.1007
0.6339 0.1524 0.2276
0.6394 0.5155 0.1237
0.6502 0.5605 0.1363
0.6449 0.7798 0.1246
0.6515 0.2200 0.2019
0.6447 0.3202 0.1834
0.6501 -0.6600 0.3698
0.6589 -1.0721 0.1422
0.6592 -0.0243 0.3004
0.6576 0.6293 0.1675
0.6677 0.2392 0.1883
0.6717 0.3052 0.1703
0.6733 0.6681 0.1571
0.6751 -1.0210 0.1440
0.6714 -0.6856 0.3547
0.6840 0.3602 0.1612
0.6786 1.0275 0.1954
0.6809 1.1040 0.2058
0.6880 0.5223 0.1132
0.6901 -0.9546 0.1685
0.6939 0.2049 0.2108
0.6974 -0.0098 0.2913
0.7052 0.3993 0.1424
0.6919 1.0807 0.1867
0.7034 -1.0639 0.1315
0.7022 1.0461 0.1817
0.7084 0.7173 0.1654
0.7036 -1.0928 0.1353
0.7001 -1.0892 0.1329
0.7074 0.4817 0.1089
0.7205 0.5077 0.1064
0.7180 0.8695 0.2120
0.7215 0.9140 0.2237
0.7192 -1.1122 0.1588
0.7379 0.4334 0.1249
0.7311 0.5317 0.1159
0.7423 -0.9696 0.1523
0.7459 0.5148 0.1200
0.7491 0.9274 0.2159
0.7584 0.3917 0.1408
0.7660 0.5969 0.1625
0.7755 -0.9492 0.1745
0.7689 1.1046 0.1914
0.7827 0.6254 0.1714
0.7924 0.4672 0.1417
0.7978 -0.9627 0.1767
0.8063 0.3797 0.1432
0.8033 -0.9897 0.1709
0.8179 1.1251 0.2045
0.8200 0.6918 0.1514
0.8280 0.7911 0.1556
0.8273 0.6942 0.1487
0.8453 -0.0710 0.3811
0.8402 0.2638 0.2062
0.8373 0.4250 0.1566
0.8444 1.1460 0.2252
0.8488 0.3539 0.1493
0.8549 1.0233 0.2137
0.8587 -0.1138 0.4172
0.8624 -1.0340 0.2341
0.8708 -0.8296 0.2407
0.8707 -0.4770 0.4497
0.8742 0.9966 0.2154
0.8780 0.8245 0.1375
0.8775 0.7434 0.1250
0.8886 0.3410 0.1742
0.8897 0.3253 0.1776
0.8934 0.7310 0.1325
0.8956 0.7871 0.1151
0.9023 0.6297 0.2243
0.8989 0.7771 0.1154
0.9048 -1.2460 0.3425
0.9040 0.1668 0.2786
0.9159 0.8682 0.1540
0.9210 -1.2232 0.3208
0.9112 0.1659 0.2814
0.9234 -0.8229 0.2153
0.9215 0.3876 0.2107
0.9368 -0.3647 0.4229
0.9542 1.1572 0.2429
0.9547 -0.8555 0.2247
0.9546 0.8056 0.1405
0.9570 0.8461 0.1412
0.9690 1.0490 0.1890
0.9677 -0.7446 0.1850
0.9907 0.9366 0.1609
0.9841 -1.1066 0.2833
0.9922 -0.8172 0.1993
0.9987 0.8904 0.1519
1.0057 -1.1238 0.2885
1.0036 0.1341 0.3660
1.0061 1.0679 0.1901
1.0230 0.9985 0.1662
1.0232 -0.6785 0.1997
1.0430 1.1355 0.2417
1.0482 -0.7435 0.1755
1.0465 -0.7660 0.1799
1.0551 0.8431 0.1888
1.0728 -0.7006 0.1963
1.0587 -0.6116 0.2520
1.0559 0.9095 0.1642
1.0807 -1.0934 0.3367
1.0790 0.9455 0.1705
1.1237 -0.6566 0.2498
1.1157 1.0544 0.2182
1.1183 0.3929 0.3737
1.1206 0.9647 0.2089
1.1397 -0.3055 0.2194
1.1506 -1.1612 0.4179
1.1576 -1.3045 0.5371
1.1612 -0.5183 0.2740
1.1622 -0.2914 0.2049
1.1617 0.7677 0.3489
1.1771 1.1451 0.3422
1.1868 0.5175 0.4799
1.1976 -0.2661 0.2096
1.2127 -0.3274 0.1740
1.2188 -0.3919 0.1891
1.2455 -0.2771 0.2111
1.2490 0.2432 0.4351
1.2481 0.2800 0.4314
1.2501 -0.4792 0.2602
1.2471 -0.4362 0.2217
1.2509 -0.3601 0.1881
1.2518 -0.1317 0.3954
1.2524 0.2180 0.4457
