points 
 2 
 1 
Tumour[19065]FoxP310NNCodensity
-1.1579 -0.2606 0.4516
-1.1555 1.3103 0.4295
-1.1453 0.6670 0.2674
-1.1460 1.2511 0.3921
-1.1449 1.3166 0.4221
-1.1404 0.8152 0.1851
-1.1309 0.7000 0.2200
-1.1240 -0.9144 0.3132
-1.1194 -0.4092 0.3889
-1.1188 0.8726 0.1691
-1.1074 -1.0930 0.3697
-1.1109 1.2048 0.3570
-1.1042 -0.3521 0.3852
-1.1024 0.1279 0.4811
-1.0953 0.7600 0.1608
-1.0927 -0.8681 0.2648
-1.0753 0.8107 0.1430
-1.0770 0.0679 0.4378
-1.0707 -0.2251 0.3862
-1.0615 0.1723 0.4919
-1.0564 -0.6801 0.2158
-1.0496 0.9415 0.1652
-1.0450 0.9024 0.1390
-1.0450 0.8622 0.1275
-1.0336 -1.0563 0.2739
-1.0342 -0.6472 0.2366
-1.0361 0.7832 0.1490
-1.0350 0.9402 0.1585
-1.0285 -0.7229 0.1622
-1.0171 0.7004 0.2085
-1.0147 0.1966 0.5005
-1.0063 -0.7225 0.1501
-0.9995 -0.7525 0.1427
-0.9993 0.8617 0.1336
-0.9815 -1.1067 0.3012
-0.9647 0.7345 0.1886
-0.9644 0.9978 0.2203
-0.9608 0.8407 0.1425
-0.9563 -0.7912 0.1323
-0.9536 -0.8123 0.1436
-0.9424 1.0343 0.2650
-0.9392 -1.0057 0.2161
-0.9267 -0.7936 0.1278
-0.9231 0.8537 0.1543
-0.9195 1.2514 0.2834
-0.9165 -0.8371 0.1584
-0.9172 -0.2779 0.3288
-0.9111 0.8259 0.1562
-0.9066 -0.9625 0.1949
-0.9052 -0.7154 0.1633
-0.9072 -0.0704 0.4049
-0.8983 -0.4724 0.2683
-0.8947 -1.0036 0.2103
-0.8901 0.7918 0.1817
-0.8575 -0.7781 0.1595
-0.8490 -0.5326 0.2318
-0.8423 0.8719 0.2160
-0.8426 -0.7745 0.1718
-0.8409 0.3258 0.5525
-0.8385 1.3462 0.2006
-0.8369 -0.1303 0.3857
-0.8375 -0.9417 0.1945
-0.8292 -0.9423 0.1977
-0.8280 -0.7527 0.1850
-0.8216 -0.4733 0.2232
-0.8131 -0.5736 0.2181
-0.8102 0.8591 0.2467
-0.8056 1.3741 0.2058
-0.7970 -0.4785 0.2138
-0.7898 1.2283 0.1464
-0.7844 -0.3644 0.2820
-0.7713 1.0965 0.1548
-0.7701 1.2654 0.1180
-0.7712 1.2763 0.1197
-0.7733 1.3117 0.1324
-0.7606 -0.9781 0.2583
-0.7619 1.0248 0.1860
-0.7500 -0.3622 0.2949
-0.7542 1.0538 0.1584
-0.7399 1.0539 0.1526
-0.7433 1.0888 0.1411
-0.7337 -0.6372 0.1917
-0.7328 1.2102 0.1187
-0.7139 1.1876 0.1281
-0.7011 -0.8555 0.2377
-0.7024 1.3115 0.1331
-0.6976 1.2102 0.1220
-0.6956 1.2589 0.1103
-0.6909 -0.7057 0.1800
-0.6896 -0.6316 0.1760
-0.6913 1.0980 0.1506
-0.6904 1.3148 0.1413
-0.6776 1.2168 0.1309
-0.6612 -0.6170 0.1702
-0.6586 -0.8895 0.2612
-0.6602 -0.1021 0.3371
-0.6471 -0.7177 0.1767
-0.6517 0.9997 0.2235
-0.6439 -0.1190 0.3340
-0.6298 0.4317 0.4067
-0.6266 1.2932 0.1784
-0.6133 -0.6537 0.1652
-0.6042 -0.6063 0.1744
-0.6053 -0.4607 0.2701
-0.5989 0.8143 0.4014
-0.5969 0.4439 0.3739
-0.5954 1.1042 0.2243
-0.5867 -0.8171 0.2399
-0.5777 -0.7056 0.2028
-0.5837 0.8629 0.3614
-0.5487 0.0494 0.2805
-0.5410 1.3572 0.2937
-0.5318 -0.0555 0.2385
-0.5246 1.0913 0.2821
-0.5187 -0.5563 0.2078
-0.5234 -0.0909 0.2506
-0.5117 1.2492 0.2473
-0.5012 -0.8866 0.3367
-0.4951 -0.5581 0.2192
-0.4894 -0.4809 0.2494
-0.4861 1.2198 0.2551
-0.4654 -0.8809 0.3696
-0.4419 -0.4475 0.2939
-0.4349 0.0687 0.2110
-0.4296 0.4581 0.2304
-0.4097 0.0621 0.1921
-0.4028 0.3083 0.2578
-0.3996 -0.0828 0.2008
-0.3979 0.2861 0.2715
-0.3911 0.3461 0.2299
-0.3832 0.4457 0.2080
-0.3809 -0.5950 0.3350
-0.3816 -0.0212 0.1591
-0.3752 0.0381 0.1654
-0.3738 0.4626 0.2107
-0.3722 1.1790 0.3464
-0.3533 -0.3940 0.3659
-0.3382 0.9974 0.4098
-0.3327 1.2034 0.3912
-0.3124 -0.1126 0.1989
-0.3118 0.6625 0.3805
-0.3075 -0.0633 0.1568
-0.3065 0.4881 0.2271
-0.3062 0.0604 0.1874
-0.2915 0.3511 0.2526
-0.2870 0.0248 0.1714
-0.2774 -0.0053 0.1669
-0.2741 -0.0676 0.1750
-0.2755 0.8671 0.4361
-0.2749 0.5051 0.2549
-0.2320 -0.1503 0.2774
-0.2177 -1.0619 0.4133
-0.2146 -0.3441 0.4415
-0.2023 -1.1096 0.4557
-0.1861 0.5536 0.3440
-0.1824 0.1768 0.3809
-0.1672 -0.7695 0.2978
-0.1202 -0.8577 0.2340
-0.0869 0.8978 0.4504
-0.0743 -0.7368 0.2243
-0.0625 -0.8641 0.2012
-0.0653 0.7529 0.4235
-0.0538 -1.0483 0.3371
-0.0538 -0.7164 0.2326
-0.0382 0.8799 0.4691
-0.0361 0.4039 0.5109
-0.0037 -0.9142 0.2348
-0.0031 -0.7881 0.1965
0.0043 -0.8911 0.2192
0.0176 -0.8595 0.2122
0.0314 0.8410 0.4856
0.0589 -0.2228 0.4063
0.0643 -0.6820 0.2573
0.0914 -0.4460 0.3563
0.0918 -0.6131 0.2714
0.1439 -0.5803 0.2705
0.1410 -0.0496 0.3907
0.1658 -0.7383 0.2695
0.1754 -1.0885 0.3406
0.2018 -0.1332 0.3016
0.2131 -0.8206 0.2302
0.2136 -0.4793 0.2904
0.2233 -0.1693 0.2878
0.2255 0.0636 0.4736
0.2319 -0.9434 0.2092
0.2460 -0.5051 0.2665
0.2579 -0.9654 0.2005
0.2709 -0.8976 0.1780
0.2747 -0.2408 0.2901
0.2845 -0.7976 0.1947
0.2905 -1.0492 0.2458
0.2932 -0.2502 0.2938
0.2942 -0.5123 0.2551
0.3097 -0.0111 0.3929
0.3219 0.5867 0.4418
0.3324 -1.1088 0.2958
0.3394 1.0581 0.3322
0.3417 -0.8514 0.1619
0.3430 0.5653 0.4396
0.3632 -0.9277 0.1797
0.3666 -0.7345 0.2001
0.3660 -0.6107 0.2195
0.3736 -0.8297 0.1720
0.3703 0.7445 0.4036
0.3798 -0.9355 0.1894
0.3822 -0.6655 0.2106
0.3847 0.5184 0.4574
0.3955 -0.7843 0.1908
0.4052 0.4866 0.4898
0.4144 -0.3323 0.2581
0.4178 -0.2203 0.3260
0.4380 1.1821 0.1947
0.4393 1.1604 0.1849
0.4445 -0.6379 0.1945
0.4554 -0.5536 0.1635
0.4537 -0.4320 0.1639
0.4541 1.2624 0.2629
0.4550 -0.8877 0.2143
0.4608 -0.4473 0.1524
0.4733 1.1113 0.1634
0.4798 1.0592 0.1828
0.4895 -1.0300 0.2648
0.4885 -0.4219 0.1548
0.4903 1.2171 0.1949
0.5041 -0.5453 0.1528
0.5051 -0.5273 0.1399
0.5157 -0.6996 0.2520
0.5111 -1.1003 0.2950
0.5150 -0.4994 0.1292
0.5527 -0.5119 0.1488
0.5576 -0.4181 0.1680
0.5620 1.0791 0.1400
0.5665 0.8302 0.2570
0.5701 -0.8437 0.2389
0.5766 -1.0537 0.2487
0.5738 1.1271 0.1340
0.5770 1.0780 0.1387
0.5811 1.1093 0.1325
0.5862 1.0243 0.1674
0.5885 0.7447 0.3317
0.5973 1.1359 0.1447
0.5994 -0.8434 0.2433
0.5979 -0.4093 0.1922
0.6159 -0.8807 0.2318
0.6300 -0.4845 0.2140
0.6275 0.8705 0.2122
0.6299 0.8155 0.2526
0.6400 0.8390 0.2319
0.6412 1.1893 0.1910
0.6469 -0.2995 0.2935
0.6552 0.9547 0.1955
0.6590 1.2797 0.2579
0.6624 -0.0540 0.4438
0.6666 -1.1160 0.2510
0.6802 1.1938 0.2151
0.6876 -0.7976 0.3022
0.6891 -1.0670 0.2106
0.6913 -0.3210 0.2789
0.6931 1.0036 0.1997
0.6959 0.0752 0.5207
0.6985 -0.9165 0.2188
0.7108 0.9960 0.2159
0.7276 0.0220 0.4684
0.7263 -1.0842 0.2132
0.7341 1.3293 0.3185
0.7465 -1.0086 0.1908
0.7458 -0.4215 0.2653
0.7500 1.0616 0.2488
0.7636 -0.9735 0.2055
0.8255 -0.9845 0.2386
0.8331 -0.4793 0.2976
0.8376 -0.2443 0.2900
0.8397 1.3270 0.3646
0.8470 -1.0137 0.2590
0.8442 1.2914 0.3454
0.8815 -1.1055 0.3353
0.8974 -0.4237 0.2365
0.9032 -0.2937 0.2348
0.9078 0.1859 0.5725
0.9073 -0.2631 0.2603
0.9236 -0.3462 0.2122
0.9439 -0.4648 0.2662
0.9838 1.2848 0.4381
1.0350 -0.7510 0.4386
1.0479 -0.3097 0.2498
1.0556 0.1405 0.5564
1.0758 -0.3728 0.2207
1.0776 -0.3845 0.2199
1.1042 1.0142 0.2802
1.1213 -0.9142 0.2318
1.1535 0.8220 0.3562
1.1571 -0.4961 0.2847
1.1595 -0.9943 0.1506
1.1744 0.3847 0.6408
1.1807 0.9064 0.2633
1.1804 1.1114 0.2500
1.1828 0.8639 0.2972
1.1905 -0.9438 0.1428
1.1885 -0.3588 0.2850
1.1987 -1.0154 0.1151
1.2054 -0.9529 0.1314
1.2055 -0.4321 0.2779
1.2090 1.0550 0.2195
1.2127 -0.0110 0.5761
1.2152 -1.0687 0.1098
1.2168 -0.4204 0.2886
1.2252 -1.1046 0.1338
1.2230 -1.0293 0.1013
1.2240 0.7946 0.3842
1.2286 1.1833 0.3004
1.2328 1.1175 0.2493
1.2528 -1.1135 0.1416
1.2520 1.0722 0.2375
1.2583 -0.5729 0.3586
1.2616 -1.0631 0.0946
1.2626 -1.0052 0.1025
1.2618 1.0462 0.2381
1.2673 -0.8802 0.1705
1.2856 -1.0429 0.1024
1.2843 -0.9619 0.1395
1.2855 -1.0683 0.1096
1.2976 -1.0067 0.1254
1.3015 0.1666 0.7051
1.3015 -0.8159 0.2078
1.3020 -0.7766 0.2495
1.3049 -0.8443 0.1913
1.3243 -0.7917 0.2444
1.3223 0.4670 0.6805
1.3266 1.3423 0.5477
