points 
 2 
 1 
Tumour[19065]CD810NNCodensity
-1.1446 -0.2275 0.3819
-1.1511 0.2319 0.1690
-1.1501 0.2542 0.1488
-1.1392 -0.9988 0.2273
-1.1403 0.3153 0.1397
-1.1386 -1.0355 0.2342
-1.1394 1.0449 0.2908
-1.1338 -0.7116 0.3665
-1.1260 -0.0343 0.2833
-1.1143 -1.0802 0.2380
-1.1264 0.2651 0.1265
-1.1222 0.5241 0.1763
-1.1192 -0.1213 0.3034
-1.1160 0.2856 0.1195
-1.1054 1.0721 0.2787
-1.1023 -0.6182 0.3751
-1.1061 0.2669 0.1245
-1.0928 0.8627 0.2004
-1.0886 0.7913 0.2422
-1.0923 0.4953 0.1295
-1.0896 -0.0031 0.2574
-1.0810 -1.0283 0.1870
-1.0844 0.1586 0.2399
-1.0799 0.9290 0.1930
-1.0777 0.3063 0.1301
-1.0755 0.3676 0.1271
-1.0713 0.5359 0.1390
-1.0666 0.9053 0.1833
-1.0673 0.4435 0.1089
-1.0656 -0.9701 0.1798
-1.0374 0.3699 0.1261
-1.0527 -1.0709 0.2173
-1.0575 0.5126 0.1157
-1.0538 0.4322 0.0997
-1.0528 -0.6630 0.3167
-1.0480 0.8456 0.1743
-1.0463 -0.4012 0.3659
-1.0450 0.4095 0.1025
-1.0188 -1.0073 0.1852
-1.0202 0.4868 0.1062
-0.9995 0.4012 0.1124
-1.0011 -1.2807 0.2726
-0.9924 0.4292 0.1024
-0.9956 0.5644 0.1816
-0.9959 0.7596 0.2357
-0.9833 0.8631 0.1680
-0.9967 -1.2754 0.2675
-0.9914 -0.8712 0.1999
-0.9851 -0.0257 0.1728
-0.9829 0.4809 0.1151
-0.9777 0.9996 0.1876
-0.9769 1.0560 0.1897
-0.9807 -1.3122 0.2845
-0.9755 0.4529 0.1062
-0.9633 -0.8833 0.1776
-0.9606 -1.2592 0.2508
-0.9644 -0.0046 0.1606
-0.9538 0.8373 0.1797
-0.9451 1.0245 0.1694
-0.9429 -0.9218 0.1788
-0.9435 -0.0928 0.1569
-0.9330 -0.7051 0.2476
-0.9361 0.0314 0.1666
-0.9224 -0.8784 0.1572
-0.9319 -0.4110 0.3131
-0.9189 -0.2894 0.2639
-0.9177 0.4551 0.1443
-0.9073 0.2942 0.1834
-0.9026 -0.1177 0.1559
-0.9028 0.4518 0.1592
-0.9000 -0.8340 0.1477
-0.8997 0.4799 0.1650
-0.9021 1.0852 0.1400
-0.8950 -0.3667 0.2896
-0.8871 0.8655 0.1523
-0.8891 -0.0261 0.1000
-0.8869 1.0393 0.1316
-0.8790 -0.3091 0.2612
-0.8763 -0.6475 0.2523
-0.8646 0.3150 0.1489
-0.8705 0.8952 0.1457
-0.8623 1.0982 0.1301
-0.8691 0.1462 0.2274
-0.8550 1.0353 0.1354
-0.8599 -0.8002 0.1445
-0.8613 -0.0512 0.0815
-0.8585 0.2931 0.1390
-0.8526 -1.3069 0.2353
-0.8571 -0.0468 0.0784
-0.8556 -0.0524 0.0798
-0.8519 0.2904 0.1340
-0.8476 -0.0177 0.0831
-0.8453 -0.0570 0.0820
-0.8351 0.8967 0.1336
-0.8303 -0.8604 0.1260
-0.8294 0.2811 0.1275
-0.8289 -1.0644 0.2805
-0.8229 0.8647 0.1293
-0.8267 -0.0244 0.0819
-0.8248 1.1165 0.1462
-0.8194 0.0345 0.1275
-0.8119 -0.9968 0.2141
-0.8111 0.0066 0.1046
-0.8123 -0.8111 0.1237
-0.8021 -0.8343 0.1152
-0.8139 1.0827 0.1285
-0.8098 -1.2479 0.2262
-0.8099 0.8157 0.1659
-0.8024 -0.9182 0.1543
-0.8037 0.8742 0.1257
-0.8085 1.0876 0.1327
-0.8018 -0.1624 0.2047
-0.7972 -0.7811 0.1503
-0.7940 -0.5892 0.2460
-0.7937 0.3185 0.1296
-0.7857 -1.3105 0.2180
-0.7716 1.0117 0.1719
-0.7846 0.5297 0.2062
-0.7782 -0.7927 0.1420
-0.7847 0.0718 0.1852
-0.7804 0.8647 0.1298
-0.7721 -0.0929 0.1539
-0.7740 -0.2994 0.2844
-0.7664 0.3478 0.1424
-0.7702 -0.9190 0.1451
-0.7653 -0.0488 0.1413
-0.7699 0.1877 0.1828
-0.7601 1.1246 0.1924
-0.7590 0.6162 0.1859
-0.7586 0.9466 0.1642
-0.7543 0.5581 0.1874
-0.7472 -0.6118 0.2110
-0.7304 -1.2566 0.1705
-0.7263 -0.8963 0.1336
-0.7319 0.2126 0.1632
-0.7252 0.2517 0.1448
-0.7295 0.2788 0.1385
-0.7269 0.3416 0.1417
-0.7196 -0.8663 0.1244
-0.7201 -0.5726 0.2165
-0.7065 0.6741 0.1671
-0.7088 0.6234 0.1442
-0.7072 0.8780 0.1423
-0.7100 0.4179 0.1521
-0.6949 0.4455 0.1554
-0.6838 -0.8713 0.1245
-0.6706 0.3573 0.1351
-0.6754 -1.2505 0.1511
-0.6768 -0.5751 0.2031
-0.6699 -1.0070 0.2207
-0.6646 0.8969 0.1318
-0.6582 -0.8419 0.1219
-0.6586 -0.8020 0.1350
-0.6626 -0.7510 0.1711
-0.6708 0.8591 0.1415
-0.6649 -1.1183 0.2093
-0.6681 1.0291 0.2068
-0.6604 -0.8958 0.1324
-0.6564 -0.2691 0.2759
-0.6517 -1.3133 0.2021
-0.6415 0.4569 0.1344
-0.6522 -1.2500 0.1543
-0.6463 -1.2154 0.1605
-0.6353 0.6785 0.1485
-0.6448 0.9281 0.1349
-0.6461 0.6425 0.1242
-0.6491 0.6473 0.1260
-0.6392 0.1477 0.1455
-0.6343 0.3757 0.1220
-0.6381 0.5114 0.1681
-0.6421 -1.2930 0.1847
-0.6345 -0.5824 0.1982
-0.6300 0.0566 0.1885
-0.6283 0.1982 0.1258
-0.6305 0.2636 0.1541
-0.6207 0.8792 0.1135
-0.6215 0.6152 0.1320
-0.6118 -0.7981 0.1397
-0.6160 0.8229 0.1227
-0.6143 -0.8617 0.1395
-0.6164 -0.6394 0.1814
-0.6096 0.1417 0.1279
-0.6073 0.2287 0.1321
-0.6065 0.3958 0.1139
-0.6062 -1.1545 0.1893
-0.5988 0.3696 0.1264
-0.5983 0.9692 0.1607
-0.5931 0.6620 0.1572
-0.5963 -1.1225 0.1950
-0.5913 -0.2822 0.2425
-0.5885 -0.0500 0.1585
-0.5757 0.4206 0.1245
-0.5849 0.9961 0.1853
-0.5778 0.8781 0.0890
-0.5688 0.1739 0.1090
-0.5734 -0.9215 0.1746
-0.5743 0.2144 0.1224
-0.5580 0.6054 0.1618
-0.5615 -0.7607 0.1500
-0.5667 -0.7053 0.1577
-0.5679 -0.6000 0.2074
-0.5599 0.5426 0.1640
-0.5658 -0.4385 0.2576
-0.5644 0.4778 0.1463
-0.5545 -0.1659 0.1845
-0.5511 0.8595 0.0587
-0.5495 -0.0973 0.1452
-0.5507 0.3557 0.1621
-0.5421 -0.7427 0.1491
-0.5474 -0.0224 0.1296
-0.5461 0.0174 0.1297
-0.5476 0.8248 0.0630
-0.5342 -0.9436 0.1707
-0.5400 0.4133 0.1405
-0.5316 -1.0719 0.1745
-0.5415 -0.0771 0.1313
-0.5430 0.0843 0.1349
-0.5406 0.1635 0.1153
-0.5423 0.8426 0.0468
-0.5417 0.8384 0.0476
-0.5373 0.8424 0.0459
-0.5256 0.8598 0.0538
-0.5349 0.8355 0.0484
-0.5155 -0.9882 0.1651
-0.5174 0.1900 0.1293
-0.5217 0.8853 0.0783
-0.5120 0.1005 0.1282
-0.5152 -0.1303 0.1604
-0.5119 0.8066 0.0862
-0.5020 -0.2694 0.2136
-0.5023 -0.0303 0.1225
-0.4839 0.4888 0.1749
-0.4871 0.8467 0.0820
-0.4839 0.1722 0.1347
-0.4902 0.8700 0.0861
-0.4841 -0.4690 0.2310
-0.4851 0.0376 0.1221
-0.4840 -0.7435 0.1293
-0.4811 -0.9859 0.1560
-0.4745 0.0765 0.1308
-0.4778 0.5741 0.1978
-0.4751 -0.4474 0.2189
-0.4702 -0.6972 0.1367
-0.4598 -0.2866 0.2120
-0.4641 -1.0137 0.1590
-0.4678 0.9934 0.2069
-0.4657 -0.2175 0.2071
-0.4625 0.7556 0.1628
-0.4563 -0.0072 0.1388
-0.4507 0.4586 0.1987
-0.4452 -0.7767 0.1263
-0.4428 -0.9915 0.1661
-0.4437 -0.8458 0.1737
-0.4507 -1.1165 0.1904
-0.4447 -0.6704 0.1536
-0.4448 0.0302 0.1383
-0.4421 0.1876 0.1627
-0.4455 -1.1189 0.1929
-0.4235 -0.7464 0.1138
-0.4325 0.8475 0.1103
-0.4276 -0.0750 0.1801
-0.4265 0.5653 0.2175
-0.4088 0.8117 0.1093
-0.4171 0.9294 0.1584
-0.4029 -0.7944 0.1276
-0.4106 -0.3943 0.1815
-0.4084 0.1564 0.1615
-0.4083 0.8546 0.1063
-0.3997 1.0951 0.3144
-0.3907 0.7977 0.1137
-0.3868 -0.8259 0.1496
-0.3875 -0.7249 0.1250
-0.3865 0.0814 0.1564
-0.3804 0.8269 0.1051
-0.3870 -0.3909 0.1769
-0.3803 -1.2249 0.2139
-0.3821 -0.6888 0.1469
-0.3770 -0.4335 0.2029
-0.3656 0.1243 0.1657
-0.3671 -1.1762 0.2034
-0.3685 0.9102 0.1554
-0.3533 -0.9469 0.1775
-0.3555 -0.6964 0.1593
-0.3542 1.0256 0.2563
-0.3505 -0.8332 0.1647
-0.3426 0.8056 0.1062
-0.3265 0.8449 0.1178
-0.3280 -0.9236 0.1817
-0.3307 -0.2620 0.1716
-0.3297 -0.0470 0.1391
-0.3254 -0.0272 0.1410
-0.3206 0.7738 0.1256
-0.3254 0.5236 0.2082
-0.3203 0.0360 0.1604
-0.3075 -0.3593 0.1578
-0.3129 -1.2738 0.2225
-0.2974 -1.2128 0.1949
-0.3042 -1.0415 0.2189
-0.3059 0.5000 0.2121
-0.2978 -0.2424 0.1666
-0.2924 -1.2495 0.2055
-0.2951 -0.0870 0.1299
-0.2968 0.1283 0.1977
-0.2762 0.8404 0.1364
-0.2867 -0.3180 0.1523
-0.2810 -0.9860 0.2131
-0.2738 0.2801 0.2848
-0.2739 0.7659 0.1406
-0.2809 0.8021 0.1276
-0.2775 -0.5947 0.1766
-0.2793 -0.3375 0.1552
-0.2679 -1.2838 0.2460
-0.2668 -0.6438 0.1814
-0.2685 -0.1310 0.1448
-0.2632 0.0047 0.1325
-0.2614 -0.2482 0.1660
-0.2679 0.1708 0.2288
-0.2590 -0.9027 0.2000
-0.2600 0.4680 0.2008
-0.2533 0.5357 0.1799
-0.2532 -0.2004 0.1731
-0.2476 -0.0770 0.1160
-0.2493 -0.0371 0.1115
-0.2372 0.7222 0.1589
-0.2386 -0.1122 0.1398
-0.2225 -0.0394 0.1196
-0.2238 1.1762 0.2919
-0.2220 -0.8030 0.2134
-0.2200 0.9030 0.2114
-0.2159 0.6827 0.1642
-0.2103 -1.2848 0.2948
-0.2079 -1.0458 0.2796
-0.2042 -0.5911 0.1216
-0.2074 0.5674 0.1737
-0.2066 0.8621 0.1964
-0.1986 -0.8368 0.2175
-0.1936 -0.7304 0.1996
-0.2005 0.6347 0.1705
-0.1990 -0.4180 0.1934
-0.2006 -0.5589 0.1096
-0.1996 -0.3678 0.2118
-0.1965 -0.4993 0.1359
-0.1907 -0.5373 0.1110
-0.1915 1.0671 0.2199
-0.1855 0.0166 0.1335
-0.1860 0.6942 0.1632
-0.1735 -0.0210 0.1236
-0.1771 -0.5687 0.1066
-0.1736 -0.5611 0.1052
-0.1627 1.0848 0.1976
-0.1498 -0.5363 0.1139
-0.1381 0.2781 0.2320
-0.1338 -0.6724 0.1853
-0.1385 0.0320 0.1377
-0.1266 0.5492 0.1487
-0.1294 0.7178 0.1775
-0.1306 1.1647 0.2248
-0.1353 0.0277 0.1348
-0.1165 0.2457 0.2224
-0.1243 -0.0303 0.1350
-0.1261 0.4728 0.1381
-0.1070 -0.5025 0.1413
-0.1221 0.4871 0.1313
-0.1151 0.4899 0.1333
-0.1110 0.4299 0.1723
-0.1098 0.9492 0.2135
-0.1074 0.4729 0.1449
-0.1058 0.2052 0.2266
-0.0987 -0.7455 0.1866
-0.0964 0.7017 0.1791
-0.0863 -0.7824 0.1998
-0.0774 0.5284 0.1572
-0.0766 0.0791 0.1812
-0.0766 1.0464 0.1572
-0.0748 -0.0192 0.1424
-0.0678 -0.5784 0.1375
-0.0607 0.6468 0.1914
-0.0540 1.0276 0.1636
-0.0543 -0.7599 0.2026
-0.0317 0.8357 0.1418
-0.0465 -0.1100 0.2090
-0.0469 -0.5149 0.1350
-0.0410 -0.0442 0.1594
-0.0426 1.1293 0.1917
-0.0421 -0.7804 0.2176
-0.0352 0.7905 0.1378
-0.0312 0.3080 0.1951
-0.0343 1.0798 0.1664
-0.0358 -1.0401 0.3035
-0.0348 -0.5966 0.1531
-0.0227 -0.4925 0.1458
-0.0283 -0.5400 0.1274
-0.0290 -0.0235 0.1650
-0.0212 -0.9478 0.3250
-0.0198 0.9966 0.1846
-0.0089 -0.5817 0.1403
-0.0063 1.1472 0.2246
-0.0103 0.1207 0.2469
-0.0033 0.3277 0.1972
0.0014 0.8221 0.1063
0.0015 0.7408 0.1358
0.0068 -1.1547 0.2061
0.0092 0.6064 0.2201
0.0119 0.8399 0.1102
0.0254 0.3170 0.1916
0.0325 0.8543 0.1219
0.0380 -0.4862 0.1510
0.0473 -1.1697 0.1661
0.0399 0.7341 0.1307
0.0457 0.7904 0.1025
0.0488 0.8700 0.1394
0.0380 0.9890 0.2039
0.0486 -0.1247 0.2619
0.0687 -0.0747 0.2416
0.0615 0.7279 0.1381
0.0684 -0.6426 0.1908
0.0712 -1.1997 0.1606
0.0776 -0.4744 0.1614
0.0767 0.7862 0.1105
0.0788 -0.5560 0.1587
0.0850 -1.1770 0.1476
0.0835 0.2458 0.1624
0.0913 0.5446 0.2705
0.0950 -0.6691 0.2278
0.0970 -0.6325 0.1979
0.1006 0.2706 0.1497
0.1084 0.3269 0.1731
0.1020 0.7901 0.1310
0.1143 -1.1921 0.1525
0.1206 -0.4506 0.1820
0.1273 -1.2161 0.1761
0.1309 -1.1736 0.1598
0.1231 -0.4935 0.1783
0.1318 0.7709 0.1665
0.1463 0.2026 0.1861
0.1395 0.9356 0.2287
0.1599 -1.1746 0.1886
0.1586 1.0742 0.2270
0.1611 0.2403 0.1710
0.1618 -0.4366 0.1842
0.1591 0.6689 0.2215
0.1706 -1.2126 0.2144
0.1740 0.3272 0.1933
0.1742 0.4571 0.2885
0.1837 1.1787 0.2661
0.1828 -0.0136 0.2296
0.1830 0.1899 0.1940
0.2005 0.6042 0.2710
0.2101 0.2667 0.2007
0.2108 -0.3820 0.1837
0.2123 1.0253 0.2094
0.2154 -0.0859 0.2069
0.2287 -0.2672 0.2311
0.2331 1.1490 0.2233
0.2606 0.8894 0.2974
0.2582 1.1409 0.2152
0.2633 -0.4110 0.1557
0.2666 1.0227 0.2024
0.2761 0.5765 0.2953
0.2842 0.0274 0.1369
0.2884 -0.0265 0.1524
0.2885 -0.4364 0.1521
0.2927 -0.1571 0.1437
0.3076 -0.3477 0.1491
0.2945 0.0751 0.1235
0.3030 0.0527 0.1172
0.2961 0.0828 0.1268
0.3075 -0.4256 0.1417
0.3114 -0.2530 0.1688
0.3082 0.1074 0.1425
0.3319 -0.1811 0.1258
0.3346 1.0813 0.2043
0.3392 -0.1494 0.1062
0.3412 -0.4009 0.1407
0.3447 0.0556 0.1145
0.3444 -0.0967 0.1059
0.3553 1.1309 0.2250
0.3425 -0.0891 0.1123
0.3581 -0.4533 0.1777
0.3523 -0.0984 0.1041
0.3636 1.0304 0.2189
0.3703 -0.3286 0.1652
0.3718 0.1292 0.1700
0.3840 0.0687 0.1310
0.3849 0.2820 0.2956
0.3865 -0.1944 0.1401
0.3887 -0.1390 0.1141
0.3897 0.3215 0.2967
0.3922 -0.0893 0.1216
0.3919 0.4447 0.2536
0.3961 -0.3197 0.1796
0.3990 -0.4613 0.2163
0.4157 -0.0010 0.1414
0.4272 -0.1450 0.1515
0.4184 -0.0049 0.1416
0.4267 -0.2747 0.1981
0.4303 -0.9455 0.1295
0.4357 0.5591 0.1959
0.4517 0.0490 0.1613
0.4504 0.4520 0.2193
0.4528 -0.9789 0.0931
0.4560 0.5631 0.1799
0.4660 -1.0238 0.0992
0.4635 -1.0020 0.0897
0.4707 -0.0028 0.1696
0.4886 1.0981 0.1734
0.4735 -1.0620 0.1274
0.4798 -0.9240 0.1020
0.4730 0.6939 0.2384
0.4819 -0.9840 0.0818
0.4880 -0.9522 0.0856
0.4816 1.0184 0.1842
0.4913 -1.2393 0.2019
0.4956 -1.0873 0.1446
0.5018 -0.7882 0.1930
0.5096 0.0702 0.2189
0.5139 0.5818 0.1511
0.5046 -0.9707 0.0880
0.5079 -1.0455 0.1185
0.5047 0.9866 0.2116
0.5288 -0.9130 0.1114
0.5191 0.6279 0.1571
0.5307 -0.8702 0.1208
0.5324 -0.9444 0.1102
0.5333 1.0322 0.1727
0.5324 1.1131 0.1712
0.5277 1.1310 0.1848
0.5493 0.4509 0.1808
0.5403 -1.1325 0.1516
0.5577 -0.8314 0.1378
0.5643 0.5482 0.1414
0.5711 1.0943 0.1607
0.5613 -1.1521 0.1406
0.5618 -0.8775 0.1258
0.5822 0.5784 0.1292
0.5767 -1.2479 0.1211
0.5749 -1.2068 0.1160
0.5740 -0.0090 0.2426
0.5815 -1.2943 0.1460
0.5840 -0.7116 0.2323
0.6074 -1.2018 0.1095
0.5968 -0.8061 0.1470
0.5951 -0.1011 0.2427
0.5934 0.4306 0.1673
0.6027 0.5598 0.1329
0.6001 -0.8320 0.1460
0.6033 -0.3128 0.1854
0.6055 -0.1925 0.1948
0.5996 0.3425 0.2425
0.6133 -1.2641 0.1142
0.6235 0.5952 0.1331
0.6086 0.7213 0.1739
0.6217 -1.3094 0.1456
0.6218 0.6677 0.1516
0.6242 0.4420 0.1526
0.6197 1.0180 0.2030
0.6259 0.7491 0.1834
0.6270 -1.1667 0.1183
0.6369 0.6303 0.1443
0.6318 1.1780 0.2583
0.6567 -1.2072 0.1221
0.6402 -0.2713 0.1419
0.6406 0.7660 0.1916
0.6449 -0.7386 0.2071
0.6400 -0.3090 0.1489
0.6579 -1.3042 0.1482
0.6536 -1.1632 0.1287
0.6586 0.4497 0.1456
0.6827 -1.1215 0.1572
0.6685 -0.7632 0.2034
0.6690 0.5683 0.1463
0.6841 -0.2180 0.1547
0.6812 -0.0657 0.2764
0.6808 0.7957 0.1998
0.6916 0.4874 0.1300
0.6950 -0.3250 0.1456
0.6897 -0.2543 0.1343
0.6952 -1.2406 0.1511
0.6936 -1.0757 0.1701
0.6991 0.4579 0.1357
0.6964 1.0427 0.2576
0.7006 0.2026 0.2762
0.7205 -1.3089 0.2070
0.7108 -0.1966 0.1848
0.7071 0.2484 0.2642
0.7067 1.0908 0.2624
0.7107 -0.2981 0.1384
0.7149 0.8443 0.2312
0.7347 -1.0565 0.1543
0.7281 -0.3524 0.1867
0.7309 0.1944 0.2673
0.7426 0.5089 0.1118
0.7534 0.4885 0.1101
0.7550 0.5982 0.1733
0.7548 -1.0276 0.1433
0.7789 0.5312 0.1117
0.7765 -1.0063 0.1361
0.8008 -1.0259 0.1259
0.7893 0.7644 0.2147
0.7945 -0.3586 0.2516
0.7915 0.4967 0.1015
0.7966 0.4936 0.1029
0.8060 -0.8558 0.2097
0.8115 0.0476 0.2944
0.8273 0.4575 0.1221
0.8262 0.5472 0.1170
0.8078 -0.7947 0.2165
0.8138 0.1105 0.2702
0.8073 0.2424 0.2517
0.8138 0.7985 0.2364
0.8124 -0.7536 0.2363
0.8182 -1.1784 0.2185
0.8100 -1.1231 0.1785
0.8178 -0.9774 0.1363
0.8321 -0.9565 0.1495
0.8356 -0.7756 0.2346
0.8486 -0.7141 0.2845
0.8366 0.7387 0.2394
0.8579 0.4772 0.1133
0.8652 0.8423 0.2736
0.8642 -1.2408 0.2800
0.8986 0.3572 0.1536
0.8757 0.5351 0.1121
0.8691 -1.0682 0.1563
0.8763 -0.5288 0.4031
0.8727 0.5757 0.1301
0.8813 -0.9806 0.1393
0.8790 1.1216 0.2654
0.9070 0.5132 0.1191
0.8897 -1.0306 0.1364
0.8965 0.4440 0.1236
0.8987 0.5862 0.1342
0.8967 0.4018 0.1253
0.8977 0.4065 0.1232
0.9095 0.1148 0.2788
0.9298 1.0547 0.2212
0.9313 -0.9993 0.1425
0.9375 0.5590 0.1200
0.9516 0.3788 0.1242
0.9597 -1.1441 0.1970
0.9559 -1.0161 0.1458
0.9598 1.0821 0.2112
0.9686 0.0173 0.2875
0.9618 0.5303 0.1320
0.9628 0.9381 0.2661
0.9769 0.3630 0.1206
0.9757 0.5919 0.1430
0.9832 -1.0143 0.1519
0.9883 0.4145 0.1365
0.9858 1.1656 0.2582
1.0080 0.5364 0.1462
0.9971 1.0692 0.2013
1.0132 -1.0744 0.1458
1.0096 0.2860 0.1378
1.0144 0.3388 0.1073
1.0146 0.6173 0.1788
1.0290 -1.0378 0.1585
1.0288 0.2982 0.1161
1.0393 0.0640 0.2324
1.0297 1.0180 0.2198
1.0470 -1.1299 0.1464
1.0552 0.3555 0.1044
1.0468 0.4654 0.1790
1.0458 0.8411 0.3519
1.0599 -0.5124 0.5170
1.0605 -1.1724 0.1593
1.0661 0.3892 0.1257
1.0683 -1.2092 0.1925
1.0719 0.3135 0.0960
1.0864 0.3332 0.0944
1.0914 0.5853 0.1883
1.0806 1.1391 0.2377
1.0853 -1.0760 0.1466
1.0865 0.2733 0.1172
1.0882 1.0843 0.2233
1.0893 0.5651 0.1856
1.1014 -0.9099 0.2682
1.1155 0.3453 0.1026
1.1108 0.0971 0.1813
1.1179 0.2131 0.1321
1.1183 -1.2117 0.2007
1.1187 -1.1048 0.1412
1.1252 -0.0949 0.3111
1.1231 0.2290 0.1282
1.1398 0.3208 0.1094
1.1272 -0.0715 0.2883
1.1335 0.1643 0.1299
1.1434 0.1159 0.1524
1.1516 0.3520 0.1164
1.1428 -0.2208 0.4528
1.1519 0.1504 0.1285
1.1669 -1.0123 0.1840
1.1896 0.5382 0.2102
1.1679 -1.1180 0.1497
1.1746 -1.0584 0.1637
1.1706 0.2129 0.1243
1.1903 0.3598 0.1217
1.1852 0.3075 0.1231
1.2010 0.6475 0.1986
1.1956 -0.9301 0.2632
1.1967 -1.1280 0.1634
1.2142 0.2118 0.1256
1.2172 0.6775 0.2039
1.2356 0.3403 0.1132
1.2288 -0.4567 0.6472
1.2362 0.4093 0.1446
1.2366 1.1072 0.2360
1.2412 1.1757 0.2812
1.2374 0.6347 0.1974
1.2425 0.1337 0.1728
1.2483 0.2654 0.1208
1.2668 0.3633 0.1204
1.2481 0.4470 0.1765
1.2479 1.0303 0.2404
1.2785 0.7129 0.2169
1.2564 -1.1057 0.1702
1.2572 0.2952 0.1184
1.2554 0.2246 0.1311
1.2641 0.1862 0.1522
1.2635 0.8888 0.2810
1.2649 0.0118 0.2952
1.2729 1.0570 0.2389
1.2800 0.8005 0.2551
1.2891 -1.1257 0.2001
1.2931 0.5555 0.2419
1.3116 0.3475 0.1485
1.3041 0.3756 0.1495
1.3068 0.2586 0.1546
1.3090 -1.0463 0.1958
1.3158 0.8479 0.2818
1.3192 1.0804 0.2730
1.3345 0.7197 0.2586
1.3359 -1.0595 0.2221
1.3363 -1.0121 0.2425
1.3392 1.1756 0.3545
