points 
 2 
 1 
Tumour[19065]CD6810NNCodensity
-1.4809 -1.0072 0.2798
-1.4796 -0.5719 0.2634
-1.4815 0.4943 0.3570
-1.4787 1.2267 0.4094
-1.4731 0.7063 0.4047
-1.4698 -0.5318 0.2249
-1.4629 1.0754 0.3166
-1.4530 -0.4616 0.1857
-1.4478 -0.9200 0.2715
-1.4497 0.6664 0.3802
-1.4325 -0.7173 0.3335
-1.4251 -0.4756 0.1681
-1.4219 -0.4411 0.1660
-1.4169 -1.0926 0.2121
-1.4108 -0.1792 0.1314
-1.4123 0.9530 0.3155
-1.4068 -0.4074 0.1764
-1.4075 0.3601 0.2573
-1.4030 0.9815 0.2925
-1.3976 -0.3589 0.1981
-1.4003 -0.2603 0.1704
-1.3970 -0.1464 0.1226
-1.3923 -0.1665 0.1143
-1.3738 -0.2181 0.1304
-1.3798 0.3617 0.2367
-1.3802 -0.0569 0.1839
-1.3719 -1.0662 0.1772
-1.3695 -0.1742 0.1067
-1.3694 -0.4575 0.1672
-1.3493 1.0016 0.2686
-1.3531 1.0213 0.2592
-1.3484 -0.9289 0.1809
-1.3454 -0.0646 0.1636
-1.3442 1.1795 0.2763
-1.3394 -1.1964 0.2335
-1.3404 0.2815 0.1803
-1.3274 0.5964 0.3221
-1.3324 -0.1549 0.1174
-1.3264 -1.1597 0.1924
-1.3314 0.1727 0.1973
-1.3320 0.2149 0.1812
-1.3109 -1.0881 0.1634
-1.3217 -0.2338 0.1605
-1.3047 0.5532 0.3076
-1.3107 -0.0901 0.1477
-1.3050 1.1644 0.2666
-1.3049 -1.0315 0.1658
-1.3049 -1.1435 0.1805
-1.3034 0.4275 0.2404
-1.3032 -0.1634 0.1359
-1.2948 -0.9454 0.1378
-1.2931 0.1863 0.1614
-1.2831 -0.9801 0.1458
-1.2737 -1.1733 0.2158
-1.2659 -0.8927 0.1183
-1.2677 -0.4682 0.1426
-1.2517 -0.9331 0.1176
-1.2430 -0.8620 0.1060
-1.2636 -0.5631 0.1484
-1.2586 0.2512 0.1481
-1.2600 -0.4339 0.1423
-1.2560 0.2841 0.1571
-1.2536 -0.7799 0.1101
-1.2529 -0.7400 0.1137
-1.2414 -0.5887 0.1345
-1.2502 0.0667 0.2280
-1.2319 -0.8165 0.0962
-1.2263 -0.5361 0.1345
-1.2413 -0.6486 0.1291
-1.2410 -0.0207 0.1917
-1.2389 0.7471 0.4009
-1.2359 0.2215 0.1454
-1.2167 -0.7239 0.0984
-1.2191 -0.4813 0.1204
-1.2234 -0.7644 0.0864
-1.2175 -0.4315 0.1150
-1.2216 -0.1429 0.1579
-1.2048 -0.6907 0.1099
-1.2215 1.1965 0.3312
-1.2019 -0.9569 0.1456
-1.2188 -0.8915 0.1002
-1.2132 -0.6344 0.1222
-1.2039 -0.3544 0.1550
-1.2065 -0.1105 0.1657
-1.2045 -0.5699 0.1366
-1.2084 -0.0492 0.1888
-1.2000 0.3664 0.1877
-1.2013 -0.7870 0.0825
-1.2041 1.1425 0.3253
-1.1992 -0.1452 0.1726
-1.1915 -0.8656 0.0947
-1.1785 -0.7531 0.0939
-1.1888 -0.8324 0.0875
-1.1840 0.1247 0.2120
-1.1898 -0.4366 0.1079
-1.1890 -0.4006 0.1169
-1.1785 -0.7956 0.0859
-1.1797 -0.6465 0.1370
-1.1769 -0.8984 0.1085
-1.1755 0.2521 0.1487
-1.1704 0.3500 0.1797
-1.1684 -0.7253 0.1101
-1.1641 -0.8338 0.0960
-1.1524 0.1848 0.1868
-1.1358 -0.2975 0.1601
-1.1448 -0.1898 0.1954
-1.1441 0.3889 0.2326
-1.1329 -0.4632 0.1342
-1.1416 -0.4290 0.1156
-1.1295 -0.3457 0.1356
-1.1400 -0.7902 0.1079
-1.1326 0.2875 0.1732
-1.1274 0.2358 0.1814
-1.1184 -0.4925 0.1562
-1.1035 -0.4127 0.1368
-1.1174 -0.8737 0.1198
-1.1106 -0.9062 0.1300
-1.1149 -1.1811 0.3007
-1.0925 -0.3124 0.1511
-1.0986 -0.7784 0.1380
-1.0932 -0.8751 0.1312
-1.0876 1.2534 0.5228
-1.0772 -0.3595 0.1555
-1.0656 -0.9615 0.1663
-1.0614 0.7686 0.4936
-1.0592 -0.6739 0.1758
-1.0513 -0.2348 0.1816
-1.0472 -0.9386 0.1612
-1.0316 -0.8007 0.1538
-1.0357 -0.2066 0.1916
-1.0347 -0.7180 0.1491
-1.0264 -0.2742 0.1876
-1.0194 -0.5035 0.2103
-1.0067 -1.0133 0.1949
-1.0055 -0.7756 0.1529
-1.0073 -1.1720 0.2088
-1.0015 -0.6574 0.1590
-0.9990 0.8313 0.4758
-0.9913 -1.1341 0.1878
-0.9811 -1.0578 0.1921
-0.9884 -0.9790 0.1969
-0.9754 -0.6937 0.1520
-0.9690 -0.0926 0.1975
-0.9605 -0.8480 0.2080
-0.9557 -0.7797 0.1816
-0.9472 -0.6453 0.1615
-0.9449 -0.5770 0.1631
-0.9406 -0.1219 0.1707
-0.9348 0.0671 0.2387
-0.9219 -0.5446 0.1679
-0.9250 -0.2114 0.1879
-0.9254 -1.1848 0.1857
-0.9169 -0.6195 0.1739
-0.9025 -1.1232 0.1785
-0.9046 -1.1961 0.1969
-0.8905 0.1445 0.2129
-0.9001 -0.5147 0.1769
-0.9034 -0.0477 0.1925
-0.9033 0.8660 0.3898
-0.8854 -0.4926 0.1878
-0.8839 -0.1248 0.1483
-0.8853 -0.1689 0.1574
-0.8858 -0.0867 0.1676
-0.8795 0.1094 0.2032
-0.8620 -0.4327 0.2121
-0.8601 -1.1963 0.2249
-0.8619 0.1202 0.1953
-0.8359 -0.4111 0.2176
-0.8233 -0.3646 0.2162
-0.8367 0.3679 0.2252
-0.8289 -1.1990 0.2544
-0.8261 0.2284 0.1865
-0.8213 0.3060 0.1967
-0.8172 -1.0452 0.2881
-0.8172 -0.7289 0.2660
-0.7921 -0.1869 0.1220
-0.7968 0.5473 0.2588
-0.7935 -0.2202 0.1347
-0.7892 0.2500 0.1804
-0.7726 -0.1228 0.1289
-0.7776 0.0407 0.2289
-0.7725 -0.2368 0.1343
-0.7738 0.4715 0.2179
-0.7633 0.3652 0.1956
-0.7562 -0.1544 0.0989
-0.7500 0.1328 0.2050
-0.7524 0.2875 0.1921
-0.7247 -0.1184 0.1192
-0.7425 -0.6356 0.2028
-0.7371 -0.2960 0.1797
-0.7393 -0.1703 0.0938
-0.7408 0.5702 0.2443
-0.7310 0.3881 0.2149
-0.7203 -0.6428 0.1858
-0.7084 -0.3885 0.2124
-0.7167 -0.1488 0.1012
-0.7105 0.5281 0.2321
-0.7013 1.2078 0.2771
-0.7018 -0.2499 0.1536
-0.7034 -0.1807 0.1101
-0.6995 1.0134 0.1632
-0.6988 0.9805 0.1458
-0.6913 -0.0875 0.1629
-0.6961 0.0887 0.2369
-0.6850 0.2171 0.2301
-0.6780 0.9023 0.1565
-0.6790 0.9417 0.1302
-0.6518 -0.4318 0.1650
-0.6725 -0.5463 0.1375
-0.6718 -0.1733 0.1395
-0.6701 0.5623 0.2464
-0.6694 0.7070 0.2618
-0.6625 -0.7030 0.2053
-0.6669 0.9817 0.1176
-0.6435 -0.5621 0.1234
-0.6459 -0.5278 0.1283
-0.6443 0.6897 0.2526
-0.6248 -0.6283 0.1440
-0.6428 0.8221 0.2208
-0.6249 0.9472 0.1085
-0.6200 0.0205 0.2100
-0.6089 -1.0995 0.3711
-0.6139 -0.5705 0.1256
-0.6142 -0.5325 0.1222
-0.6021 1.0867 0.1553
-0.5894 1.0195 0.1209
-0.6030 0.9634 0.1089
-0.5887 -0.5853 0.1429
-0.5939 -0.4676 0.1391
-0.5836 -0.7428 0.2704
-0.5728 -0.3718 0.1545
-0.5781 -0.4132 0.1463
-0.5770 0.9661 0.1233
-0.5794 1.1950 0.1567
-0.5792 0.9374 0.1365
-0.5728 -0.0237 0.2000
-0.5706 1.1066 0.1514
-0.5756 1.1449 0.1541
-0.5597 1.2119 0.1561
-0.5503 0.1687 0.2524
-0.5620 1.2458 0.1734
-0.5619 1.2872 0.2081
-0.5598 -1.0595 0.3702
-0.5595 1.0030 0.1315
-0.5515 -0.4467 0.1561
-0.5386 0.2165 0.2882
-0.5424 1.0590 0.1558
-0.5388 -0.6480 0.2148
-0.5425 0.3385 0.3447
-0.5364 0.0224 0.1912
-0.5339 -0.3952 0.1546
-0.5333 -0.3201 0.1717
-0.5351 0.7371 0.2551
-0.5216 0.0729 0.2130
-0.5180 -0.0065 0.1788
-0.5182 -0.2987 0.1750
-0.4990 -0.9364 0.3745
-0.4707 -0.0575 0.1554
-0.4866 0.6138 0.2932
-0.4816 -1.0804 0.3574
-0.4749 0.7406 0.2468
-0.4614 -0.3742 0.1924
-0.4778 1.1642 0.1711
-0.4607 -0.1383 0.1287
-0.4579 -0.2598 0.1571
-0.4551 -0.2240 0.1466
-0.4443 1.2688 0.1750
-0.4420 -0.1836 0.1287
-0.4224 -0.0820 0.1383
-0.4327 1.1872 0.1769
-0.4259 -0.1340 0.1152
-0.4163 1.2798 0.1928
-0.4166 1.2265 0.1749
-0.4143 -0.1614 0.1185
-0.4001 -0.1967 0.1371
-0.3945 -0.0566 0.1717
-0.3773 -0.1032 0.1482
-0.3656 -1.1252 0.3331
-0.3739 -0.6896 0.2005
-0.3668 -0.3043 0.1994
-0.3580 0.7456 0.2428
-0.3673 0.8350 0.2974
-0.3703 1.2344 0.2075
-0.3658 -1.1955 0.3832
-0.3600 0.3243 0.3621
-0.3539 0.7841 0.2627
-0.3558 0.7196 0.2399
-0.3495 -0.6573 0.1776
-0.3406 -0.6103 0.1809
-0.3340 0.5682 0.2853
-0.3276 1.0857 0.3044
-0.3219 -0.7532 0.1918
-0.3060 -0.3083 0.2065
-0.3152 -0.5882 0.1775
-0.2888 0.5763 0.2738
-0.2846 -0.1879 0.2001
-0.2843 -0.2353 0.1948
-0.2739 -1.0165 0.3045
-0.2676 1.0090 0.3702
-0.2704 1.2785 0.3045
-0.2682 -0.7006 0.1526
-0.2564 -0.7810 0.1927
-0.2583 -0.2136 0.2151
-0.2403 -0.6289 0.1666
-0.2454 -0.7085 0.1653
-0.2330 -0.4406 0.2325
-0.2468 0.5998 0.2705
-0.2315 0.4422 0.2565
-0.2295 -0.9187 0.2794
-0.2226 -0.7780 0.2057
-0.2223 -0.5539 0.1857
-0.2211 -0.5168 0.2086
-0.2229 -0.4044 0.2387
-0.2069 -0.5832 0.1919
-0.2089 0.3299 0.2048
-0.1956 -0.8721 0.2614
-0.1985 0.1364 0.2099
-0.1860 -0.3252 0.2482
-0.1870 -1.0676 0.2532
-0.1502 0.1072 0.1681
-0.1314 0.3054 0.1134
-0.1216 0.2223 0.1313
-0.1267 0.3647 0.1324
-0.1250 0.1708 0.1350
-0.1137 0.1516 0.1308
-0.1102 0.3393 0.1054
-0.0933 0.2981 0.0919
-0.1097 0.0626 0.1651
-0.0996 0.5682 0.2015
-0.0972 -1.1347 0.1735
-0.0935 0.8587 0.3280
-0.0863 0.3280 0.0879
-0.0893 1.1517 0.3449
-0.0900 1.2246 0.3500
-0.0886 -1.1071 0.1659
-0.0798 -1.1587 0.1711
-0.0760 -0.0951 0.1931
-0.0784 0.2128 0.1168
-0.0805 0.2405 0.1075
-0.0803 0.4677 0.1553
-0.0779 0.5184 0.1563
-0.0738 -0.2135 0.2286
-0.0739 -0.0470 0.1722
-0.0639 -1.1763 0.1782
-0.0718 -0.0199 0.1634
-0.0617 0.9770 0.3454
-0.0588 0.2781 0.0956
-0.0541 0.3132 0.0847
-0.0613 0.8370 0.3061
-0.0516 0.3441 0.0878
-0.0612 1.2753 0.3715
-0.0507 -0.1856 0.2004
-0.0453 0.0678 0.1648
-0.0434 0.1213 0.1560
-0.0461 0.5224 0.1353
-0.0358 -0.4348 0.2242
-0.0305 0.3954 0.1246
-0.0302 -1.0076 0.1535
-0.0204 0.2071 0.1369
-0.0245 -1.1642 0.1577
-0.0143 0.0219 0.1575
-0.0216 0.5244 0.1309
-0.0213 -0.6122 0.1371
0.0002 -0.2438 0.1697
-0.0157 0.3144 0.0890
-0.0180 0.3645 0.1006
0.0016 -0.5867 0.1278
-0.0160 -0.5088 0.1638
-0.0056 0.5623 0.1399
-0.0080 -0.7898 0.1497
-0.0028 -0.0522 0.1462
-0.0124 0.2604 0.1109
0.0023 0.5014 0.1398
0.0039 0.7862 0.2532
0.0075 -0.6215 0.1146
-0.0014 0.3344 0.0920
0.0146 -1.0492 0.1312
0.0076 -0.6854 0.1211
0.0124 0.4275 0.1505
0.0125 -0.8671 0.1426
0.0160 -0.9976 0.1115
0.0267 -0.6532 0.1065
0.0122 -0.5410 0.1430
0.0180 -1.0744 0.1384
0.0259 0.1926 0.1766
0.0229 -0.9342 0.1141
0.0332 -0.8542 0.1353
0.0308 -0.7445 0.1129
0.0288 0.3161 0.1083
0.0323 -0.9663 0.1053
0.0308 -0.8052 0.1302
0.0493 0.2843 0.1307
0.0374 -0.6878 0.1045
0.0317 -0.4648 0.1587
0.0449 -0.0221 0.1525
0.0531 0.3458 0.1179
0.0430 0.8217 0.2477
0.0547 -1.0003 0.1090
0.0436 -0.9102 0.1197
0.0579 -1.1746 0.1454
0.0506 1.2157 0.2799
0.0683 -0.4345 0.1521
0.0643 -0.2418 0.1195
0.0638 -1.1052 0.1292
0.0685 -0.2862 0.1178
0.0625 -0.9494 0.1063
0.0571 -0.7603 0.1117
0.0649 -0.0365 0.1484
0.0675 0.6261 0.1513
0.0745 -0.6263 0.1080
0.0693 0.5704 0.1305
0.0737 -0.1104 0.1373
0.0773 0.6009 0.1339
0.0804 -0.1402 0.1352
0.0812 0.7324 0.2053
0.0916 -0.7272 0.0969
0.0918 -0.7656 0.1096
0.0859 -0.6587 0.0961
0.1010 -0.5904 0.1113
0.0908 -0.2127 0.1098
0.0941 -0.4835 0.1361
0.0982 -0.9754 0.1088
0.0961 -0.0652 0.1355
0.0989 0.3797 0.1356
0.1155 -1.1214 0.1077
0.1037 -0.7016 0.0926
0.1005 -1.1938 0.1391
0.1012 -1.0700 0.1230
0.1001 -0.3451 0.1153
0.1007 -0.2547 0.1009
0.1090 -0.1833 0.1114
0.1257 -0.6602 0.0834
0.1159 -0.5059 0.1231
0.1102 0.5447 0.1256
0.1320 -0.2919 0.0957
0.1357 -0.6280 0.0826
0.1349 -0.9735 0.1014
0.1232 -0.3741 0.1234
0.1185 -0.3358 0.1040
0.1198 -0.2746 0.0955
0.1218 0.3321 0.1162
0.1326 -1.1984 0.1413
0.1435 -1.0725 0.1182
0.1357 -0.5557 0.1018
0.1285 -1.1654 0.1110
0.1506 -0.9388 0.0949
0.1351 -0.7008 0.0895
0.1314 0.3072 0.1315
0.1425 -1.0025 0.1061
0.1416 -0.1839 0.1110
0.1480 -0.7929 0.1149
0.1546 0.5711 0.0975
0.1521 -0.7395 0.1015
0.1494 0.5297 0.1151
0.1570 -1.1219 0.1129
0.1461 -0.9069 0.1106
0.1468 0.6374 0.1236
0.1538 0.3784 0.1081
0.1723 -0.7748 0.1045
0.1672 -0.4497 0.1298
0.1523 0.0087 0.1665
0.1689 -1.1679 0.1347
0.1552 -0.5885 0.0840
0.1720 -0.1460 0.1093
0.1639 0.3502 0.1052
0.1709 -0.2028 0.1082
0.1603 -0.6867 0.0879
0.1605 -0.3411 0.1078
0.1656 -0.8340 0.1140
0.1640 -0.6573 0.0793
0.1649 -0.5082 0.1075
0.1586 0.6079 0.1039
0.1738 0.8926 0.1724
0.1632 -0.6294 0.0755
0.1792 -1.0361 0.1151
0.1871 -0.5473 0.1052
0.1625 -0.0939 0.1238
0.1838 -0.9909 0.0933
0.1793 -0.9055 0.0952
0.1932 -0.8760 0.1049
0.1967 -0.5807 0.0980
0.1735 -0.6050 0.0790
0.1696 -0.3030 0.1035
0.1906 -0.1086 0.1103
0.1847 0.5374 0.0987
0.1695 1.2052 0.1699
0.2024 0.6878 0.1230
0.1863 0.4116 0.1126
0.2066 0.5875 0.0973
0.1810 -0.2418 0.1066
0.1915 -0.0482 0.1287
0.1913 -0.9402 0.0849
0.1991 -0.6608 0.0886
0.1961 -0.4534 0.1289
0.1887 0.1357 0.1726
0.1919 0.2001 0.1884
0.1890 0.7526 0.1578
0.1938 0.6274 0.1058
0.2021 -0.8373 0.1132
0.2058 -0.6212 0.0884
0.1981 -0.3828 0.1280
0.1915 0.3225 0.1299
0.1956 1.1493 0.1617
0.2056 -0.5016 0.1186
0.2076 -0.8007 0.1049
0.2168 -0.2553 0.1024
0.2074 0.4981 0.1074
0.2031 0.0136 0.1401
0.2025 0.3757 0.1014
0.2046 0.5578 0.0930
0.2063 -1.1001 0.1503
0.2154 -0.7273 0.1056
0.2359 -0.2896 0.1019
0.2219 -0.1643 0.1007
0.2133 0.9344 0.1264
0.2099 0.9991 0.1578
0.2377 -0.6890 0.1067
0.2334 -0.2047 0.1016
0.2177 -0.9507 0.0948
0.2289 -0.3212 0.1055
0.2327 -0.1314 0.0976
0.2306 0.4445 0.1040
0.2213 1.2575 0.1499
0.2244 -1.0014 0.1151
0.2428 -0.7793 0.1134
0.2334 0.0827 0.1304
0.2236 0.3857 0.0992
0.2324 0.6367 0.1067
0.2246 0.7633 0.1316
0.2240 1.1824 0.1328
0.2436 -0.0769 0.1105
0.2284 -0.9806 0.1074
0.2407 0.5404 0.0889
0.2491 -0.7380 0.1092
0.2299 -0.9242 0.1096
0.2437 0.8580 0.1073
0.2375 -0.6509 0.1065
0.2416 0.7126 0.1144
0.2405 0.9042 0.1019
0.2379 1.2892 0.1774
0.2511 -0.2533 0.0983
0.2589 -0.3699 0.1143
0.2507 0.3982 0.1032
0.2591 -0.1686 0.0990
0.2673 -0.1190 0.0992
0.2652 0.0804 0.1162
0.2732 0.4120 0.1048
0.2615 0.4718 0.0991
0.2613 1.2202 0.1313
0.2632 1.0032 0.1181
0.2768 -0.4237 0.1124
0.2582 0.1270 0.1235
0.2624 0.2100 0.1560
0.2675 0.5147 0.0862
0.2678 0.6474 0.1012
0.2607 1.0820 0.1201
0.2586 1.2688 0.1552
0.2684 -0.6037 0.1243
0.2757 -0.4590 0.1165
0.2823 -0.3235 0.1023
0.2631 -0.0202 0.1141
0.2633 0.7867 0.1148
0.2691 0.8854 0.0867
0.2865 0.7364 0.1145
0.2812 -0.5236 0.1334
0.2708 1.1664 0.1350
0.2879 -0.2794 0.1018
0.2926 -0.4836 0.1186
0.2921 -0.2317 0.1101
0.2919 -0.0766 0.1063
0.2986 -0.0309 0.1069
0.2741 0.4903 0.0931
0.2751 0.5454 0.0821
0.2718 0.9337 0.0969
0.3006 -0.1908 0.1137
0.2914 -0.7327 0.1144
0.2789 0.0003 0.1122
0.2771 1.1096 0.1187
0.2917 -0.7856 0.1439
0.3038 0.6080 0.0900
0.2882 0.6780 0.1001
0.2853 0.8275 0.0963
0.2853 0.8587 0.0876
0.3013 0.9318 0.0914
0.2917 -0.3663 0.1062
0.2998 -0.1491 0.1033
0.2924 0.0453 0.1111
0.3001 0.3788 0.1325
0.2849 0.5785 0.0899
0.3113 0.8990 0.0884
0.2949 1.0847 0.1035
0.3006 0.6442 0.0928
0.2897 1.2811 0.1863
0.3051 -0.6727 0.1055
0.3005 0.1722 0.1157
0.2998 1.0199 0.1051
0.3116 -0.4136 0.1042
0.3093 0.9726 0.1030
0.3258 -0.6969 0.1075
0.3064 0.1025 0.1074
0.3182 0.4304 0.1202
0.3034 0.5349 0.0802
0.3143 0.5726 0.0828
0.3113 0.8193 0.0956
0.3209 0.8654 0.0903
0.3504 0.4687 0.1264
0.3167 -0.6198 0.1020
0.3209 -0.2776 0.1173
0.3162 0.2003 0.1209
0.3276 0.5156 0.0930
0.3339 -0.6413 0.0927
0.3303 0.0652 0.1092
0.3296 -0.1354 0.1188
0.3168 1.0549 0.0961
0.3405 -0.3145 0.1136
0.3335 0.6375 0.0911
0.3422 -0.5667 0.1043
0.3448 -0.3833 0.1043
0.3481 -0.1061 0.1190
0.3323 0.5535 0.0850
0.3478 0.7702 0.0941
0.3398 0.9418 0.1068
0.3402 0.7408 0.0998
0.3440 1.0237 0.1062
0.3304 1.1042 0.1135
0.3476 -0.0408 0.1031
0.3392 0.6997 0.0970
0.3550 0.8005 0.0931
0.3400 -0.5133 0.1147
0.3553 0.1102 0.1059
0.3577 -0.6670 0.0916
0.3579 -0.0103 0.0989
0.3682 0.0171 0.0984
0.3506 0.2087 0.1130
0.3500 -0.4243 0.1102
0.3750 -1.1969 0.1663
0.3655 -0.6000 0.0907
0.3508 0.1554 0.1011
0.3605 0.5837 0.0969
0.3457 1.0498 0.1020
0.3581 -1.1594 0.1566
0.3601 0.6861 0.0971
0.3537 0.9156 0.1069
0.3688 0.6489 0.0994
0.3819 0.8747 0.1071
0.3619 -0.3352 0.1136
0.3760 -0.0677 0.1078
0.3716 0.5318 0.1076
0.3627 0.2939 0.1356
0.3643 0.3711 0.1427
0.3591 0.8309 0.0949
0.3816 -0.6295 0.0898
0.3724 -0.5666 0.1044
0.3739 0.1413 0.1000
0.3674 -0.7320 0.1389
0.3686 -0.4572 0.1182
0.3964 0.2022 0.1044
0.3885 0.0422 0.0935
0.3868 0.2619 0.1146
0.3932 0.6260 0.1079
0.3836 -1.1199 0.1244
0.3879 0.7262 0.0930
0.3883 0.7815 0.0866
0.3995 0.8159 0.0925
0.4064 0.4971 0.1343
0.3938 1.0044 0.1261
0.3939 -0.3797 0.1304
0.4045 0.3299 0.1206
0.4021 -1.0834 0.1205
0.3904 -0.6735 0.1076
0.3979 -0.5223 0.1308
0.4035 -0.3426 0.1475
0.4044 0.0789 0.0969
0.4067 0.5713 0.1212
0.3941 1.1044 0.1345
0.4130 0.1357 0.0954
0.4228 0.9639 0.1227
0.3991 -0.4742 0.1405
0.4108 -0.1854 0.1638
0.4187 -0.0519 0.0997
0.4202 -0.0232 0.0949
0.4036 0.0123 0.0863
0.4015 -0.5928 0.1078
0.4266 0.1760 0.1044
0.4145 0.7544 0.0901
0.4307 0.7360 0.0941
0.4179 0.2658 0.1050
0.4103 -1.1205 0.1072
0.4120 -0.6454 0.1183
0.4194 0.6887 0.0998
0.4142 1.0714 0.1295
0.4150 1.1032 0.1463
0.4342 -1.1846 0.1264
0.4280 0.3625 0.1215
0.4397 0.7853 0.0962
0.4346 0.8417 0.1012
0.4197 0.8767 0.1093
0.4333 -1.0694 0.1050
0.4352 0.0251 0.0890
0.4404 0.0648 0.0938
0.4381 0.1108 0.0943
0.4285 -0.0957 0.1141
0.4524 -0.0015 0.0975
0.4409 0.6643 0.1065
0.4396 0.2457 0.1000
0.4468 0.5925 0.1357
0.4491 0.9310 0.1094
0.4557 0.2435 0.0997
0.4504 -0.0997 0.1121
0.4544 -1.0168 0.1113
0.4600 0.3389 0.1116
0.4632 -1.1347 0.0963
0.4580 0.4225 0.1115
0.4676 0.1622 0.1008
0.4553 -0.9523 0.1617
0.4887 0.2070 0.1024
0.4724 0.1117 0.1003
0.4770 0.3821 0.1006
0.4666 0.7300 0.0986
0.4639 1.0248 0.1439
0.4794 -1.1049 0.0903
0.4726 0.7927 0.1045
0.4813 -1.0364 0.0911
0.4649 -0.7419 0.2066
0.4719 0.8609 0.1036
0.4752 0.9123 0.0989
0.4755 0.9739 0.1128
0.4775 -1.1849 0.1348
0.4811 0.6505 0.1075
0.4790 -1.0676 0.0902
0.4840 -0.9797 0.1181
0.4683 -0.2523 0.2096
0.4743 0.0653 0.1076
0.4661 0.4738 0.1280
0.4917 -0.0040 0.1148
0.4932 0.2896 0.1058
0.4949 0.6805 0.0969
0.4737 -0.1264 0.1199
0.5014 0.8236 0.1019
0.4956 0.2508 0.1016
0.4960 -1.1558 0.1122
0.4835 0.4518 0.1081
0.4984 0.7146 0.1009
0.4865 -0.1879 0.1648
0.4925 -0.7062 0.2065
0.5094 0.1721 0.1083
0.5080 0.3319 0.1067
0.5177 0.8811 0.0978
0.5068 -1.0014 0.1017
0.5038 0.1189 0.1157
0.4898 -0.0515 0.1105
0.5069 0.4301 0.0959
0.5091 -1.0880 0.0909
0.5175 0.9184 0.0916
0.5100 0.9509 0.0976
0.5171 -1.1280 0.1084
0.5118 0.3941 0.0981
0.5124 -0.0807 0.1141
0.5228 -0.1264 0.1359
0.5317 0.6377 0.0997
0.5387 -1.0453 0.1032
0.5340 0.3770 0.1071
0.5331 0.7479 0.1025
0.5350 0.6747 0.0945
0.5352 -1.0806 0.1048
0.5463 -1.0133 0.1112
0.5415 0.5366 0.1129
0.5342 1.1300 0.2496
0.5461 0.2808 0.1087
0.5459 0.1667 0.1291
0.5457 0.4810 0.1007
0.5375 0.5938 0.1105
0.5455 0.8331 0.0946
0.5451 0.2186 0.1133
0.5378 0.8005 0.0961
0.5501 0.3193 0.1134
0.5587 0.7037 0.0945
0.5499 0.4362 0.0971
0.5629 0.8595 0.0956
0.5462 -0.4392 0.2967
0.5665 0.2496 0.1163
0.5422 0.0003 0.1430
0.5480 0.9650 0.1149
0.5674 0.5159 0.0951
0.5519 0.9354 0.0951
0.5658 0.5869 0.0967
0.5597 -0.1071 0.1484
0.5703 0.7860 0.0933
0.5773 -0.9900 0.1364
0.5613 -0.9300 0.1471
0.5726 0.6530 0.0966
0.5678 0.7455 0.0995
0.5771 0.9044 0.0972
0.5821 0.4605 0.0890
0.5670 1.2817 0.3737
0.5895 0.8131 0.0933
0.5901 0.5497 0.0884
0.5959 0.6165 0.0968
0.5775 -0.0483 0.1501
0.5804 0.9446 0.1157
0.6001 0.4351 0.0930
0.6046 0.2749 0.1354
0.5930 -0.8648 0.1547
0.5980 0.4978 0.0850
0.5972 0.6841 0.0956
0.6129 0.7398 0.0965
0.5953 0.4008 0.1037
0.6031 0.8517 0.0981
0.5930 -0.5655 0.2738
0.6248 0.5827 0.0893
0.6024 -0.7733 0.1787
0.6048 -0.0132 0.1723
0.6239 0.7990 0.1046
0.6192 0.3572 0.1242
0.6270 0.5476 0.0868
0.6208 0.8926 0.1225
0.6263 0.5104 0.0838
0.6305 0.3084 0.1414
0.6325 0.4612 0.0897
0.6370 0.4150 0.1011
0.6274 -0.9548 0.1271
0.6306 0.6861 0.0927
0.6373 0.6180 0.0953
0.6545 0.3846 0.1220
0.6432 0.7214 0.0920
0.6357 -0.7116 0.1744
0.6287 0.1844 0.1882
0.6538 0.6539 0.0925
0.6414 0.8427 0.1184
0.6411 -0.9057 0.1148
0.6484 -0.8724 0.1153
0.6523 0.4829 0.0892
0.6602 0.7549 0.0964
0.6576 0.5388 0.0836
0.6681 0.5738 0.0853
0.6758 0.6863 0.0905
0.6631 1.0392 0.2264
0.6835 0.4479 0.0965
0.6796 0.5093 0.0862
0.6966 0.6361 0.0897
0.6792 0.7205 0.0880
0.6833 0.6079 0.0888
0.6717 -0.2777 0.1809
0.6759 -0.9196 0.1132
0.6806 1.1146 0.2472
0.6889 -0.0074 0.1600
0.6860 -0.8150 0.0981
0.7040 -0.1248 0.1236
0.6883 -0.9831 0.1391
0.6930 -0.8614 0.1006
0.6985 0.5426 0.0851
0.6896 -1.0905 0.2223
0.6896 -0.9313 0.1140
0.6906 0.7739 0.0999
0.6913 -0.7714 0.1024
0.6931 -0.2487 0.1474
0.7072 0.5761 0.0871
0.7123 0.4920 0.0905
0.7213 0.7479 0.0939
0.7155 0.6650 0.0926
0.7249 0.7091 0.0993
0.7094 -0.7648 0.0918
0.7187 -0.6921 0.1112
0.7081 -0.1929 0.1191
0.7100 0.8110 0.1185
0.7140 -0.0115 0.1442
0.7172 -0.8339 0.0841
0.7249 -0.2539 0.1319
0.7230 0.4538 0.0928
0.7201 -1.0041 0.1528
0.7291 -0.1472 0.1011
0.7292 0.5312 0.0901
0.7333 0.7784 0.0963
0.7246 -0.8028 0.0732
0.7362 0.6065 0.0928
0.7327 -0.6737 0.1046
0.7307 0.3175 0.1504
0.7364 -0.5361 0.1631
0.7357 -0.0586 0.1164
0.7379 1.0333 0.2313
0.7400 -0.7244 0.0923
0.7393 -0.8501 0.0914
0.7453 0.6561 0.0989
0.7431 -0.6352 0.1092
0.7390 -0.5114 0.1869
0.7410 0.2173 0.1822
0.7434 1.2698 0.2632
0.7424 0.2967 0.1505
0.7527 0.5519 0.0904
0.7469 -0.2220 0.1224
0.7412 0.4141 0.1180
0.7419 0.4329 0.1044
0.7526 -0.1252 0.0926
0.7486 -0.7879 0.0751
0.7536 0.4607 0.0924
0.7527 1.2352 0.2320
0.7589 -0.9855 0.1640
0.7618 -0.0936 0.1043
0.7774 0.5794 0.0956
0.7675 -0.6051 0.1090
0.7587 0.2590 0.1617
0.7577 -0.7693 0.0749
0.7675 0.0070 0.1438
0.7740 0.7446 0.1119
0.7626 -1.0757 0.2378
0.7610 -0.8420 0.0927
0.7636 -0.3591 0.1971
0.7642 -0.1441 0.0953
0.7774 0.6257 0.0958
0.7684 -0.7868 0.0752
0.7713 -0.6404 0.0974
0.7738 0.5212 0.1000
0.7807 0.8133 0.1105
0.7851 0.6702 0.1065
0.7739 0.7845 0.1013
0.7741 -0.5729 0.1158
0.7790 -0.6962 0.0853
0.7752 -0.9070 0.1474
0.7748 -0.1674 0.1118
0.7788 -0.0496 0.1288
0.7790 -0.8127 0.0860
0.7800 -0.2946 0.1522
0.7877 -0.7332 0.0821
0.7837 0.2210 0.1825
0.7912 -0.3520 0.2023
0.8005 0.0310 0.1620
0.8240 0.6772 0.1114
0.7910 0.4990 0.1109
0.8164 0.7845 0.1094
0.7900 0.4421 0.1220
0.8101 0.6087 0.1014
0.8093 0.5634 0.1073
0.7971 -0.1319 0.1190
0.8017 -0.7529 0.0848
0.8017 0.0733 0.1940
0.8124 0.8430 0.1233
0.8122 -0.7796 0.1020
0.8068 -0.6648 0.0954
0.8086 -0.2991 0.1769
0.8100 1.1992 0.2071
0.8159 -0.7211 0.0963
0.8134 -0.5667 0.1190
0.8097 0.3266 0.1665
0.8164 -0.6844 0.0988
0.8314 0.8896 0.1581
0.8194 1.0544 0.2278
0.8219 1.2477 0.2365
0.8259 1.0203 0.2305
0.8434 0.6312 0.1059
0.8301 0.3605 0.1769
0.8556 0.7046 0.1197
0.8463 0.9277 0.1883
0.8414 -0.5658 0.1318
0.8477 0.8089 0.1118
0.8519 -0.6466 0.1254
0.8520 1.1634 0.2164
0.8568 -0.9400 0.2324
0.8548 -0.6105 0.1219
0.8531 0.0669 0.1954
0.8778 0.6330 0.1162
0.8722 0.2137 0.2103
0.8913 -0.5548 0.1636
0.8748 0.5628 0.1543
0.8781 0.7811 0.1164
0.8801 0.4512 0.2034
0.8858 0.8143 0.1144
0.8849 -0.0998 0.1895
0.8883 0.6850 0.1091
0.8926 -0.0616 0.2004
0.9021 1.2674 0.3016
0.9029 -0.8358 0.2278
0.9187 0.6536 0.1186
0.9495 0.7041 0.1125
0.9228 0.8185 0.1126
0.9198 0.7319 0.1151
0.9494 0.6679 0.1246
0.9338 0.1723 0.2299
0.9365 -0.1393 0.2325
0.9568 0.8378 0.1241
0.9493 0.8043 0.1081
0.9546 -0.5980 0.1986
0.9781 0.7629 0.1138
0.9627 -0.4578 0.2394
0.9591 -0.2322 0.2716
0.9656 0.0859 0.2346
0.9622 0.1615 0.2506
0.9633 0.8795 0.1586
0.9667 -0.4785 0.2273
0.9842 0.5522 0.2393
0.9854 -0.4351 0.2679
0.9920 0.0454 0.2598
0.9986 0.7007 0.1434
1.0004 0.7452 0.1298
0.9967 0.9281 0.2300
1.0018 -0.6214 0.2575
1.0054 1.1677 0.3693
1.0061 -0.2404 0.3168
1.0110 0.8000 0.1450
