points 
 2 
 1 
Tumour[19065]CD6810NNCodensity
-1.3624 -1.1677 0.3688
-1.3599 -1.1468 0.3555
-1.3500 -0.7827 0.3218
-1.3547 -0.2007 0.1675
-1.3669 -0.0748 0.1702
-1.3686 -0.0381 0.2025
-1.3676 0.7863 0.2780
-1.3543 0.2086 0.1438
-1.3541 -0.1672 0.1497
-1.3417 1.2810 0.4083
-1.3474 -0.6163 0.2301
-1.3464 -0.4892 0.2034
-1.3512 0.8911 0.2359
-1.3342 -0.1216 0.1351
-1.3340 0.1775 0.1278
-1.3299 0.0056 0.2205
-1.3212 -0.2382 0.1833
-1.3120 0.2130 0.1047
-1.3228 0.2696 0.1486
-1.3241 -0.5124 0.1711
-1.3208 0.7894 0.2313
-1.2958 0.1870 0.1017
-1.3111 -0.1640 0.1302
-1.3066 0.1623 0.1219
-1.3060 -1.1671 0.3135
-1.2979 -1.1286 0.2953
-1.2951 0.9967 0.2348
-1.2806 0.7731 0.2324
-1.2910 -0.4872 0.1551
-1.2894 -0.1434 0.1327
-1.2688 0.2791 0.1349
-1.2821 -0.6968 0.2231
-1.2726 0.1441 0.1459
-1.2640 0.8601 0.1834
-1.2674 -0.5008 0.1435
-1.2729 -0.5568 0.1597
-1.2708 0.3800 0.2188
-1.2690 -0.1401 0.1440
-1.2505 0.3494 0.1812
-1.2591 1.2863 0.3255
-1.2192 -0.2421 0.1810
-1.2568 0.7819 0.2261
-1.2567 0.1940 0.1139
-1.2408 -0.8192 0.2613
-1.2509 -0.0336 0.2017
-1.2485 -0.7271 0.2179
-1.2399 -1.1169 0.2726
-1.2377 -0.4721 0.1496
-1.2197 1.0156 0.1884
-1.2299 0.2281 0.1232
-1.2128 0.2460 0.1358
-1.2223 1.1944 0.2502
-1.2123 0.3967 0.2463
-1.1956 -0.8290 0.2480
-1.1966 -0.5357 0.1659
-1.1967 0.8650 0.2077
-1.1971 -0.1798 0.1775
-1.1895 0.2664 0.1614
-1.1903 0.9278 0.1905
-1.1758 -0.4855 0.1609
-1.1750 1.0348 0.1860
-1.1758 -0.3033 0.1794
-1.1773 -0.4611 0.1635
-1.1756 1.1068 0.2104
-1.1632 0.9760 0.1894
-1.1661 0.0482 0.2513
-1.1366 -0.3196 0.1654
-1.1536 -1.1406 0.2729
-1.1450 -0.6704 0.2125
-1.1448 1.0098 0.1965
-1.1421 -0.1268 0.2142
-1.1405 -0.6933 0.2103
-1.1370 0.2236 0.2189
-1.1368 -0.3594 0.1614
-1.0878 -0.4469 0.1682
-1.1160 -0.1947 0.2020
-1.1269 -0.9750 0.2863
-1.1202 -0.0415 0.2446
-1.1164 -0.3451 0.1626
-1.1001 -0.2694 0.1813
-1.0927 1.1336 0.2081
-1.0990 -0.5858 0.2101
-1.0873 1.2538 0.2188
-1.0662 0.0232 0.2812
-1.0694 1.2207 0.2014
-1.0685 -0.9671 0.2725
-1.0649 1.2584 0.2185
-1.0600 -0.7397 0.1957
-1.0393 -1.1676 0.2998
-1.0415 -0.4458 0.1738
-1.0303 1.2237 0.2078
-1.0247 0.1358 0.2966
-1.0124 -0.4698 0.1899
-1.0128 -0.8438 0.1859
-1.0163 -0.3908 0.1876
-0.9979 -1.1648 0.3159
-1.0016 -0.6953 0.2063
-1.0013 -0.5368 0.2073
-0.9867 -0.6421 0.2243
-0.9839 -0.8554 0.1777
-0.9916 -0.8266 0.1713
-0.9726 -0.7674 0.1732
-0.9678 -0.2197 0.2266
-0.9664 0.1762 0.3158
-0.9629 -0.1177 0.2664
-0.9645 -1.1913 0.3572
-0.9478 -0.5154 0.2353
-0.9631 1.1706 0.2225
-0.9525 -0.3208 0.1830
-0.9535 -0.9163 0.2210
-0.9001 -0.3180 0.1477
-0.8804 -0.2853 0.1531
-0.8847 -0.1104 0.2355
-0.8927 -1.1647 0.3852
-0.8964 1.2186 0.2322
-0.8787 1.1568 0.2459
-0.8724 -0.7949 0.1868
-0.8687 1.0689 0.3135
-0.8616 -0.3262 0.1387
-0.8570 -0.8498 0.2158
-0.8522 -0.7630 0.2116
-0.8421 -0.3602 0.1553
-0.8306 -0.1035 0.2179
-0.8375 -0.8047 0.2111
-0.8317 0.1842 0.2531
-0.8288 -0.3345 0.1491
-0.8272 -0.3143 0.1518
-0.8222 1.2902 0.3140
-0.8023 0.0967 0.2118
-0.8043 -0.3976 0.1950
-0.8060 0.0356 0.1939
-0.7898 -0.0053 0.1880
-0.7807 -0.2150 0.2231
-0.7731 0.2718 0.2644
-0.7759 -0.0651 0.2028
-0.7516 0.2824 0.2591
-0.7494 0.0561 0.1833
-0.7491 1.2295 0.3203
-0.7465 -0.6693 0.2792
-0.7302 -0.4672 0.2518
-0.7311 1.1809 0.3032
-0.7015 -0.1448 0.2563
-0.6900 -0.5069 0.2394
-0.6912 1.0034 0.3889
-0.6804 0.0746 0.1962
-0.6753 -1.0222 0.4086
-0.6610 0.0304 0.1934
-0.6587 0.0935 0.2116
-0.6602 0.2394 0.2346
-0.6576 -0.7759 0.2727
-0.6393 0.3308 0.2355
-0.6373 0.4468 0.3034
-0.6291 -0.6019 0.2008
-0.6164 -0.5723 0.2010
-0.6197 0.2805 0.2317
-0.6014 -0.3249 0.3156
-0.5994 0.4993 0.3418
-0.5889 -0.5753 0.2019
-0.5921 -0.5446 0.2127
-0.5870 -0.8259 0.2416
-0.5799 -0.0116 0.1779
-0.5564 -0.1701 0.1939
-0.5485 -0.0845 0.1601
-0.5461 -0.1967 0.2028
-0.5455 -0.6416 0.2155
-0.5445 1.0595 0.4304
-0.5352 -0.0330 0.1558
-0.5216 0.0129 0.1742
-0.5190 0.3930 0.2479
-0.5210 -0.9047 0.2469
-0.5209 -0.8078 0.2033
-0.5140 -0.0620 0.1460
-0.5210 1.0748 0.4486
-0.4973 -0.7028 0.2191
-0.4938 1.0840 0.4841
-0.4993 -0.8573 0.2162
-0.4966 0.2671 0.2499
-0.4847 -0.4088 0.2967
-0.4821 0.2338 0.2519
-0.4657 -0.1028 0.1468
-0.4529 -0.7059 0.2278
-0.4578 -0.8974 0.2495
-0.4505 -0.1831 0.1593
-0.4461 -1.1400 0.2558
-0.4476 0.0644 0.1994
-0.4418 -0.0094 0.1772
-0.4237 -0.2026 0.1737
-0.4169 0.3933 0.2436
-0.4166 -0.1422 0.1554
-0.4187 -0.1152 0.1572
-0.4118 0.1248 0.2014
-0.3808 0.4292 0.2438
-0.3892 -1.1774 0.2076
-0.3833 -0.8936 0.2831
-0.3771 -1.0877 0.1736
-0.3757 -0.2188 0.1871
-0.3634 -0.7010 0.2260
-0.3603 0.1557 0.1752
-0.3561 -0.6709 0.2083
-0.3574 -1.1036 0.1524
-0.3405 -0.4412 0.1982
-0.3546 0.0626 0.1765
-0.3510 0.5098 0.2919
-0.3437 -1.1897 0.1929
-0.3475 0.4900 0.2721
-0.3319 -1.0955 0.1449
-0.3364 -0.3290 0.2077
-0.3033 -0.4951 0.1860
-0.3335 -0.3549 0.2079
-0.3173 0.4558 0.2492
-0.3202 -0.4140 0.1975
-0.3184 -0.0782 0.2139
-0.3105 -0.5425 0.1774
-0.2998 -0.1790 0.1887
-0.2985 0.2112 0.1647
-0.2854 -0.6239 0.1769
-0.2964 0.0912 0.1528
-0.2988 0.2464 0.1887
-0.2847 0.0631 0.1678
-0.2757 -1.0912 0.1304
-0.2765 -0.6653 0.2020
-0.2676 0.2228 0.1581
-0.2473 -0.5894 0.1742
-0.2608 -0.5435 0.1710
-0.2624 -0.3130 0.2269
-0.2542 -0.1300 0.1942
-0.2435 0.1172 0.1470
-0.2537 -1.0556 0.1289
-0.2483 -1.1735 0.1823
-0.2458 0.0919 0.1507
-0.2421 -1.0329 0.1368
-0.2209 -1.0945 0.1247
-0.2182 0.2330 0.1656
-0.2064 -1.0062 0.1496
-0.2080 0.3107 0.1890
-0.1960 0.0829 0.1483
-0.1974 -0.1579 0.1819
-0.1902 -0.2188 0.2031
-0.1844 0.1839 0.1630
-0.1870 -1.1141 0.1423
-0.1866 -1.0832 0.1287
-0.1754 -0.5193 0.2259
-0.1779 -0.1253 0.1814
-0.1677 0.3945 0.2370
-0.1526 -0.0225 0.1908
-0.1521 -0.9778 0.1820
-0.1498 -0.6238 0.2398
-0.1519 0.0068 0.1781
-0.1486 -1.0493 0.1539
-0.1285 -0.1923 0.2002
-0.1421 0.3471 0.2006
-0.1308 0.0676 0.1570
-0.1327 0.1948 0.1837
-0.1196 -1.1798 0.2443
-0.1091 -0.9571 0.2081
-0.1085 0.1028 0.1682
-0.0890 0.3034 0.1964
-0.0942 0.4065 0.2480
-0.0859 -0.2255 0.2166
-0.0734 -0.5407 0.2445
-0.0764 0.6251 0.4759
-0.0760 0.0006 0.2051
-0.0759 0.1437 0.2108
-0.0528 -0.3900 0.2916
-0.0395 -0.1244 0.2053
-0.0392 0.3038 0.2038
-0.0268 -0.8808 0.1732
-0.0255 -0.9377 0.2006
-0.0132 -0.8399 0.1614
-0.0159 -1.1284 0.2708
0.0093 -0.2344 0.2071
0.0021 -0.6337 0.2033
0.0253 -0.6012 0.1830
0.0428 -0.8337 0.1283
0.0275 -0.0757 0.2053
0.0265 0.4177 0.2710
0.0493 -1.0933 0.2600
0.0453 0.2638 0.2097
0.0452 -0.8962 0.1547
0.0659 -0.8022 0.1278
0.0496 -0.7696 0.1556
0.0599 -0.6040 0.1631
0.0459 -0.2404 0.2035
0.0530 -0.1122 0.1942
0.0644 0.2424 0.2085
0.0690 -0.6335 0.1666
0.0877 -0.8356 0.1300
0.0780 0.2387 0.2103
0.0789 -0.3362 0.1849
0.0876 0.0855 0.2358
0.0954 -0.7687 0.1457
0.1073 -0.0783 0.1869
0.1006 0.1302 0.2344
0.1042 -0.8822 0.1619
0.1020 -0.5198 0.1616
0.1000 -0.1721 0.1916
0.1166 -0.5461 0.1496
0.1372 -0.7412 0.1664
0.1158 -0.3981 0.1626
0.1256 -0.4379 0.1607
0.1287 -1.0284 0.2162
0.1296 -1.0004 0.2126
0.1412 -0.3162 0.1452
0.1333 -0.0413 0.1808
0.1461 0.0411 0.1956
0.1567 1.1613 0.4064
0.1452 -1.0554 0.2201
0.1532 1.1170 0.3971
0.1530 0.3873 0.2290
0.1655 -0.5332 0.1623
0.1801 -0.5839 0.1754
0.1741 -0.6374 0.1846
0.1669 -0.3712 0.1253
0.1745 0.3106 0.2180
0.1840 -0.2221 0.1619
0.1835 -0.8171 0.1912
0.1867 -0.7241 0.1959
0.1984 -0.9330 0.2212
0.2065 -0.3565 0.1168
0.1960 1.1024 0.3531
0.2055 -0.5127 0.1764
0.2018 -0.2898 0.1251
0.2036 -0.3957 0.1344
0.2099 -1.1969 0.3085
0.2135 -0.0075 0.1659
0.2199 0.3965 0.2078
0.2223 0.4534 0.2133
0.2235 -0.3319 0.1143
0.2290 -0.1472 0.1559
0.2394 -1.1674 0.2844
0.2391 0.2294 0.2381
0.2452 -0.1103 0.1504
0.2396 1.1690 0.3370
0.2513 -0.2019 0.1395
0.2514 -0.2991 0.1282
0.2496 -0.2732 0.1348
0.2499 -0.0327 0.1592
0.2590 0.0020 0.1710
0.2722 -0.3662 0.1242
0.2632 -0.1414 0.1416
0.2618 0.0372 0.1797
0.2750 0.7899 0.1648
0.2669 -1.1438 0.2840
0.2798 0.5313 0.1981
0.2715 0.7406 0.1899
0.2806 -0.4419 0.1611
0.2813 0.3754 0.1888
0.2954 -0.1508 0.1443
0.3098 0.7827 0.1279
0.3011 -0.7317 0.1990
0.3180 -0.3785 0.1415
0.3094 0.1610 0.1920
0.3108 -0.4278 0.1604
0.3217 -0.9649 0.2576
0.3146 0.5521 0.1750
0.3259 -0.8711 0.1925
0.3393 -0.7391 0.1899
0.3382 0.1585 0.1774
0.3434 0.8382 0.1224
0.3436 -0.3239 0.1675
0.3430 -0.2357 0.1756
0.3512 -0.7580 0.1779
0.3649 0.4682 0.1308
0.3608 -0.4110 0.1711
0.3546 0.0434 0.1778
0.3576 -0.1071 0.1548
0.3518 0.2705 0.1905
0.3584 0.7259 0.1477
0.3652 -0.1650 0.1445
0.3622 0.4438 0.1391
0.3660 0.7812 0.1103
0.3669 0.8039 0.1071
0.3688 -0.8203 0.1660
0.3738 0.7477 0.1302
0.3829 -1.0490 0.3226
0.3703 -0.8757 0.1894
0.3744 0.1198 0.1724
0.3701 0.3336 0.1755
0.3840 0.8597 0.1117
0.3786 1.2970 0.3848
0.3873 0.5498 0.1304
0.3846 -0.7923 0.1652
0.3920 0.0670 0.1774
0.3892 0.4100 0.1407
0.3960 0.9142 0.1275
0.3959 0.8854 0.1096
0.3962 0.2827 0.1968
0.4141 0.7832 0.1344
0.4143 0.4894 0.1232
0.4073 0.5926 0.1566
0.4143 -0.0663 0.1736
0.4226 0.5296 0.1277
0.4297 -0.1376 0.1412
0.4194 0.5625 0.1352
0.4224 0.8784 0.1044
0.4415 0.9507 0.1365
0.4287 -0.1836 0.1489
0.4261 -0.1042 0.1515
0.4269 0.4515 0.1271
0.4335 1.1696 0.2369
0.4324 0.3978 0.1510
0.4461 -0.3857 0.1886
0.4441 0.2163 0.2071
0.4523 0.1093 0.1897
0.4459 1.0696 0.1710
0.4650 -0.4263 0.1829
0.4539 0.8962 0.1152
0.4691 0.6520 0.1791
0.4704 -0.1786 0.1594
0.4960 0.5791 0.1817
0.4752 -0.6819 0.2786
0.4716 0.8812 0.1267
0.4837 1.0220 0.1329
0.4829 -0.4738 0.1828
0.4824 0.0780 0.2037
0.4925 -0.8221 0.1985
0.4895 0.7215 0.1719
0.4911 0.9075 0.1312
0.4928 -0.8553 0.1991
0.4988 0.4090 0.1888
0.4945 1.0878 0.1402
0.5128 -0.0252 0.2194
0.5062 -0.1695 0.1766
0.5166 -0.3616 0.1829
0.5198 1.0725 0.1270
0.5360 0.7355 0.1741
0.5395 0.9352 0.1506
0.5290 0.4730 0.2077
0.5329 -0.2446 0.2078
0.5482 -0.4779 0.1450
0.5371 1.0245 0.1187
0.5466 0.2950 0.1779
0.5467 1.0905 0.1405
0.5486 -0.8544 0.1770
0.5522 0.9965 0.1315
0.5640 0.6813 0.1943
0.5631 0.7752 0.1873
0.5752 0.9676 0.1629
0.5686 1.0665 0.1436
0.5800 -0.4611 0.1270
0.5748 1.1932 0.1972
0.5837 0.2705 0.1395
0.5849 0.1623 0.1780
0.5935 -0.9088 0.1433
0.5931 -0.3925 0.1528
0.5899 1.2198 0.2095
0.5947 -0.5391 0.1533
0.5971 -0.2324 0.2255
0.5988 0.2182 0.1448
0.6176 0.3524 0.1355
0.6010 0.1330 0.1899
0.6026 0.6941 0.2090
0.6169 -0.4558 0.1121
0.6080 -1.1520 0.2021
0.6106 -0.5021 0.1185
0.6133 -0.0736 0.2687
0.6049 0.7894 0.2189
0.6100 -0.3501 0.1777
0.6119 -0.9613 0.1205
0.6228 -1.0850 0.1240
0.6346 -0.9711 0.1001
0.6369 -0.8981 0.1361
0.6242 -0.8202 0.1680
0.6357 0.2325 0.1334
0.6391 -1.0051 0.0969
0.6464 0.3657 0.1239
0.6436 0.3138 0.1161
0.6429 -0.0293 0.2724
0.6522 -1.0971 0.1158
0.6520 -0.7541 0.2213
0.6585 -0.5173 0.1236
0.6678 -0.4596 0.1169
0.6650 -1.0761 0.1010
0.6589 -1.0523 0.0923
0.6606 -0.9510 0.1074
0.6636 -0.9798 0.0953
0.6639 0.3390 0.1154
0.6675 0.3995 0.1339
0.6626 1.2186 0.1550
0.6804 -0.3240 0.1888
0.6716 0.2462 0.1366
0.6689 -0.4827 0.1142
0.6761 -1.0353 0.0929
0.6707 -0.8159 0.1780
0.6757 0.2749 0.1227
0.6784 -1.1118 0.1323
0.6762 -0.7485 0.2261
0.6814 0.1251 0.1900
0.6868 -0.5743 0.2011
0.6823 1.1494 0.1482
0.7063 -0.9885 0.1209
0.6947 0.4196 0.1479
0.6996 0.4407 0.1724
0.7017 -0.4290 0.1488
0.7067 -0.4545 0.1497
0.7132 -1.0254 0.1208
0.7149 0.0926 0.2142
0.7213 1.1760 0.1116
0.7187 1.2877 0.1869
0.7342 -0.2929 0.2302
0.7264 1.1570 0.1102
0.7341 0.2738 0.1405
0.7342 1.2573 0.1477
0.7370 0.3478 0.1471
0.7537 1.0916 0.1366
0.7532 0.9776 0.1688
0.7586 -0.3333 0.2215
0.7564 0.5998 0.1955
0.7626 -1.1840 0.2286
0.7726 0.7555 0.1574
0.7649 0.4409 0.2138
0.7717 0.1045 0.1959
0.7767 0.6719 0.1486
0.7678 1.1595 0.0944
0.7747 -0.8996 0.2073
0.7758 0.2767 0.1583
0.7779 1.1761 0.0956
0.7759 1.2545 0.1445
0.7780 1.1391 0.0971
0.7810 -1.1948 0.2448
0.7856 0.8976 0.1228
0.7938 0.8426 0.1339
0.7954 0.9410 0.1189
0.8030 -0.8573 0.2395
0.7956 0.2454 0.1628
0.8202 0.9599 0.1127
0.8110 0.1930 0.1607
0.8266 0.7310 0.1224
0.8091 1.1848 0.1049
0.8147 -0.8126 0.2582
0.8199 0.8661 0.1169
0.8114 1.0683 0.1486
0.8236 0.9270 0.1048
0.8209 0.8200 0.1298
0.8256 0.6940 0.1182
0.8215 1.1320 0.1151
0.8322 0.6313 0.1150
0.8301 0.7976 0.1328
0.8386 1.1807 0.1219
0.8391 0.5866 0.1367
0.8491 1.0445 0.1565
0.8525 0.2907 0.2107
0.8693 0.7425 0.1317
0.8644 0.1415 0.1511
0.8763 0.1681 0.1540
0.8691 0.5786 0.1445
0.8619 -0.2782 0.3284
0.8581 0.6283 0.1107
0.8550 1.2097 0.1405
0.8820 -1.1272 0.2391
0.8608 -1.0501 0.2229
0.8673 -0.6165 0.2978
0.8641 0.6739 0.1114
0.8645 -1.0246 0.2347
0.8671 0.9385 0.1066
0.8684 0.0756 0.1769
0.8769 0.9982 0.1308
0.8865 0.1234 0.1489
0.8844 0.8962 0.1222
0.8973 0.9489 0.1139
0.9068 -1.1076 0.2534
0.9055 0.7003 0.1245
0.9039 -0.5314 0.2883
0.9366 0.1745 0.1671
0.9230 0.5874 0.1502
0.9185 0.6372 0.1294
0.9289 1.1286 0.1314
0.9278 0.9150 0.1138
0.9415 -0.2636 0.3264
0.9414 -0.5736 0.2671
0.9404 0.9911 0.1567
0.9356 1.1527 0.1137
0.9412 0.8227 0.1361
0.9520 0.8847 0.1160
0.9531 0.7736 0.1405
0.9452 1.1783 0.1105
0.9491 -0.7725 0.3162
0.9522 0.0768 0.1504
0.9525 1.1937 0.1147
0.9609 0.7961 0.1400
0.9649 1.1387 0.1151
0.9673 0.7074 0.1472
0.9801 0.8656 0.1312
0.9745 1.2962 0.2158
0.9819 0.6916 0.1577
0.9804 0.8999 0.1286
0.9862 1.2054 0.1229
0.9962 0.5582 0.2164
0.9986 -1.1142 0.3747
0.9986 0.0666 0.1371
1.0174 1.1445 0.1183
1.0148 1.1738 0.1133
0.9992 0.0859 0.1285
1.0123 0.2316 0.2193
1.0177 -0.6992 0.2887
1.0189 0.9257 0.1707
1.0562 0.0556 0.1459
1.0309 -0.4645 0.2927
1.0356 0.5526 0.2560
1.0384 -0.5256 0.2773
1.0464 0.1339 0.1323
1.0486 0.1007 0.1182
1.0582 0.2588 0.2663
1.0568 0.7553 0.2056
1.0581 1.1255 0.1612
1.0755 1.1520 0.1615
1.0715 0.1054 0.1288
1.0918 0.0919 0.1469
1.0808 1.2929 0.2163
1.0920 0.7003 0.2525
1.0937 -0.5951 0.3082
1.0902 -0.6977 0.3438
1.1071 -0.2993 0.3264
1.0950 1.2386 0.1793
1.1103 0.9702 0.2865
1.1069 -0.2442 0.3465
1.1118 -0.1797 0.3506
1.1218 -0.3188 0.3301
1.1213 1.2494 0.2128
1.1235 0.0687 0.1956
