points 
 2 
 1 
Tumour[19065]FoxP310NNCodensity
-1.1038 0.0156 0.5643
-1.0998 -0.3213 0.5529
-1.0958 0.6381 0.5048
-1.0949 -0.3493 0.5431
-1.0875 0.1568 0.4934
-1.0808 -0.9685 0.2896
-1.0792 -0.9298 0.3003
-1.0627 -1.0514 0.2820
-1.0570 -0.7306 0.3966
-1.0430 -0.5972 0.4568
-1.0441 0.6128 0.4440
-1.0379 0.5694 0.4236
-1.0201 0.2478 0.3912
-1.0090 -0.9381 0.2526
-0.9593 0.3281 0.3481
-0.9299 -1.0697 0.1922
-0.9277 0.4011 0.3492
-0.9160 -1.1350 0.1900
-0.9151 -0.5288 0.4628
-0.9026 -0.7204 0.4046
-0.8978 -1.0336 0.1942
-0.8976 -0.8488 0.3257
-0.8821 -0.2319 0.4771
-0.8644 -1.0909 0.1746
-0.8633 -0.9982 0.2242
-0.8530 -1.2634 0.2955
-0.8519 -1.1836 0.2048
-0.8458 0.7963 0.5108
-0.8413 -1.1220 0.1798
-0.8414 0.5988 0.4133
-0.8278 -1.2366 0.2674
-0.7988 0.3144 0.3125
-0.7780 1.1541 0.8394
-0.7710 -0.3019 0.4090
-0.7714 0.1822 0.3610
-0.7701 -1.0893 0.2507
-0.7548 0.8073 0.5168
-0.7503 0.1945 0.3625
-0.7246 0.2961 0.3316
-0.7006 0.2904 0.3476
-0.6140 -0.2381 0.2576
-0.6026 -0.3326 0.2771
-0.5689 0.6299 0.4737
-0.5611 -0.1760 0.2382
-0.5354 0.3696 0.4692
-0.5305 -0.6522 0.4708
-0.5253 -0.2821 0.1920
-0.5146 -0.2796 0.1872
-0.4992 0.8146 0.4723
-0.4725 -0.7737 0.5305
-0.4690 -0.1430 0.2350
-0.4685 -0.6501 0.4471
-0.4630 -0.3135 0.2140
-0.4601 -0.8162 0.5419
-0.4276 -0.1127 0.2828
-0.4209 -0.1357 0.2621
-0.4188 -0.3087 0.2304
-0.3928 -0.2934 0.2440
-0.3845 -1.2103 0.7758
-0.3764 0.8634 0.4109
-0.3666 1.0270 0.4353
-0.3461 0.5899 0.3550
-0.3143 0.5317 0.3493
-0.3090 -0.4455 0.4105
-0.2083 0.5985 0.2194
-0.1993 0.7179 0.2726
-0.1724 0.9749 0.1852
-0.1666 0.3202 0.4365
-0.1665 1.0190 0.2012
-0.1613 -0.6692 0.5475
-0.1445 0.6647 0.2094
-0.1442 -0.2844 0.4238
-0.1136 0.6216 0.1728
-0.1100 0.9580 0.1180
-0.1055 0.9354 0.1203
-0.1013 0.5800 0.1666
-0.0856 0.6222 0.1681
-0.0697 0.8692 0.1636
-0.0679 0.9287 0.1107
-0.0638 0.6031 0.1668
-0.0649 0.9541 0.1026
-0.0625 1.0184 0.1313
-0.0625 0.9132 0.1184
-0.0486 -0.2449 0.3405
-0.0478 0.5265 0.1727
-0.0377 0.5147 0.1727
-0.0328 0.9846 0.1038
-0.0320 -0.7499 0.6080
-0.0268 0.8240 0.2323
-0.0114 1.0247 0.1340
0.0082 0.9991 0.1231
0.0144 0.3775 0.2549
0.0243 0.9725 0.1350
0.0288 1.0252 0.1341
0.0463 0.5103 0.1480
0.0564 0.5345 0.1474
0.0626 -0.0486 0.2579
0.0740 0.4945 0.1396
0.0877 -0.2662 0.2335
0.0894 -0.0331 0.2374
0.0916 0.2518 0.3547
0.0961 -0.7080 0.4786
0.0961 -0.2460 0.2166
0.1078 0.4886 0.1372
0.1131 0.5687 0.1668
0.1177 1.0121 0.1442
0.1187 1.0286 0.1509
0.1278 1.0395 0.1654
0.1269 0.4372 0.1661
0.1302 0.9586 0.1702
0.1293 -0.2850 0.2287
0.1335 0.9767 0.1602
0.1423 0.5891 0.1976
0.1492 -0.1928 0.1931
0.1513 -0.1743 0.1991
0.1709 0.0141 0.2151
0.1764 0.4580 0.1581
0.1730 0.5147 0.1551
0.1800 0.0974 0.2800
0.1820 0.0158 0.2145
0.1930 0.0270 0.2214
0.2025 -0.2491 0.1965
0.2101 0.0481 0.2434
0.2305 0.4833 0.1731
0.2342 0.3883 0.1902
0.2374 0.8089 0.2926
0.2480 0.9571 0.2518
0.2712 0.3962 0.1929
0.2698 0.7839 0.2775
0.2851 -0.7536 0.3397
0.2849 -0.2238 0.1971
0.3004 -0.2159 0.1987
0.3024 0.4358 0.1980
0.3153 -0.1938 0.1980
0.3369 0.4257 0.2279
0.3467 0.4037 0.2486
0.3518 -0.5790 0.1804
0.3562 0.7631 0.2159
0.3706 -0.1677 0.2282
0.3725 -0.1348 0.2360
0.3762 -0.5797 0.1565
0.3839 0.9817 0.2905
0.3878 -0.5178 0.2202
0.3907 -0.6030 0.1380
0.4074 0.6640 0.2334
0.4096 -0.1085 0.2788
0.4101 0.7786 0.2023
0.4136 0.9766 0.2867
0.4180 -0.5973 0.1272
0.4180 0.6243 0.2626
0.4267 -0.6082 0.1242
0.4304 -0.6417 0.1340
0.4398 0.8313 0.2199
0.4533 -0.9040 0.2723
0.4611 0.9745 0.3118
0.4614 0.6190 0.2716
0.4598 0.7589 0.2084
0.4671 -0.6103 0.1429
0.4926 -0.1434 0.2977
0.5016 -0.6722 0.1286
0.5020 0.7941 0.2363
0.5100 -0.7151 0.1069
0.5164 -0.7646 0.1154
0.5196 -0.9822 0.2393
0.5233 -0.7230 0.1018
0.5179 -1.0915 0.2641
0.5284 -0.7496 0.1021
0.5404 -0.7721 0.1147
0.5432 -0.7026 0.1142
0.5608 -0.7422 0.1126
0.5671 -1.1130 0.2352
0.5710 -0.8452 0.1843
0.5806 -1.0126 0.2277
0.6032 -1.0891 0.2272
0.6145 -0.7606 0.1675
0.6172 -0.9057 0.2298
0.6229 -1.1972 0.2661
0.6239 0.6811 0.3150
0.6492 0.2518 0.5128
0.6525 -0.1925 0.2430
0.6616 -1.2652 0.3375
0.6599 0.7402 0.3554
0.6755 -0.2393 0.2338
0.6782 -1.2279 0.3051
0.6793 -0.1687 0.2514
0.6900 -1.2625 0.3489
0.6915 -0.9233 0.3020
0.7098 0.4896 0.3641
0.7282 -0.2915 0.2322
0.7404 0.2718 0.4541
0.7517 -0.2941 0.2272
0.7522 -0.2385 0.2072
0.7671 -0.2779 0.2153
0.7716 0.5684 0.3745
0.7932 -0.2181 0.2193
0.8408 0.5709 0.4041
0.8582 0.4390 0.3707
0.8941 0.3334 0.3969
0.9295 -0.8546 0.6083
0.9729 -0.1398 0.3684
0.9852 -0.1512 0.3716
1.0006 -0.3267 0.3941
1.0178 -0.3661 0.4420
1.0258 0.3834 0.4859
1.0605 0.0792 0.5436
1.0672 0.2131 0.5323
