points 
 2 
 1 
Tumour[19065]CD810NNCodensity
-1.3513 -0.7693 0.5024
-1.3534 -0.1873 0.2461
-1.3414 -0.2469 0.2665
-1.2716 -0.8420 0.3778
-1.2689 -0.0953 0.1679
-1.2696 -0.1587 0.1519
-1.2568 0.2686 0.5665
-1.2069 -0.1704 0.1240
-1.2410 -0.1055 0.1410
-1.2034 -0.7960 0.3048
-1.2010 -0.1207 0.1191
-1.1929 -0.0854 0.1380
-1.1826 -0.2302 0.1721
-1.1725 -0.0387 0.1972
-1.1696 -0.2144 0.1557
-1.1630 -0.8176 0.2708
-1.1616 -0.1393 0.1285
-1.1528 1.1790 0.9405
-1.1486 -0.2136 0.1687
-1.1370 0.2483 0.4391
-1.1309 -0.9129 0.3006
-1.1155 -0.8257 0.2551
-1.1138 0.7970 0.5475
-1.1109 -1.2375 0.6612
-1.1036 -0.1025 0.1965
-1.0510 -0.7947 0.2515
-1.0398 0.6319 0.4734
-1.0182 1.1409 0.8195
-1.0036 0.7631 0.4718
-1.0004 -0.8890 0.2532
-0.9970 0.7478 0.4654
-0.9518 0.0846 0.1659
-0.9369 -1.0372 0.3902
-0.9428 0.0580 0.1518
-0.9343 -0.0281 0.1913
-0.9246 0.2457 0.2626
-0.9101 -0.0464 0.1911
-0.9013 -0.7511 0.2183
-0.8945 -0.7829 0.2030
-0.9046 0.7077 0.4766
-0.8834 0.0809 0.1159
-0.8828 0.1276 0.1328
-0.8810 0.6915 0.4861
-0.8740 -0.5686 0.3926
-0.8745 -0.7730 0.1983
-0.8667 0.1797 0.1656
-0.8523 -0.7456 0.2089
-0.8596 0.0659 0.1152
-0.8526 0.0170 0.1354
-0.8421 0.2234 0.2121
-0.8540 0.0654 0.1174
-0.8468 -0.9048 0.2421
-0.8385 -0.1581 0.2902
-0.8378 -0.9099 0.2471
-0.8278 0.0729 0.1325
-0.7911 0.1361 0.1658
-0.7826 -0.0349 0.1653
-0.7595 -0.0265 0.1543
-0.7287 -0.7634 0.1883
-0.7272 -0.7277 0.1996
-0.7181 -0.8450 0.2057
-0.7136 -0.0337 0.1377
-0.7127 0.1751 0.2278
-0.7033 0.0547 0.1651
-0.6895 -0.0030 0.1271
-0.6963 -0.0834 0.1679
-0.6615 -0.7615 0.1604
-0.6651 0.4941 0.5354
-0.6573 -0.0587 0.1434
-0.6560 -0.4051 0.3965
-0.6490 -0.7128 0.1817
-0.6373 -0.8432 0.1960
-0.6359 0.1215 0.1876
-0.6315 -0.3952 0.3862
-0.6251 -0.8661 0.2236
-0.6221 0.0254 0.1317
-0.6257 -0.0123 0.1287
-0.6039 0.2605 0.3138
-0.6062 0.1034 0.1822
-0.5989 -0.3926 0.3843
-0.5918 0.0439 0.1548
-0.5895 -0.0188 0.1486
-0.5843 -0.6987 0.1964
-0.5753 -0.7674 0.1760
-0.5666 -0.7430 0.1791
-0.5472 -0.0756 0.2041
-0.4883 -0.0704 0.2250
-0.4748 0.1718 0.1948
-0.4646 -0.6966 0.2551
-0.4454 -0.7420 0.2589
-0.4499 0.4096 0.3658
-0.4501 0.1181 0.1722
-0.4306 0.1585 0.1609
-0.4238 0.0865 0.1673
-0.4264 -0.2881 0.3317
-0.4212 -0.2874 0.3336
-0.4217 -0.2922 0.3362
-0.4165 -0.0048 0.1840
-0.3852 0.2266 0.1691
-0.3862 0.9095 0.7765
-0.3799 -0.7352 0.2795
-0.3735 -0.0056 0.1664
-0.3609 0.1348 0.1444
-0.3482 -0.0544 0.1903
-0.3525 0.1725 0.1482
-0.3319 0.2097 0.1590
-0.3351 0.3138 0.2192
-0.3254 -0.0133 0.1555
-0.3144 0.1347 0.1498
-0.3041 -0.6264 0.2946
-0.2921 0.3106 0.2066
-0.2879 0.0398 0.1420
-0.2890 0.0354 0.1414
-0.2394 -0.6468 0.2568
-0.2435 -0.0565 0.2190
-0.2457 0.0587 0.1612
-0.2444 0.2862 0.1906
-0.2380 0.0848 0.1707
-0.2312 -0.7092 0.2693
-0.2290 0.1692 0.1975
-0.2072 1.1152 0.6835
-0.1955 -0.6391 0.2572
-0.1997 0.3510 0.2050
-0.1467 0.2552 0.1769
-0.1318 0.0042 0.2774
-0.1228 0.3218 0.1771
-0.1142 -0.7021 0.2648
-0.0949 0.3783 0.2180
-0.1015 0.2768 0.1765
-0.0907 -0.5595 0.2664
-0.0813 0.2486 0.1973
-0.0635 0.1872 0.2436
-0.0559 0.9394 0.4492
-0.0544 0.3697 0.2210
-0.0251 -0.6149 0.2228
-0.0258 0.6384 0.2531
-0.0238 -0.6608 0.2332
-0.0019 0.5721 0.2144
0.0152 0.0536 0.2424
0.0222 -0.5105 0.2147
0.0213 0.5716 0.1945
0.0337 0.6212 0.1803
0.0508 0.6335 0.1758
0.0548 -0.3019 0.3382
0.0569 0.3780 0.2655
0.0676 0.1096 0.1962
0.0822 -0.6811 0.1856
0.0742 -0.4009 0.2134
0.0849 0.0462 0.1808
0.1015 -0.6333 0.1633
0.1030 -0.5236 0.1632
0.1029 0.6638 0.1912
0.1053 -0.4118 0.1872
0.1229 0.3629 0.2524
0.1393 0.5208 0.2119
0.1303 1.0463 0.2879
0.1401 0.0451 0.1437
0.1335 0.0839 0.1364
0.1410 -0.4502 0.1655
0.1428 -0.4956 0.1527
0.1456 0.8804 0.2544
0.1670 -0.6554 0.1207
0.1581 0.8237 0.2603
0.1750 0.0654 0.1220
0.1548 0.6711 0.2020
0.1607 -0.6229 0.1243
0.1638 0.5424 0.1975
0.1663 -0.4173 0.1918
0.1758 -0.5944 0.1300
0.1749 -0.7509 0.1849
0.1768 0.1388 0.1472
0.1751 0.3058 0.2207
0.1810 -0.5306 0.1587
0.1948 -0.6587 0.1200
0.2031 0.5786 0.2025
0.2058 -0.7179 0.1473
0.2048 0.0660 0.1156
0.2187 -0.5961 0.1437
0.2158 0.8615 0.2261
0.2192 0.9496 0.1989
0.2269 0.1183 0.1178
0.2222 1.0292 0.2114
0.2352 0.6052 0.2245
0.2365 -0.6795 0.1276
0.2430 0.0332 0.1439
0.2487 0.0927 0.1206
0.2471 0.3104 0.1841
0.2548 0.2035 0.1506
0.2542 0.3772 0.2322
0.2573 0.6301 0.2409
0.2643 0.1237 0.1224
0.2872 -0.6329 0.1507
0.2733 -0.0082 0.2099
0.2677 1.0930 0.1993
0.2800 0.9442 0.2053
0.2773 -0.8797 0.1700
0.2931 0.1171 0.1355
0.2867 1.0611 0.1912
0.2919 0.2884 0.1696
0.2888 -0.8216 0.1496
0.2921 -0.7207 0.1198
0.2909 -0.4286 0.2749
0.3020 -0.9992 0.2295
0.3153 -0.7657 0.1298
0.3098 -0.7094 0.1189
0.3080 0.1905 0.1354
0.3087 0.8270 0.2397
0.3131 0.3645 0.2309
0.3304 -0.7364 0.1254
0.3310 0.1993 0.1358
0.3295 1.1131 0.1777
0.3369 -0.6400 0.1732
0.3353 -0.9534 0.1679
0.3403 -0.8537 0.1391
0.3451 -0.3770 0.3391
0.3603 1.1553 0.1729
0.3537 -0.9158 0.1464
0.3486 -0.7069 0.1404
0.3503 0.2125 0.1432
0.3556 -0.8837 0.1434
0.3583 -0.8095 0.1452
0.3758 -0.1818 0.3649
0.3755 0.9229 0.2381
0.3832 0.7931 0.2852
0.3799 1.1936 0.1926
0.3813 1.2477 0.2547
0.3871 0.1337 0.1704
0.3887 -0.9530 0.1798
0.4055 0.2432 0.1628
0.3995 0.7114 0.3252
0.4063 1.0394 0.2094
0.4042 1.1742 0.1812
0.4165 -0.2502 0.3992
0.4242 -1.0269 0.2249
0.4243 0.1720 0.1576
0.4519 -1.2396 0.2306
0.4617 -1.2024 0.1958
0.4697 -0.0376 0.3371
0.4732 0.1598 0.1898
0.4751 0.2352 0.1810
0.4751 1.0985 0.1922
0.4832 -1.1301 0.1772
0.4771 -0.7323 0.2820
0.4784 -0.1389 0.3943
0.4807 0.5144 0.4332
0.4859 1.1263 0.1935
0.4879 0.9053 0.2771
0.5040 0.2280 0.1920
0.5101 -1.2076 0.1581
0.5165 -1.1003 0.1759
0.5333 0.9847 0.2233
0.5351 0.2699 0.2328
0.5473 -0.9850 0.2693
0.5560 1.0073 0.2121
0.5591 -1.1621 0.1332
0.5846 -1.1605 0.1251
0.5835 1.1911 0.1951
0.6034 1.0809 0.1801
0.6042 -1.0878 0.1685
0.6110 -1.2417 0.1589
0.6090 -1.2176 0.1348
0.6132 1.2145 0.1964
0.6193 1.1133 0.1747
0.6377 0.1642 0.2828
0.6381 1.0854 0.1841
0.6402 -1.1866 0.1216
0.6599 -1.1434 0.1319
0.6712 0.2598 0.2981
0.6623 -1.1124 0.1551
0.6617 -1.2129 0.1450
0.6725 1.2397 0.2070
0.6997 0.8322 0.3739
0.7251 1.2335 0.2039
0.7192 0.2212 0.3209
0.7207 -1.1950 0.1872
0.7264 1.1813 0.1702
0.7441 1.0581 0.2124
0.7444 1.1592 0.1685
0.7478 0.6232 0.3972
0.7555 -1.0990 0.2342
0.7592 0.7563 0.3755
0.7853 -0.9609 0.2789
0.8158 1.0962 0.2001
0.8075 1.1329 0.1852
0.8127 0.1019 0.4322
0.8285 0.5541 0.3704
0.8304 0.2574 0.3571
0.8315 0.5254 0.3725
0.8575 -0.9737 0.2647
0.8702 1.1831 0.2015
0.8706 1.0492 0.2372
0.8777 -0.8596 0.2412
0.8836 -0.9801 0.2675
0.8856 -0.9252 0.2390
0.9291 0.7877 0.3533
0.9258 1.2246 0.2054
0.9486 0.9355 0.3039
0.9644 0.8353 0.3518
0.9681 -0.8086 0.1888
0.9696 0.5389 0.3914
0.9755 -0.5963 0.3159
0.9810 1.1590 0.1757
0.9857 0.3436 0.3680
0.9869 1.2068 0.1645
1.0037 -0.7751 0.1584
1.0083 1.0929 0.2351
1.0209 1.2521 0.1856
1.0270 -0.8046 0.1656
1.0307 -0.7424 0.1491
1.0265 0.3300 0.3915
1.0425 -0.8365 0.1964
1.0481 1.1983 0.1706
1.0529 -0.6765 0.1921
1.0639 1.2417 0.1933
1.0610 -0.7150 0.1612
1.0742 0.3090 0.4415
1.0823 -0.7137 0.1754
1.0980 0.0880 0.6109
1.1017 1.2329 0.2216
1.1129 -0.7189 0.2086
1.1120 1.2132 0.2267
1.1205 0.9136 0.3846
1.1257 0.9526 0.3636
