points 
 2 
 1 
Tumour[19065]CD6810NNCodensity
-1.4378 -0.0801 0.4370
-1.4294 0.1995 0.6157
-1.4368 1.4162 0.6959
-1.4291 -0.5487 0.2764
-1.4218 -0.3613 0.4106
-1.4238 -0.2716 0.4194
-1.4161 -0.7168 0.2461
-1.4076 0.6354 0.3353
-1.4093 0.8880 0.2833
-1.4137 1.3207 0.5826
-1.3932 -0.6555 0.2019
-1.3741 1.3780 0.6200
-1.3764 0.7285 0.2257
-1.3642 0.6375 0.3094
-1.3519 0.9837 0.3726
-1.3624 -0.6612 0.1794
-1.3501 0.8484 0.2099
-1.3457 -0.8199 0.2229
-1.3416 1.3649 0.6074
-1.3230 -0.1469 0.3245
-1.3281 -0.5376 0.2134
-1.3189 -0.6876 0.1647
-1.3177 -1.0277 0.3655
-1.2921 -0.0663 0.3049
-1.2976 0.7841 0.1764
-1.2782 0.8334 0.2016
-1.2840 -0.9118 0.2213
-1.2807 0.7652 0.1877
-1.2700 -0.6436 0.1332
-1.2710 0.7841 0.1875
-1.2614 -0.8811 0.2012
-1.2561 -0.8346 0.1925
-1.2528 -0.9234 0.2237
-1.2499 -0.6072 0.1307
-1.2443 -0.5499 0.1826
-1.2386 -0.7057 0.1394
-1.2302 0.7954 0.2324
-1.2177 -0.6309 0.1192
-1.2140 -0.7570 0.1727
-1.2111 -0.5867 0.1479
-1.1967 -0.6664 0.1193
-1.1976 -0.9616 0.2721
-1.1706 -0.6985 0.1424
-1.1710 -0.0697 0.2034
-1.1650 -0.6404 0.1396
-1.1349 -0.7184 0.1841
-1.1343 0.0041 0.2228
-1.1269 -0.1584 0.1617
-1.1254 -0.2678 0.2132
-1.1114 0.0194 0.2245
-1.0925 -0.0826 0.1478
-1.0792 0.2963 0.4854
-1.0760 -0.0980 0.1403
-1.0752 -0.2386 0.1489
-1.0675 -0.1885 0.1248
-1.0616 1.1737 0.6720
-1.0500 -0.6338 0.2796
-1.0484 -0.2066 0.1243
-1.0433 -0.0998 0.1435
-1.0323 -0.9522 0.4004
-1.0240 -0.2245 0.1301
-1.0096 0.1692 0.3147
-1.0064 -0.1213 0.1451
-1.0048 -0.2762 0.1458
-1.0060 -0.1578 0.1368
-0.9875 -0.3482 0.2243
-0.9615 0.0016 0.2092
-0.9502 0.0410 0.2236
-0.9381 -0.0811 0.1866
-0.9435 -0.2326 0.1575
-0.9326 -0.2603 0.1671
-0.9183 -0.2876 0.1943
-0.8705 0.5645 0.4076
-0.8708 0.1136 0.2767
-0.8676 0.0393 0.2332
-0.8578 -0.1634 0.1626
-0.8522 0.5952 0.3868
-0.8471 -0.8344 0.3206
-0.8314 -0.0974 0.1632
-0.8380 -0.1493 0.1553
-0.8379 0.1560 0.3241
-0.8280 0.5527 0.3771
-0.8131 -0.1451 0.1533
-0.8063 -1.0220 0.3662
-0.8034 0.6207 0.3642
-0.7930 -0.1799 0.1774
-0.7982 0.5436 0.3735
-0.7444 -0.0892 0.1561
-0.7342 -0.9721 0.2854
-0.7369 -1.0139 0.3343
-0.7231 -0.0658 0.1616
-0.7239 -0.1103 0.1617
-0.7113 -0.8242 0.1896
-0.6870 -0.8568 0.1955
-0.6946 -0.7287 0.1707
-0.6851 -0.5730 0.2968
-0.6771 -0.0744 0.1597
-0.6666 0.7840 0.3909
-0.6579 -0.7649 0.1392
-0.6523 -0.6710 0.1747
-0.6481 -0.8228 0.1671
-0.6497 0.0239 0.1490
-0.6323 -0.0158 0.1316
-0.6257 -0.7447 0.1371
-0.6203 0.0351 0.1396
-0.6094 -0.0317 0.1380
-0.6029 -0.6222 0.2033
-0.5950 -0.7785 0.1500
-0.6036 -0.6863 0.1584
-0.5903 0.0088 0.1302
-0.5782 0.8360 0.3554
-0.5635 -0.0097 0.1500
-0.5541 -0.7741 0.1668
-0.5418 0.0765 0.1670
-0.5403 0.0444 0.1542
-0.5146 0.1223 0.2229
-0.5145 0.5128 0.3965
-0.5038 0.1425 0.2512
-0.4924 -0.7431 0.1389
-0.4963 0.6941 0.2754
-0.4836 -0.6356 0.1594
-0.4774 -0.7194 0.1209
-0.4750 -0.6792 0.1211
-0.4734 0.6612 0.2846
-0.4546 -0.6708 0.1169
-0.4475 0.8277 0.2486
-0.4229 0.8866 0.2736
-0.4256 -0.6974 0.1041
-0.4271 -0.6732 0.1138
-0.4118 -0.7655 0.1359
-0.3856 -0.7104 0.1174
-0.3550 -0.7667 0.1510
-0.3501 -0.7057 0.1332
-0.3629 0.4410 0.2791
-0.3544 0.7512 0.1915
-0.3374 0.7021 0.2198
-0.3462 -0.7996 0.1842
-0.3370 0.4275 0.2527
-0.3151 1.0806 0.3464
-0.3112 -0.3515 0.1444
-0.3218 0.9121 0.2561
-0.3157 0.7582 0.1939
-0.3138 1.0434 0.3141
-0.3066 -0.6899 0.1433
-0.2767 -0.3757 0.1329
-0.2874 -0.3281 0.1227
-0.2899 0.2172 0.2668
-0.3095 0.4154 0.2325
-0.3074 1.1169 0.3891
-0.2814 -0.4060 0.1546
-0.2711 -0.2988 0.1213
-0.3003 0.0248 0.3377
-0.2847 -0.6240 0.1773
-0.2751 0.7138 0.2372
-0.2584 -0.2589 0.1359
-0.2712 -0.4752 0.2080
-0.2708 -0.1603 0.1762
-0.2455 -0.2122 0.1435
-0.2423 -0.3550 0.1263
-0.2623 0.7783 0.2098
-0.2502 -0.7255 0.1469
-0.2504 -0.1491 0.1770
-0.2530 -0.0838 0.2330
-0.2484 -0.5364 0.2284
-0.2216 -0.3278 0.1355
-0.2462 -0.6706 0.1495
-0.2453 0.1989 0.2355
-0.2204 -0.2881 0.1381
-0.2376 0.8195 0.2128
-0.2231 0.3460 0.2051
-0.2195 -0.8460 0.1930
-0.2105 -0.8763 0.1893
-0.2117 -0.7230 0.1651
-0.2085 0.2426 0.1954
-0.2019 -0.6989 0.1719
-0.1932 -0.1700 0.1749
-0.1941 0.4919 0.2017
-0.1996 0.5266 0.2352
-0.1793 -0.6565 0.2050
-0.1701 0.2729 0.1805
-0.1705 -0.1737 0.1901
-0.1688 0.3927 0.1813
-0.1662 -0.9583 0.1900
-0.1408 -0.8756 0.1462
-0.1466 -0.9220 0.1506
-0.1399 0.4925 0.1979
-0.1410 -0.4720 0.2832
-0.1382 0.4383 0.1729
-0.1343 0.9170 0.2281
-0.1203 0.8658 0.2293
-0.1132 0.8977 0.2202
-0.0867 -0.8563 0.1524
-0.1102 0.2492 0.1856
-0.1029 0.1893 0.1943
-0.1006 -0.9611 0.1726
-0.1027 0.9503 0.2275
-0.0890 0.2896 0.1853
-0.0782 -0.8925 0.1411
-0.0753 -0.0432 0.2777
-0.0682 0.4094 0.1668
-0.0497 -0.8323 0.1586
-0.0548 0.0863 0.2436
-0.0551 0.1564 0.2025
-0.0524 -0.9863 0.2040
-0.0465 0.4067 0.1685
-0.0247 -0.2323 0.2895
-0.0251 -0.8145 0.1628
-0.0132 0.7402 0.3352
-0.0107 0.4383 0.1860
0.0196 1.0011 0.2137
0.0051 0.2931 0.1885
0.0060 0.9705 0.2050
0.0221 -0.0992 0.2936
0.0247 0.0990 0.2201
0.0226 0.4269 0.1918
0.0280 -0.9034 0.1526
0.0537 -0.0646 0.2834
0.0409 -0.8620 0.1340
0.0410 1.0559 0.2637
0.0460 0.5481 0.2919
0.0480 -0.7930 0.1714
0.0448 0.3557 0.1802
0.0482 0.9302 0.2254
0.0529 0.1620 0.1903
0.0558 0.2510 0.1833
0.0624 -0.9068 0.1614
0.0676 -0.3092 0.3647
0.0749 1.0308 0.2471
0.0824 -0.2716 0.3455
0.0866 -0.8435 0.1554
0.0950 0.2840 0.1796
0.1004 0.7316 0.3272
0.1073 -0.8687 0.1713
0.1362 -0.8396 0.1887
0.1199 0.1176 0.1863
0.1470 0.2579 0.1807
0.1508 0.2283 0.1779
0.1579 0.4000 0.1695
0.1515 -0.6954 0.3039
0.1756 1.0044 0.2499
0.1774 0.0933 0.1775
0.1917 0.0606 0.1914
0.1810 0.4121 0.1585
0.1895 0.8554 0.2596
0.2178 0.3636 0.1289
0.2350 0.9027 0.2482
0.2237 0.1903 0.1731
0.2433 0.0858 0.1642
0.2436 0.1431 0.1595
0.2387 0.3257 0.1473
0.2416 0.3799 0.1174
0.2468 0.4650 0.1790
0.2493 -0.0528 0.2649
0.2518 -0.7937 0.3035
0.2633 0.4227 0.1365
0.2648 0.3557 0.1273
0.2683 0.7387 0.2116
0.2809 -0.3433 0.2227
0.2972 0.1342 0.1607
0.2949 0.6544 0.2553
0.3046 -0.1807 0.2886
0.3020 -0.5274 0.2485
0.3011 0.3972 0.1455
0.3004 0.8650 0.2242
0.3188 -0.5940 0.2568
0.3260 0.1198 0.1744
0.3127 0.2597 0.1828
0.3153 -0.3670 0.1881
0.3275 0.7739 0.1711
0.3236 1.0303 0.3069
0.3280 -0.0208 0.2391
0.3372 0.4016 0.1738
0.3340 0.7297 0.1671
0.3455 1.0125 0.2871
0.3447 -0.3927 0.1769
0.3509 -0.1801 0.2809
0.3456 0.2423 0.1875
0.3744 0.6930 0.1733
0.3709 -0.6677 0.2555
0.3733 -0.3962 0.1674
0.3726 0.2346 0.1982
0.3763 0.0976 0.1802
0.3976 -0.3295 0.1732
0.3930 -0.9736 0.3059
0.3993 -0.3825 0.1640
0.4029 -1.0064 0.3208
0.4115 -0.6299 0.2291
0.4170 0.7511 0.1354
0.4293 -0.4379 0.1944
0.4308 0.3263 0.2005
0.4350 0.7914 0.1341
0.4391 -0.5955 0.2157
0.4411 -0.3173 0.1826
0.4415 -0.8133 0.2755
0.4547 0.0955 0.1304
0.4509 0.8240 0.1438
0.4571 0.7433 0.1290
0.4521 0.9471 0.2312
0.4559 0.3747 0.2134
0.4613 -0.0061 0.1611
0.4608 0.7755 0.1248
0.4688 -0.9340 0.2335
0.4712 0.1387 0.1561
0.4799 -0.5611 0.2182
0.4853 0.8623 0.1613
0.4838 0.0514 0.1076
0.4917 0.0873 0.1096
0.4944 -0.9683 0.2329
0.5022 0.5678 0.2753
0.5052 0.0549 0.1014
0.5035 0.1171 0.1348
0.5072 0.6814 0.1582
0.5059 0.3542 0.2084
0.5144 -0.5406 0.2392
0.5184 0.7387 0.1281
0.5182 0.8669 0.1686
0.5219 0.2459 0.2342
0.5302 -0.0403 0.1424
0.5357 0.0110 0.1057
0.5440 -0.2895 0.1701
0.5512 0.0534 0.1127
0.5502 0.4109 0.2007
0.5483 0.7017 0.1523
0.5542 -0.3606 0.1984
0.5811 -0.2709 0.1530
0.5559 -0.3242 0.1774
0.5660 1.0234 0.2757
0.5628 -0.7970 0.2397
0.5687 -0.5266 0.2577
0.5603 0.0291 0.1081
0.5627 0.7561 0.1426
0.5856 -0.2340 0.1525
0.5701 0.7980 0.1524
0.5783 0.6565 0.1980
0.5919 -0.0330 0.1352
0.5940 0.3764 0.1916
0.5927 1.0067 0.2656
0.6000 -0.9348 0.2008
0.6009 -0.8406 0.2072
0.6064 0.0273 0.1336
0.5993 0.8041 0.1668
0.6095 -0.0176 0.1339
0.6142 -0.7663 0.2547
0.6262 -0.0855 0.1664
0.6290 -1.0007 0.2181
0.6278 0.4064 0.1913
0.6287 1.0459 0.3160
0.6393 -0.1908 0.1424
0.6375 -0.1515 0.1604
0.6349 0.0989 0.1769
0.6427 -0.2291 0.1374
0.6435 0.4388 0.1830
0.6490 0.1554 0.2269
0.6637 -0.9091 0.1866
0.6663 -0.2764 0.1584
0.6828 0.7918 0.1513
0.6798 0.8874 0.1990
0.6911 -0.7732 0.2438
0.6865 -0.4129 0.1933
0.6884 0.1421 0.2538
0.6929 0.4399 0.1714
0.6957 0.5901 0.1713
0.6947 -0.1750 0.1531
0.7033 -0.3864 0.1685
0.7064 -0.4317 0.1991
0.7048 -0.9594 0.1590
0.7057 -0.0334 0.2194
0.7192 0.4630 0.1652
0.7183 0.8189 0.1299
0.7261 -0.9899 0.1525
0.7240 -0.1924 0.1525
0.7305 0.5878 0.1382
0.7397 0.4143 0.1905
0.7425 0.6484 0.1256
0.7542 0.8105 0.1121
0.7513 -0.3265 0.1354
0.7539 -0.2587 0.1350
0.7537 0.5582 0.1400
0.7605 0.6794 0.1277
0.7556 0.7700 0.1140
0.7607 0.7286 0.1272
0.7672 -0.9698 0.1448
0.7712 -0.7748 0.2595
0.7677 0.6605 0.1203
0.7734 0.8441 0.1265
0.7882 -0.3245 0.1247
0.7832 -0.2291 0.1429
0.7868 0.7804 0.1184
0.7894 0.8232 0.1224
0.7919 -1.0207 0.1693
0.7923 -0.9414 0.1566
0.7961 -0.2957 0.1284
0.8092 0.5860 0.1214
0.8042 0.6582 0.1323
0.8047 -0.3717 0.1330
0.8146 -1.0286 0.1866
0.8157 -0.9632 0.1593
0.8192 -0.4346 0.1695
0.8172 0.4851 0.1710
0.8252 0.5530 0.1369
0.8149 0.9149 0.2093
0.8205 -0.2533 0.1452
0.8275 -0.1152 0.1625
0.8279 0.4091 0.2320
0.8383 0.6083 0.1316
0.8370 -0.7415 0.2450
0.8419 -0.3594 0.1290
0.8435 0.7941 0.1604
0.8454 -0.1554 0.1405
0.8522 -0.6442 0.2419
0.8719 -0.0993 0.1497
0.8699 0.5706 0.1406
0.8761 -0.1344 0.1329
0.8753 -0.9778 0.2183
0.8813 -0.3799 0.1365
0.8879 -0.3615 0.1367
0.8883 -0.4668 0.1996
0.8929 -0.2005 0.1553
0.9080 0.5628 0.1566
0.9185 -0.0795 0.1522
0.9187 -0.1158 0.1301
0.9171 -0.8822 0.2704
0.9140 0.6855 0.1991
0.9265 -0.6341 0.2213
0.9239 0.8442 0.1603
0.9255 -0.6203 0.2231
0.9318 0.2888 0.4068
0.9432 -0.3668 0.1358
0.9489 0.5096 0.2153
0.9438 0.6309 0.1838
0.9492 0.9371 0.1946
0.9624 -0.2979 0.1676
0.9600 0.8326 0.1282
0.9631 -0.1833 0.1483
0.9764 -0.7179 0.2546
0.9853 -0.3707 0.1508
0.9950 -0.3549 0.1583
0.9946 -0.1790 0.1497
0.9945 0.8706 0.1113
0.9909 -0.6464 0.2534
0.9916 -0.0728 0.1806
0.9890 0.7506 0.1592
1.0067 0.8008 0.1142
1.0033 -0.4268 0.1944
1.0035 -0.7090 0.2729
1.0115 0.5797 0.2501
1.0077 0.8465 0.1030
1.0249 0.8904 0.1250
1.0213 -0.1873 0.1692
1.0362 -0.0877 0.2031
1.0326 -0.3630 0.1953
1.0420 0.7899 0.1325
1.0475 0.8651 0.1258
1.0481 0.7684 0.1578
1.0481 -0.1846 0.1964
1.0504 0.1253 0.4456
1.0513 0.8997 0.1511
