points 
 2 
 1 
Tumour[19065]CD810NNCodensity
-1.0306 -0.6551 0.1850
-1.0367 -0.5857 0.1163
-1.0377 -0.5562 0.1102
-1.0309 -0.5178 0.1207
-1.0359 -0.1279 0.2971
-1.0329 0.3434 0.1745
-1.0367 0.8594 0.2646
-1.0406 1.1217 0.1413
-1.0228 -0.6205 0.1390
-1.0226 0.6356 0.1707
-1.0056 -0.2643 0.3048
-1.0168 0.6576 0.1774
-1.0166 1.1562 0.1243
-1.0174 0.2560 0.1802
-1.0167 0.4788 0.1304
-1.0134 1.1285 0.1136
-1.0054 -0.5539 0.0911
-0.9852 -0.5229 0.0935
-0.9938 0.4680 0.1037
-0.9920 -0.5826 0.1036
-1.0007 0.9433 0.1954
-0.9966 0.8557 0.2374
-0.9959 1.1932 0.1288
-0.9948 1.0665 0.1235
-0.9769 0.3434 0.1288
-0.9675 0.5808 0.1100
-0.9726 0.2423 0.1571
-0.9747 0.7020 0.1931
-0.9770 1.0497 0.1256
-0.9638 0.3912 0.1219
-0.9770 0.4586 0.0933
-0.9711 1.1458 0.1071
-0.9673 1.3355 0.2348
-0.9667 -0.2212 0.2696
-0.9672 1.0842 0.1122
-0.9659 -0.5540 0.0989
-0.9629 -0.4983 0.1092
-0.9431 0.2953 0.1205
-0.9601 0.4810 0.0811
-0.9677 0.5143 0.0876
-0.9664 1.2799 0.1662
-0.9596 0.0813 0.2263
-0.9537 1.1832 0.1186
-0.9540 0.8418 0.2309
-0.9579 1.2926 0.1758
-0.9440 -0.2130 0.2570
-0.9495 0.3540 0.1242
-0.9391 -0.4994 0.1088
-0.9424 0.5400 0.0770
-0.9450 1.0273 0.1302
-0.9429 0.6332 0.1206
-0.9360 -0.0151 0.1891
-0.9297 0.4922 0.0777
-0.9364 0.5727 0.0829
-0.9265 0.2162 0.1739
-0.9328 -0.7701 0.2446
-0.9346 0.4274 0.1063
-0.9275 0.5206 0.0717
-0.9213 -0.5150 0.1116
-0.9152 1.1797 0.1271
-0.9114 1.0066 0.1310
-0.9151 1.0902 0.1299
-0.9185 1.2388 0.1429
-0.9224 0.2599 0.1352
-0.9093 0.3166 0.1270
-0.9141 -0.9036 0.1898
-0.9087 0.5758 0.0756
-0.9026 0.6447 0.1332
-0.9043 0.4442 0.1071
-0.9081 -0.9039 0.1834
-0.8994 0.0293 0.1545
-0.9003 0.4760 0.0931
-0.8971 -0.5149 0.1260
-0.8999 0.5205 0.0704
-0.8980 0.5545 0.0629
-0.8963 -0.2411 0.2508
-0.8857 0.5783 0.0744
-0.8842 -0.9328 0.1923
-0.8861 -0.0212 0.1498
-0.8755 0.0152 0.1333
-0.8818 -0.8890 0.1600
-0.8805 1.1678 0.1254
-0.8715 -0.4417 0.1436
-0.8767 0.5204 0.0762
-0.8756 0.5436 0.0672
-0.8732 1.0031 0.1216
-0.8652 1.1336 0.1347
-0.8590 0.3997 0.1492
-0.8577 -0.5031 0.1359
-0.8618 0.5610 0.0747
-0.8519 0.5980 0.1060
-0.8503 0.3285 0.1261
-0.8517 0.9803 0.1136
-0.8380 0.0379 0.1365
-0.8447 -0.8929 0.1541
-0.8398 1.0151 0.1083
-0.8420 0.5462 0.0902
-0.8356 0.8948 0.1661
-0.8253 -0.0098 0.1211
-0.8231 0.3069 0.1294
-0.8169 1.1287 0.1362
-0.8057 0.9856 0.0997
-0.8197 1.2373 0.1388
-0.8173 -0.4049 0.1627
-0.8123 0.2339 0.1666
-0.8102 1.0234 0.1074
-0.8063 -0.4266 0.1464
-0.8093 0.2953 0.1370
-0.8048 0.9110 0.1419
-0.8047 1.1643 0.1294
-0.8043 0.0077 0.1185
-0.7947 1.0826 0.1382
-0.8014 1.2514 0.1603
-0.8006 -0.8455 0.1510
-0.7988 -0.7687 0.1542
-0.7964 -0.5022 0.1569
-0.7927 -0.4556 0.1435
-0.7855 0.3220 0.1410
-0.7919 0.5395 0.1301
-0.7876 0.9620 0.1071
-0.7875 0.3583 0.1471
-0.7943 -0.7882 0.1469
-0.7933 1.2199 0.1378
-0.7887 1.2220 0.1427
-0.7727 0.7980 0.2333
-0.7725 1.0458 0.1261
-0.7649 -0.7448 0.1274
-0.7642 -0.0009 0.1115
-0.7623 -0.2402 0.1915
-0.7554 -0.0213 0.1183
-0.7569 0.1380 0.1781
-0.7454 -0.6512 0.1579
-0.7486 -0.4093 0.1528
-0.7531 0.9331 0.1338
-0.7499 0.9865 0.1242
-0.7413 -0.0711 0.1565
-0.7472 0.5840 0.1267
-0.7406 0.1953 0.1708
-0.7404 -0.8841 0.1451
-0.7296 -0.7378 0.1119
-0.7193 -0.1717 0.1607
-0.7257 0.0047 0.1067
-0.7385 0.5509 0.1229
-0.7214 -0.7820 0.1196
-0.7244 -0.6009 0.1829
-0.7244 -0.6817 0.1291
-0.7288 -0.1903 0.1613
-0.7290 0.3967 0.1491
-0.7121 -0.8697 0.1328
-0.7103 -1.0782 0.2862
-0.7060 -0.9308 0.1799
-0.7034 1.0256 0.1778
-0.7021 0.0322 0.1092
-0.6973 -0.4616 0.1699
-0.7076 -0.3122 0.1591
-0.7053 0.1735 0.1711
-0.7027 0.4631 0.1416
-0.7104 0.5735 0.1056
-0.6843 0.4187 0.1342
-0.7040 0.5757 0.1032
-0.6675 -0.8323 0.1207
-0.6960 0.0670 0.1296
-0.6804 -0.6816 0.1251
-0.6508 -0.4259 0.1420
-0.6798 -0.3656 0.1383
-0.6870 -0.1939 0.1428
-0.6816 0.0100 0.1062
-0.6677 -0.7805 0.1024
-0.6824 0.0541 0.1217
-0.6815 0.6511 0.1376
-0.6787 0.5770 0.1008
-0.6747 -0.7373 0.0985
-0.6669 0.7459 0.2017
-0.6713 0.3883 0.1337
-0.6763 0.8961 0.1392
-0.6633 0.2586 0.1771
-0.6696 0.2943 0.1683
-0.6702 0.8917 0.1400
-0.6674 -0.8761 0.1354
-0.6644 -0.1308 0.1645
-0.6629 0.6736 0.1509
-0.6714 0.8880 0.1416
-0.6556 0.4057 0.1333
-0.6417 -0.9084 0.1637
-0.6559 -0.5917 0.1859
-0.6548 0.1670 0.1900
-0.6525 0.5445 0.1160
-0.6480 -0.7203 0.1026
-0.6301 -0.3495 0.1307
-0.6476 -0.2955 0.1321
-0.6497 0.3211 0.1608
-0.6250 -0.2493 0.1357
-0.6360 0.0004 0.1126
-0.6399 0.5878 0.1105
-0.6416 0.9113 0.1392
-0.6343 -0.7723 0.0961
-0.6333 -1.0841 0.2402
-0.6300 -0.2234 0.1353
-0.6240 0.4543 0.1373
-0.6223 -0.7157 0.1160
-0.6226 -0.3147 0.1323
-0.6262 0.4936 0.1375
-0.5920 0.5819 0.1259
-0.6075 -0.0140 0.1218
-0.6131 -0.7578 0.1040
-0.6132 -0.5813 0.2103
-0.6097 -0.4514 0.1557
-0.6171 0.6157 0.1249
-0.6106 0.0102 0.1175
-0.6033 0.8098 0.1804
-0.6045 -0.8001 0.1206
-0.5964 -0.3888 0.1366
-0.5736 -0.4225 0.1439
-0.5947 0.9215 0.1423
-0.5819 -0.1345 0.1524
-0.5856 -1.0842 0.2114
-0.5768 0.6880 0.1670
-0.5822 -0.0397 0.1249
-0.5817 -0.7631 0.1247
-0.5702 -0.2326 0.1337
-0.5672 -0.0326 0.1204
-0.5670 0.9493 0.1465
-0.5502 0.0571 0.1683
-0.5634 -0.9789 0.2058
-0.5598 0.9840 0.1530
-0.5526 0.5475 0.1003
-0.5487 0.5076 0.0847
-0.5426 1.0252 0.1549
-0.5565 -0.1282 0.1505
-0.5474 0.3083 0.1492
-0.5370 -0.4385 0.1507
-0.5458 0.4002 0.1509
-0.5406 -1.0640 0.1790
-0.5422 -0.2294 0.1386
-0.5317 -0.8518 0.1830
-0.5290 0.2544 0.1713
-0.5205 0.3319 0.1472
-0.5256 0.7916 0.1697
-0.5171 0.5358 0.0810
-0.5185 -0.1795 0.1340
-0.5037 0.4673 0.0856
-0.5247 0.4921 0.0679
-0.5254 0.4980 0.0646
-0.5184 0.6099 0.1265
-0.5091 1.1489 0.1527
-0.5091 -0.0230 0.1125
-0.5215 0.5014 0.0621
-0.5185 0.5029 0.0620
-0.5135 0.7096 0.1541
-0.5086 1.1243 0.1337
-0.5009 -0.7857 0.1439
-0.5040 0.3194 0.1462
-0.4935 0.9311 0.1438
-0.4789 -0.4372 0.1324
-0.4935 0.7967 0.1619
-0.4867 -0.6677 0.1469
-0.4906 -0.6257 0.1567
-0.4913 -0.2309 0.1522
-0.4731 0.5553 0.0982
-0.4856 0.6095 0.1148
-0.4856 -1.0611 0.1516
-0.4721 0.6612 0.1329
-0.4842 -0.1782 0.1439
-0.4863 0.2835 0.1589
-0.4845 0.9536 0.1346
-0.4815 1.0979 0.1102
-0.4765 -0.7886 0.1509
-0.4776 0.4191 0.1404
-0.4814 -0.0451 0.1164
-0.4777 0.8666 0.1658
-0.4714 -0.7178 0.1447
-0.4734 -0.4036 0.1391
-0.4708 1.0501 0.1273
-0.4715 -0.0075 0.1054
-0.4749 -0.0400 0.1134
-0.4618 -0.6846 0.1402
-0.4604 0.2307 0.1857
-0.4610 0.4790 0.1018
-0.4627 1.1455 0.1285
-0.4503 -0.5725 0.1364
-0.4607 0.5061 0.0936
-0.4607 1.1215 0.1099
-0.4410 -0.4758 0.1158
-0.4556 0.0039 0.1062
-0.4540 0.7026 0.1513
-0.4540 1.0234 0.1320
-0.4518 -1.0676 0.1411
-0.4478 0.5892 0.1007
-0.4411 -0.6035 0.1306
-0.4423 -1.0042 0.1548
-0.4482 -0.1433 0.1644
-0.4410 1.1267 0.1180
-0.4363 -0.4158 0.1219
-0.4180 0.5762 0.1030
-0.4329 0.6432 0.1309
-0.4399 0.8031 0.1791
-0.4351 0.9507 0.1453
-0.4318 0.0003 0.1107
-0.4359 -0.7399 0.1623
-0.4298 0.0980 0.1567
-0.4295 0.5313 0.1036
-0.4314 -0.3581 0.1540
-0.4245 0.0248 0.1135
-0.4309 -0.8264 0.1958
-0.4227 -0.3001 0.1777
-0.4113 -0.5837 0.1213
-0.4024 0.5491 0.1080
-0.4127 -1.0846 0.1384
-0.4109 -0.5151 0.1019
-0.4109 -0.9505 0.1963
-0.4041 0.1534 0.1941
-0.4088 -1.0515 0.1272
-0.4069 -0.2057 0.1782
-0.3901 -1.0660 0.1273
-0.3922 0.7775 0.1967
-0.3939 -0.5038 0.0909
-0.3971 0.2758 0.2252
-0.3877 -0.4440 0.1030
-0.3915 0.9952 0.1315
-0.3857 0.0162 0.1289
-0.3881 0.0983 0.1483
-0.3910 1.0524 0.1366
-0.3787 0.5595 0.1173
-0.3758 1.1222 0.1599
-0.3781 -0.4795 0.0856
-0.3623 -0.4992 0.0874
-0.3678 0.9528 0.1468
-0.3599 -0.5964 0.1317
-0.3596 -0.3918 0.1440
-0.3486 -0.6268 0.1651
-0.3490 -0.4844 0.0935
-0.3525 -0.1045 0.2141
-0.3444 -0.5195 0.1002
-0.3414 0.5564 0.1145
-0.3436 1.0425 0.1355
-0.3262 -0.4664 0.1209
-0.3369 -0.9096 0.2442
-0.3361 -1.0757 0.1354
-0.3373 -0.3497 0.1609
-0.3211 -0.5677 0.1324
-0.3334 0.0562 0.1279
-0.3220 0.9777 0.1377
-0.3239 -0.2659 0.1718
-0.3242 0.7016 0.1916
-0.3176 -1.0677 0.1314
-0.3001 0.5567 0.1047
-0.2990 1.0989 0.1957
-0.2926 -0.2779 0.1826
-0.3005 0.0044 0.1284
-0.3017 0.0743 0.1350
-0.2943 0.6044 0.1125
-0.2936 -0.2557 0.1837
-0.2906 0.9487 0.1694
-0.2879 -1.0693 0.1338
-0.2915 0.0330 0.1160
-0.2891 1.0121 0.1459
-0.2810 0.5610 0.0985
-0.2742 0.0397 0.1159
-0.2760 0.5588 0.1006
-0.2679 -1.0356 0.1357
-0.2673 0.7026 0.1765
-0.2588 -0.2754 0.2118
-0.2616 0.9925 0.1688
-0.2587 0.5764 0.1013
-0.2566 -0.5566 0.1500
-0.2526 -0.0350 0.1456
-0.2521 0.5966 0.1061
-0.2393 -1.0279 0.1391
-0.2335 0.7279 0.1966
-0.2088 -0.6081 0.1487
-0.2228 0.0598 0.1311
-0.2324 -1.0688 0.1413
-0.2269 0.7827 0.2464
-0.2141 -0.1181 0.2334
-0.2020 -0.5086 0.1357
-0.2073 -1.0750 0.1513
-0.2163 -0.0096 0.1427
-0.2176 0.5907 0.1200
-0.2084 -0.6347 0.1627
-0.2094 -0.4532 0.1752
-0.1962 0.0795 0.1475
-0.1925 -0.5386 0.1254
-0.1975 -0.0478 0.1807
-0.1951 0.1379 0.1620
-0.1925 0.6011 0.1415
-0.1694 0.9645 0.2397
-0.1681 -0.6437 0.1621
-0.1649 -1.0137 0.1590
-0.1581 -0.5719 0.1264
-0.1517 0.5150 0.2235
-0.1562 -0.4666 0.1496
-0.1547 -1.0318 0.1627
-0.1380 0.1540 0.1404
-0.1442 -0.7583 0.1979
-0.1483 0.1035 0.1581
-0.1348 0.6203 0.2074
-0.1240 -0.9565 0.1932
-0.1221 -0.7215 0.1697
-0.1282 0.1886 0.1406
-0.1194 0.8200 0.2911
-0.1215 -0.8182 0.2182
-0.1181 -0.5561 0.1373
-0.1199 -0.4935 0.1414
-0.1050 0.2162 0.1368
-0.0979 -0.4763 0.1616
-0.0997 1.0807 0.3119
-0.0950 -0.9834 0.1913
-0.0893 0.1887 0.1331
-0.0920 0.3143 0.2005
-0.0804 -0.5419 0.1674
-0.0735 0.2176 0.1323
-0.0466 -0.7424 0.1341
-0.0525 0.9613 0.2770
-0.0499 -0.6979 0.1393
-0.0245 -0.7214 0.1157
-0.0367 0.1446 0.1597
-0.0315 0.2880 0.1441
-0.0188 -0.9991 0.2476
-0.0205 -0.3599 0.1869
-0.0008 0.2530 0.1326
-0.0218 0.6713 0.3371
-0.0143 0.9705 0.2943
-0.0097 -0.6890 0.1208
-0.0054 -0.8618 0.2036
0.0035 -0.9597 0.2423
0.0106 -0.3459 0.1731
0.0151 -0.3039 0.1947
0.0094 0.1181 0.2004
0.0309 0.2162 0.1372
0.0212 0.9790 0.3175
0.0282 0.3218 0.1326
0.0541 -0.4847 0.1691
0.0288 -0.7525 0.1094
0.0459 0.2765 0.1098
0.0395 -0.4354 0.1621
0.0423 -0.7284 0.1053
0.0397 -0.6756 0.1222
0.0467 -0.3722 0.1550
0.0421 -0.0172 0.2563
0.0528 -0.7780 0.1320
0.0470 -0.5317 0.1666
0.0598 0.3097 0.1113
0.0532 -0.5933 0.1612
0.0624 -0.6963 0.1194
0.0789 0.2507 0.1160
0.0699 -0.3160 0.1599
0.0697 -0.5299 0.1606
0.0733 -0.8323 0.1913
0.0765 -0.7334 0.1275
0.0727 -0.1102 0.2528
0.0827 0.1632 0.1681
0.0891 0.3192 0.1078
0.0903 -0.0071 0.2321
0.0972 -0.6010 0.1564
0.1107 -0.3535 0.1617
0.1135 0.2099 0.1397
0.1286 0.2664 0.1191
0.1173 0.3470 0.1140
0.1263 0.8266 0.3747
0.1360 0.3366 0.1059
0.1288 0.8207 0.3793
0.1449 -0.4420 0.1975
0.1474 -0.6605 0.1754
0.1577 0.3704 0.1070
0.1607 0.4367 0.1652
0.1623 -0.2539 0.1439
0.1665 -0.1395 0.2151
0.1613 -0.0316 0.2248
0.1699 0.1847 0.1679
0.1751 0.3479 0.0986
0.1724 0.0097 0.2225
0.1814 0.3057 0.1052
0.1726 -0.2760 0.1282
0.1800 -0.5306 0.1785
0.1865 -0.5793 0.1539
0.1910 0.2512 0.1341
0.1887 -0.7782 0.2143
0.1921 -0.2388 0.1359
0.2009 -0.3204 0.1205
0.2199 -0.2845 0.1040
0.2188 0.3338 0.0994
0.2201 0.3757 0.1020
0.2281 0.4156 0.1272
0.2350 0.2814 0.1283
0.2384 -0.6206 0.1191
0.2470 0.3540 0.1050
0.2535 -0.3496 0.1331
0.2471 0.1359 0.2231
0.2459 0.3744 0.1069
0.2563 -0.5888 0.1236
0.2508 -0.2961 0.1013
0.2549 -0.6077 0.1158
0.2634 -0.8719 0.3072
0.2652 0.2400 0.1555
0.2673 -0.7837 0.2154
0.2642 -0.6965 0.1481
0.2639 -0.2957 0.1066
0.2739 -0.1042 0.2632
0.3009 0.4325 0.1462
0.2737 0.9146 0.5271
0.2768 -0.6177 0.1143
0.2798 -0.2542 0.1397
0.2868 -0.2990 0.1211
0.2881 0.0342 0.2860
0.2977 -0.6462 0.1202
0.3013 -0.4232 0.2039
0.3054 -0.6238 0.1227
0.3153 0.3743 0.1372
0.3241 -0.3710 0.1721
0.3223 0.3108 0.1475
0.3411 -0.7064 0.1404
0.3408 -0.5108 0.1898
0.3506 0.2676 0.1650
0.3466 0.2212 0.1843
0.3469 0.4722 0.1766
0.3730 -0.6738 0.1420
0.3802 0.3667 0.1496
0.3768 0.4453 0.1469
0.3813 -0.3028 0.1970
0.4017 -0.7244 0.1365
0.4077 -0.7054 0.1347
0.3937 0.2010 0.1964
0.4049 0.4334 0.1333
0.4046 -0.5305 0.1896
0.4076 -0.5298 0.1904
0.4244 -0.1751 0.2968
0.4291 -0.7278 0.1268
0.4531 -0.7449 0.1250
0.4410 -0.2996 0.2467
0.4493 0.4005 0.1152
0.4384 0.5747 0.1942
0.4704 -0.7881 0.1166
0.4549 0.2406 0.1602
0.4769 -0.5033 0.1656
0.4695 0.5534 0.1582
0.4789 -0.8439 0.1179
0.4776 0.3943 0.1121
0.4839 0.4415 0.1022
0.4867 0.3597 0.1384
0.4955 0.4204 0.1017
0.5030 0.5809 0.1644
0.5043 -0.8679 0.1065
0.5037 -0.7803 0.1216
0.5058 -0.8189 0.0989
0.5026 -0.6683 0.1859
0.5112 -0.5226 0.1596
0.5104 0.4580 0.1090
0.5108 0.2041 0.1497
0.5177 0.2451 0.1308
0.5143 -0.4445 0.1764
0.5202 0.4423 0.1101
0.5343 -0.8576 0.0892
0.5256 0.5147 0.1312
0.5237 -0.8232 0.0957
0.5321 -0.4004 0.2111
0.5321 0.0036 0.3499
0.5332 0.2684 0.1308
0.5429 0.4742 0.1329
0.5370 0.2279 0.1275
0.5462 0.5815 0.1617
0.5444 -0.6275 0.2186
0.5503 -0.8860 0.0929
0.5581 0.2140 0.1335
0.5783 -0.8998 0.0948
0.5717 0.3455 0.1698
0.5696 0.7014 0.2571
0.5803 -1.0231 0.2235
0.5713 -0.5009 0.1595
0.5758 -0.5464 0.1772
0.5846 -0.8478 0.0951
0.5850 -0.2022 0.3072
0.5920 -0.8699 0.0864
0.5989 -0.4429 0.1817
0.5953 0.2041 0.1489
0.6104 0.6043 0.1752
0.6012 -0.8925 0.0883
0.6112 -0.9095 0.1002
0.6193 0.3206 0.1887
0.6402 0.5221 0.1800
0.6446 -0.8406 0.1031
0.6352 0.1934 0.1750
0.6427 0.4238 0.2017
0.6426 -0.7983 0.1370
0.6488 -0.1679 0.2799
0.6527 -0.8797 0.1023
0.6497 -0.4838 0.1826
0.6684 0.6268 0.1825
0.6621 -1.0071 0.1767
0.6630 -0.9176 0.1168
0.6748 -0.7992 0.1421
0.6845 0.1614 0.2120
0.6920 0.5791 0.1774
0.7015 0.6714 0.2040
0.7039 -0.1417 0.2422
0.7093 -0.8482 0.1302
0.7188 -0.0138 0.2380
0.7129 -1.0171 0.1831
0.7079 -0.9220 0.1367
0.7155 -0.4851 0.2007
0.7176 0.4851 0.2035
0.7129 -0.5363 0.1993
0.7124 0.2565 0.1862
0.7183 -0.8232 0.1520
0.7332 -0.9370 0.1513
0.7477 -0.5131 0.1944
0.7621 0.2883 0.1641
0.7718 0.6556 0.1894
0.7778 0.4297 0.1845
0.7732 -1.0841 0.2159
0.7777 0.2625 0.1598
0.7816 0.0528 0.1723
0.7918 0.0952 0.1698
0.7895 -0.2734 0.2396
0.7879 -0.2502 0.2309
0.7942 0.3446 0.1489
0.7983 -0.6613 0.1856
0.8034 0.5921 0.1895
0.8089 0.7655 0.2062
0.8057 -1.0823 0.2090
0.8166 0.5551 0.1911
0.8115 -0.1160 0.2112
0.8200 -0.2977 0.2378
0.8234 0.0853 0.1493
0.8212 -0.5740 0.1652
0.8327 0.8303 0.2228
0.8215 -0.9326 0.1634
0.8465 -0.9117 0.1535
0.8360 0.2613 0.1320
0.8407 -0.9711 0.1623
0.8336 -0.6734 0.1542
0.8377 -0.6712 0.1504
0.8557 0.3288 0.1267
0.8456 0.3790 0.1392
0.8436 0.4524 0.1623
0.8518 -0.0787 0.1932
0.8536 0.8647 0.2462
0.8533 -0.6362 0.1382
0.8540 0.6278 0.1946
0.8617 0.0431 0.1381
0.8567 0.0960 0.1457
0.8567 -0.4769 0.1996
0.8699 -0.0381 0.1710
0.8608 0.2605 0.1247
0.8651 0.4056 0.1418
0.8689 -0.9375 0.1579
0.8715 0.7389 0.1760
0.8758 -1.0755 0.2311
0.8786 -0.5659 0.1569
0.8687 -0.4341 0.2326
0.8707 -0.0909 0.2098
0.8894 0.0595 0.1481
0.8903 -0.7733 0.1555
0.8869 -0.8059 0.1531
0.8962 0.2695 0.1088
0.8919 -0.8142 0.1485
0.9010 -1.0232 0.2082
0.9102 -0.8491 0.1474
0.9054 -0.2571 0.2201
0.9097 0.1445 0.1612
0.9089 0.7445 0.1749
0.9119 0.2094 0.1254
0.9147 0.5071 0.2027
0.9206 0.3019 0.1153
0.9368 0.2431 0.1066
0.9253 0.3739 0.1378
0.9300 0.0464 0.1848
0.9380 0.7212 0.1969
0.9383 0.4303 0.1536
0.9434 -0.8702 0.1668
0.9418 -0.5955 0.1327
0.9629 0.2709 0.1180
0.9471 -0.6326 0.1233
0.9515 0.8699 0.2394
0.9540 -0.6706 0.1296
0.9602 -0.5617 0.1568
0.9640 0.2230 0.1197
0.9623 0.3209 0.1335
0.9638 -0.4838 0.2224
0.9650 -0.7511 0.1311
0.9684 0.6925 0.2317
0.9675 -0.6540 0.1239
0.9738 -0.2829 0.2482
0.9880 -0.6205 0.1354
0.9916 -0.2536 0.2628
0.9815 0.2171 0.1293
0.9869 0.8369 0.2276
0.9929 -0.7615 0.1259
0.9988 0.3754 0.1197
1.0139 0.4397 0.1224
1.0189 -0.6929 0.1240
1.0195 -0.3099 0.2796
1.0282 -0.7635 0.1220
1.0341 0.3893 0.1002
1.0343 -0.7918 0.1322
1.0389 -0.7923 0.1339
1.0536 0.2123 0.2011
1.0640 0.5174 0.1554
1.0672 0.2566 0.1901
1.0720 0.3772 0.0955
1.0636 0.3989 0.0806
1.0686 0.4071 0.0808
1.0661 0.3938 0.0819
1.0763 -0.6550 0.1690
1.0833 -0.0127 0.2700
1.0791 -0.7469 0.1445
1.0836 -0.6990 0.1556
1.0901 0.4263 0.0906
1.1044 0.5038 0.1325
1.0954 0.4641 0.1067
1.1059 -0.8654 0.2138
1.1161 -0.0681 0.2100
1.1122 0.5904 0.2185
1.1213 -0.1511 0.1961
1.1167 0.8520 0.2729
1.1208 0.7479 0.2847
1.1327 0.4865 0.1280
1.1664 -0.0988 0.1583
1.1476 0.3867 0.1397
1.1469 0.4178 0.1246
1.1536 -0.5965 0.2896
1.1653 0.9228 0.3129
1.1625 -0.9799 0.3015
1.1839 0.5544 0.2042
1.1890 -0.0267 0.2200
1.1964 -0.8609 0.2558
1.2075 -0.1293 0.1417
1.2003 0.8649 0.2848
1.2109 0.4812 0.1759
1.2214 -0.2865 0.1688
1.2206 -0.1901 0.1385
1.2250 -0.1613 0.1377
1.2262 -1.0442 0.3908
1.2332 -0.8436 0.2835
1.2348 -0.2116 0.1426
1.2423 -0.4107 0.1949
1.2586 -1.0416 0.4110
1.2507 0.3664 0.1391
1.2697 -0.3251 0.1383
1.2644 -0.3863 0.1556
1.2671 -0.1501 0.1593
1.2670 0.3528 0.1402
1.2724 0.3768 0.1359
1.2822 -0.2925 0.1461
1.2830 0.3158 0.1681
1.2888 0.4284 0.1654
1.2928 -0.1558 0.1796
1.2965 0.2431 0.2315
1.3073 -0.3818 0.1364
1.3025 -0.3166 0.1365
1.3058 0.8828 0.3359
1.3188 0.7999 0.3298
1.3271 0.3721 0.1715
1.3527 -0.3412 0.1274
1.3389 0.8949 0.3726
1.3411 0.1052 0.3008
1.3455 0.4133 0.2054
1.3755 -0.4056 0.1401
1.3801 0.2022 0.2731
1.3855 -0.7425 0.2665
1.3868 -0.7065 0.2415
1.3849 0.0627 0.3000
1.3990 -0.5943 0.1975
1.4075 -0.4094 0.1411
1.4071 0.0471 0.3115
1.4159 -0.3512 0.1329
1.4393 -0.2970 0.1862
1.4171 -0.0761 0.3134
1.4363 -0.3662 0.1442
1.4208 -0.5096 0.1931
1.4235 -0.3229 0.1498
1.4379 -0.7049 0.2466
1.4379 -0.5721 0.1925
1.4458 -0.4631 0.1827
1.4533 -0.6827 0.2400
1.4537 0.7486 0.4793
1.4549 -0.5920 0.1993
