points 
 2 
 1 
Tumour[19065]FoxP310NNCodensity
-1.5146 -0.3585 0.5177
-1.4923 -0.2746 0.4414
-1.4269 0.4126 0.3731
-1.4003 -0.5155 0.5629
-1.3966 -0.1323 0.3156
-1.3752 0.0469 0.2702
-1.3622 -0.1911 0.3326
-1.3596 -1.2077 0.2543
-1.3443 -0.1396 0.3099
-1.3374 0.1000 0.2298
-1.3390 0.1396 0.2101
-1.3327 0.1525 0.2028
-1.3234 0.3980 0.2622
-1.3208 -0.2019 0.3517
-1.3076 0.1443 0.1949
-1.3004 -1.1545 0.1418
-1.2985 -0.8949 0.3592
-1.2966 0.4246 0.2632
-1.2874 -1.0926 0.1225
-1.2864 -1.1193 0.1148
-1.2651 -1.1396 0.1134
-1.2618 0.1920 0.1855
-1.2579 0.2985 0.2064
-1.2476 0.2267 0.1895
-1.2468 -1.0736 0.1212
-1.2452 -1.0958 0.1088
-1.2408 0.4557 0.2848
-1.2355 -1.0469 0.1479
-1.2254 0.3309 0.2155
-1.2157 -1.0639 0.1384
-1.2036 -1.1584 0.1526
-1.1925 -1.1605 0.1649
-1.1720 -0.0131 0.3765
-1.1407 0.4802 0.3268
-1.1334 -0.5121 0.4677
-1.1316 0.2358 0.2796
-1.1294 0.2501 0.2793
-1.0945 -0.7921 0.3850
-1.0746 -1.0078 0.2451
-1.0743 0.6683 0.4577
-1.0615 -1.0543 0.2407
-1.0311 -0.9936 0.2621
-1.0031 -0.7483 0.3743
-0.9935 0.5270 0.4006
-0.9807 -0.6486 0.3309
-0.9358 -1.0046 0.2683
-0.9221 -1.0148 0.2652
-0.9208 0.6739 0.3833
-0.8866 0.6527 0.3537
-0.8865 -0.5273 0.2214
-0.8678 -0.9480 0.2669
-0.8664 -0.4310 0.2698
-0.8601 -0.5686 0.2282
-0.8300 -0.5400 0.2178
-0.8161 -0.4794 0.2274
-0.7877 -0.4421 0.2737
-0.7719 -0.9116 0.2809
-0.7693 -0.4769 0.2632
-0.7577 -0.5204 0.2654
-0.7510 -0.9286 0.2829
-0.7438 0.6444 0.2805
-0.7221 -1.1071 0.3827
-0.7081 -0.8982 0.3253
-0.7086 0.5919 0.2374
-0.6860 -1.0662 0.3750
-0.6428 0.5225 0.1990
-0.6300 0.5755 0.1949
-0.6262 0.6405 0.2441
-0.6057 -0.8265 0.4455
-0.6022 0.6269 0.2306
-0.5833 0.5054 0.1872
-0.5742 0.4431 0.2155
-0.5408 0.4665 0.1960
-0.4974 0.4346 0.1955
-0.4771 0.2562 0.2155
-0.4562 0.4472 0.2049
-0.4274 0.3170 0.1664
-0.4135 0.2730 0.1625
-0.4044 0.4453 0.2340
-0.4031 0.3474 0.1796
-0.4003 0.2843 0.1611
-0.3971 0.0515 0.2333
-0.3862 -0.5961 0.3915
-0.3802 -0.1820 0.3773
-0.3782 0.2382 0.1586
-0.3710 -0.6154 0.3965
-0.3576 0.2049 0.1643
-0.3595 0.0604 0.2012
-0.3480 0.1701 0.1635
-0.3483 0.6376 0.4353
-0.3419 -0.1808 0.3544
-0.3315 -0.5755 0.3627
-0.3296 0.1047 0.1753
-0.3211 0.1432 0.1690
-0.3050 0.0073 0.2224
-0.2541 -0.5838 0.3657
-0.2490 0.0968 0.2179
-0.2400 -0.1303 0.3195
-0.2234 -1.0211 0.6762
-0.2177 -0.0478 0.2767
-0.2063 -0.4346 0.3048
-0.1933 -0.4363 0.3108
-0.1879 -0.4502 0.3178
-0.1843 -0.3792 0.3389
-0.1108 0.0437 0.3594
-0.0494 -0.8840 0.5368
0.0600 -1.0246 0.6052
0.0757 0.0740 0.6035
0.1332 -0.7034 0.5836
0.1671 -0.8779 0.5254
0.1930 -0.8273 0.5257
0.2839 -0.2182 0.5493
0.3670 -0.2339 0.4462
0.4423 0.7492 0.2131
0.4910 0.5404 0.1523
0.4927 -1.1783 0.3783
0.4935 0.8944 0.2468
0.4983 0.7347 0.1505
0.5026 0.6463 0.1750
0.5086 0.4777 0.1371
0.5073 0.5257 0.1358
0.5160 0.7614 0.1451
0.5189 -1.0763 0.2646
0.5220 0.7390 0.1343
0.5261 0.4895 0.1275
0.5305 -1.1116 0.2772
0.5352 0.3672 0.1771
0.5299 0.5555 0.1276
0.5403 0.7350 0.1303
0.5389 0.9155 0.2083
0.5468 0.5176 0.1265
0.5502 -0.1741 0.3448
0.5583 0.4041 0.1411
0.5608 -1.0212 0.2210
0.5633 -0.3308 0.2150
0.5716 0.7626 0.1543
0.5747 0.3770 0.1506
0.5752 1.1201 0.2022
0.5746 -0.3522 0.1978
0.5805 -1.0319 0.2165
0.5811 -0.9339 0.1821
0.5845 0.5487 0.1331
0.5856 -0.3720 0.1898
0.5925 0.6812 0.1269
0.5952 1.1930 0.2555
0.5978 -0.8625 0.1467
0.6053 -0.8309 0.1514
0.6087 0.3653 0.1583
0.6096 0.4025 0.1538
0.6129 -0.9008 0.1444
0.6134 1.0174 0.1315
0.6176 0.6290 0.0932
0.6242 1.0468 0.1381
0.6313 -0.5742 0.1985
0.6273 0.6158 0.0910
0.6256 0.6426 0.0909
0.6251 1.2006 0.2567
0.6329 -0.3547 0.1727
0.6408 -0.8222 0.1379
0.6415 -0.7973 0.1582
0.6396 -0.6556 0.2263
0.6382 0.3797 0.1705
0.6413 0.9732 0.1064
0.6451 0.6421 0.0872
0.6460 0.7826 0.1740
0.6490 0.5450 0.1364
0.6477 0.9672 0.1049
0.6514 1.0152 0.1167
0.6608 0.6240 0.0916
0.6599 0.8923 0.1193
0.6614 -0.4716 0.1590
0.6663 -0.2820 0.2248
0.6646 0.2558 0.2212
0.6671 0.6615 0.1015
0.6668 0.9091 0.1111
0.6743 0.6088 0.1048
0.6708 0.8572 0.1277
0.6700 0.9418 0.1044
0.6756 1.1461 0.2069
0.6752 0.9999 0.1162
0.6744 -0.4740 0.1566
0.6817 0.2704 0.2033
0.6799 -0.6206 0.2031
0.6829 -0.2873 0.2291
0.6891 -0.6452 0.2197
0.6904 -0.5382 0.1656
0.6892 1.0686 0.1651
0.6923 -0.8674 0.1340
0.6890 -0.4527 0.1634
0.6972 -0.8842 0.1389
0.6979 0.6874 0.1347
0.6997 0.5186 0.1690
0.7132 -0.8624 0.1509
0.7113 0.7934 0.1581
0.7178 -0.8779 0.1549
0.7138 0.8848 0.1053
0.7252 0.8819 0.1041
0.7242 -0.4891 0.1779
0.7269 0.5229 0.1732
0.7600 -1.0317 0.1927
0.7550 -1.0692 0.2184
0.7562 0.2822 0.1757
0.7541 -1.0512 0.1997
0.7623 0.6925 0.1731
0.7640 0.4852 0.1812
0.7689 -1.0517 0.2067
0.7698 0.6372 0.1828
0.7701 -0.1249 0.3419
0.7741 0.8591 0.1153
0.7770 -0.4413 0.2434
0.7804 0.8790 0.1238
0.7857 -1.0391 0.2152
0.7890 0.4137 0.1587
0.7903 0.3578 0.1564
0.7915 0.8523 0.1272
0.7938 0.8688 0.1317
0.8055 0.3376 0.1559
0.8103 0.1985 0.1776
0.8187 0.7938 0.1451
0.8236 0.7327 0.1546
0.8231 0.4389 0.1660
0.8255 0.1830 0.1805
0.8255 0.4153 0.1560
0.8345 0.2430 0.1640
0.8461 -0.0454 0.2816
0.8678 -0.0259 0.2615
0.8692 0.2127 0.1738
0.8789 -0.0512 0.2899
0.8800 0.1356 0.2005
0.8892 0.7615 0.1404
0.8928 0.3518 0.1682
0.8991 0.0670 0.2230
0.9013 0.7388 0.1497
0.9103 0.7490 0.1522
0.9137 0.3418 0.1858
0.9184 0.7542 0.1603
0.9204 0.7353 0.1687
0.9246 0.1222 0.2268
0.9445 0.3592 0.2254
