points 
 2 
 1 
Tumour[19065]CD6810NNCodensity
-1.2634 -0.8573 0.1886
-1.2632 -0.7810 0.1813
-1.2660 0.4203 0.2145
-1.2639 0.5283 0.1854
-1.2633 0.6077 0.2214
-1.2636 0.6417 0.2511
-1.2643 1.0183 0.2701
-1.2561 0.3309 0.2791
-1.2516 -0.7157 0.1642
-1.2372 0.8827 0.2403
-1.2444 -0.1635 0.1765
-1.2447 0.6063 0.2139
-1.2428 0.5654 0.1904
-1.2344 -0.9609 0.2188
-1.2221 -0.0921 0.1170
-1.2262 -0.9347 0.1905
-1.2112 -0.1277 0.1164
-1.2283 0.4268 0.2005
-1.2106 -0.0617 0.1178
-1.2125 -1.1196 0.2698
-1.2063 -0.6716 0.1257
-1.2038 -0.5844 0.1393
-1.1986 -0.5490 0.1631
-1.1978 -0.0335 0.1215
-1.2059 0.4322 0.2046
-1.1882 -0.6392 0.1207
-1.2025 0.0799 0.1761
-1.2014 -1.1910 0.3204
-1.1889 -0.1005 0.1006
-1.1996 0.5362 0.1914
-1.1953 -0.7851 0.1319
-1.1685 -0.8908 0.1394
-1.1898 0.9395 0.1737
-1.1918 0.3346 0.2717
-1.1699 -0.5014 0.2137
-1.1742 -0.1658 0.1460
-1.1848 1.0155 0.1887
-1.1719 -0.5936 0.1265
-1.1819 -0.7444 0.1139
-1.1669 -0.1252 0.1113
-1.1833 0.0102 0.1313
-1.1776 -0.9156 0.1520
-1.1670 -0.5398 0.1691
-1.1625 -0.7268 0.1090
-1.1541 -0.6879 0.1132
-1.1687 -0.0190 0.1167
-1.1699 0.8382 0.2258
-1.1673 0.9571 0.1644
-1.1407 -0.7951 0.1084
-1.1255 -0.8358 0.1127
-1.1380 -0.6373 0.1307
-1.1457 0.1877 0.2457
-1.1293 -0.7461 0.1097
-1.1445 0.0851 0.1450
-1.1368 0.1407 0.1966
-1.1204 -0.1270 0.1437
-1.1036 -0.9102 0.1452
-1.1121 -0.0101 0.1201
-1.1206 1.1289 0.2315
-1.1110 -0.0803 0.1319
-1.1194 -1.1309 0.2496
-1.1128 0.0383 0.1270
-1.1032 0.8423 0.1968
-1.1110 -0.6842 0.1391
-1.0982 -0.8290 0.1028
-1.0949 -0.7916 0.1065
-1.0873 1.0183 0.1461
-1.0921 -1.2019 0.2916
-1.0894 -1.1012 0.2530
-1.0822 -0.2707 0.3001
-1.0900 -0.0496 0.1397
-1.0801 0.9394 0.1449
-1.0778 0.0073 0.1446
-1.0675 -0.8930 0.1356
-1.0745 0.0673 0.1666
-1.0682 1.0797 0.1731
-1.0715 -1.1963 0.2842
-1.0533 -0.8572 0.1220
-1.0563 0.9763 0.1365
-1.0579 -0.8010 0.1205
-1.0609 -0.7818 0.1282
-1.0478 0.9122 0.1451
-1.0459 1.0667 0.1651
-1.0072 -0.8871 0.1635
-1.0258 1.0070 0.1408
-1.0311 1.2423 0.2296
-1.0236 0.8831 0.1542
-1.0232 0.5429 0.3203
-1.0055 0.7295 0.2880
-1.0053 -0.4429 0.2747
-1.0010 1.2315 0.2005
-0.9617 0.8631 0.1705
-0.9723 0.9200 0.1468
-0.9625 -0.9396 0.2359
-0.9599 -0.4250 0.2828
-0.9599 1.0242 0.1691
-0.9393 0.5335 0.3094
-0.9538 1.1785 0.1590
-0.9419 1.1439 0.1675
-0.9304 -0.9699 0.2826
-0.9403 0.8218 0.2009
-0.9292 0.9474 0.1523
-0.9205 1.1953 0.1515
-0.9271 -0.4900 0.3022
-0.9223 -0.3484 0.3057
-0.8996 1.2166 0.1624
-0.9017 0.1946 0.3023
-0.8998 -1.1991 0.2763
-0.8924 1.0091 0.1702
-0.8898 -0.5388 0.3346
-0.8796 -0.2161 0.3869
-0.8747 0.4682 0.2662
-0.8695 0.2533 0.2588
-0.8703 0.8749 0.1705
-0.8461 -1.1341 0.2577
-0.8571 0.9702 0.1527
-0.8524 1.2126 0.1796
-0.8524 0.4394 0.2546
-0.8522 1.1257 0.1785
-0.8297 0.9794 0.1580
-0.8415 1.2342 0.2020
-0.8170 0.4031 0.2497
-0.8125 -1.1437 0.2292
-0.8172 0.5269 0.2892
-0.8156 0.9202 0.1603
-0.7856 0.8684 0.1965
-0.8038 1.1066 0.2057
-0.7834 0.2636 0.2202
-0.7818 0.2973 0.2287
-0.7793 -1.2333 0.1828
-0.7787 0.6764 0.2943
-0.7681 -1.2498 0.1839
-0.7639 0.2212 0.2209
-0.7669 0.9658 0.1839
-0.7356 -0.3630 0.3087
-0.7367 -1.2450 0.1718
-0.7305 0.1903 0.2159
-0.7248 0.9191 0.1998
-0.7179 -0.4086 0.3133
-0.7069 0.7136 0.2360
-0.7082 1.1025 0.2407
-0.6966 0.1289 0.1998
-0.6728 -1.2048 0.1410
-0.6805 -0.4892 0.3635
-0.6718 0.8425 0.1994
-0.6630 -1.2433 0.1431
-0.6568 0.0962 0.1689
-0.6596 -0.9866 0.3393
-0.6638 1.0901 0.2410
-0.6414 0.0448 0.1387
-0.6339 -0.0076 0.1251
-0.6426 -1.2043 0.1302
-0.6295 -0.0517 0.1205
-0.6421 0.7022 0.2442
-0.6365 -1.1654 0.1441
-0.6361 -0.4394 0.3334
-0.6416 -0.1616 0.1445
-0.6264 -0.1453 0.1203
-0.6293 1.0412 0.2219
-0.6308 0.7986 0.2020
-0.6202 -0.0963 0.1098
-0.6287 0.7755 0.2047
-0.6130 -1.2482 0.1379
-0.6096 0.0248 0.1267
-0.5912 -0.1273 0.1007
-0.6016 -0.0123 0.1161
-0.6020 0.0704 0.1514
-0.5902 -0.0612 0.1076
-0.5763 -0.1659 0.1111
-0.5909 0.8510 0.2313
-0.5857 0.6338 0.3190
-0.5626 -0.2137 0.1491
-0.5502 -0.1297 0.1083
-0.5675 -1.1157 0.1556
-0.5611 -1.2491 0.1391
-0.5661 -1.1556 0.1259
-0.5533 -0.0726 0.1179
-0.5619 0.1253 0.2293
-0.5530 -1.2135 0.1164
-0.5417 0.4576 0.4626
-0.5316 -0.1653 0.1155
-0.5427 1.0264 0.1781
-0.5020 -0.2065 0.1580
-0.5201 -1.2231 0.1317
-0.5260 -1.1663 0.1166
-0.5257 0.9273 0.2109
-0.5100 -0.7378 0.3214
-0.5150 1.0300 0.1609
-0.4960 -1.1931 0.1203
-0.5145 -0.0541 0.1543
-0.5035 1.1944 0.2224
-0.4915 1.1231 0.1532
-0.4822 -1.0987 0.1343
-0.4842 -0.1194 0.1444
-0.4696 -1.1605 0.1179
-0.4729 -1.0576 0.1510
-0.4720 -0.1526 0.1573
-0.4644 1.0311 0.1416
-0.4526 1.1559 0.1544
-0.4533 1.0656 0.1288
-0.4473 -1.0132 0.1637
-0.4389 -0.2957 0.2039
-0.4359 -1.1152 0.1248
-0.4341 -0.9860 0.1618
-0.4158 0.9691 0.1472
-0.4256 1.0896 0.1261
-0.4152 -1.1763 0.1186
-0.4167 -0.9410 0.1682
-0.4233 -0.4170 0.1629
-0.4185 -0.3270 0.1844
-0.4031 -1.1466 0.1194
-0.4019 0.8856 0.1695
-0.3993 -1.2151 0.1497
-0.3876 -1.0546 0.1616
-0.3905 0.9484 0.1433
-0.3879 -0.4747 0.1365
-0.3854 1.1223 0.1419
-0.3865 1.1703 0.1779
-0.3777 1.0399 0.1386
-0.3740 -0.3162 0.1855
-0.3813 0.9069 0.1478
-0.3772 -0.8304 0.1779
-0.3760 -0.4117 0.1296
-0.3731 -1.1910 0.1466
-0.3683 -0.8742 0.1698
-0.3738 -0.5898 0.1636
-0.3656 -0.7467 0.1644
-0.3645 -0.4966 0.1266
-0.3633 -0.5426 0.1454
-0.3623 1.1070 0.1512
-0.3627 -0.7098 0.1577
-0.3583 -1.1562 0.1507
-0.3454 -0.5943 0.1513
-0.3346 -0.4120 0.1237
-0.3362 0.9585 0.1455
-0.3369 -0.9617 0.1679
-0.3312 -0.9104 0.1701
-0.3327 0.8453 0.1637
-0.3249 -0.9388 0.1691
-0.3237 0.5240 0.3984
-0.3155 -0.5220 0.1373
-0.3191 -0.3740 0.1515
-0.3113 -0.7945 0.1656
-0.3149 -0.4769 0.1245
-0.3111 -0.4058 0.1365
-0.3095 0.8718 0.1457
-0.3081 -0.7323 0.1358
-0.2928 1.0597 0.1710
-0.2997 0.9896 0.1558
-0.2970 -0.6705 0.1242
-0.2686 -0.6227 0.1437
-0.2764 -0.7132 0.1315
-0.2734 0.8464 0.1595
-0.2704 -1.2123 0.2113
-0.2607 -0.4659 0.1437
-0.2611 0.6563 0.2516
-0.2530 -0.7000 0.1410
-0.2558 -0.6575 0.1404
-0.2479 1.0363 0.1805
-0.2430 -1.2516 0.2539
-0.2457 -0.0093 0.3731
-0.2413 0.8726 0.1645
-0.2275 0.8372 0.1615
-0.2218 0.9884 0.1829
-0.2279 -1.0705 0.2172
-0.2222 0.0748 0.4445
-0.2200 -0.1623 0.3154
-0.2135 -0.6113 0.1666
-0.2077 -0.4758 0.1482
-0.2079 -0.2511 0.2727
-0.2046 -0.9902 0.2284
-0.2034 0.7574 0.1586
-0.1959 -1.1796 0.2388
-0.1880 -0.5135 0.1422
-0.1919 -0.4904 0.1429
-0.1764 1.0015 0.1946
-0.1781 0.6457 0.1889
-0.1696 -1.0843 0.2266
-0.1751 -0.1513 0.3395
-0.1620 0.1498 0.5086
-0.1599 0.7976 0.1467
-0.1529 0.7260 0.1452
-0.1558 0.7667 0.1444
-0.1508 -0.5577 0.1435
-0.1497 -1.0279 0.2257
-0.1516 1.1242 0.2596
-0.1484 -0.3993 0.2193
-0.1248 -0.5103 0.1439
-0.1083 -0.2716 0.3140
-0.1133 0.6853 0.1470
-0.1027 0.5017 0.2006
-0.0907 0.7997 0.1504
-0.1012 1.0834 0.2494
-0.0905 -0.5459 0.1323
-0.0924 -0.5969 0.1306
-0.0753 0.5400 0.1539
-0.0885 0.9805 0.2215
-0.0778 0.8696 0.1903
-0.0780 0.6557 0.1367
-0.0715 -0.9923 0.2381
-0.0664 -0.6501 0.1442
-0.0629 1.2403 0.4248
-0.0395 -0.5171 0.1480
-0.0558 0.6394 0.1255
-0.0536 0.6774 0.1311
-0.0550 0.7946 0.1553
-0.0518 -1.2396 0.2719
-0.0521 -0.6305 0.1271
-0.0370 0.9424 0.2198
-0.0436 -0.5995 0.1239
-0.0270 0.5110 0.1257
-0.0348 0.7933 0.1603
-0.0329 -0.9154 0.2689
-0.0288 -0.6676 0.1434
-0.0154 0.6009 0.1201
-0.0076 -0.4289 0.2203
-0.0015 0.4771 0.1299
0.0030 0.5651 0.1172
-0.0069 -0.5517 0.1538
0.0101 0.6254 0.1117
0.0086 -1.0681 0.2347
0.0145 -0.6653 0.1435
0.0143 -1.2469 0.2697
0.0146 -1.1122 0.2242
0.0169 0.7172 0.1219
0.0168 0.5087 0.1151
0.0220 0.6891 0.1101
0.0223 -0.9524 0.2667
0.0344 -0.7650 0.2084
0.0306 -0.4578 0.2177
0.0378 0.6203 0.1198
0.0342 0.4905 0.1254
0.0479 -0.6861 0.1665
0.0485 0.4447 0.1502
0.0433 0.9687 0.2730
0.0485 0.7316 0.1252
0.0526 -0.4787 0.2216
0.0576 -1.2198 0.2562
0.0586 0.6703 0.1167
0.0628 0.4713 0.1431
0.0731 0.5763 0.1531
0.0742 0.7507 0.1435
0.0819 0.6933 0.1269
0.0876 -0.7517 0.2263
0.0854 -0.6381 0.2032
0.0968 0.3812 0.1670
0.0946 -1.2197 0.2776
0.1030 0.9362 0.2758
0.1096 -0.8312 0.2917
0.1243 -1.1121 0.2662
0.1242 0.7491 0.1659
0.1375 0.3930 0.1448
0.1627 0.3439 0.1140
0.1583 -0.3211 0.2078
0.1655 0.7980 0.2149
0.1841 -1.1333 0.3340
0.1748 0.3706 0.1147
0.1805 -0.2837 0.1855
0.1813 0.2304 0.1565
0.1910 0.2835 0.1218
0.1915 1.1913 0.4061
0.2010 0.6907 0.2196
0.2085 0.3365 0.0966
0.2078 0.0968 0.2319
0.2101 0.3617 0.1037
0.2190 0.1819 0.1553
0.2281 0.3627 0.1118
0.2312 0.9169 0.2816
0.2391 0.2908 0.1088
0.2428 1.1692 0.3599
0.2468 -0.2482 0.1421
0.2436 0.2109 0.1398
0.2423 0.3172 0.1043
0.2474 -0.3187 0.1219
0.2542 -0.1814 0.1593
0.2460 0.1661 0.1588
0.2578 -0.3647 0.1142
0.2607 -0.4105 0.1354
0.2651 -0.1200 0.1669
0.2732 0.7434 0.2408
0.2822 -0.3410 0.0986
0.2762 -0.0499 0.2041
0.2834 0.3171 0.1266
0.2922 -0.4204 0.1261
0.3003 -0.3831 0.0962
0.2930 -0.1786 0.1319
0.3004 -0.2712 0.1115
0.2962 0.2597 0.1408
0.3017 0.9018 0.2492
0.3061 0.0917 0.1954
0.3074 0.7106 0.2684
0.3155 -0.3178 0.0927
0.3375 -0.2936 0.1013
0.3315 -0.2437 0.1153
0.3246 -0.0827 0.1557
0.3291 -0.4079 0.1181
0.3352 -0.3477 0.0977
0.3389 -0.1546 0.1257
0.3452 0.1690 0.1730
0.3510 0.3593 0.1772
0.3608 -0.3342 0.1100
0.3684 -0.2194 0.1248
0.3566 0.2803 0.1327
0.3807 -0.4037 0.1498
0.3695 1.0556 0.1775
0.3745 -0.2919 0.1215
0.3753 0.2459 0.1421
0.3787 -0.1108 0.1399
0.3920 0.1103 0.1826
0.3830 -0.1593 0.1373
0.3838 0.0387 0.1861
0.3857 0.7010 0.2781
0.3951 1.0843 0.1763
0.3933 -0.2101 0.1426
0.4042 0.9792 0.1442
0.3958 1.0315 0.1403
0.4027 0.2832 0.1314
0.4072 -0.4962 0.1876
0.4312 -0.0823 0.1531
0.4164 1.0028 0.1283
0.4197 0.2987 0.1360
0.4205 -0.4916 0.1904
0.4302 0.9302 0.1544
0.4368 -0.7239 0.2228
0.4306 -0.6871 0.2063
0.4295 -0.6099 0.1979
0.4301 -0.5602 0.2001
0.4304 -0.0493 0.1611
0.4490 0.1084 0.1901
0.4542 0.7278 0.2535
0.4523 0.2673 0.1423
0.4497 0.2903 0.1371
0.4607 0.8920 0.1703
0.4617 -0.7661 0.2502
0.4709 -0.6650 0.1972
0.4620 0.1322 0.1891
0.4717 -0.0798 0.1777
0.4925 0.3629 0.1679
0.4877 1.0679 0.1322
0.4763 0.0476 0.1989
0.4843 1.0133 0.1146
0.4880 -0.5260 0.2344
0.5037 0.8524 0.2033
0.4920 0.9066 0.1574
0.4955 -0.7657 0.2511
0.4991 -0.0659 0.2083
0.5051 -0.8776 0.3533
0.5122 1.0490 0.1275
0.5178 0.9910 0.1284
0.5182 1.0307 0.1260
0.5464 0.3608 0.1529
0.5321 0.2413 0.1588
0.5439 0.4679 0.2387
0.5382 0.6499 0.2541
0.5399 1.0007 0.1450
0.5620 0.8041 0.2561
0.5552 0.2330 0.1697
0.5575 -0.2313 0.2913
0.5560 1.1166 0.1995
0.5729 0.3374 0.1441
0.5800 0.2699 0.1558
0.5875 0.3093 0.1503
0.6017 0.3462 0.1705
0.6054 1.2272 0.2275
0.6025 0.5392 0.2282
0.6183 0.6395 0.2249
0.6417 1.2083 0.2008
0.6388 0.5291 0.2200
0.6475 -0.2384 0.2708
0.6507 -0.6398 0.3149
0.6915 0.6803 0.2379
0.6941 1.1850 0.2029
0.7022 -0.1622 0.2405
0.7063 1.2351 0.2250
0.7130 -0.5330 0.2547
0.7155 1.2147 0.2174
0.7208 0.6364 0.2327
0.7271 0.5514 0.2341
0.7341 -0.8646 0.3013
0.7437 -0.9753 0.2993
0.7400 1.1942 0.2398
0.7446 1.2397 0.2646
0.7452 0.7683 0.2743
0.7475 0.0807 0.2736
0.7595 -0.3140 0.1899
0.7541 -0.4096 0.1941
0.7628 0.3492 0.2284
0.7578 -0.8354 0.2868
0.7861 -0.9539 0.2705
0.7727 0.2978 0.2248
0.7783 0.4838 0.2474
0.7973 -0.4327 0.1693
0.7949 -0.2392 0.1618
0.8006 -0.2078 0.1511
0.7964 -0.5922 0.2284
0.7992 -0.1604 0.1637
0.8010 0.0704 0.2202
0.8016 0.4512 0.2398
0.8066 -0.3533 0.1615
0.8140 -0.4891 0.1863
0.8174 -0.6476 0.2458
0.8289 0.2178 0.2075
0.8310 -0.7199 0.2533
0.8362 -1.0190 0.2481
0.8382 -0.3777 0.1553
0.8505 0.7679 0.2260
0.8426 -1.2438 0.2965
0.8487 -0.1936 0.1266
0.8459 -0.4580 0.1754
0.8514 -1.1126 0.2115
0.8495 -0.0016 0.1819
0.8487 0.2079 0.2049
0.8652 -0.1482 0.1392
0.8678 0.7948 0.2053
0.8742 0.2877 0.2116
0.8781 -0.2394 0.1389
0.8832 0.0153 0.1646
0.8880 0.3381 0.2124
0.8957 -0.1359 0.1430
0.8879 0.9410 0.2266
0.8938 -0.3227 0.1672
0.8959 0.2094 0.2221
0.8986 -0.0030 0.1514
0.9180 -1.0749 0.2074
0.9142 0.4202 0.2630
0.9143 0.7874 0.1795
0.9187 -0.0089 0.1474
0.9208 0.8766 0.1778
0.9194 -0.6967 0.2073
0.9277 -0.3615 0.1836
0.9246 -1.1140 0.1835
0.9252 -0.1637 0.1274
0.9422 -1.1531 0.1789
0.9311 -0.1927 0.1273
0.9359 -0.4996 0.1842
0.9521 -0.2549 0.1485
0.9497 0.0924 0.1957
0.9591 -0.3497 0.1969
0.9670 0.9484 0.1658
0.9615 0.7757 0.1664
0.9660 -1.2061 0.2022
0.9646 -0.7816 0.1867
0.9660 -0.2037 0.1409
0.9732 -0.0673 0.1490
0.9793 -1.1847 0.1898
0.9831 -0.6104 0.1826
0.9824 -0.5045 0.1581
0.9891 0.4673 0.3301
0.9964 -1.1615 0.1946
0.9911 1.0024 0.1733
0.9982 0.8931 0.1494
0.9952 -0.2187 0.1594
0.9916 -0.8776 0.2196
0.9980 0.0214 0.1517
1.0001 -0.0802 0.1509
1.0009 -0.7239 0.1516
1.0024 -0.4908 0.1483
1.0156 -0.0410 0.1371
1.0214 -0.5152 0.1394
1.0168 0.7092 0.2151
1.0275 1.0189 0.1737
1.0246 -0.8009 0.1495
1.0439 0.9041 0.1512
1.0410 -0.6606 0.1500
1.0386 0.8046 0.1459
1.0410 -0.7722 0.1342
1.0439 1.0762 0.1924
1.0465 0.7687 0.1621
1.0489 0.5845 0.3266
1.0541 0.8316 0.1452
1.0535 -1.2308 0.2856
1.0539 0.1171 0.1678
1.0542 0.9567 0.1583
1.0601 -0.9149 0.2137
1.0617 -0.5125 0.1419
1.0554 0.0248 0.1545
1.0768 -0.5817 0.1535
1.0647 -0.1402 0.1531
1.0664 -0.0619 0.1366
1.0673 0.1340 0.1609
1.0814 -0.4943 0.1463
1.0827 -0.1638 0.1618
1.0902 -0.3968 0.1766
1.0827 0.1785 0.1604
1.0821 0.8631 0.1531
1.0889 -0.7110 0.1165
1.0846 0.2158 0.1871
1.0873 1.2266 0.3278
1.0961 -0.7567 0.1064
1.1016 -0.6448 0.1327
1.0974 -0.6784 0.1233
1.0987 0.0026 0.1636
1.0984 1.1298 0.2174
1.1045 1.0423 0.1946
1.1025 -0.2866 0.1645
1.1139 -0.7800 0.1040
1.1115 1.1648 0.2493
1.1104 -0.4665 0.1693
1.1241 -0.3074 0.1679
1.1165 -0.3913 0.1842
1.1183 -0.1952 0.1503
1.1196 -0.0335 0.1643
1.1378 -0.1218 0.1704
1.1350 -0.8061 0.1132
1.1454 -0.9239 0.2006
1.1388 -0.8556 0.1393
1.1438 -0.7842 0.1022
1.1494 -0.7307 0.1027
1.1446 0.2024 0.1672
1.1477 0.7991 0.1959
1.1840 -0.6880 0.1338
1.1612 -0.7608 0.1023
1.1619 -0.6567 0.1315
1.1674 -0.2502 0.1552
1.1580 0.7761 0.2194
1.1706 -0.5874 0.1746
1.1672 -0.2898 0.1679
1.1677 0.1909 0.1678
1.1668 1.1600 0.2775
1.1788 0.1222 0.1714
1.1816 0.1500 0.1652
1.1842 0.9152 0.2256
1.1838 -1.1067 0.3690
1.1942 -0.2333 0.1728
1.2026 -0.6007 0.1935
1.2138 -0.8649 0.1643
1.2135 -0.7998 0.1393
1.2017 0.5056 0.4622
1.2110 0.1948 0.2107
1.2145 -0.7399 0.1469
1.2032 -0.0149 0.2444
1.2052 0.9261 0.2524
1.2234 -0.1837 0.2117
1.2260 -0.8898 0.1961
