points 
 2 
 1 
Tumour[19065]CD6810NNCodensity
-1.3756 -0.2116 0.1788
-1.3812 -0.1527 0.1697
-1.3856 -0.1321 0.1809
-1.3761 0.4795 0.1226
-1.3779 0.5624 0.1430
-1.3735 0.6341 0.1643
-1.3660 0.7128 0.1677
-1.3829 0.7642 0.1826
-1.3725 0.8139 0.2032
-1.3741 0.5107 0.1311
-1.3718 0.4301 0.1312
-1.3694 0.3317 0.1893
-1.3527 -0.1698 0.1514
-1.3561 0.5789 0.1424
-1.3522 -0.2320 0.1742
-1.3471 -0.0366 0.2393
-1.3501 0.4714 0.1081
-1.3493 0.8242 0.2030
-1.3325 -0.2072 0.1576
-1.3479 0.6420 0.1642
-1.3364 -0.3803 0.2665
-1.3380 0.8452 0.2208
-1.3422 -0.6472 0.4040
-1.3376 0.4882 0.1106
-1.3295 0.7420 0.1747
-1.3111 -0.7269 0.4424
-1.3059 0.3951 0.1171
-1.3118 0.2989 0.1886
-1.3061 0.4185 0.1120
-1.2998 -0.6079 0.3544
-1.3048 -0.3564 0.2356
-1.3019 0.6124 0.1813
-1.3008 0.8953 0.2888
-1.2833 0.4645 0.1359
-1.2770 0.3596 0.1373
-1.2821 0.4285 0.1251
-1.2816 -0.4271 0.2816
-1.2698 0.3328 0.1579
-1.2577 -0.1022 0.1627
-1.2419 -0.1388 0.1536
-1.2303 -0.0629 0.1567
-1.2118 -0.2054 0.1675
-1.2088 0.2973 0.2485
-1.1904 -0.3252 0.2261
-1.1885 -0.1733 0.1516
-1.1741 -0.0243 0.1256
-1.1839 -0.1112 0.1346
-1.1778 0.0510 0.1782
-1.1727 -0.4530 0.2925
-1.1507 0.0068 0.1224
-1.1555 -0.2214 0.1757
-1.1323 -0.0329 0.1094
-1.1155 0.0210 0.1196
-1.1420 0.9135 0.4393
-1.1190 -0.1844 0.1711
-1.1256 -0.0924 0.1395
-1.1217 -0.7470 0.3577
-1.0981 -0.0569 0.1169
-1.1037 -0.2994 0.2369
-1.0756 -0.0257 0.1117
-1.0763 0.0051 0.1129
-1.0804 0.6491 0.4628
-1.0491 0.0603 0.1440
-1.0530 0.1333 0.2170
-1.0361 -0.0514 0.1244
-1.0302 -0.6587 0.2806
-1.0295 -0.5294 0.2574
-1.0143 -0.1468 0.1401
-1.0074 0.0495 0.1441
-0.9886 -0.1981 0.1512
-0.9991 -0.6912 0.3068
-0.9973 -0.0695 0.1209
-0.9954 0.0158 0.1314
-0.9815 -0.5079 0.2442
-0.9830 -0.0925 0.1223
-0.9596 -0.2456 0.1746
-0.9600 -0.6645 0.2816
-0.9674 -0.4128 0.2328
-0.9651 -0.1148 0.1260
-0.9687 0.0057 0.1364
-0.9502 -0.1527 0.1357
-0.9493 -0.1934 0.1462
-0.9403 -0.4115 0.2250
-0.9309 -0.2823 0.1843
-0.9292 -0.0679 0.1487
-0.9210 0.1334 0.1626
-0.9235 -0.6258 0.2694
-0.9135 0.2072 0.1851
-0.8980 0.0758 0.1669
-0.9072 -0.3129 0.1919
-0.9027 0.1137 0.1585
-0.8976 0.3683 0.1977
-0.8934 0.0004 0.1825
-0.8908 0.2449 0.1963
-0.8802 0.2123 0.1748
-0.8712 0.3980 0.1780
-0.8459 0.4026 0.1542
-0.8267 -0.4338 0.2393
-0.8200 0.1606 0.1583
-0.8137 0.3939 0.1338
-0.8061 0.1433 0.1635
-0.8088 -0.3022 0.1930
-0.7971 -0.0964 0.2273
-0.7975 -0.2157 0.1824
-0.7930 0.3969 0.1296
-0.7736 -0.2473 0.1637
-0.7749 0.4047 0.1300
-0.7764 0.6967 0.4389
-0.7629 -0.4630 0.2215
-0.7435 0.1393 0.1813
-0.7525 0.3754 0.1427
-0.7353 0.4267 0.1505
-0.7357 -0.2696 0.1411
-0.7248 0.1710 0.1889
-0.7286 -0.5531 0.1718
-0.7197 0.0521 0.2051
-0.7078 -0.1330 0.1510
-0.7037 -0.5984 0.1407
-0.7012 -0.1578 0.1445
-0.6973 0.4477 0.1669
-0.6987 -0.2888 0.1301
-0.6958 0.4025 0.1624
-0.6869 -0.5923 0.1265
-0.6905 -0.5253 0.1627
-0.6786 0.1378 0.1857
-0.6817 -0.6165 0.1281
-0.6687 -0.2820 0.1231
-0.6800 -0.2057 0.1303
-0.6792 -0.0407 0.1908
-0.6734 -0.4069 0.1663
-0.6506 -0.3710 0.1249
-0.6548 -0.1598 0.1315
-0.6641 -0.6339 0.1330
-0.6540 -0.3228 0.1130
-0.6428 0.1338 0.2033
-0.6438 0.2896 0.2588
-0.6317 -0.2111 0.1394
-0.6154 -0.6575 0.1609
-0.6341 -0.3181 0.1119
-0.6242 -0.1435 0.1393
-0.6239 0.5587 0.2649
-0.6140 -0.0773 0.1753
-0.6112 -0.3402 0.1043
-0.6015 -0.3641 0.1099
-0.6041 0.0087 0.2193
-0.5987 -0.6112 0.1353
-0.5981 0.5193 0.2477
-0.5822 -0.1263 0.1721
-0.5844 -0.6261 0.1465
-0.5885 -0.5152 0.1765
-0.5788 0.0989 0.2421
-0.5880 0.4270 0.2256
-0.5625 -0.5841 0.1580
-0.5681 0.4609 0.2488
-0.5562 -0.3389 0.1186
-0.5554 -0.2330 0.1810
-0.5561 0.7839 0.3279
-0.5490 -0.3863 0.1273
-0.5372 -0.3492 0.1305
-0.5433 -0.4613 0.1605
-0.5448 0.7638 0.3033
-0.5266 -0.3038 0.1573
-0.5183 -0.4354 0.1557
-0.4980 0.6790 0.2680
-0.4873 -0.4799 0.1717
-0.4862 0.7623 0.3032
-0.4834 0.7313 0.2833
-0.4733 -0.7109 0.1759
-0.4744 -0.5920 0.1607
-0.4697 -0.6917 0.1623
-0.4578 -0.5314 0.1723
-0.4366 0.0702 0.2898
-0.4326 -0.2113 0.1732
-0.4257 -0.6987 0.1395
-0.4169 -0.5652 0.1762
-0.4173 -0.1873 0.1505
-0.4191 -0.1643 0.1436
-0.3945 -0.0688 0.1595
-0.3973 -0.5957 0.1634
-0.3900 -0.6965 0.1343
-0.3812 -0.6476 0.1413
-0.3567 -0.7397 0.1736
-0.3864 -0.1099 0.1282
-0.3777 -0.2943 0.2330
-0.3550 -0.1204 0.1227
-0.3529 -0.0661 0.1529
-0.3617 0.0311 0.2357
-0.3512 -0.7029 0.1496
-0.3368 -0.3869 0.2890
-0.3317 -0.1692 0.1389
-0.3253 0.6060 0.2946
-0.3277 -0.1461 0.1321
-0.3061 -0.1470 0.1497
-0.3115 0.2858 0.3220
-0.3008 -0.7206 0.1974
-0.3048 0.6080 0.2875
-0.2829 0.1982 0.2923
-0.2627 -0.5518 0.2060
-0.2598 0.4877 0.2827
-0.2356 -0.6741 0.2076
-0.2234 0.0376 0.2364
-0.2232 -0.0534 0.1763
-0.2131 -0.4586 0.1794
-0.1979 0.6853 0.3289
-0.1985 -0.0026 0.2041
-0.1959 -0.5660 0.1623
-0.1947 -0.0809 0.1703
-0.1933 0.3744 0.2594
-0.1914 -0.4589 0.1633
-0.1913 0.3005 0.2481
-0.1860 0.5864 0.2456
-0.1430 -0.1442 0.1474
-0.1678 0.2497 0.2427
-0.1492 -0.5974 0.1758
-0.1698 -0.0434 0.1762
-0.1657 -0.6310 0.2025
-0.1402 -0.5376 0.1469
-0.1204 0.3051 0.2403
-0.1562 0.5833 0.2418
-0.1390 -0.3939 0.1460
-0.1197 -0.2224 0.1097
-0.1268 -0.1835 0.1242
-0.1250 -0.2582 0.1108
-0.1138 -0.3352 0.1191
-0.1055 -0.4814 0.1358
-0.1044 -0.4054 0.1311
-0.1054 -0.2947 0.1015
-0.0903 -0.2501 0.0939
-0.0979 -0.5251 0.1555
-0.0885 -0.1717 0.1109
-0.0890 -0.1256 0.1456
-0.0855 -0.4590 0.1286
-0.0586 -0.3697 0.1134
-0.0853 -0.2964 0.0933
-0.0661 -0.2846 0.0929
-0.0604 0.1299 0.2581
-0.0621 0.2698 0.2147
-0.0545 -0.1928 0.1055
-0.0569 0.4999 0.2507
-0.0554 0.5667 0.2761
-0.0429 -0.0476 0.2118
-0.0367 -0.2716 0.0973
-0.0159 0.0186 0.2424
-0.0274 -0.4708 0.1432
-0.0286 -0.2132 0.1068
-0.0280 -0.3098 0.1009
-0.0248 -0.4130 0.1072
-0.0121 -0.1849 0.1194
-0.0113 -0.3875 0.0934
0.0058 -0.3212 0.1007
-0.0111 -0.2278 0.1083
0.0008 -0.3482 0.0927
-0.0057 0.4973 0.2485
0.0348 -0.2790 0.1184
0.0195 -0.3771 0.0901
0.0223 -0.3981 0.0942
0.0287 -0.1336 0.1733
0.0552 -0.3608 0.1034
0.0317 0.1836 0.1845
0.0483 -0.4195 0.1092
0.0450 0.4694 0.2284
0.0496 0.3174 0.1582
0.0475 -0.1756 0.1595
0.0490 0.1630 0.1907
0.0805 -0.3056 0.1241
0.0733 -0.4447 0.1264
0.0686 -0.6301 0.2943
0.0705 -0.2537 0.1458
0.0702 0.2306 0.1446
0.0692 0.2743 0.1383
0.1135 -0.4487 0.1265
0.1147 -0.3650 0.1363
0.1084 0.2821 0.1258
0.0980 0.3734 0.1523
0.1110 0.3239 0.1298
0.1120 0.3908 0.1600
0.1255 -0.3296 0.1499
0.1197 0.0115 0.2283
0.1291 -0.4850 0.1376
0.1310 0.0563 0.2315
0.1412 -0.5155 0.1512
0.1395 -0.0161 0.2230
0.1402 0.1884 0.1691
0.1547 -0.4579 0.1327
0.1505 0.2947 0.1335
0.1674 -0.2827 0.2162
0.1842 0.4217 0.1893
0.1901 0.6503 0.3633
0.1930 -0.4673 0.1488
0.1845 0.2219 0.1469
0.2040 0.3115 0.1505
0.2142 -0.5991 0.1901
0.2284 0.2645 0.1364
0.2188 -0.5474 0.1569
0.2259 -0.0783 0.1989
0.2342 -0.4562 0.1742
0.2463 0.4004 0.1699
0.2455 0.2115 0.1432
0.2538 -0.0876 0.1997
0.2711 -0.0338 0.1709
0.2698 0.2876 0.1407
0.2783 0.1713 0.1718
0.2897 0.2277 0.1298
0.2736 0.6852 0.3035
0.2894 -0.5775 0.1548
0.2862 -0.6010 0.1581
0.2905 0.4667 0.2092
0.3016 -0.0574 0.1805
0.3148 -0.4879 0.1818
0.3117 0.4008 0.1480
0.3137 -0.6420 0.1523
0.3139 0.3834 0.1385
0.3229 0.0257 0.1973
0.3414 -0.6820 0.1504
0.3240 0.3049 0.1317
0.3382 -0.3245 0.2098
0.3320 -0.0132 0.1839
0.3427 0.2277 0.1246
0.3557 -0.4902 0.1795
0.3615 -0.0351 0.1911
0.3723 -0.7113 0.1633
0.3664 0.2495 0.1171
0.3728 0.3691 0.1240
0.3831 0.2013 0.1430
0.3770 -0.5899 0.1466
0.3888 -0.3376 0.1453
0.3735 0.7231 0.2174
0.4102 -0.5073 0.1692
0.3904 -0.7345 0.1927
0.3876 0.3217 0.1054
0.4141 0.2601 0.1082
0.3937 0.3459 0.1084
0.4182 -0.6499 0.1454
0.4108 -0.3720 0.1344
0.4072 0.5480 0.1827
0.4098 -0.6956 0.1580
0.4190 0.3208 0.1091
0.4164 0.7043 0.1752
0.4163 0.2220 0.1216
0.4170 0.3620 0.1292
0.4358 -0.2897 0.1295
0.4313 -0.1891 0.2115
0.4237 0.5269 0.1758
0.4549 -0.3467 0.1086
0.4344 0.6326 0.1582
0.4412 -0.6134 0.1566
0.4352 0.0301 0.2067
0.4398 -0.3777 0.1232
0.4526 0.3005 0.1164
0.4508 -0.5709 0.1705
0.4647 0.2311 0.1210
0.4656 -0.4018 0.1341
0.4717 -0.2644 0.1290
0.4690 -0.5093 0.1841
0.4658 0.7456 0.1371
0.4826 -0.2318 0.1469
0.4753 0.5595 0.1279
0.4983 -0.3634 0.1181
0.4906 0.4991 0.1597
0.4862 0.1132 0.1488
0.4923 -0.2873 0.1252
0.5001 0.2471 0.1165
0.4952 0.5844 0.1227
0.5094 0.2002 0.1149
0.5052 0.0351 0.1799
0.5052 0.7795 0.1151
0.5125 0.6439 0.1105
0.5143 -0.2017 0.1716
0.5133 0.3059 0.1475
0.5199 0.6904 0.1058
0.5160 0.8137 0.1294
0.5225 0.7134 0.1003
0.5367 0.7867 0.1034
0.5283 -0.4002 0.1311
0.5310 0.1228 0.1111
0.5282 0.4875 0.1693
0.5513 0.2671 0.1211
0.5393 0.1903 0.0980
0.5437 0.5922 0.1230
0.5456 0.6372 0.1021
0.5467 -0.6291 0.1830
0.5453 -0.3298 0.1273
0.5551 0.7355 0.0949
0.5593 0.1600 0.0905
0.5559 0.7013 0.0954
0.5620 0.8273 0.1152
0.5527 0.4401 0.2123
0.5657 -0.6874 0.1963
0.5573 0.6118 0.1139
0.5724 -0.4002 0.1227
0.5647 0.0796 0.1393
0.5719 0.1319 0.0986
0.5740 0.1915 0.0926
0.5706 -0.0284 0.1903
0.5776 -0.2863 0.1534
0.5891 0.2589 0.1166
0.5865 0.7979 0.0971
0.5895 0.7370 0.0957
0.5858 0.1553 0.0899
0.5916 -0.4752 0.1783
0.5995 -0.6668 0.1786
0.5971 0.2103 0.0963
0.5925 0.6878 0.1034
0.6173 0.8433 0.1309
0.6005 -0.1778 0.2000
0.6007 -0.0438 0.1774
0.6069 -0.3926 0.1210
0.6060 -0.3387 0.1258
0.6068 0.6383 0.1224
0.6273 0.7652 0.0963
0.6209 0.2853 0.1518
0.6180 0.8075 0.1021
0.6182 0.5391 0.1602
0.6265 0.7133 0.1050
0.6242 -0.5354 0.2044
0.6254 -0.6508 0.1725
0.6195 -0.1152 0.1779
0.6277 -0.3792 0.1257
0.6243 -0.0857 0.1685
0.6241 0.1257 0.1183
0.6512 0.1747 0.1104
0.6383 0.2074 0.1082
0.6508 0.8162 0.1121
0.6435 -0.4012 0.1425
0.6480 -0.3002 0.1702
0.6524 0.2361 0.1273
0.6587 0.7283 0.0994
0.6699 -0.6466 0.1767
0.6622 0.6148 0.1438
0.6737 0.5107 0.1673
0.6754 0.6670 0.1143
0.6769 0.0130 0.1619
0.6826 0.1315 0.1394
0.6771 0.3996 0.2019
0.6785 0.7841 0.1023
0.7049 -0.6612 0.1912
0.6887 -0.7487 0.2515
0.6910 0.5145 0.1627
0.6931 0.7518 0.0955
0.6984 0.0728 0.1516
0.7054 0.4830 0.1699
0.7211 -0.1107 0.1582
0.7125 0.1803 0.1450
0.7142 0.6928 0.1027
0.7140 0.7282 0.0972
0.7220 0.7923 0.1329
0.7204 -0.5632 0.2120
0.7236 -0.4330 0.2053
0.7289 0.6012 0.1353
0.7335 -0.0787 0.1471
0.7355 0.6782 0.1083
0.7438 0.0388 0.1538
0.7374 0.7392 0.1158
0.7597 0.0067 0.1546
0.7435 0.3184 0.1787
0.7489 0.6467 0.1199
0.7425 -0.2579 0.2007
0.7501 0.2626 0.1688
0.7577 -0.0831 0.1517
0.7595 0.1878 0.1621
0.7620 0.4076 0.1715
0.7639 -0.2189 0.1692
0.7602 0.0624 0.1604
0.7649 -0.0508 0.1508
0.7711 0.2856 0.1773
0.7728 0.6279 0.1352
0.7739 -0.4534 0.2164
0.8078 0.5957 0.1287
0.7963 -0.1820 0.1459
0.8261 0.3980 0.1379
0.8118 0.5321 0.1399
0.8149 -0.7092 0.2611
0.8337 -0.2033 0.1529
0.8366 0.5011 0.1356
0.8379 0.1736 0.2110
0.8373 -0.1315 0.1628
0.8647 0.4712 0.1321
0.8448 -0.5298 0.1915
0.8466 0.1355 0.2161
0.8592 0.4332 0.1219
0.8497 0.5593 0.1312
0.8569 -0.2007 0.1563
0.8630 0.3932 0.1194
0.8648 -0.6300 0.2286
0.8667 -0.3108 0.1859
0.8683 -0.5392 0.1895
0.8661 -0.4375 0.1895
0.8705 -0.2434 0.1577
0.8675 0.5660 0.1385
0.8824 0.3379 0.1419
0.9020 0.4250 0.1231
0.8783 0.6557 0.1518
0.8878 0.6049 0.1418
0.9211 -0.4885 0.1713
0.9040 -0.3320 0.1747
0.9122 0.3731 0.1180
0.9147 0.6903 0.1903
0.9247 -0.7266 0.3224
0.9288 -0.0883 0.2092
0.9470 0.3188 0.1414
0.9477 -0.0525 0.2273
0.9385 0.6801 0.2005
0.9557 0.3570 0.1293
0.9490 0.3873 0.1334
0.9595 -0.5186 0.1654
0.9582 0.6707 0.2121
0.9716 -0.3899 0.1472
0.9666 0.1322 0.2274
0.9947 0.2767 0.1457
0.9821 -0.2891 0.1445
0.9826 -0.2277 0.1681
0.9975 -0.3375 0.1331
0.9987 -0.5415 0.1473
0.9981 -0.0832 0.1944
1.0052 -0.3784 0.1270
1.0273 -0.2378 0.1486
1.0268 -0.4095 0.1149
1.0348 -0.5442 0.1292
1.0399 0.3680 0.1511
1.0333 0.2453 0.1407
1.0386 -0.1615 0.1777
1.0500 -0.2759 0.1355
1.0467 0.2757 0.1340
1.0563 -0.0059 0.2170
1.0705 0.2297 0.1458
1.0524 0.3280 0.1350
1.0581 -0.4513 0.1168
1.0593 -0.4200 0.1092
1.0796 -0.3054 0.1384
1.0713 -0.5635 0.1388
1.0650 0.1460 0.1785
1.0779 0.3990 0.1973
1.0730 -0.4703 0.1179
1.0842 -0.4146 0.1181
1.0975 -0.3429 0.1384
1.0853 0.1751 0.1694
1.0819 -0.5292 0.1231
1.0993 -0.2714 0.1647
1.0987 0.0281 0.2380
1.0985 -0.5761 0.1656
1.0995 -0.5528 0.1446
1.1036 -0.0962 0.2216
1.1001 0.1415 0.1942
1.0967 0.3010 0.1649
1.1053 -0.1491 0.2097
1.1052 0.5077 0.3039
1.1078 -0.4072 0.1379
1.1078 0.5868 0.3398
