points 
 2 
 1 
Tumour[19065]CD810NNCodensity
-0.9843 0.2403 0.2824
-0.9794 0.4812 0.1454
-0.9750 0.5217 0.1394
-0.9836 0.5765 0.1670
-0.9797 0.6797 0.2204
-0.9695 0.3654 0.1791
-0.9594 0.4010 0.1662
-0.9584 0.2427 0.2684
-0.9494 0.5017 0.1245
-0.9526 0.4279 0.1569
-0.9460 0.9456 0.3458
-0.9456 1.1413 0.4618
-0.9249 0.7209 0.2010
-0.9235 0.8263 0.2754
-0.9257 0.5177 0.1207
-0.9157 0.2913 0.2152
-0.9034 0.5462 0.1202
-0.9010 0.5817 0.1280
-0.8989 0.7055 0.1808
-0.9024 1.0670 0.3642
-0.8897 0.3359 0.1970
-0.8614 0.6272 0.1334
-0.8536 0.5600 0.1180
-0.8354 0.5469 0.1238
-0.8343 0.3462 0.2505
-0.8121 0.6216 0.1119
-0.8108 0.6535 0.1253
-0.8031 1.1822 0.4447
-0.7934 0.5732 0.1128
-0.7930 0.7049 0.1583
-0.7724 0.8254 0.2598
-0.7444 0.6313 0.1093
-0.7655 0.8840 0.2939
-0.7639 0.5567 0.1266
-0.7538 0.5827 0.1159
-0.7493 1.0538 0.3256
-0.7410 0.6594 0.1160
-0.7223 0.6718 0.1304
-0.7147 0.5227 0.1772
-0.6943 1.0255 0.3395
-0.6780 0.6178 0.1516
-0.6801 0.6859 0.1683
-0.6376 0.5056 0.2578
-0.6109 0.6845 0.2317
-0.5855 0.8733 0.3185
-0.5480 0.9441 0.3796
-0.4987 0.7204 0.3202
-0.4365 0.7295 0.3427
-0.3000 0.7875 0.3968
-0.2477 0.8165 0.4480
-0.2248 0.8774 0.5037
-0.2001 0.7221 0.5210
0.2658 -1.1729 0.8930
0.4198 -1.1697 0.6729
0.6480 -1.0582 0.4002
0.7207 -1.1477 0.3663
0.7262 -1.0935 0.3302
0.7945 -0.6269 0.5629
0.8135 -1.0558 0.2748
0.8212 -1.1106 0.2999
0.8553 -0.9257 0.2906
0.8536 -0.8679 0.3203
0.9452 -0.7620 0.3375
0.9564 -1.0519 0.2871
0.9695 -0.8334 0.2947
1.0025 -0.9445 0.2651
1.0075 -0.6316 0.4544
1.0384 -1.1380 0.3907
1.1275 -0.9847 0.2998
1.1295 -0.9801 0.2987
1.1471 -0.8525 0.3143
1.2512 -0.7781 0.3375
1.3096 -0.7447 0.3325
1.3230 -1.0015 0.2205
1.3542 -1.0910 0.2386
1.3506 -1.1311 0.2885
1.3739 -1.1099 0.2511
1.3778 -0.9088 0.1594
1.4203 -0.9766 0.1392
1.4309 -0.9525 0.1151
1.4488 -0.9615 0.1166
1.4475 -0.8831 0.1044
1.4624 -0.8511 0.1342
1.4650 -0.8876 0.0979
1.4795 -0.9540 0.1173
1.4923 -0.9180 0.1056
1.4965 -0.8957 0.1102
1.5090 -0.8582 0.1498
