points 
 2 
 1 
Tumour[19065]FoxP310NNCodensity
-1.0283 -0.6267 0.2686
-1.0233 0.5631 0.2507
-1.0159 0.5776 0.2414
-1.0123 0.7698 0.3073
-1.0010 0.2613 0.4159
-0.9912 0.9046 0.3702
-0.9858 0.5456 0.2313
-0.9727 -0.6880 0.1955
-0.9769 0.4729 0.2722
-0.9701 -0.6517 0.1941
-0.9645 -0.6297 0.1972
-0.9680 0.4262 0.2980
-0.9569 0.6323 0.2205
-0.9510 -1.0573 0.3472
-0.9251 -0.8384 0.1946
-0.9253 -0.8137 0.1917
-0.9088 -0.6021 0.1898
-0.9077 -0.7687 0.1831
-0.9030 -0.9586 0.2286
-0.8894 0.6113 0.2116
-0.8852 0.7268 0.1751
-0.8821 1.3090 0.7600
-0.8810 -0.9287 0.2052
-0.8741 0.2077 0.4292
-0.8716 -0.8159 0.1689
-0.8628 -1.0200 0.2639
-0.8549 0.1706 0.4678
-0.8517 0.2045 0.4322
-0.8332 -0.6219 0.1691
-0.8300 -0.3307 0.2184
-0.8161 -0.5949 0.1843
-0.8179 0.7617 0.0831
-0.8178 -0.7682 0.1650
-0.8083 0.7410 0.0858
-0.8069 -0.3806 0.2011
-0.8070 0.8205 0.1042
-0.7993 0.7640 0.0681
-0.7985 -0.6766 0.1550
-0.7939 0.7935 0.0710
-0.7907 0.7144 0.0958
-0.7863 0.8021 0.0750
-0.7850 -0.6519 0.1570
-0.7806 0.7727 0.0641
-0.7728 0.6684 0.1307
-0.7728 -0.8882 0.2265
-0.7673 -1.0973 0.3451
-0.7675 -0.7657 0.1791
-0.7582 0.7509 0.0700
-0.7611 0.6074 0.1710
-0.7557 -0.8172 0.2096
-0.7506 0.6380 0.1514
-0.7516 0.5494 0.2387
-0.7438 0.8134 0.0819
-0.7452 -0.6212 0.1704
-0.7462 -0.3371 0.1266
-0.7423 0.7725 0.0678
-0.7459 1.1038 0.4782
-0.7379 0.7237 0.0947
-0.7334 0.7577 0.0729
-0.7349 -0.6939 0.1771
-0.7367 -0.2790 0.1454
-0.7240 -0.2636 0.1608
-0.7197 0.8208 0.0831
-0.7202 0.7759 0.0681
-0.7161 -0.2930 0.1294
-0.7120 -0.3277 0.1105
-0.6876 0.8175 0.0760
-0.6999 -0.4875 0.1767
-0.6964 0.5663 0.2440
-0.6945 0.7979 0.0667
-0.6905 0.7695 0.0786
-0.6871 -0.5099 0.1844
-0.6794 -0.3554 0.0941
-0.6722 0.8133 0.0765
-0.6695 -0.3759 0.0903
-0.6637 0.7686 0.0940
-0.6654 -1.0356 0.3122
-0.6519 0.8267 0.0902
-0.6573 -0.5021 0.1739
-0.6481 -0.6272 0.2359
-0.6502 -0.3811 0.0880
-0.6458 -0.3939 0.0933
-0.6360 -0.4019 0.0999
-0.6218 0.8345 0.1016
-0.6302 -0.3851 0.0947
-0.6290 -0.3635 0.0955
-0.6253 -0.9495 0.2533
-0.6145 1.3427 0.7509
-0.6142 0.7888 0.1111
-0.6020 -0.9080 0.2328
-0.5911 0.8408 0.1223
-0.5816 -0.3308 0.1434
-0.5742 -0.7876 0.2243
-0.5691 -0.2878 0.1905
-0.5667 0.8426 0.1409
-0.5543 0.8468 0.1557
-0.5476 -0.4505 0.2011
-0.5346 0.4746 0.3863
-0.5247 0.2323 0.5139
-0.5075 0.3715 0.4495
-0.5005 -0.8527 0.1607
-0.4903 -0.3639 0.2153
-0.4886 -0.8312 0.1530
-0.4879 -0.6698 0.2689
-0.4850 -0.9033 0.1731
-0.4767 -1.0332 0.2605
-0.4727 -0.7161 0.2172
-0.4687 0.8756 0.2754
-0.4650 0.4671 0.4471
-0.4489 -0.2451 0.2839
-0.4455 -0.7821 0.1616
-0.4390 -0.8191 0.1495
-0.4286 -0.2784 0.2748
-0.4160 -0.9692 0.1973
-0.4078 -1.0230 0.2560
-0.4048 -0.8275 0.1565
-0.3918 -0.9262 0.1805
-0.3540 -0.8516 0.1658
-0.3486 0.9696 0.4739
-0.3267 -0.2250 0.3886
-0.2842 -0.8402 0.1458
-0.2501 -0.8715 0.1425
-0.2608 -0.8463 0.1381
-0.2640 -0.4718 0.4650
-0.2565 -0.9113 0.1729
-0.2385 -0.2838 0.4659
-0.2257 -0.8217 0.1579
-0.2130 0.2221 0.5842
-0.1943 -0.8724 0.1658
-0.1936 -0.7622 0.2216
-0.1759 1.1259 0.5621
-0.1632 -0.8558 0.1854
-0.1631 0.2918 0.5791
-0.1373 0.2806 0.5901
-0.1140 -0.9968 0.3357
-0.1020 1.3800 0.5938
-0.0581 0.6451 0.7482
-0.0574 -0.7485 0.3530
0.0270 1.2205 0.4476
0.0516 1.2693 0.4409
0.0581 1.2990 0.4572
0.0620 1.2407 0.4369
0.0946 -0.9491 0.4219
0.1450 -0.4454 0.4051
0.1847 -0.4282 0.3627
0.2072 -1.0370 0.4506
0.2200 -0.3698 0.3390
0.2352 -0.3668 0.3314
0.2428 -0.0227 0.6337
0.2691 -0.3894 0.3164
0.2771 0.9038 0.6316
0.2857 -0.8072 0.2628
0.2888 0.2546 0.7772
0.2884 1.3787 0.5042
0.3064 -0.8445 0.2451
0.3146 -0.7954 0.2481
0.3171 -0.7777 0.2618
0.3855 -0.3957 0.3252
0.4017 -0.8385 0.2298
0.4148 -0.8258 0.2339
0.4148 1.3721 0.4836
0.4285 -0.4638 0.3533
0.4303 -0.8177 0.2452
0.4684 0.9859 0.4539
0.5114 -0.8737 0.2902
0.5137 -0.4928 0.4294
0.5277 -0.4034 0.3921
0.5622 1.0683 0.4028
0.5744 0.9216 0.3660
0.5859 -1.0581 0.3980
0.5973 -1.0942 0.4320
0.5999 0.6838 0.4968
0.6013 1.3354 0.4217
0.6134 -0.1200 0.3891
0.6168 -0.9159 0.3594
0.6277 1.3251 0.4117
0.6354 -0.1507 0.3721
0.6479 -0.1931 0.3631
0.6514 1.3460 0.4120
0.6575 -0.1026 0.3970
0.6961 -0.0590 0.4214
0.6971 1.3926 0.4303
0.7312 0.9478 0.2837
0.7337 0.2435 0.5771
0.7542 0.9086 0.2790
0.7583 0.8723 0.2982
0.7754 0.9163 0.2833
0.7919 0.3286 0.5709
0.7951 -1.0457 0.4542
0.7948 -0.9914 0.4469
0.8129 0.5034 0.4788
0.8378 -0.2513 0.4152
0.8811 1.0269 0.3423
0.8882 0.8109 0.3870
0.8918 1.0943 0.3537
0.8989 0.5529 0.4417
0.9461 -1.0117 0.4033
0.9705 0.5639 0.4472
0.9808 1.1369 0.3428
0.9960 -0.3216 0.4787
1.0053 1.3951 0.3292
1.0050 1.3327 0.2904
1.0201 1.3855 0.3154
1.0448 1.2583 0.2669
1.0598 -0.1999 0.4782
1.0721 1.2867 0.2613
1.1194 -0.8563 0.2716
1.1245 -0.3400 0.4396
1.1247 -0.2314 0.4756
1.1821 -1.0674 0.1969
1.1818 0.4611 0.5139
1.1832 -0.9851 0.1575
1.1897 -1.0359 0.1638
1.2011 0.1206 0.7206
1.2022 -1.0622 0.1798
1.2007 0.8688 0.4489
1.2090 1.2882 0.2905
1.2130 -0.9340 0.1541
1.2128 1.0417 0.3771
1.2126 1.3766 0.3361
1.2188 0.5405 0.4856
1.2265 0.5755 0.4822
1.2320 -0.8300 0.1857
1.2357 1.2060 0.3090
1.2405 -1.0520 0.1703
1.2476 -0.8968 0.1549
1.2520 -0.4094 0.3830
1.2543 0.8955 0.4362
1.2633 -0.9966 0.1476
1.2631 -0.8552 0.1665
1.2838 -0.8856 0.1697
1.2913 -0.9991 0.1717
1.2944 -0.7856 0.2105
1.3150 -0.7431 0.2426
1.3382 -0.6824 0.2677
1.3584 0.7837 0.5081
1.3765 -0.6503 0.2764
1.3712 1.2302 0.3523
1.4012 1.2606 0.3914
1.4240 -0.4966 0.3303
1.4245 -0.4625 0.3568
1.4300 1.0582 0.4076
1.4321 -0.5424 0.3137
1.4458 -0.5227 0.3313
1.4518 1.1272 0.4145
