points 
 2 
 1 
Tumour[19065]FoxP310NNCodensity
-1.2731 -0.6409 0.2607
-1.2101 -0.7206 0.1750
-1.2109 -0.5886 0.2332
-1.1913 0.6529 0.3982
-1.1885 -0.7390 0.1676
-1.1771 0.6068 0.3634
-1.1825 0.6231 0.3691
-1.1817 0.0418 0.2380
-1.1736 0.6405 0.3711
-1.1742 -0.7015 0.1497
-1.1672 -0.1098 0.2158
-1.1528 0.6350 0.3598
-1.1530 -0.7500 0.1671
-1.1559 -0.6316 0.1761
-1.1493 0.0590 0.2304
-1.1129 -0.0332 0.1493
-1.1113 -0.0137 0.1508
-1.1032 0.0010 0.1578
-1.1015 -0.1360 0.1806
-1.0939 -0.6786 0.1549
-1.0909 0.0247 0.1820
-1.0883 0.3088 0.4220
-1.0789 -0.6534 0.1666
-1.0798 -0.1349 0.1717
-1.0756 0.3216 0.4170
-1.0750 -0.8133 0.2016
-1.0712 -0.7591 0.1718
-1.0678 -0.5084 0.3145
-1.0294 -0.1539 0.1861
-1.0045 -0.6511 0.1847
-1.0009 -1.0361 0.2953
-0.9992 -0.1700 0.2030
-1.0016 0.5893 0.3703
-0.9927 -0.8943 0.1922
-0.9902 -0.0651 0.1922
-0.9873 -0.6612 0.1849
-0.9832 -0.7372 0.1552
-0.9650 -0.7011 0.1665
-0.9581 -0.8990 0.1798
-0.9573 -0.8203 0.1494
-0.9530 -0.1721 0.2221
-0.9437 -0.9946 0.2134
-0.9389 -0.8217 0.1485
-0.9219 -0.3148 0.3668
-0.9026 -0.7701 0.1685
-0.9036 -0.0664 0.2087
-0.8941 -0.8196 0.1569
-0.8753 -0.0460 0.1991
-0.8549 -1.0071 0.1801
-0.8510 -0.9172 0.1698
-0.8480 0.1459 0.2382
-0.8388 -0.7767 0.1905
-0.8289 0.3630 0.1590
-0.8180 -0.0426 0.1579
-0.8246 0.2935 0.1828
-0.8155 -0.0112 0.1499
-0.8108 -0.9756 0.1441
-0.8081 0.3887 0.1362
-0.8068 0.3546 0.1382
-0.7928 -1.0115 0.1669
-0.7887 -0.9695 0.1381
-0.7792 0.0600 0.1414
-0.7750 -0.8432 0.1429
-0.7748 0.3779 0.1177
-0.7730 0.5011 0.1835
-0.7660 0.6201 0.2446
-0.7623 0.3757 0.1163
-0.7541 -0.2459 0.3286
-0.7527 -0.8579 0.1322
-0.7540 -0.5805 0.3768
-0.7526 0.0963 0.1517
-0.7453 -0.0378 0.1217
-0.7483 0.0520 0.1219
-0.7467 -0.8858 0.1312
-0.7385 -0.9664 0.1552
-0.7399 0.1960 0.1456
-0.7311 -1.0182 0.2006
-0.7234 -0.8431 0.1362
-0.7246 0.0504 0.1170
-0.7258 0.4033 0.1212
-0.7167 0.2154 0.1316
-0.7118 -0.0700 0.1427
-0.7083 -0.0036 0.1036
-0.7064 -0.0318 0.1120
-0.7091 0.4367 0.1251
-0.7055 0.2703 0.1444
-0.7048 -0.8329 0.1451
-0.6975 0.2042 0.1264
-0.6959 0.4297 0.1273
-0.6932 -0.8501 0.1499
-0.6908 0.2936 0.1536
-0.6875 0.4882 0.1306
-0.6826 -0.6742 0.2608
-0.6810 0.0382 0.1249
-0.6799 -0.0370 0.1290
-0.6792 0.5547 0.1354
-0.6707 0.1727 0.1340
-0.6680 0.3941 0.1471
-0.6626 -0.7515 0.2026
-0.6624 0.5375 0.1318
-0.6602 0.2155 0.1346
-0.6563 0.6381 0.2077
-0.6537 0.0037 0.1388
-0.6514 -0.1531 0.2272
-0.6486 0.5195 0.1379
-0.6346 0.1950 0.1500
-0.6371 0.5574 0.1513
-0.6245 0.3524 0.1976
-0.6204 0.1172 0.1738
-0.6173 0.6073 0.2013
-0.6075 -0.8043 0.2288
-0.6029 -0.1865 0.2707
-0.6013 0.7832 0.3467
-0.5921 0.9026 0.4741
-0.5738 0.0901 0.2087
-0.5519 -0.6769 0.2857
-0.5235 -0.0566 0.2091
-0.5142 0.0290 0.2321
-0.4799 -0.0845 0.1907
-0.4780 -0.9623 0.4002
-0.4592 -0.0872 0.1782
-0.4526 0.3110 0.3764
-0.4362 -0.5453 0.2467
-0.4369 0.7873 0.3575
-0.4273 0.4531 0.3710
-0.4297 -0.7160 0.2971
-0.4156 -0.7008 0.2884
-0.4154 -0.4437 0.2885
-0.4040 -0.5375 0.2328
-0.3965 -1.0231 0.4674
-0.4005 -0.1251 0.1604
-0.3947 0.5690 0.3650
-0.3943 0.9063 0.4340
-0.3907 -0.0861 0.1587
-0.3855 -0.3435 0.2904
-0.3790 -0.5350 0.2347
-0.3629 -0.2972 0.2706
-0.3594 -0.5211 0.2463
-0.3533 -0.1232 0.1530
-0.3437 -0.1722 0.1733
-0.3388 -0.1198 0.1535
-0.3366 0.0594 0.2299
-0.3182 -0.1523 0.1634
-0.2846 0.7255 0.3441
-0.2637 0.1020 0.1648
-0.2583 0.0598 0.1486
-0.2578 0.6727 0.3414
-0.2465 -0.0382 0.1679
-0.2303 0.1632 0.1880
-0.2236 -0.6462 0.3159
-0.2192 0.0889 0.1333
-0.2162 0.7023 0.3365
-0.2106 -0.8685 0.4024
-0.2063 -0.2264 0.1963
-0.2039 -0.0193 0.1425
-0.1955 -0.1338 0.1152
-0.1943 -0.7263 0.3690
-0.1888 -0.0854 0.1063
-0.1828 -0.0216 0.1362
-0.1858 0.0738 0.1207
-0.1819 -0.9863 0.4747
-0.1779 -0.1496 0.1057
-0.1704 -0.1146 0.0938
-0.1611 -0.1300 0.0919
-0.1560 0.0731 0.1198
-0.1462 0.9322 0.3671
-0.1366 0.1124 0.1329
-0.1299 -0.1389 0.0940
-0.1281 -0.1041 0.0920
-0.1316 0.4287 0.4068
-0.1165 -0.4787 0.3371
-0.1180 0.0717 0.1316
-0.1148 -1.0017 0.5219
-0.1126 0.1352 0.1672
-0.1077 -0.0527 0.1012
-0.1059 0.1013 0.1489
-0.1001 -0.1764 0.1074
-0.0968 -0.5562 0.3630
-0.0975 -0.4540 0.3184
-0.0979 -0.0891 0.0937
-0.0922 -0.0076 0.1320
-0.0861 -0.1962 0.1156
-0.0815 -0.0659 0.0985
-0.0782 -0.0402 0.1178
-0.0732 0.9647 0.3428
-0.0582 0.6581 0.3433
-0.0565 -0.1572 0.1033
-0.0548 -0.2195 0.1334
-0.0524 -0.0737 0.1107
-0.0467 -0.1378 0.1073
-0.0432 -0.2423 0.1539
-0.0330 -0.1483 0.1189
-0.0390 0.7907 0.3045
-0.0071 0.8835 0.2907
0.0047 1.1510 0.4753
0.0200 -0.2538 0.1905
0.0278 -0.3142 0.2167
0.0321 0.4045 0.2490
0.0468 0.4964 0.2540
0.0700 -0.3804 0.2227
0.0784 0.3965 0.2206
0.0828 0.9066 0.3042
0.0908 0.3775 0.2200
0.0945 0.5754 0.2988
0.1265 0.8656 0.3208
0.1236 0.2756 0.2386
0.1286 -0.3723 0.2186
0.1293 1.0430 0.3734
0.1431 0.1500 0.2384
0.1408 -0.3875 0.2273
0.1408 0.1084 0.2397
0.1530 0.5513 0.2871
0.1510 0.7953 0.3356
0.1568 0.4089 0.2150
0.1708 -0.6721 0.4408
0.1679 -0.3997 0.2501
0.1775 -0.9138 0.5307
0.1800 -0.4163 0.2685
0.1912 0.1276 0.2014
0.2059 1.2547 0.5361
0.2346 -0.1921 0.2539
0.2440 -0.2382 0.2577
0.2425 0.3765 0.2473
0.2447 0.0412 0.1705
0.2482 0.0684 0.1683
0.2595 -0.0698 0.2025
0.2655 0.2810 0.2294
0.2657 0.2984 0.2291
0.2761 -0.1508 0.2031
0.2800 0.0427 0.1663
0.2900 0.0675 0.1711
0.3090 -0.6545 0.3577
0.3210 0.6995 0.4137
0.3347 0.0584 0.1865
0.3410 0.2937 0.2508
0.3455 0.5728 0.4164
0.3536 -0.7537 0.3216
0.3569 -0.1226 0.1606
0.3559 -0.0379 0.1757
0.3627 -0.1660 0.1712
0.3685 0.9593 0.3828
0.4082 -0.0983 0.1537
0.4238 -0.0328 0.2009
0.4177 0.1599 0.2615
0.4251 0.2888 0.2864
0.4285 -0.1352 0.1403
0.4360 0.2894 0.2938
0.4429 -0.3068 0.1794
0.4471 1.3507 0.3793
0.4582 -0.3972 0.1362
0.4641 -0.4852 0.1562
0.4628 -0.1762 0.1427
0.4749 -0.3896 0.1245
0.4770 -0.1910 0.1414
0.4800 -0.4245 0.1217
0.4833 -0.2023 0.1389
0.4967 1.4080 0.3766
0.4999 -0.4209 0.1123
0.5029 -0.8349 0.1656
0.5141 -0.1392 0.1339
0.5136 -0.8514 0.1456
0.5183 -0.6433 0.1968
0.5186 -0.8839 0.1339
0.5255 1.0195 0.3115
0.5264 1.2497 0.2866
0.5346 0.0837 0.2695
0.5299 -0.9477 0.1623
0.5275 -0.7595 0.2087
0.5307 -0.5571 0.1424
0.5289 -0.3372 0.1347
0.5293 0.8403 0.3559
0.5341 -0.6428 0.1918
0.5339 -0.4494 0.1159
0.5369 -0.2938 0.1454
0.5442 -0.9641 0.1727
0.5381 -0.6145 0.1693
0.5426 -0.5633 0.1419
0.5453 -0.2745 0.1404
0.5459 -0.9056 0.1254
0.5495 0.8721 0.3301
0.5506 -0.2568 0.1381
0.5514 -0.0900 0.1418
0.5551 0.8904 0.3243
0.5574 0.9651 0.3063
0.5569 -0.5245 0.1392
0.5574 -0.9189 0.1320
0.5584 -0.4248 0.1182
0.5619 1.2574 0.2549
0.5687 0.1056 0.2986
0.5694 -0.4346 0.1199
0.5758 -0.1041 0.1288
0.5759 -0.0676 0.1538
0.5774 -0.0322 0.1801
0.5866 -0.8314 0.1615
0.5924 -0.1617 0.1194
0.5979 -0.3680 0.1582
0.5969 -0.1917 0.1218
0.6046 -0.4907 0.1319
0.6273 -0.2161 0.1281
0.6396 1.4204 0.2997
0.6456 -0.4486 0.1411
0.6448 -0.1573 0.1236
0.6509 -0.2059 0.1280
0.6535 -0.9056 0.1914
0.6542 -0.8827 0.1977
0.6578 -0.0879 0.1682
0.6595 1.3253 0.2328
0.6626 -0.4427 0.1532
0.6663 -0.1849 0.1277
0.6706 -0.5416 0.1769
0.6943 -0.4701 0.1762
0.7031 1.1834 0.1489
0.7037 -1.0298 0.2819
0.7159 1.1189 0.2000
0.7139 1.2611 0.1619
0.7215 1.1913 0.1336
0.7249 -0.2151 0.1561
0.7299 -0.5475 0.2097
0.7325 -1.0283 0.3050
0.7352 1.1658 0.1394
0.7370 1.1521 0.1516
0.7402 -0.2908 0.1928
0.7574 1.2096 0.1263
0.7599 -0.1953 0.1860
0.7707 -0.5971 0.2326
0.7878 -0.2683 0.1912
0.7966 -0.3198 0.2066
0.8046 -0.9083 0.3569
0.8128 1.2930 0.1252
0.8172 1.2645 0.1317
0.8206 1.3792 0.1440
0.8305 1.2981 0.1189
0.8266 1.4484 0.2119
0.8306 1.3540 0.1267
0.8338 0.8187 0.2631
0.8395 0.9295 0.1763
0.8405 1.2209 0.1599
0.8485 -0.5761 0.1670
0.8597 0.8440 0.2189
0.8647 0.9928 0.1629
0.8755 1.2941 0.1189
0.8780 0.9628 0.1467
0.8804 -0.4399 0.1618
0.8820 0.9860 0.1509
0.8898 1.3413 0.1263
0.8849 1.3873 0.1416
0.8917 -0.3041 0.1685
0.8924 1.0341 0.1915
0.8926 -0.4816 0.1321
0.9089 -0.6716 0.2189
0.9112 -0.4533 0.1396
0.9125 0.8355 0.2267
0.9179 -0.5822 0.1289
0.9152 1.4404 0.1882
0.9189 -0.5162 0.1130
0.9182 -0.2338 0.2120
0.9229 0.9851 0.1618
0.9307 1.2479 0.1938
0.9314 -0.5154 0.1141
0.9354 1.3255 0.1643
0.9381 -0.5525 0.1193
0.9426 0.9573 0.1735
0.9423 -0.5749 0.1269
0.9449 -0.3350 0.1438
0.9492 -0.3942 0.1458
0.9489 -0.3556 0.1408
0.9527 -0.6552 0.2047
0.9622 -0.2638 0.1936
1.0035 -0.5217 0.1721
1.0042 1.4457 0.2536
1.0079 1.0913 0.2994
1.0136 -0.3394 0.1563
1.0206 -0.3580 0.1563
1.0305 1.4072 0.2552
1.0894 -0.4429 0.1999
1.0942 -0.3842 0.1947
1.0948 0.8297 0.3564
1.0976 0.5340 0.5573
1.1140 -0.5889 0.2700
1.1212 -0.3847 0.2213
1.1392 0.6769 0.4304
1.1457 0.7717 0.3995
1.1653 -0.6701 0.3630
1.1663 -0.4775 0.2757
1.1651 1.2816 0.4082
1.1954 1.4292 0.4564
1.2128 0.5649 0.5963
1.2134 -0.8644 0.6019
