points 
 2 
 1 
Tumour[19065]FoxP310NNCodensity
-1.3459 0.1480 0.8548
-1.3392 1.2153 0.1672
-1.3328 1.2392 0.1619
-1.3207 1.3196 0.2201
-1.3160 1.1585 0.1823
-1.3117 -0.7169 0.3724
-1.2948 1.2466 0.1437
-1.2874 -0.7233 0.3545
-1.2713 1.1758 0.1582
-1.2731 1.1511 0.1797
-1.2612 1.3191 0.2047
-1.2580 1.2459 0.1503
-1.2499 -0.2143 0.4863
-1.2498 -0.5987 0.2626
-1.2377 -0.6281 0.2578
-1.2098 -0.6304 0.2510
-1.2147 -0.6024 0.2443
-1.1998 1.2834 0.2148
-1.1812 1.0701 0.3160
-1.1484 -1.1160 0.5798
-1.1398 -1.0764 0.5305
-1.1313 -0.4933 0.2395
-1.1134 -0.4262 0.2374
-1.0952 -1.0568 0.5097
-1.0660 0.9677 0.5257
-1.0541 -0.4196 0.2106
-1.0370 1.3453 0.3849
-1.0345 -0.4151 0.2045
-1.0308 -0.8786 0.4263
-1.0259 -0.4062 0.2008
-1.0158 -0.3705 0.2017
-0.9941 -0.6762 0.3001
-0.9802 -0.2621 0.2470
-0.9768 -0.3576 0.2177
-0.9587 1.2833 0.4221
-0.9572 0.3945 0.3232
-0.9553 -0.2400 0.2702
-0.9504 0.4739 0.3271
-0.9399 1.3189 0.4315
-0.9376 -0.0920 0.4370
-0.9203 -0.1938 0.3306
-0.8981 -0.6797 0.2558
-0.8863 0.4055 0.2453
-0.8799 -0.6657 0.2425
-0.8770 -0.6187 0.2493
-0.8570 -1.1163 0.5194
-0.8585 -0.6639 0.2400
-0.8196 0.2653 0.2894
-0.8082 -0.6506 0.2420
-0.7997 0.3934 0.2047
-0.7837 0.5167 0.1977
-0.7707 0.3027 0.2316
-0.7613 0.3554 0.1938
-0.7331 -0.7142 0.2732
-0.7299 0.5352 0.1486
-0.7261 0.5554 0.1595
-0.6907 0.4499 0.1264
-0.6818 1.2547 0.1500
-0.6818 0.5077 0.1155
-0.6783 0.5970 0.1943
-0.6693 1.2130 0.1189
-0.6623 0.4535 0.1053
-0.6599 -0.5855 0.2709
-0.6575 -0.6023 0.2618
-0.6518 0.4692 0.1029
-0.6540 0.3602 0.1714
-0.6512 -0.0465 0.5871
-0.6344 1.2206 0.0883
-0.6349 0.3745 0.1635
-0.6271 0.4927 0.1174
-0.6247 1.1841 0.0912
-0.6233 1.2073 0.0853
-0.6173 1.2431 0.0971
-0.6134 1.2787 0.1292
-0.6159 0.4387 0.1198
-0.6149 0.5243 0.1419
-0.6063 0.2225 0.3390
-0.6060 0.4468 0.1233
-0.6036 1.1883 0.0864
-0.5896 1.1235 0.1290
-0.5867 1.1484 0.1038
-0.5860 1.2631 0.1241
-0.5762 -0.5233 0.3452
-0.5720 1.1493 0.1062
-0.5654 -1.0626 0.1600
-0.5656 -1.0430 0.1474
-0.5661 0.7182 0.3604
-0.5521 -0.9673 0.1133
-0.5510 1.1566 0.1157
-0.5411 -0.9441 0.1092
-0.5407 -0.7505 0.1963
-0.5396 -0.7854 0.1724
-0.5409 0.7744 0.4238
-0.5341 -0.9966 0.1066
-0.5190 -0.8202 0.1447
-0.5173 -1.0015 0.1070
-0.5213 -0.8685 0.1222
-0.5185 1.2927 0.2147
-0.5119 -0.6765 0.2339
-0.4971 1.1372 0.1647
-0.5110 -0.6062 0.2796
-0.5062 -0.9271 0.0969
-0.5007 -0.9547 0.1009
-0.4968 -0.8914 0.1086
-0.4879 -1.1070 0.1814
-0.4791 0.4830 0.2911
-0.4703 -1.1221 0.1991
-0.4700 1.1312 0.1966
-0.4653 -0.9638 0.1255
-0.4616 -1.0492 0.1554
-0.4613 -0.8589 0.1366
-0.4575 -0.8776 0.1348
-0.4560 1.0557 0.2520
-0.4315 -0.7551 0.2048
-0.4175 0.9525 0.3813
-0.4001 0.2010 0.3502
-0.3575 -1.0955 0.1909
-0.3529 -0.7947 0.2535
-0.3183 -1.0901 0.1960
-0.3171 -1.0686 0.1879
-0.2945 0.3292 0.2393
-0.2948 -0.9652 0.2243
-0.2826 -0.9009 0.2635
-0.2897 -1.0901 0.2176
-0.2619 -1.0101 0.2401
-0.2532 -0.2562 0.3915
-0.2418 -0.2531 0.3816
-0.2410 0.3156 0.1835
-0.2151 0.1403 0.1978
-0.2113 0.2715 0.1438
-0.2097 -0.4592 0.3526
-0.2062 -0.7485 0.3363
-0.1970 0.1437 0.1862
-0.1962 0.4965 0.2929
-0.1907 0.2998 0.1488
-0.1839 -0.0372 0.3714
-0.1798 0.2623 0.1397
-0.1759 0.1910 0.1492
-0.1752 0.4825 0.2706
-0.1680 0.3502 0.1704
-0.1622 0.1291 0.2003
-0.1606 0.2182 0.1423
-0.1369 -0.5623 0.3110
-0.1354 -0.4849 0.3110
-0.1088 -0.7914 0.3077
-0.0978 0.3994 0.2203
-0.0826 0.2597 0.2112
-0.0812 0.4088 0.2414
-0.0551 -0.2396 0.2840
-0.0384 -0.3553 0.2458
-0.0286 -0.2364 0.2680
-0.0264 -0.7494 0.2522
-0.0212 -0.4386 0.2642
-0.0100 -0.6325 0.2684
0.0006 -1.0625 0.2066
0.0167 0.1414 0.2170
0.0185 1.3204 0.2461
0.0267 -0.9646 0.1803
0.0324 1.3542 0.2564
0.0369 -0.8202 0.1926
0.0402 0.1558 0.2081
0.0452 1.3360 0.2283
0.0513 1.2760 0.2077
0.0493 -1.1402 0.2079
0.0518 -0.9103 0.1674
0.0561 -0.9863 0.1633
0.0584 -0.9355 0.1617
0.0683 -0.9724 0.1601
0.0710 -0.4156 0.1878
0.0770 -0.6024 0.2000
0.0793 -0.1205 0.2130
0.0854 -1.1399 0.1817
0.0880 -1.0958 0.1579
0.1017 0.1117 0.1720
0.1037 1.3369 0.2107
0.1086 0.1503 0.1851
0.1096 -0.3128 0.1300
0.1229 -0.8317 0.1278
0.1258 -0.3333 0.1103
0.1271 -0.7996 0.1173
0.1308 -0.7815 0.1203
0.1298 0.0612 0.1726
0.1340 -0.3520 0.1056
0.1369 0.0689 0.1690
0.1349 -0.1751 0.1391
0.1389 -0.6405 0.1443
0.1380 -0.3182 0.1073
0.1418 0.1526 0.1913
0.1400 1.1764 0.1495
0.1507 -0.7520 0.1288
0.1523 -0.6147 0.1366
0.1556 -0.3633 0.1027
0.1655 -1.0779 0.1243
0.1623 -1.0971 0.1246
0.1605 -0.3064 0.1097
0.1629 -0.5356 0.1694
0.1645 -0.6437 0.1327
0.1728 -0.0316 0.2071
0.1738 -0.0846 0.1753
0.1756 -0.2360 0.1112
0.1770 0.1292 0.1942
0.1784 -0.1097 0.1508
0.1795 1.2570 0.1510
0.1825 -0.8177 0.0908
0.1833 -0.8600 0.1107
0.1884 -0.7702 0.1031
0.1869 -0.3989 0.1191
0.1876 -0.1948 0.1130
0.1929 -0.2327 0.1128
0.1930 -0.2153 0.1123
0.1904 -0.1707 0.1211
0.1943 -0.9705 0.1398
0.1942 1.1485 0.1028
0.1989 -1.1025 0.1110
0.1957 -0.5560 0.1504
0.1999 -0.5991 0.1332
0.1971 1.1611 0.0927
0.2006 -0.3860 0.1113
0.2082 -1.1272 0.1281
0.2045 -0.9435 0.1295
0.2120 1.1832 0.0852
0.2095 -1.0787 0.1052
0.2096 1.2156 0.1006
0.2150 -0.8143 0.0958
0.2125 1.2364 0.1222
0.2210 -0.8345 0.0997
0.2248 -0.8494 0.1084
0.2282 -0.8972 0.1132
0.2310 1.1535 0.0953
0.2319 -0.6259 0.1412
0.2352 1.1154 0.1295
0.2341 -0.7677 0.0970
0.2351 -0.6942 0.1354
0.2359 -0.3822 0.1293
0.2373 -0.2117 0.1476
0.2384 1.1979 0.1005
0.2464 -0.3322 0.1542
0.2476 -1.0664 0.1084
0.2485 -1.0361 0.1185
0.2507 -0.9373 0.1239
0.2532 -0.7221 0.1231
0.2474 -0.4426 0.1607
0.2518 -0.7551 0.1021
0.2570 -0.9796 0.1217
0.2668 -0.9536 0.1293
0.2675 -1.1130 0.1374
0.2675 -0.4111 0.1669
0.2742 1.1510 0.1280
0.2823 -0.7636 0.1109
0.2844 -0.5425 0.1553
0.2871 -1.0783 0.1368
0.3015 -0.7892 0.1157
0.3073 0.0686 0.3266
0.3143 1.1105 0.1625
0.3273 -0.5434 0.1505
0.3321 -1.0249 0.1648
0.3345 -0.6375 0.1395
0.3363 -0.7831 0.1044
0.3423 -0.5850 0.1302
0.3513 -0.8655 0.1640
0.3578 -0.5789 0.1303
0.3563 1.0482 0.1771
0.3656 -0.6320 0.1288
0.3706 -0.9132 0.1905
0.3675 -0.8121 0.1168
0.3705 1.0408 0.1740
0.3705 -0.7512 0.0945
0.3781 -0.7212 0.1065
0.3839 -0.7757 0.0960
0.3864 -0.5844 0.1346
0.3954 0.9158 0.1824
0.4000 -0.7541 0.1006
0.4024 -0.7401 0.1025
0.4025 -0.4510 0.2276
0.4042 -1.0054 0.2175
0.4062 1.0868 0.1588
0.4226 -0.7339 0.1186
0.4247 1.1536 0.1939
0.4293 1.0495 0.1588
0.4341 -0.6558 0.1407
0.4395 1.1788 0.2248
0.4427 0.8491 0.1403
0.4483 0.9340 0.1551
0.4613 -0.4893 0.2342
0.4532 0.8687 0.1343
0.4585 -0.6287 0.1648
0.4689 0.7565 0.1896
0.4724 0.8960 0.1430
0.4755 0.8454 0.1317
0.4855 -1.0481 0.1855
0.4879 0.7626 0.1809
0.4902 -0.3501 0.3831
0.5064 -0.9044 0.2114
0.5078 1.0145 0.1850
0.5137 0.9961 0.1855
0.5076 0.5889 0.3549
0.5082 0.7780 0.1706
0.5134 -0.8898 0.2244
0.5128 -0.6386 0.2166
0.5153 1.1172 0.2190
0.5502 0.4649 0.3695
0.5509 0.8278 0.1670
0.5567 -1.0291 0.1369
0.5617 -1.1112 0.1906
0.5680 -0.9810 0.1496
0.5684 0.0029 0.3843
0.5765 0.0568 0.3530
0.5725 -0.1055 0.4446
0.5796 -0.9903 0.1449
0.5824 -1.1202 0.2049
0.5881 -1.0606 0.1502
0.5919 -1.0334 0.1406
0.5902 0.2563 0.3077
0.5922 0.4330 0.3641
0.5987 -0.7234 0.3123
0.6059 0.3801 0.3540
0.6187 0.1913 0.3052
0.6232 0.1712 0.3099
0.6226 0.2660 0.3163
0.6232 0.8683 0.1931
0.6329 0.9952 0.1619
0.6366 0.8948 0.1737
0.6438 0.9949 0.1590
0.6563 1.0312 0.1693
0.6727 -1.0217 0.2295
0.6921 1.0572 0.1703
0.7253 1.0429 0.1565
0.7272 0.8835 0.1161
0.7307 0.9147 0.1152
0.7471 0.8434 0.1311
0.7494 0.9427 0.1121
0.7480 1.1159 0.2424
0.7575 -0.3419 0.5599
0.7648 0.9314 0.0969
0.7718 0.8359 0.1296
0.7913 0.8773 0.0961
0.7908 0.9388 0.1011
0.7950 -0.0685 0.5094
0.7954 0.9941 0.1520
0.8162 0.8721 0.1030
0.8275 0.8967 0.1036
0.8308 0.9396 0.1187
0.8669 0.7747 0.1678
0.8712 0.8674 0.1111
0.8787 0.8421 0.1179
0.9075 0.6480 0.1761
0.9090 0.6329 0.1867
0.9097 0.9017 0.1369
0.9188 0.6996 0.1557
0.9201 1.0894 0.2969
0.9265 -1.1158 0.5195
0.9216 0.8434 0.1293
0.9321 0.7964 0.1368
0.9347 0.9086 0.1528
0.9452 1.0213 0.2400
0.9525 -0.9286 0.5181
0.9654 -0.9927 0.5190
0.9662 0.5738 0.2276
0.9754 0.6798 0.1561
0.9829 0.6023 0.1980
0.9859 0.7863 0.1461
1.0013 0.7653 0.1565
1.0076 0.7434 0.1673
1.0300 0.8954 0.1721
1.0314 -0.7312 0.6608
1.0463 0.8494 0.1690
1.0530 -0.4939 0.6960
1.0685 0.3266 0.4183
1.0676 0.9064 0.2034
1.0832 -0.3062 0.6956
1.0898 0.9227 0.2376
1.0968 -0.1808 0.6565
1.1093 0.2049 0.5053
1.1179 0.2272 0.4905
1.1297 0.6013 0.3062
1.1325 0.5625 0.3318
1.1359 0.2294 0.4987
