points 
 2 
 1 
Tumour[19065]CD810NNCodensity
-1.4191 -0.4285 0.1442
-1.4236 -0.3451 0.1303
-1.4221 -0.2623 0.1765
-1.4216 0.0135 0.2266
-1.3973 0.1658 0.1564
-1.3884 0.2601 0.1450
-1.4214 0.3038 0.1649
-1.3958 0.3413 0.1437
-1.4213 0.3979 0.1706
-1.4218 0.6609 0.4052
-1.4137 -0.4614 0.1741
-1.4074 0.0348 0.1954
-1.3914 0.0576 0.1711
-1.3966 0.1036 0.1492
-1.3930 -0.2900 0.1302
-1.3900 0.4276 0.1461
-1.3930 -0.3975 0.1065
-1.3864 0.4796 0.1701
-1.3901 -0.3908 0.1041
-1.3802 -0.3605 0.1017
-1.3639 -0.9329 0.8106
-1.3542 0.1931 0.1412
-1.3691 0.3824 0.1368
-1.3587 0.0945 0.1490
-1.3485 -0.4007 0.1093
-1.3339 0.1172 0.1544
-1.3442 -0.2861 0.1181
-1.3392 -0.3108 0.1115
-1.3374 0.3129 0.1327
-1.3221 0.1671 0.1528
-1.3324 0.5119 0.1718
-1.3182 -0.3414 0.1135
-1.3236 0.2534 0.1396
-1.3140 -0.2481 0.1344
-1.3067 -0.3925 0.1282
-1.2823 -0.2822 0.1202
-1.3061 -0.4418 0.1636
-1.3040 0.2957 0.1440
-1.2949 -0.1930 0.1670
-1.2936 0.2732 0.1540
-1.2922 0.4403 0.1048
-1.2885 0.4433 0.1052
-1.2834 0.4366 0.1062
-1.2826 0.4396 0.1063
-1.2758 -0.0879 0.2009
-1.2697 0.3849 0.1284
-1.2558 -0.3186 0.1150
-1.2494 -0.1686 0.1540
-1.2333 -0.3501 0.1291
-1.2243 -0.2919 0.1352
-1.2303 0.4925 0.1685
-1.2208 0.3941 0.1439
-1.2136 -0.1515 0.1348
-1.1961 -0.3104 0.1275
-1.1938 0.3552 0.1769
-1.1849 -0.4774 0.2322
-1.1820 -0.3479 0.1253
-1.1754 -0.1919 0.1262
-1.1707 -0.0940 0.1114
-1.1698 -0.0729 0.1114
-1.1645 -0.0376 0.1278
-1.1673 -0.9644 0.7406
-1.1525 -0.1774 0.1153
-1.1544 0.3508 0.2072
-1.1416 -0.3824 0.1319
-1.1456 0.5100 0.2565
-1.1419 -0.0968 0.0989
-1.1347 -0.2019 0.1116
-1.1262 -0.3518 0.1162
-1.1171 -0.0779 0.0886
-1.1165 -0.0393 0.0984
-1.1076 -0.3235 0.1141
-1.1062 -0.2151 0.1084
-1.1052 -0.2389 0.1106
-1.0922 -0.3443 0.1110
-1.0884 -0.2006 0.1070
-1.0895 -0.0676 0.0935
-1.0858 -0.0406 0.0985
-1.0835 -0.1053 0.1111
-1.0740 0.0410 0.1634
-1.0684 -0.3443 0.1128
-1.0652 0.2026 0.2286
-1.0520 -0.3181 0.1289
-1.0596 0.3351 0.1953
-1.0596 -0.2111 0.1184
-1.0564 -0.2426 0.1227
-1.0531 -0.0055 0.1218
-1.0535 0.2723 0.1954
-1.0544 -0.4229 0.1230
-1.0453 -0.0869 0.1196
-1.0447 0.1485 0.2301
-1.0504 -0.4307 0.1227
-1.0395 0.0112 0.1439
-1.0214 -0.1372 0.1531
-1.0233 -0.5005 0.1533
-1.0078 -0.3816 0.1186
-1.0047 0.2504 0.2039
-1.0063 0.3242 0.1920
-1.0061 -0.4559 0.1073
-0.9920 -0.0350 0.1641
-0.9820 -0.3851 0.1229
-0.9853 -0.2159 0.1703
-0.9769 -0.4760 0.1156
-0.9701 -0.4411 0.1042
-0.9626 0.4035 0.2187
-0.9378 -0.5057 0.1397
-0.9348 -0.3889 0.1434
-0.9388 -0.1998 0.2155
-0.9285 0.3425 0.2025
-0.9248 -0.6112 0.2003
-0.9256 -0.4485 0.1211
-0.9201 0.1056 0.2497
-0.9073 0.4042 0.2092
-0.8947 0.0365 0.2508
-0.8774 -0.5516 0.1518
-0.8876 -0.6702 0.2330
-0.8879 -0.4438 0.1327
-0.8638 -0.2419 0.2577
-0.8404 -0.6038 0.1622
-0.8358 -0.4557 0.1535
-0.8295 0.4008 0.2157
-0.8255 -0.4180 0.1727
-0.8293 0.4668 0.2516
-0.8250 -0.5074 0.1521
-0.8167 -0.5869 0.1602
-0.8116 -0.3606 0.2098
-0.7972 0.0860 0.2278
-0.7939 0.4655 0.2602
-0.7817 0.3150 0.2318
-0.7762 -0.6515 0.1860
-0.7672 -0.5507 0.1827
-0.7576 -0.1706 0.1890
-0.7516 0.1549 0.2149
-0.7412 -0.8255 0.2463
-0.7329 0.0598 0.2051
-0.7257 0.0801 0.1987
-0.7217 -0.1288 0.1765
-0.7141 -0.7593 0.1902
-0.7132 -0.0560 0.1933
-0.7000 -0.4611 0.2123
-0.7124 -0.1076 0.1776
-0.7130 0.3118 0.2348
-0.7056 0.2158 0.2028
-0.6854 -0.7692 0.1890
-0.6932 -0.6642 0.1883
-0.6859 -0.2540 0.1696
-0.6926 -0.1547 0.1617
-0.6867 -0.7259 0.1831
-0.6857 -0.3725 0.2006
-0.6734 0.4632 0.3140
-0.6674 -0.2330 0.1608
-0.6724 0.2296 0.2009
-0.6483 -0.6717 0.1967
-0.6351 -0.8773 0.2589
-0.6419 -0.1832 0.1709
-0.6328 -0.2772 0.1792
-0.6314 -0.8564 0.2418
-0.6188 -0.4437 0.2034
-0.6275 0.0147 0.1970
-0.6162 -0.5565 0.2129
-0.5934 -0.3094 0.1871
-0.5921 0.1435 0.1763
-0.5873 0.3069 0.2384
-0.5821 -0.3377 0.1985
-0.5829 -0.0148 0.1935
-0.5761 0.0747 0.1856
-0.5651 -0.5363 0.2182
-0.5631 0.1889 0.1631
-0.5501 -0.0613 0.1792
-0.5463 -0.4361 0.2104
-0.5373 -0.0962 0.1713
-0.5305 -0.6620 0.2361
-0.5249 0.1588 0.1594
-0.5199 0.1867 0.1560
-0.5112 0.5749 0.3309
-0.5082 0.2172 0.1621
-0.4951 -0.5250 0.2365
-0.4903 -0.6841 0.2466
-0.4884 -0.1782 0.1412
-0.4808 -0.2260 0.1655
-0.4752 -0.0786 0.1308
-0.4722 -0.9172 0.2389
-0.4671 0.0940 0.1688
-0.4655 0.6895 0.3696
-0.4483 -0.8308 0.1693
-0.4529 -0.1937 0.1295
-0.4519 -0.0808 0.1192
-0.4537 0.5910 0.2877
-0.4480 0.0282 0.1469
-0.4388 -0.2362 0.1584
-0.4406 0.3702 0.2340
-0.4367 -0.1685 0.1210
-0.4309 -0.8469 0.1596
-0.4201 -0.7442 0.1937
-0.4251 0.2079 0.1418
-0.4229 -0.1411 0.1226
-0.4233 0.0008 0.1158
-0.4151 -0.4298 0.2487
-0.4010 -0.0695 0.0927
-0.4111 0.2706 0.1493
-0.4088 0.3105 0.1729
-0.4016 -0.8286 0.1397
-0.4038 -0.0369 0.0965
-0.3920 0.2643 0.1481
-0.3902 -0.1009 0.1053
-0.3808 -0.4463 0.2480
-0.3764 0.0376 0.1014
-0.3835 0.1427 0.1442
-0.3798 -0.8319 0.1341
-0.3761 -0.0546 0.0881
-0.3741 0.0663 0.1072
-0.3760 -0.2457 0.1669
-0.3673 0.2085 0.1517
-0.3601 -0.8133 0.1390
-0.3543 0.1156 0.1358
-0.3557 -0.0207 0.0905
-0.3526 -0.0406 0.0888
-0.3565 0.2344 0.1552
-0.3402 -0.0866 0.0994
-0.3408 0.0573 0.1042
-0.3419 0.5606 0.2173
-0.3389 -0.3969 0.2431
-0.3333 0.6207 0.2372
-0.3353 0.0070 0.0964
-0.3247 -0.8219 0.1432
-0.3279 -0.1898 0.1284
-0.3150 -0.1080 0.1126
-0.3272 0.0749 0.1201
-0.3225 -0.1617 0.1181
-0.3060 -0.8583 0.1459
-0.3050 0.0322 0.1186
-0.3009 -0.0393 0.1146
-0.2990 0.3658 0.1815
-0.2942 0.4634 0.1823
-0.2935 0.4043 0.1848
-0.2795 -0.5326 0.1869
-0.2891 -0.1896 0.1159
-0.2874 -0.1681 0.1099
-0.2777 -0.0672 0.1283
-0.2819 0.5200 0.1826
-0.2754 -0.6292 0.1800
-0.2499 -0.1542 0.1092
-0.2579 -0.8208 0.1504
-0.2512 -0.3388 0.2162
-0.2510 -0.9440 0.2042
-0.2531 -0.5972 0.1483
-0.2461 -0.9091 0.1662
-0.2473 0.2699 0.1776
-0.2476 0.3522 0.1664
-0.2383 -0.5559 0.1521
-0.2367 -0.2186 0.1216
-0.2288 0.5796 0.2106
-0.2213 -0.8537 0.1515
-0.2164 0.5322 0.1902
-0.2178 -0.5911 0.1272
-0.2177 -0.0969 0.1462
-0.2129 -0.2335 0.1335
-0.2066 -0.1238 0.1347
-0.1982 -0.1570 0.1278
-0.1946 0.6816 0.2972
-0.1987 -0.2750 0.1632
-0.1872 -0.9219 0.2139
-0.1930 -0.5843 0.1256
-0.1969 0.3192 0.1680
-0.1840 -0.7820 0.1793
-0.1812 -0.4249 0.2036
-0.1794 0.2153 0.2016
-0.1786 0.2506 0.1828
-0.1770 -0.8218 0.1752
-0.1743 -0.7059 0.1533
-0.1762 0.4311 0.1775
-0.1736 -0.2013 0.1337
-0.1678 -0.4481 0.1912
-0.1661 0.4733 0.1917
-0.1632 0.3514 0.1811
-0.1507 -0.6184 0.1134
-0.1330 -0.6659 0.1226
-0.1355 0.1911 0.2045
-0.1318 -0.4458 0.1960
-0.1276 -0.6250 0.1130
-0.1233 -0.6301 0.1139
-0.1125 -0.7178 0.1612
-0.1092 -0.2252 0.1777
-0.1053 -0.6562 0.1269
-0.1021 -0.2475 0.1797
-0.0972 -0.5482 0.1623
-0.0801 -0.3296 0.2010
-0.0848 0.4419 0.2192
-0.0750 -0.0478 0.2796
-0.0704 -0.5148 0.1781
-0.0562 0.2494 0.1588
-0.0481 0.7156 0.2626
-0.0301 0.2135 0.1385
-0.0248 0.5307 0.2460
0.0049 0.1884 0.1183
-0.0160 0.3253 0.1973
-0.0096 -0.4726 0.1848
-0.0031 -0.3364 0.1948
-0.0052 -0.2951 0.2151
-0.0014 -0.6642 0.1704
-0.0062 0.7223 0.2324
-0.0011 0.3074 0.1867
0.0109 -0.5941 0.1535
0.0143 -0.8771 0.3495
0.0149 0.2278 0.1268
0.0232 0.6645 0.1809
0.0250 0.1951 0.1155
0.0266 0.0738 0.1062
0.0246 0.5007 0.2415
0.0346 -0.5100 0.1648
0.0346 0.1490 0.1011
0.0547 -0.7078 0.1637
0.0483 -0.4070 0.1714
0.0456 0.0676 0.0898
0.0505 0.5999 0.1803
0.0546 0.1143 0.0909
0.0513 0.1439 0.0983
0.0585 0.0319 0.1005
0.0530 0.0630 0.0862
0.0703 -0.6292 0.1057
0.0657 -0.5703 0.1296
0.0813 -0.3351 0.1984
0.0730 -0.6017 0.1126
0.0758 0.4033 0.2625
0.0836 0.1725 0.1235
0.0858 0.0995 0.0894
0.1011 0.0695 0.0820
0.1047 -0.6300 0.0987
0.1231 -0.6736 0.1068
0.1081 -0.4394 0.1564
0.1140 -0.7085 0.1384
0.1148 -0.4017 0.1634
0.1117 0.0143 0.0959
0.1117 0.0199 0.0931
0.1159 0.6665 0.1096
0.1220 0.0571 0.0889
0.1270 -0.6343 0.0998
0.1285 -0.5941 0.1161
0.1301 -0.0217 0.1222
0.1316 0.0895 0.0962
0.1351 0.6382 0.1033
0.1517 -0.5229 0.1571
0.1403 0.6553 0.0976
0.1502 0.1394 0.1326
0.1414 0.6982 0.1154
0.1726 -0.6428 0.1122
0.1602 0.0967 0.1071
0.1557 -0.4875 0.1622
0.1494 0.6967 0.1143
0.1794 0.5549 0.1355
0.1591 0.6211 0.1092
0.1703 -0.0079 0.1075
0.1741 -0.3863 0.1793
0.1869 -0.6673 0.1151
0.1818 0.6347 0.1069
0.1835 0.0163 0.1001
0.1873 0.7219 0.1470
0.1913 0.0431 0.1065
0.2096 -0.5222 0.1837
0.2023 -0.6969 0.1330
0.2022 0.0876 0.1311
0.2164 -0.0360 0.1073
0.2138 0.4391 0.1978
0.2247 0.0041 0.1050
0.2140 0.6706 0.1305
0.2173 0.8372 0.2805
0.2192 -0.3873 0.1885
0.2199 0.5315 0.1217
0.2311 -0.8848 0.3061
0.2328 0.5629 0.1121
0.2364 -0.6404 0.1239
0.2482 0.4821 0.1406
0.2423 -0.0783 0.1154
0.2533 0.5242 0.1140
0.2651 -0.3266 0.2126
0.2594 -0.6610 0.1119
0.2643 -0.0515 0.0861
0.2606 0.5705 0.1135
0.2731 -0.9724 0.3639
0.2664 0.6006 0.1295
0.2800 -0.1427 0.1430
0.2847 -0.6877 0.1190
0.2761 -0.0259 0.0792
0.2794 -0.0226 0.0801
0.2881 -0.6159 0.1241
0.2960 -0.0824 0.0944
0.2975 -0.6715 0.1112
0.3265 -0.0354 0.0895
0.3044 0.0070 0.1019
0.3121 -0.0669 0.0891
0.3053 0.0714 0.1469
0.3248 0.4983 0.1325
0.3178 -0.1524 0.1331
0.3185 -0.5619 0.1501
0.3246 -0.4877 0.1723
0.3206 0.5694 0.1292
0.3305 -0.7861 0.1700
0.3243 -0.0098 0.0985
0.3308 -0.1957 0.1480
0.3376 -0.5981 0.1269
0.3321 -0.4309 0.1599
0.3348 -0.3829 0.1565
0.3437 -0.6800 0.1178
0.3430 0.1197 0.1454
0.3420 0.2042 0.1890
0.3384 0.8145 0.2274
0.3467 0.4442 0.1559
0.3453 -0.7016 0.1202
0.3503 -0.0870 0.1109
0.3487 0.5748 0.1331
0.3854 0.5246 0.1196
0.3640 -0.3700 0.1493
0.3570 -0.2218 0.1388
0.3588 0.1819 0.1602
0.3694 0.4696 0.1362
0.3665 0.6697 0.1861
0.3893 -0.7233 0.1437
0.3647 0.0534 0.1310
0.3749 -0.7932 0.1582
0.3819 -0.6375 0.1290
0.3781 0.7471 0.1878
0.3841 -0.7694 0.1491
0.3846 -0.5704 0.1463
0.3835 -0.0692 0.1179
0.3906 0.1090 0.1297
0.3824 0.4054 0.1579
0.3884 0.8096 0.1939
0.4076 -0.2385 0.1181
0.4131 -0.0510 0.1311
0.4275 0.4723 0.1315
0.3969 0.0135 0.1384
0.4038 -0.3934 0.1511
0.4042 -0.1210 0.1217
0.4027 0.7475 0.1706
0.4099 -0.1886 0.1226
0.4103 -0.4587 0.1712
0.4145 0.5820 0.1291
0.4168 -0.5867 0.1569
0.4225 0.5595 0.1205
0.4295 -0.8776 0.1861
0.4226 -0.2895 0.1261
0.4302 0.0674 0.1361
0.4263 -0.4135 0.1695
0.4282 -0.2692 0.1157
0.4368 0.1489 0.1207
0.4364 -0.1666 0.1262
0.4484 0.1285 0.1193
0.4567 0.5316 0.1203
0.4540 -0.8469 0.1574
0.4471 0.2142 0.1307
0.4540 -0.2541 0.1085
0.4602 -0.0966 0.1251
0.4595 0.3348 0.1319
0.4839 0.5742 0.1266
0.4853 -0.8860 0.1721
0.4575 -0.6033 0.1731
0.4618 0.2957 0.1368
0.4659 -0.1327 0.1206
0.4643 -0.3005 0.1317
0.4827 0.3684 0.1110
0.4677 0.4016 0.1187
0.4768 0.2038 0.1209
0.4715 0.6261 0.1554
0.4715 0.7906 0.1528
0.4961 -0.8186 0.1552
0.4842 0.2346 0.1242
0.4827 0.4267 0.1167
0.5002 0.5170 0.1219
0.4990 -0.0184 0.1520
0.5020 1.0785 0.2221
0.4971 -0.7361 0.1941
0.4976 0.1451 0.1118
0.5063 -0.2461 0.1214
0.5003 -0.1255 0.1109
0.5036 0.0967 0.1198
0.5010 0.3852 0.1089
0.5113 0.2983 0.1253
0.5189 0.0556 0.1230
0.5109 0.7446 0.1364
0.5190 -0.2867 0.1434
0.5177 0.9338 0.1393
0.5156 -0.6222 0.2094
0.5129 0.8724 0.1361
0.5380 -0.8489 0.1420
0.5275 0.1189 0.1191
0.5341 0.4394 0.1215
0.5340 0.5784 0.1378
0.5386 0.4835 0.1238
0.5326 -0.6566 0.2108
0.5297 0.1954 0.1186
0.5527 0.4028 0.1289
0.5320 0.7715 0.1250
0.5329 0.9131 0.1198
0.5532 0.5330 0.1309
0.5395 -0.2476 0.1334
0.5391 -0.2060 0.1155
0.5519 0.3040 0.1293
0.5479 0.8138 0.1275
0.5425 -0.1375 0.1000
0.5427 0.6906 0.1321
0.5435 0.7137 0.1231
0.5514 0.0317 0.1131
0.5559 -0.1186 0.1078
0.5611 -0.0187 0.1249
0.5782 -0.8515 0.1433
0.5749 0.3503 0.1345
0.5590 0.9055 0.1074
0.5629 0.9630 0.1230
0.5842 0.6422 0.1595
0.5693 1.0814 0.1598
0.5697 -0.1705 0.1020
0.5658 -0.1534 0.0967
0.5633 -0.1444 0.0963
0.5753 0.0477 0.1105
0.5748 0.1620 0.1127
0.5827 0.2101 0.1141
0.5735 0.2461 0.1205
0.5777 0.8539 0.1246
0.5928 0.6888 0.1391
0.5856 1.1010 0.1623
0.6060 0.4841 0.1659
0.5978 -0.0291 0.1226
0.5994 0.0195 0.1103
0.6026 0.7273 0.1223
0.6322 0.3331 0.1559
0.5990 0.5218 0.1609
0.6018 0.9222 0.1070
0.6062 0.9440 0.1075
0.6060 1.0209 0.1299
0.6137 1.0845 0.1464
0.6224 0.8097 0.1225
0.6069 -0.8745 0.1477
0.6121 0.1350 0.1072
0.6125 0.3010 0.1319
0.6154 -0.8711 0.1452
0.6201 0.7688 0.1223
0.6221 1.2663 0.2258
0.6236 -0.4069 0.2386
0.6299 -0.0692 0.1149
0.6331 0.0865 0.1197
0.6262 0.1894 0.0943
0.6290 -0.8568 0.1436
0.6386 0.0550 0.1236
0.6315 0.1405 0.1017
0.6287 1.2703 0.2240
0.6390 0.2363 0.1077
0.6344 0.7864 0.1260
0.6371 -0.6876 0.2253
0.6388 -0.1603 0.1305
0.6446 -0.1202 0.1081
0.6407 0.9262 0.1205
0.6427 -0.2767 0.2158
0.6517 0.9945 0.1199
0.6642 1.0842 0.1527
0.6582 0.1425 0.1038
0.6541 0.0128 0.1324
0.6557 0.2083 0.0976
0.6673 1.1711 0.1714
0.6637 0.8206 0.1478
0.6675 0.8703 0.1445
0.6715 0.9621 0.1271
0.6688 -0.8774 0.1488
0.6659 -0.0877 0.1050
0.6699 -0.0810 0.1059
0.6820 0.1832 0.0914
0.6934 0.2770 0.1153
0.6856 -0.6868 0.2244
0.6878 -0.7603 0.1838
0.6986 -0.4600 0.1927
0.6836 -0.3917 0.1990
0.6966 0.2271 0.0894
0.6929 1.0108 0.1477
0.7000 -0.0857 0.1197
0.6984 -0.1095 0.1279
0.7255 0.1845 0.0924
0.7128 0.2552 0.0969
0.7109 1.1887 0.1724
0.7203 0.1575 0.0999
0.7228 -0.7903 0.1749
0.7390 0.4852 0.2478
0.7161 1.2548 0.1751
0.7261 -0.0248 0.1562
0.7289 0.9935 0.1816
0.7382 0.0877 0.1453
0.7377 0.2059 0.0895
0.7397 -0.9374 0.1783
0.7405 0.2570 0.0953
0.7390 1.3186 0.2129
0.7522 -0.8534 0.1574
0.7556 -0.9329 0.1740
0.7591 0.1142 0.1141
0.7617 -0.4229 0.1472
0.7627 -0.3893 0.1588
0.7658 1.1730 0.1988
0.7686 0.1903 0.0980
0.7698 0.4646 0.2362
0.7710 -0.4947 0.1679
0.7753 0.2689 0.1014
0.7722 0.2971 0.1131
0.7798 -0.4587 0.1481
0.7922 0.1859 0.1065
0.7886 0.1394 0.0993
0.7934 0.8661 0.2674
0.8009 0.2858 0.1118
0.7918 -0.6564 0.2272
0.8092 0.0959 0.1302
0.8030 -0.9702 0.2138
0.8022 -0.1072 0.1869
0.8042 -0.5955 0.2207
0.8060 1.2137 0.1924
0.8094 -0.0393 0.1809
0.8152 0.3267 0.1544
0.8138 0.6060 0.2645
0.8252 1.2731 0.1939
0.8212 -0.8281 0.1826
0.8231 -0.8725 0.1729
0.8179 -0.1995 0.2120
0.8339 0.2754 0.1302
0.8223 -0.7648 0.2013
0.8288 0.6887 0.3026
0.8288 0.1682 0.1294
0.8510 -0.3242 0.1155
0.8419 0.1307 0.1370
0.8391 1.3452 0.2339
0.8449 -0.3794 0.1239
0.8617 -0.4793 0.1451
0.8592 -0.4417 0.1321
0.8627 0.0386 0.1662
0.8686 0.2964 0.1721
0.8755 -0.2879 0.1104
0.8858 -0.2520 0.1347
0.8708 0.5085 0.2221
0.8745 -0.9640 0.2159
0.8786 -0.0947 0.2161
0.8789 -0.0009 0.1801
0.8881 -0.3187 0.0924
0.8900 0.4698 0.2214
0.8897 -0.6341 0.2314
0.8887 -0.3514 0.0960
0.8900 -0.3439 0.0926
0.9095 -0.3888 0.1162
0.9074 0.0599 0.1905
0.9033 1.2209 0.2090
0.9101 -0.4918 0.1646
0.9249 -0.4468 0.1367
0.9269 0.4225 0.2199
0.9285 -0.8027 0.2149
0.9338 -0.2749 0.1219
0.9323 0.6195 0.2148
0.9428 -0.3176 0.1119
0.9429 -0.5118 0.1836
0.9455 -0.9732 0.2542
0.9496 0.9154 0.3331
0.9585 -0.2527 0.1630
0.9542 1.2297 0.2078
0.9678 -0.0121 0.2648
0.9725 -0.8097 0.2239
0.9699 -0.3623 0.1442
0.9673 1.3568 0.1688
0.9803 0.9720 0.3465
0.9755 -0.6343 0.2445
0.9848 1.3197 0.1692
0.9953 0.2883 0.1577
0.9928 -0.8511 0.2353
0.9958 0.5882 0.2116
1.0048 1.1499 0.2942
0.9986 1.4083 0.1639
1.0032 -0.9038 0.2599
1.0044 0.3784 0.1864
1.0017 1.4406 0.1910
1.0130 0.6238 0.2257
1.0166 -0.4144 0.2101
1.0253 0.2430 0.1634
1.0306 1.2601 0.2082
1.0397 0.6924 0.2640
1.0358 0.6473 0.2471
1.0376 0.1811 0.2208
1.0509 0.3004 0.1539
1.0547 -0.5914 0.2904
1.0515 0.3343 0.1633
1.0474 1.4031 0.1666
1.0624 0.2080 0.2028
1.0512 0.8416 0.3195
1.0567 0.2532 0.1669
1.0604 0.8776 0.3473
1.0639 0.5011 0.2571
1.0647 1.4144 0.1850
1.0678 -0.6832 0.3094
1.0689 1.3456 0.1837
1.0696 1.4536 0.2265
1.0711 0.3591 0.1885
