points 
 2 
 1 
Tumour[19065]CD6810NNCodensity
-1.2611 -0.5996 0.4240
-1.2585 -0.5110 0.4712
-1.2760 0.1574 0.2671
-1.2787 0.5378 0.3036
-1.2755 0.6004 0.3469
-1.2700 0.2462 0.1879
-1.2686 0.2273 0.1946
-1.2725 0.2824 0.1900
-1.2482 -0.1446 0.5228
-1.2421 -0.8141 0.3885
-1.2448 0.3436 0.2020
-1.2458 -0.6202 0.3994
-1.2404 0.8889 0.4915
-1.2339 0.4342 0.2415
-1.1982 -1.2318 0.4213
-1.1872 -1.0918 0.3502
-1.1961 0.2874 0.1565
-1.1810 -0.1417 0.4785
-1.1545 1.1562 0.3943
-1.1732 0.4758 0.2245
-1.1696 -1.2274 0.3900
-1.1552 0.2020 0.1825
-1.1593 1.1215 0.3881
-1.1490 0.6596 0.3233
-1.1476 -0.6819 0.3242
-1.1354 -1.2118 0.3603
-1.1412 -1.1044 0.3285
-1.1300 0.2725 0.1359
-1.1112 0.2522 0.1355
-1.1021 0.3176 0.1285
-1.0690 1.1707 0.3193
-1.0897 0.5039 0.2161
-1.0782 0.2870 0.1172
-1.0691 0.3424 0.1319
-1.0702 0.4660 0.1913
-1.0654 -0.7888 0.2897
-1.0684 -0.0559 0.4276
-1.0621 0.5295 0.2277
-1.0556 0.2409 0.1439
-1.0489 0.3130 0.1236
-1.0340 -0.7547 0.2907
-1.0392 -0.9399 0.3168
-1.0279 0.3665 0.1498
-1.0237 0.7944 0.2768
-1.0008 -0.9743 0.3375
-0.9874 -0.7304 0.3014
-0.9896 0.3005 0.1667
-0.9823 0.3968 0.1866
-0.9876 0.1892 0.2446
-0.9695 -0.8961 0.3338
-0.9529 0.4382 0.2040
-0.9511 1.0824 0.2024
-0.9464 0.7750 0.2019
-0.9300 -0.3007 0.3583
-0.8934 1.1897 0.2636
-0.9230 -0.3832 0.3902
-0.9249 0.8744 0.1535
-0.9178 0.5708 0.1932
-0.9223 1.0979 0.1862
-0.9149 -0.2553 0.3452
-0.9011 0.8916 0.1406
-0.8980 -1.2047 0.3825
-0.8898 0.8563 0.1336
-0.8958 0.9538 0.1548
-0.8887 -0.2362 0.3469
-0.8910 0.6329 0.1689
-0.8793 0.5211 0.1816
-0.8799 0.6485 0.1590
-0.8629 0.9094 0.1366
-0.8676 1.0270 0.1518
-0.8679 1.1245 0.1920
-0.8600 0.6791 0.1551
-0.8534 0.8501 0.1329
-0.8556 1.0647 0.1543
-0.8465 -0.3215 0.3628
-0.8438 0.4687 0.1965
-0.8399 0.7787 0.1533
-0.8316 0.9731 0.1655
-0.8303 1.0473 0.1626
-0.8234 0.6474 0.1503
-0.8126 -0.7005 0.3028
-0.8121 -1.2239 0.3482
-0.7976 0.7313 0.1404
-0.8004 -0.6602 0.2925
-0.7984 0.8544 0.1523
-0.7971 -1.2547 0.3414
-0.7882 0.6935 0.1445
-0.7926 0.5518 0.1712
-0.7913 -0.2389 0.3577
-0.7728 -0.6885 0.2722
-0.7795 0.4942 0.1906
-0.7788 0.0706 0.5192
-0.7790 0.8161 0.1466
-0.7624 0.4588 0.2259
-0.7481 -1.2620 0.3055
-0.7432 0.8013 0.1542
-0.7325 0.5146 0.2051
-0.7283 0.7194 0.1484
-0.7157 0.6591 0.1635
-0.7315 1.0643 0.2658
-0.7082 0.7739 0.1591
-0.6791 0.6048 0.1887
-0.6693 -0.9712 0.3310
-0.6525 0.7356 0.1622
-0.6351 -0.6939 0.1817
-0.6340 -0.6585 0.1772
-0.6146 0.6779 0.1526
-0.6040 0.6411 0.1619
-0.6024 0.7140 0.1646
-0.6081 -0.5708 0.1733
-0.5913 -1.2187 0.1825
-0.5886 1.0912 0.4065
-0.5848 -0.5949 0.1528
-0.5692 0.6616 0.1601
-0.5790 -0.6940 0.1499
-0.5753 -0.6644 0.1448
-0.5641 -0.5180 0.1574
-0.5770 0.4118 0.3247
-0.5672 -1.1997 0.1567
-0.5603 -1.1261 0.1640
-0.5250 -0.4729 0.1486
-0.5495 -0.7974 0.1944
-0.5459 -0.0937 0.3036
-0.5370 -1.2056 0.1448
-0.5343 -1.1478 0.1470
-0.5345 -0.9618 0.2297
-0.5309 0.5565 0.2256
-0.5329 -1.1090 0.1647
-0.5310 -1.0885 0.1795
-0.5186 -0.2260 0.2208
-0.5184 -0.7719 0.1883
-0.5212 -0.5991 0.1572
-0.5162 -0.3299 0.2124
-0.5067 0.1568 0.3271
-0.5164 -0.4373 0.1622
-0.5116 0.9543 0.4002
-0.5028 -0.9383 0.2270
-0.5100 -1.2572 0.1850
-0.5078 -0.7356 0.1810
-0.5088 -0.4064 0.1816
-0.5093 0.4266 0.2973
-0.4958 0.6716 0.1768
-0.4936 -0.8291 0.2115
-0.4817 -0.6193 0.1831
-0.4935 -0.4922 0.1420
-0.4803 -0.4698 0.1503
-0.4721 -0.9071 0.2299
-0.4716 -0.2550 0.1864
-0.4686 -1.2034 0.1646
-0.4663 0.6895 0.1967
-0.4433 0.6100 0.2069
-0.4441 -0.5493 0.1731
-0.4419 1.0712 0.4544
-0.4241 -0.2094 0.1561
-0.4094 -0.2191 0.1462
-0.4208 -0.0835 0.2151
-0.4203 -1.2591 0.1863
-0.4104 0.7089 0.2378
-0.4068 0.1400 0.2494
-0.4034 -0.2443 0.1465
-0.3986 0.0271 0.2525
-0.3887 0.2315 0.1927
-0.3808 -0.4649 0.2120
-0.3736 -0.2336 0.1386
-0.3803 0.3266 0.1731
-0.3673 0.6105 0.2401
-0.3714 -1.0660 0.2364
-0.3649 -1.2166 0.1443
-0.3700 -0.0148 0.2429
-0.3633 -0.5672 0.2358
-0.3607 0.3403 0.1638
-0.3512 0.1703 0.2263
-0.3369 0.3469 0.1611
-0.3390 0.5493 0.2849
-0.3323 -0.4311 0.2534
-0.3306 -0.0616 0.2255
-0.3306 -1.2882 0.1526
-0.3313 -1.1660 0.1290
-0.3312 -0.9054 0.2744
-0.3196 0.2771 0.1531
-0.3202 0.3709 0.1805
-0.3093 -0.2667 0.1475
-0.3122 -0.1890 0.1486
-0.2870 -1.1799 0.0954
-0.3024 -1.2853 0.1407
-0.2958 -1.2670 0.1214
-0.2955 0.3514 0.1770
-0.2927 -1.2246 0.1013
-0.2879 -0.8303 0.2814
-0.2877 -0.2444 0.1422
-0.2814 -0.1084 0.2042
-0.2805 -1.1340 0.1158
-0.2762 -1.1635 0.0976
-0.2712 0.2790 0.1743
-0.2696 -0.2320 0.1463
-0.2603 -1.1383 0.1084
-0.2553 -1.2334 0.1099
-0.2566 -0.9262 0.2726
-0.2532 -0.2428 0.1545
-0.2603 0.7912 0.2408
-0.2519 0.8933 0.2862
-0.2455 0.7052 0.2129
-0.2427 -0.3496 0.2163
-0.2454 -1.1895 0.1036
-0.2316 -1.0896 0.1385
-0.2424 -0.6290 0.1935
-0.2227 -0.7209 0.2010
-0.2190 -0.6617 0.1706
-0.2116 -1.2228 0.1328
-0.2136 0.7088 0.2112
-0.2077 0.2471 0.2305
-0.2075 0.7368 0.2094
-0.1998 0.7577 0.2173
-0.1869 -1.0242 0.1935
-0.1733 -1.2561 0.1884
-0.1776 -1.0744 0.1631
-0.1823 -0.7305 0.1941
-0.1808 -1.1321 0.1450
-0.1793 -0.6438 0.1580
-0.1619 -0.6036 0.1683
-0.1763 1.0044 0.2471
-0.1728 0.9690 0.2502
-0.1724 -0.1509 0.2074
-0.1613 -0.2651 0.2180
-0.1543 -0.3836 0.2689
-0.1528 -0.1309 0.2202
-0.1435 -1.0864 0.1800
-0.1449 1.1214 0.2548
-0.1337 0.1615 0.3083
-0.1164 0.2304 0.3024
-0.1268 -0.6054 0.1721
-0.1099 -0.4487 0.2667
-0.1267 1.1752 0.2931
-0.1078 -0.6838 0.1687
-0.0987 0.6523 0.2271
-0.0942 -0.5879 0.1940
-0.0596 -1.0074 0.1594
-0.0547 -0.0584 0.2390
-0.0613 -0.1276 0.2415
-0.0555 -1.2501 0.3167
-0.0517 0.7124 0.2083
-0.0412 -0.9102 0.1323
-0.0351 -0.9615 0.1178
-0.0471 0.9492 0.1725
-0.0338 -1.0071 0.1466
-0.0404 1.0839 0.1772
-0.0194 1.0080 0.1431
-0.0084 -0.7394 0.1885
-0.0245 0.6272 0.2280
-0.0149 -0.8670 0.1419
-0.0215 0.8809 0.1764
-0.0097 -0.9190 0.1092
-0.0090 -0.6880 0.1874
-0.0058 -0.4754 0.2795
0.0024 1.0506 0.1387
-0.0005 0.9923 0.1312
0.0057 0.5920 0.2516
0.0067 1.1478 0.2095
0.0103 -0.9565 0.1002
0.0106 -0.1371 0.2460
0.0081 0.1430 0.2572
0.0242 -0.9792 0.1117
0.0132 -0.6855 0.1804
0.0259 0.7981 0.1886
0.0244 -0.0253 0.2045
0.0315 -0.8456 0.1455
0.0415 -0.9354 0.0971
0.0356 0.8341 0.1763
0.0496 0.7453 0.2065
0.0392 0.8811 0.1571
0.0370 1.0232 0.1244
0.0420 0.9101 0.1456
0.0544 0.0165 0.1980
0.0605 0.5392 0.3130
0.0497 0.6890 0.2105
0.0560 -0.4505 0.3256
0.0525 0.1964 0.2547
0.0706 -0.9624 0.1093
0.0674 -0.8722 0.1201
0.0735 -1.1222 0.2938
0.0788 -0.9324 0.0960
0.0861 -0.8891 0.1114
0.0827 0.9989 0.1345
0.0882 1.0359 0.1398
0.0864 -0.5938 0.2217
0.0913 -0.7267 0.1621
0.0962 -0.0516 0.1825
0.0960 0.9534 0.1616
0.1020 1.0622 0.1578
0.0993 1.2020 0.2916
0.1128 -0.7434 0.1720
0.1123 -0.9397 0.1158
0.1170 -0.7752 0.1799
0.1232 -0.9232 0.1224
0.1367 0.0444 0.1642
0.1538 0.1084 0.1585
0.1324 0.2793 0.2701
0.1377 -0.6715 0.1854
0.1375 -0.0382 0.1647
0.1374 1.0826 0.1983
0.1600 -0.6431 0.2035
0.1644 -0.9095 0.1721
0.1726 0.6085 0.3146
0.1865 0.1475 0.1406
0.1886 -0.0520 0.1556
0.1982 0.0804 0.1389
0.2056 -0.0810 0.1578
0.2085 0.9456 0.2364
0.2153 0.1680 0.1359
0.2192 0.0509 0.1568
0.2229 -0.1755 0.2008
0.2280 -0.5835 0.2272
0.2492 -0.0578 0.1488
0.2489 0.1720 0.1325
0.2560 0.1082 0.1363
0.2531 0.3479 0.2428
0.2577 0.8551 0.2371
0.2709 0.1440 0.1330
0.2823 -1.2204 0.3764
0.2708 -0.1089 0.1483
0.2836 -0.1739 0.1790
0.2847 0.1610 0.1441
0.2956 -1.1294 0.3142
0.2939 -0.2007 0.1905
0.2958 -0.8941 0.2530
0.3096 0.2295 0.1710
0.3039 -0.0421 0.1553
0.3053 -0.6917 0.2634
0.3066 -0.4991 0.1999
0.3110 -0.4486 0.1857
0.3153 0.5850 0.2855
0.3155 0.4137 0.2363
0.3150 0.8701 0.1980
0.3322 -0.3110 0.2028
0.3231 0.9861 0.2350
0.3261 -0.6629 0.2570
0.3304 -0.9477 0.2328
0.3368 -0.2726 0.2085
0.3368 -0.3599 0.1800
0.3356 -0.0058 0.1830
0.3299 0.7970 0.2101
0.3367 -0.6062 0.2258
0.3385 -0.4629 0.1682
0.3423 0.2616 0.1696
0.3418 -0.9726 0.2331
0.3774 0.7083 0.2317
0.3485 -0.0369 0.1778
0.3627 -1.2712 0.4090
0.3713 0.6612 0.2414
0.3749 1.1060 0.3367
0.3737 -0.0507 0.1848
0.3780 0.3246 0.1449
0.3853 0.2792 0.1568
0.3845 0.8336 0.1906
0.4012 0.3425 0.1381
0.3921 1.1439 0.3814
0.3988 0.9322 0.2066
0.4065 -1.2787 0.4274
0.4167 -0.1664 0.2059
0.4115 0.9050 0.2028
0.4176 -0.3837 0.1522
0.4148 0.5559 0.2342
0.4209 -0.9105 0.1924
0.4270 -0.9358 0.1963
0.4268 -0.4796 0.1701
0.4293 -0.4166 0.1490
0.4383 0.3073 0.1331
0.4362 -0.4563 0.1605
0.4396 0.3733 0.1385
0.4460 0.8896 0.2172
0.4444 -0.1502 0.2087
0.4537 -0.4032 0.1515
0.4698 0.3179 0.1318
0.4619 0.7062 0.2326
0.4701 -1.0032 0.2388
0.4729 0.4686 0.1905
0.4776 -0.7903 0.2311
0.4883 -1.1001 0.3226
0.4873 -0.8582 0.1948
0.4857 0.4066 0.1536
0.4987 -0.5739 0.2903
0.5008 0.1638 0.2407
0.5102 0.0379 0.2128
0.5149 -0.3467 0.1513
0.5091 -0.2227 0.1750
0.5141 0.2998 0.1482
0.5216 0.3649 0.1423
0.5172 -0.0824 0.1803
0.5227 -0.8154 0.2091
0.5254 -0.3136 0.1470
0.5212 -0.2940 0.1542
0.5302 0.4525 0.1872
0.5321 0.5958 0.1795
0.5468 -0.1058 0.1685
0.5550 0.8642 0.2494
0.5612 -0.7442 0.2594
0.5517 0.6524 0.1767
0.5663 0.1305 0.2355
0.5562 -0.2864 0.1609
0.5698 0.3043 0.1624
0.5687 0.5274 0.1873
0.5784 0.0494 0.1865
0.5754 -0.3896 0.2020
0.5997 0.2761 0.1805
0.5919 0.5622 0.1794
0.5860 -0.8732 0.2165
0.5932 -0.9241 0.2408
0.5964 0.3324 0.1759
0.6014 -0.1430 0.1837
0.6011 -0.0500 0.1537
0.6031 0.7659 0.1941
0.6003 -0.2266 0.1947
0.6099 -0.0031 0.1604
0.6329 0.8099 0.2129
0.6214 0.6055 0.1699
0.6251 1.0596 0.3053
0.6237 0.6416 0.1594
0.6284 -0.3251 0.2250
0.6245 -0.0749 0.1669
0.6377 -0.0352 0.1614
0.6341 0.7578 0.1852
0.6514 -0.7979 0.2648
0.6584 0.6571 0.1739
0.6578 0.2667 0.2095
0.6853 1.0876 0.2371
0.7054 0.0441 0.2261
0.6982 0.6800 0.1883
0.7183 0.2589 0.2257
0.7184 0.8688 0.2073
0.7283 -0.6483 0.3771
0.7160 1.0659 0.2102
0.7431 -0.9624 0.3777
0.7567 -1.2291 0.4773
0.7648 -0.0008 0.2646
0.7799 -1.2721 0.5131
0.7749 0.0956 0.2839
0.7815 0.7479 0.1656
0.7743 0.2543 0.2219
0.7779 0.8922 0.1761
0.7800 1.2030 0.2397
0.7962 1.0635 0.1797
0.7966 -0.8837 0.3728
0.8249 0.2780 0.2012
0.8129 0.6496 0.2315
0.8099 0.8141 0.1229
0.8153 1.1589 0.1969
0.8188 1.1820 0.2155
0.8146 0.7643 0.1393
0.8268 1.0310 0.1809
0.8322 0.7907 0.1179
0.8386 0.9052 0.1537
0.8472 0.8338 0.1147
0.8442 1.0013 0.1726
0.8617 0.7765 0.1179
0.8561 -0.6321 0.4136
0.8661 1.1941 0.2582
0.8727 0.2811 0.1867
0.8887 0.3267 0.1540
0.8737 1.0157 0.1839
0.8784 0.8807 0.1390
0.8764 -1.2781 0.5863
0.8793 -0.7189 0.4085
0.9134 0.7704 0.1327
0.9020 0.8377 0.1234
0.9117 0.3108 0.1606
0.9190 0.4195 0.1493
0.9142 0.4611 0.1882
0.9313 0.9454 0.1732
0.9342 0.3520 0.1388
0.9597 0.4248 0.1543
0.9452 0.7488 0.1512
0.9462 0.8281 0.1471
0.9456 -0.0409 0.2160
0.9447 0.3890 0.1352
0.9551 0.6967 0.1669
0.9689 0.0203 0.2340
0.9604 0.6358 0.1987
0.9705 0.9599 0.2131
0.9811 0.8436 0.1797
0.9930 0.4610 0.1929
1.0069 0.6469 0.2087
0.9869 -0.0637 0.1822
1.0012 -0.0199 0.1926
1.0014 -0.3569 0.1583
1.0025 -0.1282 0.1811
1.0130 0.6050 0.2281
1.0166 -0.2932 0.1376
1.0122 0.3939 0.1939
1.0142 0.0234 0.2313
1.0238 0.6959 0.1942
1.0240 -0.2494 0.1417
1.0465 -0.4041 0.1481
1.0585 -0.3711 0.1285
1.0613 -0.2373 0.1250
1.0601 -0.3210 0.1165
1.0670 -0.2743 0.1211
1.0686 -1.1997 0.6553
1.0661 -0.1691 0.1440
1.0894 -0.1262 0.1744
1.0799 -0.4626 0.1583
1.0915 -0.3672 0.1314
1.0907 -0.1603 0.1551
1.1008 -0.6770 0.2784
1.1054 -0.2552 0.1379
1.1116 -0.4041 0.1443
1.1281 -0.5035 0.1633
1.1238 1.0973 0.3187
1.1401 -0.2187 0.1741
1.1504 -0.8601 0.4389
1.1468 -0.5492 0.1887
1.1544 -0.4954 0.1666
1.1514 0.7742 0.3240
1.1532 -0.0143 0.2876
1.1667 -0.5415 0.1915
1.1766 0.9784 0.3020
1.1679 1.1546 0.3760
1.2010 1.0241 0.3251
1.1847 -0.3976 0.2053
1.1907 -0.6347 0.2538
1.1990 0.8918 0.3484
1.2010 -0.8155 0.4024
1.2001 1.1685 0.4147
1.2097 -0.7224 0.3174
