points 
 2 
 1 
Tumour[19065]CD810NNCodensity
-1.1952 -1.1857 0.3908
-1.1944 -1.0219 0.3551
-1.1741 0.8907 0.2701
-1.1579 -0.0364 0.4840
-1.1495 -0.5017 0.5465
-1.1526 -1.1890 0.3522
-1.1499 0.9093 0.2343
-1.1417 0.0148 0.4625
-1.1382 -1.0730 0.2921
-1.1394 -0.7391 0.3813
-1.1083 0.9386 0.1985
-1.0887 -0.6590 0.3504
-1.0839 -1.0584 0.2657
-1.0653 -0.0600 0.4100
-1.0629 0.8653 0.1792
-1.0512 0.4679 0.4971
-1.0411 0.9076 0.1586
-1.0311 -0.8899 0.2874
-1.0214 0.0052 0.3765
-1.0158 0.0927 0.3940
-1.0142 -1.1671 0.2825
-1.0121 0.6216 0.3293
-1.0100 0.8086 0.2236
-1.0083 -0.5801 0.3802
-1.0036 0.9699 0.1850
-1.0049 0.9938 0.2087
-0.9715 -0.6726 0.2996
-0.9684 0.8325 0.2083
-0.9516 0.9359 0.1948
-0.9478 0.2784 0.4449
-0.9327 0.9569 0.2196
-0.9350 0.6497 0.2679
-0.9190 -0.9864 0.1705
-0.9156 -0.8849 0.1753
-0.9097 -0.8189 0.2166
-0.9172 -1.0852 0.2096
-0.9013 -0.0242 0.3742
-0.8807 0.7789 0.2124
-0.8777 -1.0926 0.1928
-0.8661 -0.9552 0.1325
-0.8606 -0.8986 0.1492
-0.8545 -0.6889 0.3364
-0.8512 -0.8051 0.2327
-0.8561 -0.1741 0.4009
-0.8604 0.6781 0.2250
-0.8487 -0.9966 0.1313
-0.8405 -1.2151 0.2839
-0.8418 -0.9574 0.1291
-0.8459 0.7033 0.2065
-0.8252 -1.1529 0.2321
-0.8071 0.7543 0.1840
-0.8093 -0.9604 0.1440
-0.7911 -0.9843 0.1587
-0.7705 -1.0030 0.1821
-0.7544 -1.1550 0.2612
-0.7418 0.7717 0.1659
-0.7355 0.9276 0.1738
-0.7358 0.8301 0.1461
-0.7244 -0.3648 0.4262
-0.7178 -1.3745 0.3205
-0.7181 0.2856 0.2299
-0.7150 0.7168 0.1847
-0.7178 0.8288 0.1412
-0.7039 0.4483 0.2806
-0.7002 0.9004 0.1387
-0.7048 0.9364 0.1556
-0.6927 -0.1165 0.2938
-0.6926 0.3023 0.2042
-0.6780 -1.4542 0.3264
-0.6638 0.3108 0.1836
-0.6711 0.7326 0.1783
-0.6724 0.2351 0.2480
-0.6701 0.8793 0.1320
-0.6631 -0.2055 0.2630
-0.6484 -1.2555 0.3232
-0.6532 0.8758 0.1356
-0.6451 0.6663 0.2086
-0.6361 0.9898 0.1749
-0.6329 0.3285 0.1756
-0.6142 -0.9890 0.1986
-0.6071 -0.2701 0.2720
-0.6034 -0.0573 0.2587
-0.5880 0.9684 0.1554
-0.6010 0.4282 0.2319
-0.5964 -0.9651 0.1782
-0.5974 -0.8261 0.2010
-0.5953 0.6016 0.2078
-0.5988 0.8127 0.1515
-0.5945 -1.4247 0.2605
-0.5880 0.3783 0.2005
-0.5884 -1.4778 0.2853
-0.5879 0.8053 0.1495
-0.5764 -0.6431 0.3327
-0.5758 0.2565 0.2250
-0.5732 -1.0138 0.1817
-0.5745 -0.7752 0.2039
-0.5715 0.9381 0.1459
-0.5511 -0.7775 0.1870
-0.5431 0.8734 0.1320
-0.5527 0.9799 0.1564
-0.5462 -0.1814 0.2038
-0.5294 -0.9293 0.1409
-0.5224 0.6184 0.1484
-0.5322 0.7809 0.1275
-0.5229 -1.0423 0.1780
-0.5225 0.5762 0.1640
-0.5173 0.7059 0.1348
-0.5153 -0.1253 0.1835
-0.5171 0.8243 0.1188
-0.5043 -1.4669 0.2676
-0.5049 -0.2280 0.2257
-0.5025 -0.9503 0.1296
-0.5040 -0.8077 0.1618
-0.4927 0.5701 0.1564
-0.4981 -0.8429 0.1447
-0.4972 0.6672 0.1324
-0.4851 0.8508 0.1131
-0.5001 0.9930 0.1643
-0.4931 -0.1187 0.1742
-0.4869 -1.4213 0.2534
-0.4794 -0.9263 0.1337
-0.4750 -1.0045 0.1573
-0.4771 0.3143 0.2090
-0.4779 0.7657 0.1076
-0.4600 -1.3476 0.2786
-0.4702 0.8899 0.1065
-0.4759 0.9123 0.1112
-0.4722 0.7371 0.0983
-0.4695 -1.1556 0.3209
-0.4675 -0.0762 0.1695
-0.4583 -0.8823 0.1373
-0.4555 0.8591 0.1117
-0.4589 0.0218 0.2122
-0.4466 0.3914 0.1866
-0.4487 -0.3735 0.3389
-0.4506 0.7116 0.0993
-0.4461 0.9523 0.1298
-0.4402 0.7688 0.1086
-0.4397 0.5423 0.1569
-0.4375 0.6802 0.1153
-0.4212 0.7907 0.1236
-0.4351 -0.6555 0.3024
-0.4310 0.0427 0.2226
-0.4305 0.9340 0.1219
-0.4268 -0.9378 0.1421
-0.4247 -0.7976 0.1901
-0.4129 0.6076 0.1432
-0.4046 -0.9701 0.1698
-0.4066 0.5437 0.1489
-0.4046 0.7073 0.0979
-0.4069 0.8935 0.1198
-0.4084 0.7299 0.0983
-0.4001 0.3729 0.1673
-0.3996 -1.4647 0.3125
-0.3954 0.3336 0.1826
-0.3605 -0.9019 0.1512
-0.3901 -0.1178 0.1958
-0.3899 -0.0604 0.1903
-0.3901 0.2307 0.2563
-0.3829 0.8983 0.1319
-0.3836 -0.0824 0.1965
-0.3835 0.4444 0.1538
-0.3629 0.3991 0.1579
-0.3610 0.6406 0.1114
-0.3556 0.7468 0.0973
-0.3412 0.5366 0.1351
-0.3579 -0.5404 0.3971
-0.3575 -0.2329 0.2385
-0.3534 0.1040 0.2459
-0.3445 0.6633 0.0912
-0.3505 0.9939 0.1926
-0.3516 -0.8671 0.1454
-0.3423 -1.4182 0.3329
-0.3445 0.5091 0.1424
-0.3380 0.7060 0.0702
-0.3428 0.6868 0.0693
-0.3394 0.6916 0.0681
-0.3384 0.6868 0.0703
-0.3238 0.7419 0.0960
-0.3257 0.0866 0.2409
-0.3183 0.8540 0.1721
-0.3146 0.8957 0.1658
-0.3199 -0.8525 0.1411
-0.3189 -0.2671 0.2606
-0.3160 0.7279 0.0870
-0.3106 0.4039 0.1695
-0.3020 0.9884 0.1905
-0.2943 -0.8264 0.1483
-0.2957 0.5798 0.1230
-0.2844 0.5292 0.1127
-0.2856 -0.8741 0.1516
-0.2812 -0.2565 0.2793
-0.2589 0.7168 0.1076
-0.2591 -0.8260 0.1612
-0.2579 0.5494 0.1023
-0.2534 0.3194 0.2427
-0.2548 -1.2852 0.3816
-0.2527 0.4293 0.1725
-0.2481 0.6854 0.1125
-0.2428 0.7672 0.1141
-0.2381 0.5832 0.1039
-0.2351 0.5336 0.1088
-0.2255 0.9325 0.1392
-0.2246 -0.8172 0.1962
-0.2268 0.0993 0.3196
-0.2185 0.6207 0.1049
-0.2152 0.7148 0.0956
-0.2311 0.5295 0.1110
-0.2160 -0.8751 0.2046
-0.2217 0.6503 0.0996
-0.2188 -0.7212 0.2826
-0.2160 0.7791 0.1056
-0.2122 0.8562 0.1343
-0.2137 -0.4235 0.3814
-0.2118 0.0380 0.3338
-0.2104 -0.3143 0.3536
-0.2087 0.5070 0.1374
-0.1884 0.8200 0.1135
-0.1949 0.9652 0.1466
-0.1953 0.7572 0.0926
-0.1862 0.9271 0.1244
-0.1781 0.7163 0.0961
-0.1875 0.6281 0.0965
-0.1812 0.8832 0.1243
-0.1789 0.6674 0.0922
-0.1796 0.9529 0.1353
-0.1689 0.3692 0.2304
-0.1510 0.6093 0.1078
-0.1688 -1.3609 0.3745
-0.1568 0.7749 0.0966
-0.1559 0.6442 0.0914
-0.1481 0.7335 0.0902
-0.1240 0.7995 0.1153
-0.1230 0.6465 0.0929
-0.1337 0.5650 0.1458
-0.1158 0.7084 0.0858
-0.1263 0.7542 0.0929
-0.1163 0.8475 0.1474
-0.1121 0.6844 0.0869
-0.1041 0.4257 0.2189
-0.1047 0.9667 0.1910
-0.0944 0.6749 0.0873
-0.0996 0.9274 0.1693
-0.0827 0.7469 0.1016
-0.0735 -1.2205 0.3697
-0.0736 0.6825 0.0868
-0.0670 -0.9895 0.3836
-0.0683 0.3309 0.2642
-0.0580 0.6351 0.1136
-0.0634 0.5556 0.1715
-0.0632 0.7425 0.1081
-0.0479 0.4628 0.2195
-0.0428 0.6835 0.0940
-0.0136 0.6071 0.1431
-0.0051 0.7196 0.1110
-0.0088 0.6789 0.1028
-0.0006 -1.3419 0.3289
0.0036 -1.4648 0.3609
0.0014 0.7965 0.1768
0.0116 0.7080 0.1152
0.0141 -1.0518 0.3708
0.0274 -1.2211 0.3508
0.0377 -0.4443 0.3908
0.0434 0.6885 0.1335
0.0600 -0.3979 0.3606
0.0586 0.5661 0.1757
0.0616 0.4308 0.2180
0.0708 0.3112 0.2086
0.0698 0.6600 0.1357
0.0709 0.3586 0.1989
0.0844 0.5920 0.1564
0.0879 -0.2923 0.3538
0.0992 0.8615 0.1738
0.1026 -0.3357 0.3349
0.1029 0.3753 0.1997
0.1044 -1.4849 0.3392
0.1131 0.8330 0.1563
0.1243 0.6039 0.1511
0.1239 0.7981 0.1552
0.1213 0.9052 0.1905
0.1260 0.9393 0.2189
0.1437 -0.3147 0.3259
0.1450 0.6954 0.1410
0.1435 0.7260 0.1430
0.1581 -1.0358 0.2782
0.1597 0.7101 0.1388
0.1577 -1.4504 0.3040
0.1608 0.1789 0.1807
0.1607 0.2792 0.1790
0.1750 0.2340 0.1743
0.1812 0.8748 0.1805
0.1866 0.3498 0.1974
0.1807 0.5881 0.1763
0.1861 0.5621 0.1985
0.1977 0.0673 0.2254
0.1994 0.1542 0.1750
0.2148 0.4059 0.2321
0.2149 0.7951 0.1725
0.2218 0.9820 0.2355
0.2271 0.0931 0.1994
0.2276 -0.0812 0.3413
0.2311 0.7153 0.1548
0.2347 -1.4456 0.2934
0.2329 0.6779 0.1596
0.2356 -1.3085 0.3333
0.2460 -1.0845 0.2241
0.2447 -1.0104 0.1991
0.2546 0.1597 0.1802
0.2569 0.2349 0.1933
0.2590 -1.4835 0.3127
0.2677 0.7173 0.1749
0.2850 -1.1026 0.2203
0.2762 0.1852 0.1959
0.2804 -0.8936 0.2682
0.2764 0.4676 0.2731
0.3056 -1.0231 0.1643
0.2992 -0.5155 0.3569
0.2983 -0.1500 0.3766
0.3234 0.9451 0.1790
0.3220 0.9876 0.2057
0.3251 -0.0041 0.2837
0.3351 -0.9792 0.1691
0.3458 0.6388 0.2516
0.3399 0.8624 0.1813
0.3400 0.7512 0.2007
0.3503 -0.5598 0.3488
0.3630 0.9140 0.1559
0.3921 -1.4498 0.3127
0.3675 -1.0019 0.1620
0.3689 -0.4111 0.3582
0.3768 0.4722 0.3407
0.3983 0.9643 0.1639
0.4021 -0.9627 0.1854
0.3892 -0.7053 0.3384
0.4033 -0.3889 0.3541
0.4019 0.8287 0.1661
0.4106 -1.4058 0.2880
0.4129 -0.9949 0.1645
0.4214 -1.0887 0.1775
0.4273 0.9659 0.1677
0.4473 0.8272 0.1579
0.4486 0.0359 0.3184
0.4673 0.7856 0.1601
0.4566 0.9213 0.1581
0.4593 -1.3674 0.2670
0.4713 0.1230 0.2878
0.4807 -1.1553 0.1780
0.4864 -1.0476 0.1421
0.4792 0.6681 0.2118
0.4907 -1.2886 0.2214
0.4889 -0.7337 0.3127
0.4944 -1.0882 0.1404
0.4960 0.7996 0.1515
0.5007 0.7454 0.1559
0.4973 0.9289 0.1759
0.5150 -1.0447 0.1436
0.5141 -0.5899 0.2932
0.5240 0.1905 0.2799
0.5342 -1.2086 0.1818
0.5406 0.5810 0.2920
0.5485 -1.0704 0.1353
0.5475 -0.8166 0.3061
0.5477 -1.0304 0.1606
0.5475 0.9081 0.1869
0.5579 0.7307 0.1673
0.5672 -1.1740 0.1603
0.5829 -0.6807 0.2704
0.5808 0.7169 0.1812
0.5884 0.1419 0.2366
0.6035 0.7673 0.1867
0.5939 -1.3518 0.2174
0.5966 -0.2357 0.3489
0.5925 0.8087 0.1776
0.6011 -0.4945 0.2974
0.5965 0.1944 0.2547
0.6038 -0.8391 0.3048
0.6067 -1.0980 0.1458
0.6072 -0.2718 0.3355
0.6083 0.9074 0.2248
0.6165 -1.2677 0.1615
0.6308 -1.2800 0.1662
0.6376 -1.0821 0.1718
0.6448 -1.2412 0.1642
0.6463 0.0032 0.3011
0.6482 -1.1161 0.1722
0.6578 -0.4913 0.2894
0.6587 0.9651 0.2915
0.6617 -1.1465 0.1779
0.6689 -0.5070 0.2884
0.6690 -0.1983 0.3671
0.6748 -0.2680 0.3554
0.6860 0.1486 0.2300
0.6918 0.4830 0.3941
0.6908 -1.3425 0.2515
0.7109 0.0666 0.2525
0.7140 -1.2900 0.2341
0.7162 0.1415 0.2341
0.7315 0.6430 0.2586
0.7235 0.2460 0.3058
0.7276 0.6695 0.2489
0.7359 -0.9613 0.2397
0.7483 -0.6695 0.2353
0.7402 -0.6115 0.2515
0.7530 0.7117 0.2502
0.7692 -0.6869 0.2301
0.7838 -0.8840 0.2061
0.8056 -0.9726 0.2157
0.8195 0.9727 0.2948
0.8186 -0.8176 0.1948
0.8259 -0.9002 0.1866
0.8357 -0.7334 0.1970
0.8320 0.9366 0.2596
0.8477 -0.7922 0.1898
0.8559 -0.9653 0.1977
0.8666 -0.0342 0.3605
0.8591 0.8226 0.2054
0.8743 0.6696 0.2526
0.8787 -0.6881 0.2390
0.8898 0.0974 0.3145
0.8914 -1.0529 0.2679
0.9011 0.1265 0.3295
0.9120 0.0482 0.3496
0.9201 -1.4833 0.4817
0.9163 0.6339 0.2892
0.9163 0.8353 0.1660
0.9170 0.8294 0.1663
0.9212 0.8303 0.1653
0.9503 -0.8254 0.1956
0.9631 -0.9541 0.2113
0.9786 -1.2638 0.3764
0.9921 -1.4866 0.4631
0.9789 0.8582 0.1581
0.9857 -0.7757 0.2238
0.9898 -0.9322 0.2135
1.0170 0.8637 0.1537
1.0298 -1.0225 0.2537
1.0337 -0.8450 0.2317
1.0424 0.8483 0.1472
1.0408 0.6874 0.2099
1.0464 -0.8141 0.2432
1.0626 0.7830 0.1362
1.0720 -1.1404 0.2678
1.0936 0.8029 0.1166
1.1019 0.7338 0.1410
1.1065 0.7761 0.1218
1.1086 0.6723 0.1882
1.1062 0.8870 0.1620
1.1201 -1.1075 0.2444
1.1438 0.7758 0.1221
1.1481 -0.6890 0.3474
1.1500 0.8447 0.1346
1.1643 0.2534 0.6091
1.1683 0.8602 0.1587
1.1777 -0.9533 0.2848
1.1842 0.7961 0.1374
1.1854 -1.1942 0.2376
1.1915 -1.4711 0.4189
1.2246 0.7678 0.1481
1.2191 0.7032 0.1446
1.2182 -1.2559 0.2561
1.2173 -1.2163 0.2478
1.2276 0.5665 0.2561
1.2250 -1.0823 0.2591
1.2318 0.6714 0.1523
1.2361 -1.4143 0.3861
1.2395 -0.7568 0.3375
1.2470 -1.2786 0.2843
1.2500 -1.0219 0.3027
1.2579 -0.0950 0.8231
1.2591 0.7146 0.1557
1.2766 0.6340 0.1908
1.2916 0.7406 0.1900
1.2935 -0.8396 0.3582
1.2942 0.6154 0.2219
1.2961 -0.7406 0.4006
