points 
 2 
 1 
Tumour[19065]CD810NNCodensity
-1.3335 0.1119 0.4596
-1.3337 0.6775 0.1719
-1.3293 0.7897 0.1144
-1.3281 0.8596 0.0919
-1.3282 0.8149 0.1003
-1.3186 0.9334 0.1294
-1.3111 0.0810 0.4339
-1.3015 0.8434 0.0791
-1.3032 0.8654 0.0783
-1.3005 0.9213 0.1033
-1.3014 0.6619 0.1611
-1.2868 0.7790 0.1062
-1.2945 0.7980 0.0935
-1.2914 0.8960 0.0794
-1.2897 0.6764 0.1446
-1.2865 0.8822 0.0745
-1.2799 0.7236 0.1240
-1.2695 0.0991 0.4273
-1.2641 -0.2463 0.4398
-1.2593 0.8623 0.0842
-1.2446 0.7764 0.1235
-1.2422 0.6560 0.1512
-1.2429 0.9062 0.1073
-1.2421 0.4251 0.2947
-1.2335 0.8490 0.1000
-1.2253 -0.0709 0.3690
-1.2158 0.8712 0.1103
-1.1797 0.5597 0.1246
-1.1939 -0.1463 0.3515
-1.1831 0.8285 0.1121
-1.1849 0.4786 0.1914
-1.1855 -0.1362 0.3500
-1.1717 0.5322 0.1360
-1.1748 0.6266 0.1204
-1.1449 0.8776 0.1319
-1.1793 0.7359 0.1356
-1.1708 -0.8671 0.5668
-1.1556 0.7703 0.1057
-1.1638 -0.5968 0.5553
-1.1549 0.5742 0.1088
-1.1506 0.8003 0.1014
-1.1446 0.9280 0.1824
-1.1418 0.6170 0.1089
-1.1357 0.6665 0.1261
-1.1363 0.5455 0.1223
-1.1353 -0.1423 0.3714
-1.1191 0.8137 0.1008
-1.1185 0.6071 0.1122
-1.1130 0.7167 0.1226
-1.1040 0.7843 0.1002
-1.1088 0.8346 0.1174
-1.0956 0.6508 0.1365
-1.0961 -0.3209 0.4788
-1.0899 0.7578 0.1138
-1.0722 0.7701 0.1307
-1.0664 0.5212 0.1750
-1.0250 0.5952 0.1685
-1.0097 -1.1640 0.5391
-0.9979 -1.2282 0.5689
-0.9938 -0.8824 0.4205
-0.9866 0.6258 0.1768
-0.9867 0.5432 0.2041
-0.9843 -0.6887 0.3546
-0.9515 0.6959 0.1504
-0.9510 0.7671 0.1133
-0.9407 0.8120 0.1049
-0.9302 0.8334 0.1022
-0.9281 0.8655 0.1159
-0.9235 0.7895 0.0951
-0.9229 0.7391 0.1066
-0.9149 0.8211 0.0954
-0.8988 0.7277 0.1106
-0.8843 0.6752 0.1357
-0.8669 0.7897 0.1077
-0.8877 0.9052 0.1138
-0.8828 0.2952 0.4696
-0.8754 0.9270 0.1298
-0.8776 0.6000 0.1648
-0.8766 0.8823 0.0996
-0.8757 -0.8096 0.2884
-0.8779 0.5789 0.1793
-0.8542 0.7448 0.1111
-0.8316 0.8977 0.1049
-0.8340 0.8282 0.1069
-0.8357 0.5548 0.2008
-0.8278 -0.8067 0.2626
-0.8327 0.8658 0.0985
-0.7957 0.7760 0.1231
-0.8026 0.9156 0.1265
-0.8208 -0.1884 0.5376
-0.8080 0.8146 0.1159
-0.8123 0.7366 0.1161
-0.7956 0.6602 0.1368
-0.8171 0.6896 0.1261
-0.7930 0.8727 0.1163
-0.8100 -0.6085 0.2602
-0.7955 -1.5078 0.7279
-0.7923 -0.6514 0.2320
-0.7745 -1.1778 0.4450
-0.7805 -0.6903 0.2231
-0.7677 0.6786 0.1159
-0.7286 0.9056 0.1352
-0.7418 -0.7271 0.2261
-0.7202 0.6481 0.0982
-0.7330 -0.5684 0.2668
-0.7356 0.7455 0.1295
-0.7152 0.7088 0.1140
-0.6978 0.8723 0.1093
-0.6970 0.5777 0.1033
-0.6929 0.6733 0.0982
-0.7012 0.5366 0.1176
-0.6966 -0.7425 0.2455
-0.6966 0.6103 0.0951
-0.6897 0.6959 0.1085
-0.6907 0.4864 0.1307
-0.6884 0.6292 0.0896
-0.6795 -1.1676 0.4034
-0.6855 0.4153 0.1976
-0.6827 0.5125 0.1130
-0.6794 -0.0279 0.4512
-0.6717 0.9127 0.0976
-0.6739 0.7722 0.1450
-0.6619 0.8666 0.0839
-0.6672 0.8399 0.1043
-0.6595 -1.2317 0.4232
-0.6640 0.6038 0.0883
-0.6548 -0.9003 0.3421
-0.6507 0.8973 0.0796
-0.6463 0.6414 0.0979
-0.6431 0.5686 0.1005
-0.6304 -0.8617 0.3247
-0.6337 -0.5293 0.2819
-0.6303 0.4672 0.1233
-0.6342 0.8671 0.0759
-0.6283 0.4896 0.1139
-0.6172 0.5544 0.1135
-0.6154 0.8862 0.0790
-0.6212 0.9309 0.1115
-0.6169 -0.4786 0.3172
-0.6107 0.8537 0.0905
-0.6161 0.0136 0.4193
-0.5940 0.5167 0.1282
-0.6051 0.6084 0.1213
-0.6110 0.6376 0.1246
-0.5975 0.7705 0.1668
-0.5975 0.9066 0.1017
-0.5793 0.8697 0.1094
-0.5719 0.4620 0.1497
-0.5654 0.8133 0.1497
-0.5463 -0.0879 0.3529
-0.5345 -0.6189 0.3434
-0.5352 0.4384 0.1508
-0.5203 -0.4826 0.3411
-0.5012 -1.2923 0.4445
-0.4997 -0.1196 0.3420
-0.4744 0.4519 0.1245
-0.4721 0.3952 0.1286
-0.4700 0.4210 0.1141
-0.4688 -0.8665 0.3470
-0.4624 -0.3977 0.3522
-0.4504 0.1493 0.3802
-0.4539 -0.2930 0.3732
-0.4406 0.0855 0.3882
-0.4355 -1.1119 0.3436
-0.4269 0.4418 0.1022
-0.4281 -1.0775 0.3312
-0.4310 -0.9545 0.3220
-0.4197 0.4110 0.0987
-0.4133 0.4616 0.1200
-0.4132 -1.0453 0.3276
-0.3988 0.3882 0.1098
-0.3897 0.4467 0.1135
-0.3617 0.3726 0.1273
-0.3441 0.3962 0.1307
-0.3266 -0.2039 0.3823
-0.3268 0.3239 0.2034
-0.3217 -0.1888 0.3834
-0.3099 0.3940 0.1722
-0.2980 -0.5818 0.3479
-0.2534 -1.3413 0.3653
-0.2517 -0.8055 0.3891
-0.2457 -0.5530 0.3288
-0.2343 -0.0107 0.4671
-0.2323 -0.9287 0.3492
-0.2101 -1.4714 0.3117
-0.1950 -1.5454 0.3482
-0.1906 -0.5332 0.3323
-0.1793 -0.9651 0.3609
-0.1557 -1.1815 0.3883
-0.1564 -1.4231 0.2687
-0.1509 -1.4705 0.2652
-0.1261 -0.5646 0.3308
-0.1041 -0.1770 0.5105
-0.0900 -0.5466 0.3434
-0.0650 -1.0778 0.4295
-0.0391 -1.0688 0.4496
-0.0338 -0.6730 0.3915
-0.0275 -1.4746 0.2426
-0.0100 -0.5634 0.3995
-0.0036 -1.4964 0.2554
0.0064 -1.3726 0.3007
0.0417 0.9268 0.8119
0.0723 0.8206 0.6677
0.0781 -1.4924 0.2876
0.1003 -1.5123 0.3149
0.1092 -0.1467 0.6361
0.1118 -0.3904 0.5471
0.1228 0.3998 0.1977
0.1423 0.4230 0.1932
0.1481 0.2926 0.2062
0.1537 -1.4313 0.3464
0.1808 0.3735 0.1386
0.1801 0.3087 0.1718
0.1953 0.3566 0.1368
0.2120 0.3869 0.1390
0.2320 0.3840 0.1477
0.2511 0.4182 0.1728
0.2639 0.2127 0.3077
0.2831 -1.3925 0.3997
0.2927 -0.9441 0.2785
0.3388 -1.1484 0.1971
0.3418 0.4552 0.2269
0.3463 -1.2301 0.2642
0.3556 -1.1102 0.1712
0.3682 -1.1642 0.1875
0.3814 0.4963 0.2210
0.3902 -0.9904 0.1539
0.4073 -1.0772 0.1412
0.4243 -0.8859 0.1892
0.4255 -1.0616 0.1358
0.4220 0.5592 0.1598
0.4323 0.5213 0.1805
0.4284 -1.0165 0.1320
0.4456 0.6859 0.2022
0.4469 0.5911 0.1467
0.4488 0.5697 0.1466
0.4560 -1.0041 0.1270
0.4646 -1.1863 0.2240
0.4603 -0.9219 0.1404
0.4620 0.0488 0.4974
0.4624 0.2174 0.4103
0.4740 -0.9703 0.1260
0.4909 -0.8785 0.1534
0.4916 -0.7534 0.2718
0.4964 -1.1145 0.1961
0.5007 -1.0242 0.1469
0.5089 0.6262 0.1317
0.5165 0.6519 0.1328
0.5377 -0.9261 0.1241
0.5356 0.6333 0.1278
0.5461 0.6182 0.1361
0.5569 -0.9574 0.1305
0.5678 -0.8742 0.1181
0.5831 -0.8508 0.1277
0.5897 0.1576 0.3339
0.5927 0.6845 0.1151
0.6102 -0.9803 0.1229
0.5988 -0.8896 0.1023
0.6268 0.7605 0.1079
0.6140 0.9094 0.2089
0.6109 0.7255 0.1106
0.6088 0.8158 0.1432
0.6147 0.6721 0.1160
0.6186 -0.9192 0.0997
0.6218 0.7061 0.1084
0.6310 -0.9443 0.1013
0.6338 -0.8212 0.1580
0.6418 0.6413 0.1526
0.6541 0.8921 0.1648
0.6492 -0.8606 0.1205
0.6564 -0.9832 0.1030
0.6557 -0.9117 0.1035
0.6707 0.8078 0.1024
0.6557 0.8544 0.1290
0.6696 0.7474 0.0968
0.6802 -0.9657 0.0930
0.7019 -0.8819 0.1201
0.6851 0.1996 0.2581
0.6796 0.7244 0.1083
0.6907 0.7703 0.0931
0.6910 -1.0112 0.1097
0.7155 0.7914 0.0941
0.7126 0.7615 0.0961
0.7137 -0.9522 0.0890
0.7354 0.8175 0.1070
0.7271 -1.0178 0.1028
0.7355 -0.9833 0.0792
0.7361 -0.9614 0.0796
0.7398 0.8399 0.1200
0.7454 -0.8991 0.1060
0.7648 0.7834 0.1138
0.7544 -0.9245 0.0896
0.7572 0.1504 0.1776
0.7670 -1.0142 0.0995
0.7718 -0.9607 0.0842
0.7695 -0.8833 0.1190
0.7705 0.1760 0.1742
0.7754 0.1401 0.1645
0.7812 -0.9830 0.0889
0.7835 0.2862 0.2827
0.7872 0.6605 0.2189
0.7997 0.8528 0.1418
0.7886 0.7381 0.1486
0.7949 -0.8285 0.1660
0.8040 -0.9532 0.1070
0.8153 -1.0533 0.1358
0.8189 0.1507 0.1494
0.8286 0.8249 0.1212
0.8335 -1.1089 0.1383
0.8385 -1.0032 0.1224
0.8533 -0.8885 0.1254
0.8556 0.0346 0.1581
0.8562 -1.1792 0.1722
0.8618 -0.8333 0.1418
0.8565 0.7856 0.1157
0.8753 0.8182 0.1028
0.8824 -1.1398 0.1197
0.8836 -0.9682 0.1190
0.8982 0.7906 0.0958
0.8829 -1.0535 0.1190
0.8851 0.0934 0.1185
0.8871 -1.1058 0.1079
0.8876 0.1213 0.1292
0.8927 0.8766 0.1148
0.8950 0.0505 0.1236
0.8944 0.7315 0.1358
0.8988 -1.1701 0.1478
0.9025 -0.8277 0.1332
0.9008 -0.9182 0.1062
0.8999 0.1520 0.1591
0.9038 0.8118 0.0942
0.9068 -0.9822 0.1150
0.9120 -0.8557 0.1119
0.9091 0.0984 0.1229
0.9188 -0.0779 0.1619
0.9236 -0.8796 0.1032
0.9203 -1.0770 0.1161
0.9167 0.9087 0.1338
0.9419 -0.9036 0.1012
0.9269 0.7230 0.1334
0.9403 0.8411 0.0943
0.9434 0.9128 0.1318
0.9503 0.8756 0.1005
0.9418 -1.1138 0.1215
0.9435 -0.9736 0.1055
0.9403 0.0528 0.1249
0.9442 0.8038 0.1011
0.9469 -0.0663 0.1352
0.9433 -0.0069 0.1276
0.9538 -1.0845 0.1247
0.9518 0.4165 0.3767
0.9589 0.7684 0.1225
0.9602 0.0318 0.1357
0.9661 -0.9669 0.0994
0.9702 -0.9276 0.0954
0.9775 0.6653 0.1339
0.9828 -0.0288 0.1320
0.9757 0.8577 0.1039
0.9756 -0.8590 0.1069
0.9975 -0.0727 0.1384
1.0072 0.8251 0.1219
0.9882 -1.0834 0.1443
0.9836 0.6345 0.1470
0.9945 -0.9806 0.1089
0.9942 0.6812 0.1264
1.0161 -0.8979 0.0881
0.9976 -0.1172 0.1699
1.0127 -0.9554 0.0916
1.0094 -1.2763 0.3140
1.0144 -0.8055 0.1430
1.0213 0.8652 0.1155
1.0165 -0.8526 0.1056
1.0244 -0.1281 0.1967
1.0329 0.6436 0.1289
1.0282 0.6647 0.1263
1.0326 -0.7826 0.1772
1.0359 -1.0607 0.1569
1.0607 -0.8674 0.1052
1.0403 0.5288 0.2255
1.0398 -0.9503 0.0877
1.0441 -0.9183 0.0809
1.0386 -0.8857 0.0898
1.0402 -0.1053 0.1907
1.0584 0.8840 0.1250
1.0535 0.9264 0.1464
1.0558 0.2787 0.3999
1.0691 0.8514 0.1380
1.0711 0.6837 0.1465
1.0731 -0.9518 0.0868
1.0823 -0.9171 0.0825
1.0886 0.6446 0.1407
1.0885 -1.1011 0.1795
1.0990 -0.9315 0.0856
1.1047 -0.9678 0.0910
1.1048 0.9159 0.1456
1.1087 -1.1341 0.2190
1.1170 -0.9112 0.1057
1.1221 -1.0063 0.1189
1.1412 0.5400 0.2508
1.1390 0.6347 0.1828
1.1418 -0.9876 0.1174
1.1426 -0.9658 0.1114
1.1521 -1.0508 0.1653
1.1529 0.9094 0.1814
1.1553 0.6588 0.2071
1.1550 0.8877 0.1838
1.1556 0.9296 0.1962
