points 
 2 
 1 
Tumour[19065]CD810NNCodensity
-1.4285 -0.7000 0.3398
-1.3944 -0.6212 0.2572
-1.3686 -0.6217 0.2295
-1.3529 -0.6002 0.2215
-1.3138 -0.6687 0.2263
-1.3028 -0.5924 0.2084
-1.2126 -0.5070 0.2019
-1.2048 -0.7288 0.3113
-1.1737 -0.4807 0.1924
-1.1773 -0.4933 0.1868
-1.1528 -0.5210 0.1839
-1.1538 -0.6862 0.2936
-1.1162 -0.4566 0.1885
-1.0934 -0.4880 0.1810
-1.0518 -0.5386 0.2116
-0.9968 -0.4548 0.2046
-0.9618 -0.3678 0.2502
-0.9397 -0.4907 0.2095
-0.9485 -0.3583 0.2604
-0.8908 -0.5102 0.2079
-0.8905 -0.7567 0.1791
-0.8792 -0.7364 0.1520
-0.8772 -0.7161 0.1457
-0.8570 -0.7418 0.1393
-0.8477 -0.3764 0.2657
-0.8321 -0.6518 0.1512
-0.8268 -0.7171 0.1253
-0.8229 -0.5683 0.1804
-0.8033 -0.7668 0.1575
-0.8032 -0.4940 0.2218
-0.7990 -0.7232 0.1322
-0.7708 -0.6062 0.1576
-0.7731 -0.5595 0.1835
-0.7286 -0.6319 0.1614
-0.6999 -0.6832 0.1696
-0.6990 -0.7037 0.1744
-0.6962 -0.3192 0.3924
-0.6505 -0.6213 0.2181
-0.6236 -0.7534 0.2650
-0.5544 -0.6870 0.3237
-0.5412 -0.4246 0.4138
-0.5348 -0.2550 0.3796
-0.4879 -0.0772 0.2664
-0.4850 -0.0995 0.2668
-0.4011 -0.1005 0.2036
-0.3996 -0.0748 0.1886
-0.3430 -0.0225 0.1590
-0.3255 -0.3680 0.4283
-0.3132 -0.0799 0.1770
-0.3123 0.0058 0.1452
-0.2860 -0.0153 0.1442
-0.2763 0.0789 0.1494
-0.2779 0.0571 0.1382
-0.2592 -0.0566 0.1698
-0.2392 0.1032 0.1618
-0.2191 0.0555 0.1354
-0.2148 -0.3739 0.3648
-0.1925 0.0803 0.1512
-0.1778 -0.0965 0.2060
-0.1663 0.0753 0.1686
-0.1490 0.0208 0.1892
-0.1448 -0.1864 0.1874
-0.1288 -0.6319 0.6456
-0.1304 -0.1894 0.1769
-0.0996 -0.1539 0.1566
-0.0940 0.1469 0.2145
-0.0479 -0.2558 0.1705
-0.0473 -0.2062 0.1452
-0.0360 0.2762 0.2095
-0.0371 -0.1337 0.1620
-0.0419 0.1711 0.2055
-0.0276 -0.2312 0.1523
-0.0320 -0.0504 0.2148
-0.0040 -0.2193 0.1564
0.0016 -0.3697 0.3164
0.0099 0.2997 0.1878
0.0053 -0.0598 0.1942
0.0223 0.2147 0.1697
0.0265 0.0600 0.2155
0.0311 0.4206 0.1888
0.0382 0.1924 0.1733
0.0529 -0.2181 0.1880
0.0561 0.3409 0.1778
0.0681 0.4578 0.1775
0.0734 0.2798 0.1717
0.0837 0.0701 0.1876
0.0946 0.4716 0.1711
0.0992 -0.1296 0.1604
0.0985 0.4451 0.1551
0.1100 -0.1484 0.1704
0.1200 0.4247 0.1469
0.1243 -0.0948 0.1413
0.1215 0.1889 0.1883
0.1226 -0.0289 0.1354
0.1385 -0.0369 0.1260
0.1490 -0.0725 0.1266
0.1652 0.0278 0.1231
0.1753 0.1168 0.1752
0.1587 0.2289 0.1858
0.1780 -0.0005 0.1194
0.1861 0.5748 0.2242
0.1920 0.3841 0.1447
0.1917 0.4182 0.1525
0.1969 0.3155 0.1555
0.2013 0.6092 0.2361
0.2071 0.0124 0.1234
0.2094 0.2793 0.1721
0.2198 0.0876 0.1689
0.2165 0.3928 0.1477
0.2228 -0.0956 0.1600
0.2251 0.0384 0.1400
0.2491 0.6609 0.2074
0.2481 -0.1354 0.1828
0.2578 0.2816 0.1990
0.2625 0.0234 0.1661
0.2630 0.3482 0.1726
0.2799 -0.1436 0.1926
0.2860 0.4341 0.2074
0.2883 0.6110 0.1944
0.3044 0.4971 0.2166
0.3067 0.7657 0.1991
0.3160 -0.0582 0.1903
0.3443 -0.1427 0.1828
0.3339 0.7593 0.1816
0.3554 0.5840 0.2218
0.3665 0.6187 0.2090
0.3730 -0.7637 0.4035
0.3708 0.9750 0.2702
0.3705 0.7775 0.1893
0.3833 -0.1350 0.1812
0.3890 0.7607 0.1881
0.3952 0.7211 0.1898
0.4011 0.9651 0.2612
0.4012 1.0068 0.2626
0.4207 -0.7135 0.3018
0.4161 -0.1629 0.1626
0.4107 0.8006 0.2201
0.4223 1.0403 0.2551
0.4341 1.2159 0.2040
0.4551 -0.1871 0.1530
0.4598 1.2442 0.1834
0.4567 -0.2254 0.1446
0.4833 -0.6920 0.2405
0.4687 1.2052 0.1890
0.4736 -0.2684 0.1502
0.4796 1.3043 0.1740
0.4886 -0.6316 0.2081
0.4895 -0.2171 0.1392
0.4952 1.1394 0.2200
0.4961 1.1643 0.2099
0.5032 1.3794 0.1625
0.5045 -0.2433 0.1332
0.5088 -0.6737 0.2208
0.5437 -0.6162 0.2012
0.5215 1.4268 0.1596
0.5284 -0.2156 0.1506
0.5267 1.2961 0.1752
0.5402 1.4222 0.1538
0.5412 1.4523 0.1713
0.5636 -0.5126 0.1963
0.5598 -0.3550 0.1329
0.5590 1.3508 0.1736
0.5825 -0.5404 0.2024
0.5642 -0.3217 0.1256
0.5712 -0.3984 0.1470
0.5631 1.5123 0.2424
0.5728 -0.4650 0.1830
0.5819 -0.3408 0.1175
0.5828 -0.6110 0.2180
0.5787 1.4319 0.1754
0.5975 -0.2789 0.1314
0.6131 -0.3881 0.1323
0.6504 -0.3479 0.1171
0.6395 -0.2923 0.1143
0.6402 1.5415 0.3311
0.6687 -0.3052 0.1145
0.6682 -0.2534 0.1576
0.6945 -0.3340 0.1292
0.6998 0.7631 0.4244
0.7129 -0.3210 0.1372
0.7155 0.6163 0.4836
0.7634 -0.3197 0.1593
0.8321 0.7500 0.5217
0.8119 -0.3633 0.1921
0.8374 -0.7589 0.5262
0.8409 0.8011 0.5351
0.8373 -0.3124 0.2161
0.8558 -0.3616 0.2350
0.8558 0.7750 0.5493
0.8579 -0.7664 0.5536
0.8630 -0.4162 0.2820
