points 
 2 
 1 
Tumour[19065]CD810NNCodensity
-1.1654 -1.0837 0.6117
-1.1564 -1.0444 0.6042
-1.1646 -0.1416 0.3622
-1.1654 0.2332 0.1804
-1.1665 0.4187 0.3074
-1.1659 1.0056 0.6559
-1.1441 0.2195 0.1565
-1.1564 0.7996 0.6447
-1.1511 1.0888 0.6659
-1.1460 -1.1416 0.6186
-1.1461 0.1055 0.1605
-1.1349 -0.1275 0.3289
-1.1334 -1.1734 0.6383
-1.1342 0.2641 0.1664
-1.1270 0.1141 0.1425
-1.1150 -1.1607 0.6165
-1.1154 -1.0433 0.5782
-1.1055 0.0135 0.1808
-1.1043 0.3514 0.1931
-1.0750 0.1912 0.1184
-1.0847 -0.0323 0.2146
-1.0684 0.3167 0.1593
-1.0819 0.1363 0.1165
-1.0602 0.1526 0.1110
-1.0640 0.0596 0.1447
-1.0581 0.0307 0.1686
-1.0423 0.1357 0.1173
-1.0302 0.2074 0.1170
-1.0262 0.2572 0.1292
-1.0041 0.3360 0.1508
-1.0154 0.1910 0.1165
-0.9867 0.2804 0.1250
-0.9845 0.1526 0.1429
-0.9740 0.3662 0.1886
-0.9515 0.2861 0.1366
-0.9497 0.2510 0.1354
-0.9123 0.1483 0.1927
-0.9103 0.8938 0.4467
-0.9068 0.3004 0.1820
-0.8773 0.1926 0.1997
-0.8435 1.0334 0.3649
-0.8098 0.0535 0.2226
-0.8119 0.0959 0.2084
-0.7898 1.0379 0.3078
-0.7254 0.0657 0.1625
-0.7296 0.0959 0.1598
-0.7269 0.4729 0.4049
-0.7278 1.1526 0.3173
-0.7124 0.2116 0.2262
-0.7064 -0.6669 0.4912
-0.7033 0.1407 0.1707
-0.6736 -0.0252 0.2079
-0.6635 -0.6009 0.4225
-0.6574 0.9169 0.1870
-0.6516 0.5383 0.3860
-0.6433 -0.0686 0.2462
-0.6431 0.0848 0.1705
-0.6378 0.0396 0.1819
-0.6262 0.2053 0.2353
-0.6273 0.3161 0.2893
-0.6228 0.0889 0.1870
-0.6141 0.9750 0.1521
-0.6130 0.9343 0.1426
-0.5997 -0.7479 0.4315
-0.6004 0.8951 0.1289
-0.5963 0.8913 0.1279
-0.5574 -0.0912 0.2536
-0.5761 1.0822 0.1645
-0.5610 0.7688 0.2146
-0.5706 1.0780 0.1600
-0.5684 1.0819 0.1603
-0.5551 0.9246 0.1315
-0.5485 -0.1819 0.2381
-0.5582 0.8708 0.1344
-0.5464 1.1504 0.1814
-0.5384 -0.6691 0.3763
-0.5431 0.7844 0.1931
-0.5255 -0.9305 0.5012
-0.5249 0.3589 0.2009
-0.5258 1.0093 0.1631
-0.5192 0.8596 0.1508
-0.5101 -0.2596 0.1901
-0.5072 1.2229 0.2376
-0.5084 1.1865 0.1960
-0.4917 -0.9616 0.4892
-0.4949 -0.3883 0.1434
-0.4772 0.4469 0.1690
-0.4659 0.9925 0.1796
-0.4657 -0.3618 0.1028
-0.4618 0.3264 0.1572
-0.4625 -0.3678 0.0983
-0.4562 1.0741 0.1651
-0.4575 -0.3619 0.0957
-0.4308 -0.4086 0.0981
-0.4438 -0.1661 0.1604
-0.4402 0.3716 0.1204
-0.4355 0.8275 0.1803
-0.4440 0.9023 0.1898
-0.4308 -0.2387 0.1374
-0.4277 0.4060 0.1112
-0.4268 -0.3593 0.0880
-0.4309 1.1542 0.1923
-0.4279 0.6836 0.2113
-0.3924 -0.3030 0.1181
-0.3828 -0.2496 0.1085
-0.4037 0.3467 0.1252
-0.3983 -0.3717 0.0863
-0.3870 -0.2105 0.1122
-0.4048 0.2887 0.1482
-0.3956 0.4189 0.0996
-0.4029 -0.1622 0.1403
-0.3972 0.9773 0.1998
-0.3816 -0.4310 0.1086
-0.3876 0.4590 0.1142
-0.3724 0.3917 0.1106
-0.3889 0.5590 0.1997
-0.3829 0.7951 0.1629
-0.3804 -0.3889 0.0931
-0.3791 0.2414 0.1589
-0.3695 0.4334 0.1060
-0.3835 1.0801 0.1752
-0.3787 1.0809 0.1754
-0.3755 -0.1364 0.1575
-0.3642 -0.4098 0.0961
-0.3653 0.4770 0.1341
-0.3613 -0.3609 0.0977
-0.3492 -0.3026 0.1036
-0.3624 0.7566 0.1407
-0.3568 -0.5173 0.1485
-0.3494 -0.4656 0.1229
-0.3494 -0.2117 0.1048
-0.3369 0.7777 0.1416
-0.3445 0.4594 0.1324
-0.3013 -0.4510 0.1198
-0.2992 -0.3968 0.1054
-0.3312 -0.2723 0.0900
-0.3408 0.6338 0.1710
-0.3318 0.2723 0.1186
-0.3086 -0.5132 0.1261
-0.3128 -0.3534 0.1006
-0.3230 0.8085 0.1561
-0.3235 0.2193 0.1588
-0.3179 1.1644 0.2306
-0.2984 -0.2812 0.0812
-0.3135 0.3589 0.1349
-0.3025 0.6964 0.1420
-0.2942 -0.5720 0.1511
-0.3088 -0.2494 0.0815
-0.3042 -0.2178 0.0998
-0.3043 0.2691 0.1182
-0.3073 0.6423 0.1587
-0.3080 -0.1556 0.1561
-0.3016 0.7365 0.1354
-0.3010 0.2482 0.1290
-0.2886 -0.6602 0.2310
-0.2896 -0.5387 0.1304
-0.2901 -0.2457 0.0864
-0.2732 -0.3042 0.0909
-0.2661 0.3625 0.1266
-0.2703 0.7128 0.1491
-0.2829 -0.3439 0.0998
-0.2807 1.0326 0.1673
-0.2703 -0.5453 0.1381
-0.2706 -0.3563 0.1010
-0.2595 0.2738 0.1308
-0.2652 1.0144 0.1615
-0.2576 -0.2622 0.0921
-0.2576 0.3113 0.1225
-0.2352 -0.3895 0.0915
-0.2533 -0.2676 0.0941
-0.2479 0.3816 0.1258
-0.2400 -0.6122 0.1918
-0.2003 -0.3397 0.1154
-0.2328 -0.4472 0.1100
-0.2383 -0.4245 0.0939
-0.2343 0.4361 0.1359
-0.2291 0.5838 0.1508
-0.2346 1.0039 0.1533
-0.2361 1.0780 0.1897
-0.2289 0.3831 0.1236
-0.2339 0.8564 0.1462
-0.2176 -1.1292 0.2140
-0.2256 -0.4196 0.0914
-0.2205 0.6145 0.1555
-0.2082 0.8956 0.1250
-0.2217 0.5453 0.1413
-0.1868 -0.3982 0.0919
-0.2100 0.7712 0.1717
-0.2096 0.9575 0.1298
-0.2016 1.1626 0.2724
-0.2010 -0.4298 0.1025
-0.1969 0.4340 0.1300
-0.1972 -0.2475 0.1246
-0.1955 1.2996 0.4315
-0.1961 0.5380 0.1287
-0.1979 0.9487 0.1235
-0.1762 -0.8430 0.1941
-0.1817 -0.6880 0.2123
-0.1757 0.8664 0.1182
-0.1802 -1.0825 0.1291
-0.1784 -0.2380 0.1302
-0.1814 0.5114 0.1289
-0.1748 -0.2706 0.1159
-0.1747 0.4263 0.1355
-0.1794 0.9119 0.1134
-0.1748 0.2844 0.1814
-0.1684 0.5630 0.1437
-0.1671 -0.9826 0.0999
-0.1549 -1.0163 0.0840
-0.1572 -0.3623 0.1026
-0.1416 0.8399 0.1404
-0.1503 -0.8305 0.1772
-0.1456 0.8035 0.1660
-0.1490 0.1714 0.2199
-0.1400 -1.0784 0.1103
-0.1512 -1.0493 0.0893
-0.1444 -0.9518 0.1013
-0.1371 -0.3032 0.1044
-0.1463 -0.9939 0.0801
-0.1421 -0.4148 0.1126
-0.1449 -0.3507 0.1030
-0.1399 0.2044 0.1986
-0.1195 -0.7293 0.1720
-0.1303 0.0752 0.3241
-0.1290 0.4189 0.1527
-0.1317 0.8767 0.1315
-0.1307 -0.1637 0.2197
-0.1239 -1.0395 0.0835
-0.1222 -1.0060 0.0779
-0.1205 -0.4961 0.1778
-0.1063 -0.4030 0.1043
-0.1118 -0.9113 0.1303
-0.0964 -0.3194 0.1045
-0.1091 -1.0789 0.1186
-0.1093 -0.9418 0.1049
-0.1019 -0.6818 0.1625
-0.0980 -0.2792 0.1209
-0.1040 0.5096 0.1621
-0.1073 0.9643 0.1752
-0.1027 -0.9837 0.0840
-0.0869 -0.2509 0.1443
-0.1014 0.9594 0.1774
-0.0929 0.3358 0.1450
-0.0928 0.5951 0.1950
-0.0879 -0.8338 0.1478
-0.0779 -0.3894 0.0939
-0.0821 -0.9935 0.1002
-0.0674 -0.3203 0.1091
-0.0637 -0.6266 0.1588
-0.0712 0.3949 0.1492
-0.0593 -0.4320 0.0948
-0.0429 -0.4029 0.0791
-0.0492 -0.9867 0.1252
-0.0529 -0.4180 0.0839
-0.0430 -0.7757 0.1267
-0.0465 -0.5874 0.1778
-0.0449 0.3335 0.1228
-0.0408 0.2898 0.1254
-0.0420 0.7785 0.2573
-0.0340 -0.3536 0.0990
-0.0263 -0.8320 0.1222
-0.0351 -0.6437 0.1331
-0.0346 0.1865 0.1851
-0.0351 0.2196 0.1592
-0.0344 0.4912 0.1972
-0.0268 -1.0530 0.1627
-0.0177 0.3896 0.1460
-0.0088 -0.8670 0.1342
-0.0075 -0.3824 0.0912
-0.0157 -0.3456 0.1106
-0.0161 0.3062 0.1165
-0.0124 -0.7439 0.1172
-0.0156 -0.4237 0.0806
-0.0100 -0.9095 0.1441
-0.0094 -0.6588 0.1206
-0.0113 -0.4450 0.0917
-0.0040 -1.1716 0.2317
-0.0049 -0.9318 0.1524
-0.0081 0.6678 0.2686
-0.0025 0.2950 0.1226
0.0176 -0.8246 0.1227
0.0036 -0.7707 0.1048
0.0134 0.3333 0.1316
0.0099 0.5212 0.2291
0.0203 -0.4686 0.1254
0.0207 -1.1532 0.2215
0.0247 -0.4465 0.1063
0.0398 -0.4187 0.1053
0.0282 -0.7818 0.1059
0.0315 -0.7234 0.0979
0.0340 -0.6587 0.1110
0.0812 -0.3319 0.1318
0.0546 -0.3640 0.1101
0.0552 -1.0375 0.2181
0.0613 -0.7421 0.1024
0.0593 0.2321 0.1510
0.0603 -0.6844 0.0997
0.0649 -0.6424 0.1308
0.0903 -0.7024 0.1147
0.0928 -0.3659 0.1093
0.0797 0.3556 0.1791
0.0825 -0.7574 0.1200
0.0806 -0.0258 0.3315
0.0827 0.2071 0.1723
0.0890 -0.6725 0.1236
0.0961 -1.1899 0.2754
0.0938 -0.1383 0.2920
0.1009 -0.3923 0.1110
0.1083 0.8916 0.2928
0.1219 -0.3718 0.1259
0.1168 0.2447 0.1579
0.1161 0.5583 0.2890
0.1200 1.1230 0.2997
0.1214 -1.1693 0.2587
0.1329 -0.8275 0.2133
0.1325 0.6788 0.2370
0.1320 -0.4057 0.1405
0.1342 0.7811 0.2248
0.1325 1.2377 0.2978
0.1358 0.2050 0.1902
0.1522 0.2933 0.1778
0.1412 1.0608 0.3058
0.1400 0.8287 0.2464
0.1661 0.3313 0.2127
0.1507 -0.9536 0.2611
0.1680 -0.3540 0.1760
0.1861 0.6315 0.2742
0.1986 0.0625 0.2698
0.2078 -0.2606 0.1894
0.2066 -0.1793 0.1901
0.2136 -1.0552 0.2289
0.2212 0.2339 0.2538
0.2234 -0.6709 0.2343
0.2259 0.8214 0.2576
0.2472 0.7578 0.2489
0.2461 -0.0420 0.1835
0.2456 -0.2015 0.1729
0.2579 -0.6428 0.2768
0.2498 0.7222 0.2560
0.2524 -0.2016 0.1698
0.2696 1.1165 0.1929
0.2763 -1.0252 0.1772
0.2761 -0.6725 0.2750
0.2872 -0.0685 0.1491
0.2731 1.2829 0.2047
0.2857 1.1375 0.1697
0.2912 -1.1816 0.2643
0.2948 -0.2385 0.1691
0.2955 -0.0405 0.1524
0.3222 -0.2564 0.1759
0.3092 -1.0749 0.1878
0.3256 -0.0822 0.1381
0.3074 1.1486 0.1517
0.3430 -1.1836 0.2508
0.3137 -0.0355 0.1468
0.3093 1.2076 0.1356
0.3204 -0.9821 0.1267
0.3182 1.2309 0.1406
0.3263 1.2840 0.1832
0.3350 -0.9329 0.1233
0.3789 -0.0366 0.1379
0.3411 1.1689 0.1378
0.3476 -0.9201 0.1239
0.3583 -0.9623 0.0991
0.3582 -0.9889 0.1086
0.3763 -0.0797 0.1345
0.3834 -0.2792 0.1924
0.3849 1.3009 0.2133
0.3944 -0.1458 0.1680
0.4221 -1.1551 0.2056
0.3878 0.8439 0.4184
0.4047 -0.9509 0.0931
0.4025 -0.2866 0.2003
0.4509 -0.0058 0.1519
0.4075 1.1606 0.1730
0.4224 1.1862 0.1734
0.4175 -0.8220 0.1490
0.4158 -0.9698 0.0984
0.4261 -0.1072 0.1541
0.4205 -0.9731 0.1029
0.4265 -0.7326 0.1535
0.4309 -0.9052 0.1168
0.4322 -0.4289 0.3629
0.4377 -0.9656 0.1103
0.4636 0.0282 0.1451
0.4521 -0.2280 0.1752
0.4547 -0.8311 0.1239
0.4600 -0.7197 0.1311
0.4655 0.0618 0.1487
0.4683 -0.8596 0.1231
0.4644 -0.0575 0.1649
0.4594 1.1898 0.2004
0.4708 -0.7585 0.1142
0.4721 -0.1753 0.1674
0.4779 -0.6266 0.2072
0.5124 -1.1502 0.1352
0.4840 -0.9171 0.1277
0.4889 0.1008 0.1512
0.4844 -0.7123 0.1208
0.4976 -0.7829 0.1082
0.5072 -0.1994 0.1730
0.5068 -1.1919 0.1545
0.5166 -0.8276 0.1082
0.5179 -1.1125 0.1406
0.5262 0.0426 0.1306
0.5226 -1.1904 0.1419
0.5237 -0.9586 0.1527
0.5369 -0.7255 0.1051
0.5384 0.0965 0.1295
0.5464 -1.0274 0.1804
0.5490 0.0755 0.1279
0.5478 -0.1901 0.1799
0.5514 -0.8148 0.1021
0.5561 -0.8531 0.1100
0.5611 -0.7926 0.1009
0.5706 -0.7620 0.1056
0.5574 1.2153 0.2982
0.5624 -0.7101 0.1201
0.5669 -0.6779 0.1504
0.5646 -0.8918 0.1234
0.5645 0.1660 0.1930
0.5643 1.2696 0.3148
0.5704 -1.1646 0.1088
0.5950 0.0968 0.1455
0.5821 -1.1151 0.1142
0.5954 -0.7269 0.1285
0.5930 0.0367 0.1532
0.5915 -1.1698 0.1133
0.5953 -0.9276 0.1546
0.6042 -0.8553 0.1133
0.6149 -0.1713 0.2166
0.6046 -0.2252 0.2409
0.6133 0.4872 0.1770
0.6244 -0.7943 0.1237
0.6302 0.1738 0.2110
0.6194 -0.0863 0.1971
0.6216 -0.0811 0.1957
0.6242 -1.0886 0.1284
0.6298 -1.1078 0.1219
0.6276 -0.8465 0.1260
0.6299 0.5409 0.1752
0.6414 -1.1579 0.1262
0.6460 -1.1540 0.1279
0.6623 -0.9832 0.1899
0.6683 -1.0485 0.1682
0.6679 -0.8034 0.1701
0.6677 0.0258 0.1692
0.6699 0.6056 0.2227
0.6802 0.4879 0.1170
0.6769 0.0029 0.1771
0.6904 0.4361 0.1257
0.6835 0.5184 0.1236
0.6961 0.5351 0.1353
0.7003 -1.1912 0.2042
0.7098 0.0471 0.1979
0.7109 0.3885 0.1606
0.7262 -1.0000 0.2454
0.7313 0.4171 0.1285
0.7384 0.4960 0.1239
0.7551 0.1643 0.2638
0.7480 1.2442 0.3698
0.7492 0.4485 0.1179
0.7630 0.4329 0.1213
0.7630 -0.0273 0.2541
0.7678 0.1957 0.2895
0.7682 1.0578 0.4001
0.8103 1.2486 0.3584
0.8169 0.5118 0.1651
0.8204 0.3683 0.1719
0.8473 0.4168 0.1422
0.8423 0.4863 0.1451
0.8434 -1.1591 0.3356
0.8740 0.3904 0.1668
0.8725 -0.8356 0.4394
0.8815 1.1055 0.3062
0.8892 0.0265 0.3431
0.8868 1.2668 0.3589
0.9043 0.4256 0.1492
0.9176 0.5160 0.1170
0.9256 0.5698 0.1530
0.9331 0.4800 0.1270
0.9339 0.5369 0.1244
0.9507 0.5483 0.1402
0.9536 0.4894 0.1349
0.9554 1.0399 0.2862
0.9757 0.1251 0.3462
0.9846 -1.1156 0.4283
0.9868 0.5828 0.2077
1.0482 1.0358 0.2091
1.0553 -1.1386 0.5091
1.0681 1.0502 0.1918
1.0955 1.0312 0.1909
1.0924 0.0656 0.4254
1.0894 1.2573 0.2877
1.0943 -1.1020 0.5565
1.1047 0.2615 0.3859
1.1055 1.1988 0.2243
1.1463 1.0946 0.1618
1.1519 0.1723 0.4323
1.1590 1.0604 0.1720
1.1537 0.1140 0.4588
1.1758 1.0988 0.1680
1.1858 1.2792 0.2914
1.1885 1.0203 0.2159
1.2261 0.5354 0.5013
1.2434 1.1773 0.2148
1.2537 1.1516 0.2155
1.3245 1.1834 0.3095
