points 
 2 
 1 
Tumour[19065]FoxP310NNCodensity
-1.3288 0.8959 0.3815
-1.3225 -0.0788 0.3364
-1.3213 -0.7225 0.3983
-1.3186 0.5643 0.3224
-1.3092 -0.0434 0.3364
-1.2816 -0.4027 0.4343
-1.2766 0.5277 0.3094
-1.2737 -0.0401 0.3093
-1.2749 -0.2309 0.3375
-1.2705 0.5573 0.2864
-1.2632 -0.8148 0.3936
-1.2568 -0.6398 0.3555
-1.2540 -0.6779 0.3402
-1.2550 0.7373 0.2573
-1.2415 -0.8556 0.4231
-1.2411 0.9688 0.3643
-1.2380 -0.1792 0.3022
-1.2361 0.3503 0.4918
-1.2222 1.2818 0.7087
-1.2192 -0.2248 0.3228
-1.2075 0.8119 0.2565
-1.2045 0.7978 0.2511
-1.2029 0.7416 0.2518
-1.1998 0.8969 0.3078
-1.1850 0.5503 0.2829
-1.1799 -0.0027 0.3020
-1.1783 1.2317 0.6343
-1.1727 -0.4755 0.4276
-1.1660 -0.7950 0.3513
-1.0977 0.5438 0.3305
-1.0605 -0.6989 0.3567
-1.0503 0.7329 0.3096
-1.0228 0.0277 0.3604
-1.0158 -0.0135 0.3319
-0.9968 -0.0312 0.3321
-0.9670 0.5915 0.4118
-0.9444 0.9021 0.3916
-0.9407 -0.0581 0.3568
-0.9089 0.7804 0.3486
-0.8812 -0.7948 0.4279
-0.8738 -0.6706 0.3738
-0.8559 -0.2168 0.4439
-0.8421 -0.6641 0.3568
-0.8356 0.8313 0.3874
-0.8167 0.3119 0.5388
-0.8093 -0.2151 0.4350
-0.7770 0.7740 0.4121
-0.7209 0.0975 0.4253
-0.7146 0.1789 0.4619
-0.7071 0.7945 0.4782
-0.6972 -0.5579 0.3303
-0.6938 -0.7401 0.3192
-0.6680 -0.5189 0.3576
-0.6352 0.6541 0.4975
-0.6143 -0.7245 0.3052
-0.5912 -0.1336 0.3601
-0.5709 -0.6732 0.2924
-0.5660 0.3275 0.4715
-0.5573 -0.1315 0.3553
-0.5348 -0.0388 0.3104
-0.5214 -0.6407 0.2838
-0.4683 -0.0591 0.2991
-0.4584 -0.5815 0.2900
-0.4518 -0.6714 0.3200
-0.4226 -0.0455 0.2978
-0.4099 0.0454 0.3008
-0.4046 0.4521 0.4505
-0.3723 0.0946 0.3114
-0.3473 -0.4789 0.2397
-0.3492 -0.9798 0.4789
-0.3351 0.1629 0.3158
-0.3336 0.4903 0.4316
-0.3059 -0.5001 0.1992
-0.2739 0.7006 0.4534
-0.2711 -0.5225 0.1888
-0.2667 -1.0846 0.5072
-0.2565 -0.4768 0.1799
-0.2440 0.0871 0.3189
-0.2398 -0.8370 0.4018
-0.2264 -0.4898 0.1749
-0.2215 -0.5084 0.1820
-0.2036 -0.4985 0.1871
-0.2065 0.3125 0.2848
-0.1882 -0.1502 0.4660
-0.1760 0.2163 0.2688
-0.1565 0.2452 0.2519
-0.1475 -0.4157 0.2296
-0.1314 -1.0604 0.4244
-0.1256 0.2560 0.2469
-0.1048 -0.4455 0.2437
-0.1061 0.4549 0.3165
-0.0904 -0.9810 0.3556
-0.0902 0.8482 0.2095
-0.0813 0.8827 0.2088
-0.0807 -0.9236 0.3366
-0.0721 -0.3204 0.2992
-0.0500 0.3974 0.2642
-0.0445 0.8365 0.1739
-0.0298 0.8745 0.1639
-0.0181 0.8119 0.1813
-0.0161 0.3364 0.2500
-0.0130 0.7848 0.2121
-0.0132 0.8560 0.1585
-0.0118 -0.8847 0.3472
0.0033 -0.7193 0.4047
0.0119 -0.8879 0.3544
0.0258 0.1324 0.3617
0.0300 0.9700 0.2388
0.0305 0.3147 0.2650
0.0428 -0.3555 0.3062
0.0524 -0.3437 0.3058
0.0797 0.5472 0.2627
0.0887 0.2005 0.3477
0.0871 -0.3199 0.3084
0.0943 0.5611 0.2667
0.1138 0.4584 0.2322
0.1182 0.8997 0.2365
0.1277 0.9179 0.2515
0.1537 0.4097 0.2562
0.1627 -0.1674 0.3455
0.1753 -0.6257 0.4112
0.1793 -0.1866 0.3371
0.1773 -0.0211 0.4414
0.1804 0.9344 0.3303
0.1819 0.5614 0.2734
0.2056 -0.6238 0.4110
0.2331 0.5550 0.2798
0.2397 -0.9551 0.4812
0.2457 0.4150 0.3109
0.2771 0.5657 0.2956
0.2773 -0.2785 0.3558
0.3390 -0.7658 0.3511
0.3448 -0.2377 0.3530
0.3573 -0.6269 0.3510
0.4575 -0.5661 0.3545
0.4594 0.7496 0.3546
0.4720 0.5303 0.3739
0.4744 -0.2891 0.3449
0.4856 -0.9659 0.3708
0.5047 -0.0700 0.1839
0.5152 -0.7053 0.2880
0.5201 -0.0217 0.1850
0.5252 -0.8688 0.2925
0.5238 0.5609 0.3773
0.5339 0.8386 0.3253
0.5370 -0.8669 0.2862
0.5370 -0.1197 0.1632
0.5379 -0.5413 0.3435
0.5450 0.6061 0.3621
0.5580 -0.0332 0.1445
0.5611 -0.6734 0.2885
0.5635 0.8447 0.3138
0.5767 -0.1078 0.1330
0.5771 0.8950 0.3347
0.5874 -0.0231 0.1445
0.5979 -0.0996 0.1264
0.6068 -0.2046 0.2211
0.6117 0.9027 0.3404
0.6506 -0.1089 0.1316
0.6597 -0.0102 0.1619
0.6605 1.0035 0.4257
0.6621 -0.9915 0.3415
0.6659 -0.9781 0.3275
0.6653 -0.7590 0.2611
0.6728 -0.0807 0.1340
0.6795 -0.3861 0.3413
0.6886 -0.1187 0.1573
0.6870 -0.0875 0.1418
0.6906 0.4509 0.5399
0.7316 -0.3409 0.3240
0.7289 1.2733 0.7651
0.7391 0.0547 0.2043
0.7495 -0.6351 0.2689
0.7484 -0.0236 0.1542
0.7729 -0.6093 0.2744
0.7796 -0.7989 0.2437
0.7841 -0.8599 0.2648
0.7870 0.0532 0.2029
0.7903 0.7783 0.4275
0.8072 -0.7458 0.2303
0.8053 -0.0329 0.1607
0.8321 -0.8056 0.2466
0.8326 0.9950 0.4761
0.8382 -0.0795 0.1952
0.8428 0.0091 0.1928
0.8419 -0.3409 0.3353
0.8560 -0.4754 0.3034
0.8586 -0.0060 0.2025
0.8678 -0.1347 0.2620
0.8843 -0.5980 0.2887
0.8889 -0.3557 0.3401
0.9247 -0.7777 0.2768
0.9468 -0.6194 0.3071
0.9641 0.6541 0.3797
0.9820 -0.9329 0.3916
0.9991 0.1859 0.2279
1.0075 0.2440 0.2395
1.0093 -0.9261 0.4104
1.0436 -0.1069 0.3863
1.0450 0.2068 0.2134
1.0480 0.1899 0.2130
1.0528 0.3335 0.2866
1.0525 0.3529 0.3017
1.0743 0.7635 0.3014
1.0788 0.0563 0.3078
1.0824 0.5659 0.3794
1.0896 0.1773 0.2353
1.1167 0.8058 0.3086
1.1140 0.8200 0.3157
1.1154 -0.4902 0.4213
1.1241 -0.3045 0.4507
1.1326 0.8294 0.3332
1.1382 0.8135 0.3257
1.1434 -0.6921 0.4736
1.1478 -0.3659 0.4525
1.1581 0.2047 0.3048
1.1608 0.6705 0.3559
