points 
 2 
 1 
Tumour[19065]CD6810NNCodensity
-1.0994 -0.8766 0.2804
-1.0953 -0.4982 0.1180
-1.0935 0.0433 0.1760
-1.0981 0.1651 0.1550
-1.0920 0.3426 0.2145
-1.0953 0.7827 0.3367
-1.0891 1.2021 0.1376
-1.0828 -1.1154 0.2210
-1.0926 -0.9554 0.2182
-1.0858 -0.4712 0.1095
-1.0879 -1.1869 0.2590
-1.0846 -0.5517 0.1413
-1.0817 -0.0771 0.1134
-1.0800 0.2283 0.1724
-1.0801 1.2592 0.1464
-1.0835 -1.0041 0.2093
-1.0785 0.5642 0.2441
-1.0750 1.2307 0.1243
-1.0738 0.3192 0.2113
-1.0771 1.0621 0.1733
-1.0754 -0.0391 0.1278
-1.0705 -0.1722 0.1152
-1.0676 -0.2463 0.1574
-1.0678 -0.4835 0.0908
-1.0577 1.1257 0.1335
-1.0650 -0.1221 0.1040
-1.0599 0.0929 0.1392
-1.0496 -0.4425 0.1092
-1.0524 0.1449 0.1127
-1.0518 1.1850 0.1145
-1.0563 -0.2069 0.1178
-1.0402 -0.0999 0.0946
-1.0459 0.1226 0.1150
-1.0529 -0.0610 0.1050
-1.0536 -0.0398 0.1181
-1.0447 -0.9306 0.1908
-1.0494 -0.6508 0.2159
-1.0462 -0.4701 0.0883
-1.0382 -0.5145 0.0955
-1.0247 -0.1587 0.0994
-1.0435 0.4008 0.1501
-1.0392 0.4838 0.1414
-1.0240 1.2286 0.1065
-1.0282 -0.6621 0.2212
-1.0327 0.9950 0.1854
-1.0274 -0.5492 0.1234
-1.0182 -0.2169 0.1133
-1.0211 0.9615 0.2007
-1.0222 1.1431 0.1127
-1.0264 1.2733 0.1351
-1.0128 0.1553 0.1083
-1.0181 -1.1889 0.1982
-1.0171 -0.1215 0.1056
-1.0019 0.4915 0.1249
-1.0121 0.1796 0.1213
-1.0061 -0.4882 0.0953
-1.0069 -0.3255 0.2077
-1.0094 -0.0706 0.1158
-1.0127 0.4428 0.1207
-1.0063 0.8050 0.2547
-1.0130 0.8804 0.2293
-1.0020 1.1156 0.1050
-1.0086 -0.4540 0.0988
-1.0061 -0.1951 0.1031
-1.0024 0.1283 0.1176
-1.0029 0.5384 0.1711
-0.9978 -0.9502 0.1619
-0.9894 1.2799 0.1481
-0.9906 0.4576 0.1143
-0.9862 0.1576 0.1212
-0.9869 0.3920 0.1451
-0.9890 1.0937 0.1114
-0.9849 1.2318 0.1159
-0.9517 -1.1703 0.1588
-0.9708 -0.5639 0.1386
-0.9739 1.0578 0.1364
-0.9798 -1.1413 0.1513
-0.9690 -0.4539 0.1018
-0.9756 -0.1876 0.1136
-0.9606 0.4463 0.1205
-0.9592 1.1970 0.1049
-0.9602 1.1284 0.0973
-0.9566 -0.9907 0.1408
-0.9487 0.0106 0.1475
-0.9550 -0.4905 0.0974
-0.9544 -1.0287 0.1381
-0.9520 -0.4304 0.1210
-0.9501 1.0939 0.1128
-0.9475 -0.2079 0.1244
-0.9439 1.1713 0.0979
-0.9386 -0.5664 0.1447
-0.9270 -0.0140 0.1230
-0.9407 0.8750 0.2202
-0.9366 -1.1317 0.1376
-0.9268 -1.1008 0.1343
-0.9272 -0.5114 0.1031
-0.9211 -0.0950 0.1341
-0.9149 0.4203 0.1496
-0.9145 -1.0144 0.1261
-0.9132 -0.4916 0.1021
-0.9211 1.1592 0.1017
-0.9183 1.1789 0.1019
-0.9162 -0.9326 0.1723
-0.9074 -0.4500 0.1126
-0.9130 -0.2011 0.1303
-0.9041 0.4752 0.1439
-0.9149 0.1638 0.1495
-0.9166 0.6624 0.2584
-0.9078 1.2123 0.1177
-0.9039 -1.0612 0.1329
-0.8977 0.1179 0.1488
-0.8886 -0.0754 0.1108
-0.8879 -0.0171 0.1027
-0.8987 0.0572 0.1314
-0.8799 0.6459 0.2406
-0.8868 -1.1874 0.1718
-0.8857 -0.2086 0.1453
-0.8860 -0.9859 0.1340
-0.8781 -0.4812 0.1152
-0.8793 1.0808 0.1533
-0.8831 -0.1770 0.1242
-0.8824 -0.6967 0.1823
-0.8800 -0.0515 0.1002
-0.8607 0.1421 0.1484
-0.8717 0.0230 0.1126
-0.8733 0.9505 0.2067
-0.8613 -0.1559 0.1206
-0.8575 0.2275 0.1476
-0.8598 -0.6908 0.1601
-0.8492 0.4081 0.1778
-0.8567 0.8751 0.2037
-0.8510 1.0403 0.1980
-0.8567 1.2143 0.1422
-0.8519 -0.5106 0.1374
-0.8521 1.1644 0.1338
-0.8491 -0.6301 0.1600
-0.8485 -0.4253 0.1521
-0.8455 0.4872 0.1524
-0.8403 0.7302 0.2678
-0.8374 -1.0214 0.1368
-0.8396 -0.0871 0.1010
-0.8353 0.0247 0.1102
-0.8257 0.2640 0.1374
-0.8261 -0.7088 0.1379
-0.8377 -1.1299 0.1549
-0.8329 -0.0695 0.0984
-0.8353 0.3251 0.1658
-0.8303 0.5305 0.1639
-0.8088 1.2176 0.1468
-0.8301 0.2283 0.1353
-0.8097 0.0928 0.1259
-0.8174 -0.0200 0.1051
-0.8032 0.0473 0.1113
-0.8160 0.5009 0.1516
-0.8164 -0.7712 0.1575
-0.8060 -1.1537 0.1681
-0.8107 -0.9897 0.1242
-0.8046 0.5290 0.1616
-0.8031 -0.1494 0.1252
-0.8038 -0.1101 0.1094
-0.7888 0.2256 0.1349
-0.7980 -0.0405 0.1036
-0.7983 -0.5111 0.1636
-0.7915 1.1350 0.1744
-0.7872 -0.9798 0.1142
-0.7863 -0.6013 0.1583
-0.7707 -0.4252 0.1721
-0.7828 -0.3143 0.2031
-0.7690 -0.3922 0.1766
-0.7792 0.2734 0.1260
-0.7674 0.0909 0.1353
-0.7698 -0.5753 0.1782
-0.7794 0.8666 0.2141
-0.7608 -0.9235 0.1327
-0.7539 -0.6311 0.1558
-0.7739 -1.1651 0.1715
-0.7479 -0.8932 0.1511
-0.7687 -0.7882 0.1407
-0.7586 -0.0915 0.1035
-0.7685 0.0422 0.1110
-0.7627 -0.9792 0.1080
-0.7541 -0.0595 0.1083
-0.7602 0.8727 0.2145
-0.7527 1.2951 0.1703
-0.7570 -0.7104 0.1180
-0.7532 -0.1699 0.1235
-0.7576 -1.0386 0.1274
-0.7405 -0.0341 0.1115
-0.7418 0.3139 0.1368
-0.7501 1.2575 0.1396
-0.7481 -0.9575 0.1099
-0.7210 -0.3784 0.1722
-0.7379 -1.1527 0.1594
-0.7422 -0.7322 0.1071
-0.7417 0.0332 0.1177
-0.7394 0.2417 0.1458
-0.7387 0.8909 0.2218
-0.7401 0.9435 0.2275
-0.7362 0.1391 0.1748
-0.7340 0.5206 0.1871
-0.7319 1.1632 0.1729
-0.7232 1.2284 0.1287
-0.7315 -1.0609 0.1373
-0.7222 -0.7761 0.1211
-0.7105 -0.0845 0.1145
-0.7229 -0.2627 0.1726
-0.7230 -0.1554 0.1077
-0.7142 -0.7025 0.1237
-0.7152 0.3315 0.1530
-0.6772 -0.9977 0.1214
-0.7041 -0.1251 0.1018
-0.7032 0.0191 0.1362
-0.6929 0.3037 0.1645
-0.7072 0.4142 0.1873
-0.6843 -1.0795 0.1370
-0.7028 -0.7591 0.1174
-0.7037 1.2693 0.1328
-0.6987 -0.9239 0.1298
-0.6839 -0.2022 0.1230
-0.6902 0.4792 0.2012
-0.6676 -1.1762 0.1636
-0.6893 -0.1522 0.0975
-0.6783 0.5458 0.2379
-0.6697 -0.7154 0.1367
-0.6795 -1.0217 0.1190
-0.6754 0.0002 0.1402
-0.6800 1.2636 0.1289
-0.6529 -0.3885 0.1615
-0.6735 -0.7482 0.1241
-0.6588 0.3508 0.2073
-0.6592 -0.1612 0.1004
-0.6494 -0.9407 0.1292
-0.6516 -0.2758 0.1694
-0.6437 -0.0911 0.1020
-0.6300 1.2310 0.1343
-0.6348 -1.1865 0.1552
-0.6429 1.2699 0.1359
-0.6308 -1.0544 0.1124
-0.6222 -0.0366 0.1187
-0.6315 -0.9099 0.1344
-0.6230 -0.1485 0.0966
-0.6160 -1.0254 0.1015
-0.6231 -0.8122 0.1578
-0.6212 -0.1150 0.0931
-0.6162 1.0368 0.2439
-0.6205 1.1970 0.1492
-0.6145 -0.3863 0.1562
-0.6150 -1.1631 0.1330
-0.6202 1.0878 0.2291
-0.6078 -0.0885 0.0976
-0.6100 -0.3000 0.1621
-0.6094 -0.1678 0.1122
-0.5832 -0.8842 0.1288
-0.5964 0.6695 0.3407
-0.5891 -1.0120 0.0978
-0.5969 -0.0621 0.1024
-0.5913 -1.1390 0.1196
-0.5866 -0.9118 0.1220
-0.5787 0.1715 0.2522
-0.5947 0.8055 0.2681
-0.5843 -0.3530 0.1510
-0.5736 -0.3909 0.1550
-0.5809 -1.0735 0.1086
-0.5854 1.1898 0.1620
-0.5758 -0.8095 0.1643
-0.5760 -0.7231 0.1892
-0.5745 0.0507 0.1564
-0.5727 0.1044 0.1902
-0.5702 -0.0085 0.1266
-0.5643 -1.0542 0.0993
-0.5468 -0.9334 0.1109
-0.5642 -0.1616 0.1264
-0.5605 -0.1193 0.1069
-0.5562 1.2557 0.1558
-0.5610 -0.9943 0.0926
-0.5478 -0.0605 0.1126
-0.5542 0.1232 0.2118
-0.5571 -0.9715 0.0995
-0.5493 -1.0263 0.0916
-0.5432 -0.3783 0.1588
-0.5395 -1.1289 0.1144
-0.5385 0.9109 0.2243
-0.5451 1.3010 0.1935
-0.5326 -1.1896 0.1443
-0.5365 -0.0281 0.1204
-0.5319 -1.1692 0.1283
-0.5336 -0.4825 0.2146
-0.5329 -0.7104 0.2262
-0.5275 1.0104 0.2198
-0.5030 0.8979 0.2339
-0.5132 -0.8646 0.1393
-0.4892 1.2162 0.1663
-0.5034 -1.1533 0.1253
-0.5099 -0.9955 0.1050
-0.5058 -0.1403 0.1445
-0.4984 0.9277 0.2207
-0.5056 -0.2822 0.2149
-0.5032 -0.9699 0.1071
-0.5018 -1.0535 0.1227
-0.4916 -0.1134 0.1391
-0.4969 0.6872 0.3054
-0.4820 0.0120 0.1655
-0.4910 -0.6295 0.2564
-0.4949 -0.4991 0.2251
-0.4801 -1.0762 0.1344
-0.4822 -0.0298 0.1419
-0.4751 -0.8841 0.1282
-0.4719 -0.9192 0.1067
-0.4665 0.9211 0.2335
-0.4622 1.1644 0.1776
-0.4573 1.2265 0.1670
-0.4475 -1.1450 0.1244
-0.4526 -0.1199 0.1702
-0.4470 -0.9596 0.1040
-0.4326 -0.9339 0.1030
-0.4375 -0.8786 0.1399
-0.4361 -0.3783 0.2172
-0.4344 1.2177 0.1655
-0.4358 0.4358 0.3403
-0.4197 -0.0238 0.1934
-0.4120 -0.9891 0.1094
-0.4153 -1.1264 0.1171
-0.4096 -0.4258 0.2115
-0.4085 -1.1824 0.1399
-0.4022 0.4214 0.3447
-0.4052 -0.9649 0.1017
-0.3875 1.0764 0.2232
-0.3825 -1.0773 0.1226
-0.3886 -1.1502 0.1148
-0.3600 -1.0014 0.0975
-0.3738 0.5609 0.2155
-0.3576 0.5858 0.1978
-0.3643 -0.9419 0.1190
-0.3650 -0.9735 0.1018
-0.3532 -0.6727 0.1798
-0.3606 1.0870 0.2211
-0.3546 1.1545 0.1804
-0.3573 -0.5587 0.1779
-0.3562 -1.1310 0.1065
-0.3508 0.6230 0.1981
-0.3429 -1.0469 0.1054
-0.3423 -1.1679 0.1192
-0.3399 1.2288 0.1948
-0.3333 -1.0093 0.0982
-0.3267 -1.1140 0.1107
-0.3283 -0.5966 0.1506
-0.3274 1.1964 0.1880
-0.3192 -1.0288 0.1018
-0.3218 -0.2125 0.2230
-0.3240 -0.1010 0.1928
-0.3084 -0.6344 0.1432
-0.3145 -0.5199 0.1665
-0.3166 -0.1680 0.2095
-0.3092 -0.6989 0.1885
-0.3034 1.2355 0.2268
-0.2945 0.6402 0.1756
-0.3001 -0.0959 0.1902
-0.2968 -1.1784 0.1420
-0.3005 -0.8828 0.1956
-0.2972 -0.4162 0.1512
-0.2803 -0.6171 0.1462
-0.2949 -0.3599 0.1602
-0.2953 0.6066 0.1829
-0.2944 0.7285 0.2343
-0.2873 -0.6659 0.1609
-0.2942 -1.0541 0.1105
-0.2859 0.0627 0.2707
-0.2820 0.9149 0.2405
-0.2733 -0.5208 0.1658
-0.2747 -1.1211 0.1251
-0.2673 -0.4071 0.1419
-0.2605 -1.1785 0.1529
-0.2633 -0.9867 0.1348
-0.2672 -0.3369 0.1523
-0.2624 -0.0851 0.1920
-0.2504 -0.4266 0.1460
-0.2602 0.0335 0.2440
-0.2550 -1.0096 0.1294
-0.2415 -0.3721 0.1365
-0.2480 0.6233 0.1761
-0.2303 -0.7455 0.2218
-0.2252 0.9511 0.1835
-0.2082 -0.9344 0.1625
-0.2221 -1.0557 0.1325
-0.2073 0.9250 0.1691
-0.2014 -1.1524 0.1386
-0.2126 -0.2469 0.2074
-0.2058 -1.0824 0.1345
-0.2009 -0.8953 0.1720
-0.1887 0.0302 0.2444
-0.1834 0.9539 0.1605
-0.1798 -0.3284 0.1453
-0.1849 -0.5284 0.2289
-0.1794 0.6401 0.1738
-0.1681 0.9884 0.1693
-0.1733 -0.8916 0.1697
-0.1723 -0.0973 0.2336
-0.1416 -0.8747 0.1751
-0.1506 0.7421 0.1409
-0.1534 -1.1708 0.1313
-0.1523 0.3987 0.3479
-0.1496 -0.3550 0.1487
-0.1425 0.6804 0.1411
-0.1488 -1.0563 0.1572
-0.1474 -1.0792 0.1378
-0.1400 1.0206 0.1964
-0.1280 -0.7674 0.2224
-0.1392 0.8111 0.1695
-0.1280 -0.3496 0.1586
-0.1117 0.9002 0.1816
-0.1294 1.1447 0.3188
-0.1246 -1.1837 0.1326
-0.1176 0.6700 0.1373
-0.1218 0.7807 0.1412
-0.1231 0.9505 0.1717
-0.1180 -0.0950 0.2645
-0.1134 -0.3224 0.1712
-0.0981 -0.8953 0.1915
-0.1111 0.5154 0.2454
-0.1092 -1.1399 0.1132
-0.1000 0.3827 0.3407
-0.1024 -1.1734 0.1190
-0.0957 0.7444 0.1206
-0.0885 -0.6160 0.2393
-0.0743 0.6536 0.1537
-0.0805 -0.3351 0.1868
-0.0712 -1.1886 0.1247
-0.0712 -1.1151 0.1224
-0.0707 -0.7736 0.2294
-0.0642 -0.4378 0.1957
-0.0672 0.6956 0.1306
-0.0507 0.7582 0.1448
-0.0483 -0.6168 0.2292
-0.0387 -1.1221 0.1227
-0.0405 -0.8777 0.2220
-0.0470 0.7826 0.1656
-0.0366 0.0541 0.1921
-0.0253 -0.5142 0.2185
-0.0368 -0.4742 0.2081
-0.0361 0.5067 0.2597
-0.0224 0.0128 0.1929
-0.0179 1.0170 0.2544
-0.0120 0.1432 0.2088
0.0028 -1.1864 0.1344
0.0045 -1.1467 0.1166
-0.0051 0.6526 0.1997
-0.0047 -1.1154 0.1279
-0.0006 -0.5403 0.2355
-0.0033 0.1179 0.1782
0.0195 -0.3078 0.2740
0.0174 0.1209 0.1701
0.0350 -1.1758 0.1270
0.0246 -0.9446 0.2462
0.0362 1.2930 0.3256
0.0499 -0.0381 0.2031
0.0739 -1.0875 0.1194
0.0613 0.5795 0.2770
0.0604 -0.0034 0.1644
0.0707 1.2741 0.2812
0.0731 -0.7358 0.2314
0.0709 0.3472 0.3096
0.0775 1.0103 0.2614
0.0814 -1.1732 0.1224
0.0825 -1.0009 0.1797
0.0858 1.2132 0.2434
0.0913 -1.1277 0.0990
0.1026 0.1337 0.1693
0.1001 0.3216 0.2919
0.1061 -0.6365 0.2142
0.1079 1.0708 0.2444
0.1099 -1.1418 0.0959
0.1081 0.0397 0.1340
0.1135 -1.0451 0.1227
0.1214 -1.0873 0.0924
0.1205 0.0274 0.1344
0.1356 0.0780 0.1259
0.1361 -0.7232 0.1788
0.1354 0.9094 0.2166
0.1370 -1.1197 0.0853
0.1582 -1.0515 0.1154
0.1459 0.8836 0.2208
0.1576 -1.1545 0.1053
0.1551 -0.6919 0.1584
0.1490 -0.2290 0.3306
0.1557 -1.1044 0.0862
0.1502 0.0372 0.1242
0.1748 -1.1287 0.0936
0.1685 1.2259 0.2004
0.1838 0.9025 0.1846
0.2060 -0.7220 0.1469
0.1884 -0.6907 0.1430
0.1873 -0.3832 0.3227
0.2106 -1.0636 0.1237
0.2023 0.1418 0.1669
0.1946 0.5613 0.2693
0.2149 0.0383 0.1188
0.2023 0.0622 0.1085
0.2075 -1.1060 0.1139
0.2077 0.0997 0.1249
0.2179 1.1833 0.1708
0.2198 -1.1516 0.1392
0.2332 -0.6858 0.1386
0.2316 -1.0139 0.1560
0.2271 -0.1064 0.2426
0.2221 1.1277 0.1702
0.2355 0.9105 0.1551
0.2296 0.5565 0.2442
0.2508 -0.4626 0.2899
0.2426 -0.1811 0.3132
0.2424 0.3078 0.2064
0.2470 0.0766 0.1301
0.2500 1.2689 0.1724
0.2652 -0.8186 0.2235
0.2567 1.1254 0.1475
0.2650 -0.9753 0.1852
0.2506 0.3566 0.1803
0.2646 1.1013 0.1495
0.2590 0.0213 0.1488
0.2639 0.3947 0.1659
0.2684 0.5252 0.2083
0.2891 0.9263 0.1431
0.2752 -0.6495 0.1483
0.2835 -1.1875 0.2151
0.2797 0.0569 0.1426
0.2864 -1.0364 0.1509
0.2824 -0.6757 0.1392
0.2839 0.8990 0.1421
0.2971 0.8846 0.1419
0.2997 1.2988 0.1719
0.3061 -0.8155 0.2240
0.3051 -0.5529 0.2218
0.3073 -0.7018 0.1489
0.3027 -0.0452 0.2073
0.3056 0.2899 0.2030
0.3071 0.3735 0.1557
0.3053 -1.0717 0.1581
0.3140 0.9681 0.1398
0.3214 -0.3622 0.2783
0.3131 1.0805 0.1290
0.3195 1.2230 0.1205
0.3267 0.7202 0.2154
0.3362 -0.6697 0.1709
0.3309 0.8108 0.1667
0.3411 1.1298 0.1130
0.3285 1.2510 0.1234
0.3251 1.2824 0.1493
0.3380 0.3884 0.1549
0.3417 0.4436 0.1672
0.3413 0.9675 0.1377
0.3504 -0.5042 0.2573
0.3425 0.1398 0.1926
0.3468 1.0210 0.1300
0.3514 -1.0820 0.1888
0.3474 0.6524 0.2272
0.3541 0.8055 0.1604
0.3603 1.1459 0.1075
0.3618 -0.9347 0.2141
0.3642 0.4093 0.1633
0.3618 0.4963 0.1919
0.3706 -0.6772 0.2017
0.3629 1.2027 0.1082
0.3716 -1.0154 0.1902
0.3688 1.1203 0.1115
0.3786 1.2300 0.1218
0.3887 0.0517 0.1817
0.3889 0.0212 0.1919
0.3900 0.1297 0.1908
0.3857 1.0460 0.1124
0.3977 1.0927 0.1123
0.3959 1.2074 0.1240
0.4014 1.1591 0.1205
0.4041 1.0246 0.1119
0.4191 0.8789 0.1489
0.4247 0.1809 0.1848
0.4180 0.8096 0.1479
0.4225 0.8594 0.1486
0.4297 0.9917 0.1240
0.4338 0.7137 0.1639
0.4442 -0.3189 0.2894
0.4477 1.0521 0.1138
0.4572 -0.3534 0.2543
0.4608 -0.3863 0.2382
0.4509 0.9425 0.1383
0.4662 1.0270 0.1163
0.4574 0.7319 0.1534
0.4548 -1.1599 0.2761
0.4566 0.2407 0.1634
0.4647 -1.0456 0.2177
0.4723 -0.9333 0.1964
0.4694 -0.8263 0.1865
0.4670 0.5786 0.1629
0.4793 -0.0012 0.2077
0.4703 0.2068 0.1610
0.4692 0.4531 0.1477
0.4732 1.0662 0.1237
0.4837 -0.7885 0.1959
0.4798 0.6964 0.1457
0.4773 0.8860 0.1418
0.4865 -0.8941 0.1769
0.4942 0.3236 0.1601
0.5045 0.4179 0.1529
0.4943 0.3674 0.1656
0.5124 0.4542 0.1441
0.4912 1.1251 0.1673
0.4967 0.4894 0.1305
0.4997 0.5198 0.1278
0.5020 0.8033 0.1429
0.5067 -0.7608 0.2099
0.5114 0.0178 0.1896
0.5186 -0.8897 0.1679
0.5198 0.2452 0.1324
0.5184 0.5925 0.1325
0.5243 0.5473 0.1282
0.5320 0.7187 0.1266
0.5217 1.0076 0.1149
0.5365 0.2029 0.1481
0.5240 0.9409 0.1352
0.5500 -0.5208 0.2267
0.5392 -0.4890 0.2194
0.5578 0.2538 0.1370
0.5418 0.8162 0.1504
0.5442 0.9228 0.1497
0.5672 0.9862 0.1297
0.5522 0.3202 0.1621
0.5496 0.6259 0.1293
0.5549 0.5377 0.1429
0.5549 0.7321 0.1288
0.5566 1.0289 0.1125
0.5603 -1.0735 0.2104
0.5660 1.0119 0.1158
0.5753 0.0033 0.1554
0.5774 0.6456 0.1365
0.5745 0.6835 0.1351
0.5838 0.8177 0.1726
0.5795 1.0840 0.1388
0.5912 0.0437 0.1502
0.6043 0.1982 0.1545
0.5894 0.7725 0.1604
0.5878 1.0599 0.1359
0.5988 0.2715 0.1623
0.5908 -0.0292 0.1686
0.5904 -0.8509 0.1564
0.5916 -0.4947 0.1999
0.5967 -1.0440 0.2028
0.5980 1.1027 0.1553
0.6159 0.6363 0.1512
0.6155 -0.4272 0.2068
0.6168 -0.8294 0.1737
0.6201 -0.8763 0.1829
0.6266 -1.1788 0.2173
0.6386 -0.3606 0.2044
0.6383 -1.0314 0.1941
0.6298 0.0657 0.1461
0.6400 -0.7695 0.2037
0.6382 -0.6294 0.2378
0.6377 -0.0735 0.2156
0.6449 0.1739 0.1565
0.6494 -0.8692 0.2030
0.6509 1.1914 0.2243
0.6517 -1.1856 0.2191
0.6545 0.1180 0.1461
0.6625 -1.1531 0.1866
0.6721 -0.2496 0.1811
0.6714 0.0232 0.1419
0.6786 1.1544 0.2130
0.6847 -0.5108 0.1896
0.6866 -0.2999 0.1530
0.7016 0.0788 0.1399
0.6816 0.2118 0.1761
0.6956 0.6108 0.1688
0.6954 -0.5644 0.1928
0.6923 0.5015 0.1988
0.7003 0.0118 0.1553
0.6941 0.6762 0.2036
0.7045 -1.0307 0.1729
0.7257 0.1544 0.1725
0.7179 -0.3066 0.1382
0.7214 -0.2519 0.1433
0.7187 0.5922 0.1683
0.7180 0.5337 0.1714
0.7254 -0.6793 0.2138
0.7281 -1.1284 0.1809
0.7369 1.3036 0.2305
0.7367 -0.2784 0.1289
0.7414 -1.0267 0.1662
0.7523 0.2937 0.2457
0.7648 -0.2980 0.1365
0.7497 1.2042 0.1792
0.7646 0.5434 0.1543
0.7543 -0.4958 0.1707
0.7773 -1.0820 0.1684
0.7670 -0.7542 0.2145
0.7595 0.0323 0.1672
0.7731 0.1133 0.1728
0.7722 0.3951 0.2179
0.7806 -0.5088 0.1546
0.7827 -0.2609 0.1350
0.7995 -0.6154 0.1779
0.7934 1.2587 0.1597
0.7983 0.5211 0.1451
0.8158 -0.2435 0.1504
0.7959 -1.0373 0.1514
0.8047 0.0274 0.1904
0.8029 0.9692 0.3523
0.8022 1.0541 0.2763
0.8213 0.3267 0.2231
0.8108 1.2190 0.1434
0.8206 -1.0314 0.1515
0.8295 -0.4797 0.1545
0.8284 -0.4136 0.1864
0.8350 0.0853 0.1808
0.8427 0.5273 0.1315
0.8405 1.2232 0.1264
0.8497 -0.3608 0.2013
0.8444 -0.7335 0.1841
0.8479 -0.5817 0.1692
0.8525 -0.4571 0.1714
0.8523 1.2481 0.1248
0.8531 -1.0306 0.1559
0.8573 -0.1956 0.1443
0.8647 -0.6578 0.1874
0.8679 -0.5593 0.1680
0.8661 0.4829 0.1261
0.8697 -0.0965 0.1489
0.8742 0.5433 0.1346
0.8781 -0.9724 0.1506
0.8765 -0.7927 0.1981
0.8748 -0.7172 0.1885
0.8943 1.2643 0.1295
0.8873 -0.1369 0.1175
0.8870 0.4591 0.1291
0.8792 -0.8552 0.1857
0.8807 -0.2198 0.1508
0.8922 0.5001 0.1166
0.8856 1.2144 0.1233
0.8976 -0.1702 0.1208
0.9207 0.3676 0.1595
0.9139 -0.9777 0.1426
0.9078 0.1903 0.1718
0.9096 0.1396 0.1743
0.9128 0.1211 0.1816
0.9171 -1.0296 0.1621
0.9207 -0.5080 0.2060
0.9275 0.4866 0.1221
0.9443 1.2447 0.1273
0.9265 0.5732 0.1757
0.9269 -0.8380 0.1768
0.9376 -0.1605 0.1208
0.9289 1.1993 0.1320
0.9277 1.1503 0.1698
0.9317 -0.1170 0.1087
0.9307 -0.0897 0.1215
0.9384 1.2996 0.1702
0.9515 -0.0783 0.1309
0.9790 0.2081 0.1498
0.9460 0.9387 0.3594
0.9474 0.2445 0.1499
0.9535 0.4659 0.1356
0.9549 -0.9301 0.1260
0.9641 -0.9072 0.1253
0.9533 0.2825 0.1407
0.9607 0.1407 0.1845
0.9616 0.3907 0.1362
0.9620 -1.1244 0.2429
0.9725 -0.2596 0.2203
0.9760 -0.9495 0.1288
0.9729 -0.0998 0.1218
0.9755 0.3366 0.1275
1.0116 0.3246 0.1171
0.9963 1.1168 0.1975
1.0081 -0.5914 0.2854
0.9982 0.4742 0.1431
1.0090 -0.9411 0.1354
1.0169 1.1890 0.1513
1.0089 1.2545 0.1533
1.0413 -1.1827 0.3203
1.0242 0.3484 0.1213
1.0190 0.7364 0.3411
1.0380 0.2694 0.1277
1.0319 -0.9133 0.1324
1.0247 -0.1200 0.1440
1.0388 0.3989 0.1298
1.0336 1.2351 0.1547
1.0429 -1.1554 0.2901
1.0446 -0.8631 0.1513
1.0424 -0.1813 0.1867
1.0518 -0.1116 0.1550
1.0572 -0.8929 0.1458
1.0505 0.5336 0.1713
1.0581 0.2443 0.1494
1.0660 0.4364 0.1422
1.0682 0.4556 0.1428
1.0806 1.1033 0.2218
1.0735 0.3251 0.1260
1.0770 0.5569 0.1963
1.0918 0.2911 0.1359
1.0874 1.1982 0.1657
1.0864 0.0044 0.2215
1.0993 -0.8689 0.1870
1.1018 -0.0864 0.1747
1.1036 1.2943 0.2084
1.1025 -0.0243 0.2005
1.1079 0.5254 0.1863
1.1102 0.8305 0.4038
1.1253 -1.1358 0.3317
1.1249 -0.8441 0.2131
1.1631 0.2553 0.1548
1.1334 0.3932 0.1525
1.1422 0.3104 0.1379
1.1338 -0.5273 0.3152
1.1449 1.2030 0.1701
1.1652 0.3880 0.1584
1.1637 1.1730 0.1745
1.1833 -0.7248 0.2270
1.1651 0.1231 0.2376
1.1712 0.1809 0.1914
1.1857 -0.1355 0.2698
1.1814 -0.6346 0.2316
1.1912 0.7323 0.3449
1.1946 -0.0771 0.2615
1.1933 0.6135 0.2711
1.2072 0.1747 0.1977
1.2108 -0.6811 0.2200
1.2105 0.3378 0.1266
1.2104 1.3039 0.1914
1.2156 0.3052 0.1326
1.2214 -0.7214 0.2254
1.2497 1.2289 0.1189
1.2504 1.1137 0.1509
1.2540 1.2618 0.1371
1.2543 1.1802 0.1177
1.2559 0.3159 0.1309
1.2583 0.3661 0.1388
1.2719 0.3265 0.1300
1.2808 1.0643 0.1694
1.2753 -0.6599 0.2240
1.2857 1.1879 0.0989
1.2820 -0.8978 0.3058
1.2911 1.2553 0.1299
1.2923 0.5118 0.2353
1.3005 0.1708 0.2329
1.3096 0.3346 0.1375
1.2998 1.2075 0.0993
1.3145 -1.1373 0.4677
1.3091 1.0384 0.1956
1.3215 -0.6246 0.2309
1.3407 0.2169 0.2241
1.3167 1.1101 0.1218
1.3198 1.2146 0.1078
1.3232 -0.9407 0.3515
1.3329 -0.5447 0.2405
1.3342 1.1647 0.1068
1.3421 0.5009 0.2271
1.3344 0.6218 0.3231
1.3463 -0.4294 0.3561
1.3503 0.3837 0.1700
1.3531 -0.4788 0.2987
1.3560 1.1778 0.1207
1.3629 1.1104 0.1415
1.3648 0.3333 0.1752
1.3731 -0.5227 0.2816
1.3806 0.3640 0.1929
1.3870 -0.9212 0.3994
1.3855 1.1423 0.1548
1.3869 0.5388 0.2798
