points 
 2 
 1 
Tumour[19065]CD810NNCodensity
-1.0285 -1.3679 0.2460
-1.0192 -0.5442 0.5249
-1.0150 0.4874 0.1703
-1.0285 0.5080 0.1774
-1.0267 0.7079 0.1659
-1.0204 0.7486 0.1483
-1.0278 0.8118 0.1590
-1.0286 0.8680 0.1708
-0.9938 0.8874 0.1458
-1.0258 0.9400 0.2053
-1.0211 -1.3141 0.2297
-1.0089 -0.8945 0.3776
-0.9963 -0.8270 0.3696
-0.9934 0.4575 0.1795
-0.9956 0.6449 0.1637
-0.9869 0.5036 0.1448
-0.9581 0.7212 0.1174
-0.9797 -0.0423 0.3984
-0.9757 -1.3097 0.1865
-0.9587 -0.1922 0.3960
-0.9591 0.7617 0.1103
-0.9551 -0.9569 0.3378
-0.9524 -0.9327 0.3319
-0.9469 -1.2569 0.2084
-0.9514 0.0628 0.4040
-0.9502 0.5563 0.1340
-0.9434 0.9374 0.1462
-0.9315 0.6309 0.1250
-0.9346 0.4422 0.1847
-0.9331 0.5814 0.1294
-0.9294 0.7575 0.0994
-0.9324 0.8150 0.1131
-0.9290 -1.4016 0.1926
-0.9218 -0.9681 0.3351
-0.9188 0.7869 0.0987
-0.9189 0.9541 0.1510
-0.9122 -1.3618 0.1689
-0.9114 -1.2265 0.2418
-0.9036 -1.4102 0.2015
-0.9049 0.7287 0.1040
-0.9050 0.8791 0.1112
-0.9022 0.8988 0.1126
-0.8915 0.8296 0.1024
-0.8896 0.6183 0.1120
-0.8935 0.6881 0.1166
-0.8877 0.4733 0.1745
-0.8749 -1.2875 0.1988
-0.8715 0.5663 0.1241
-0.8793 0.5848 0.1150
-0.8692 0.7710 0.1059
-0.8635 -0.7379 0.3508
-0.8611 0.8517 0.0993
-0.8560 0.7906 0.1112
-0.8507 0.6754 0.1135
-0.8463 -0.2212 0.2992
-0.8443 0.9131 0.0994
-0.8432 -1.4133 0.2332
-0.8390 0.7377 0.1165
-0.8379 0.1889 0.3290
-0.8292 0.6578 0.1119
-0.8284 0.5579 0.1422
-0.8286 0.8727 0.0981
-0.8280 0.9618 0.1285
-0.8123 0.8965 0.0915
-0.8031 0.9254 0.0921
-0.8133 0.1083 0.3087
-0.8101 0.8644 0.1039
-0.8035 0.6689 0.1138
-0.7930 0.6068 0.1306
-0.7896 -0.3777 0.2899
-0.7855 -0.2099 0.2673
-0.7748 0.7653 0.1329
-0.7762 0.6972 0.1111
-0.7731 0.9603 0.1094
-0.7662 0.4842 0.1817
-0.7593 0.1528 0.2740
-0.7581 0.6806 0.1111
-0.7520 0.9232 0.0950
-0.7474 0.8798 0.1013
-0.7538 -0.4437 0.3033
-0.7522 0.8100 0.1352
-0.7466 0.5350 0.1330
-0.7378 0.9449 0.1059
-0.7165 0.8517 0.1224
-0.7325 -0.3792 0.2627
-0.7296 0.7608 0.1377
-0.7320 0.8942 0.1023
-0.7277 0.9777 0.1370
-0.7259 -0.7231 0.3692
-0.7227 -0.4892 0.3103
-0.7241 -0.1121 0.2415
-0.7271 -1.3260 0.2231
-0.7179 0.5829 0.1008
-0.7101 0.6980 0.1201
-0.7005 0.6124 0.1006
-0.7082 0.6287 0.1032
-0.7157 0.6460 0.1059
-0.7033 -0.0813 0.2342
-0.7068 0.5339 0.1115
-0.7002 -1.3104 0.2208
-0.6975 -0.7440 0.3608
-0.7003 0.2933 0.2397
-0.6848 -1.4883 0.3111
-0.6822 -1.3254 0.2151
-0.6835 -1.0108 0.3968
-0.6743 0.7375 0.1482
-0.6710 0.9055 0.1051
-0.6795 -0.1417 0.2183
-0.6592 0.8621 0.1204
-0.6691 0.5582 0.0925
-0.6621 0.2859 0.2132
-0.6662 -0.7874 0.3599
-0.6598 0.6034 0.0967
-0.6520 0.4930 0.1372
-0.6561 0.2255 0.2115
-0.6449 0.9346 0.1204
-0.6518 -1.1548 0.3245
-0.6443 0.5628 0.0999
-0.6306 0.9069 0.1140
-0.6453 0.5423 0.1038
-0.6287 -1.3300 0.2256
-0.6343 0.6588 0.1143
-0.6057 0.5665 0.1261
-0.6112 0.9294 0.1323
-0.6149 -0.3379 0.2461
-0.5861 0.8502 0.1431
-0.6037 -0.2014 0.2147
-0.6081 0.2962 0.2002
-0.6050 0.7290 0.1312
-0.6003 -1.3344 0.2299
-0.6015 0.6709 0.1176
-0.6052 0.8878 0.1248
-0.5977 0.4392 0.1819
-0.6018 0.6480 0.1217
-0.5959 0.0497 0.2228
-0.5963 -0.3461 0.2365
-0.5802 -0.0670 0.1797
-0.5783 0.6871 0.1205
-0.5748 0.5070 0.1495
-0.5691 0.9954 0.2217
-0.5633 -0.0996 0.1792
-0.5599 0.2544 0.1872
-0.5676 0.7352 0.1313
-0.5530 0.1500 0.1787
-0.5480 -1.0853 0.3926
-0.5443 0.3979 0.1886
-0.5410 0.0077 0.1867
-0.5348 -1.3854 0.2467
-0.5323 -0.1170 0.1806
-0.5189 0.8276 0.1475
-0.5287 0.7126 0.1367
-0.5233 0.2321 0.1951
-0.5133 -1.4518 0.2495
-0.5142 0.0476 0.1863
-0.5120 -0.2162 0.1988
-0.4998 0.1299 0.1803
-0.5059 -0.4766 0.1920
-0.5011 0.7345 0.1422
-0.5008 0.4783 0.1347
-0.5027 0.8545 0.1566
-0.5000 -0.4432 0.1847
-0.4834 0.8059 0.1448
-0.4800 -0.0898 0.1856
-0.4855 -0.9326 0.4021
-0.4783 -0.8134 0.3500
-0.4766 0.4377 0.1429
-0.4795 0.5107 0.1197
-0.4777 0.5719 0.1272
-0.4659 -0.6030 0.2013
-0.4685 0.1740 0.2086
-0.4692 0.6489 0.1499
-0.4646 0.8507 0.1569
-0.4675 -0.4855 0.1725
-0.4645 0.1324 0.1920
-0.4539 0.4572 0.1307
-0.4568 -0.3894 0.1668
-0.4504 -0.2207 0.1627
-0.4429 0.5726 0.1088
-0.4409 0.5933 0.1181
-0.4356 -1.4844 0.2123
-0.4316 -0.5925 0.1803
-0.4291 -0.3325 0.1551
-0.4314 0.5214 0.1062
-0.4258 -0.4950 0.1703
-0.4320 -0.3485 0.1592
-0.4220 -0.6344 0.2050
-0.4105 0.9019 0.1520
-0.4197 0.5727 0.1080
-0.4137 0.7486 0.1653
-0.4096 0.3984 0.1712
-0.4038 0.7209 0.1711
-0.4014 -0.1554 0.1561
-0.3966 0.4570 0.1387
-0.3989 0.6923 0.1711
-0.3966 0.9379 0.1624
-0.3877 -0.6338 0.2066
-0.3932 -0.2801 0.1432
-0.3801 -0.3240 0.1405
-0.3895 -0.2414 0.1423
-0.3905 -0.0024 0.2326
-0.3928 0.5403 0.1112
-0.3761 -1.3427 0.2576
-0.3679 -1.4964 0.1795
-0.3713 0.9309 0.1467
-0.3727 -0.1600 0.1587
-0.3628 -1.4685 0.1644
-0.3577 -0.1401 0.1702
-0.3603 -0.1858 0.1578
-0.3627 0.5535 0.1271
-0.3444 -0.6556 0.2165
-0.3266 -0.3363 0.1286
-0.3391 -1.4462 0.1660
-0.3500 -0.4901 0.1886
-0.3433 0.9113 0.1374
-0.3386 0.8836 0.1465
-0.3353 0.3995 0.1851
-0.3290 0.5429 0.1458
-0.3224 0.0577 0.2885
-0.3096 0.5704 0.1612
-0.3106 0.9423 0.1368
-0.3163 0.4311 0.1775
-0.3178 -1.4982 0.1901
-0.3143 -0.4407 0.1557
-0.3102 -1.4244 0.1895
-0.3085 0.7664 0.2201
-0.2903 -1.0019 0.4274
-0.2914 0.8198 0.1999
-0.2749 -0.3935 0.1236
-0.2836 -0.3597 0.1130
-0.2786 -0.2989 0.1301
-0.2873 -0.0558 0.2604
-0.2790 -0.4560 0.1480
-0.2800 0.3924 0.2135
-0.2827 0.9834 0.1510
-0.2814 0.2018 0.3231
-0.2673 -1.4809 0.2246
-0.2608 -0.3345 0.1186
-0.2568 -0.3130 0.1276
-0.2472 -0.5007 0.1693
-0.2528 0.5834 0.1702
-0.2322 -0.3225 0.1393
-0.2375 0.9949 0.1663
-0.2338 -0.6878 0.2033
-0.2339 0.9608 0.1492
-0.2289 -0.2118 0.2120
-0.2231 0.3324 0.2639
-0.2136 0.5552 0.1596
-0.2130 -0.8086 0.2251
-0.2139 -0.7236 0.1913
-0.2072 0.8983 0.1826
-0.2032 -0.4123 0.1508
-0.2018 -0.6926 0.1897
-0.1997 -1.4650 0.3136
-0.1979 0.6281 0.1822
-0.1821 0.9662 0.1949
-0.1816 -0.7195 0.1844
-0.1796 -0.4541 0.1568
-0.1792 0.5100 0.1804
-0.1772 0.9933 0.2156
-0.1689 -0.4987 0.1682
-0.1632 -0.8248 0.2136
-0.1597 0.6681 0.2029
-0.1548 0.7644 0.2481
-0.1361 -0.9524 0.3365
-0.1469 0.3091 0.2932
-0.1494 -0.2118 0.2829
-0.1423 0.5576 0.1734
-0.1335 -0.5424 0.1987
-0.1025 -0.3880 0.2333
-0.1313 0.7337 0.2435
-0.1164 -0.4949 0.1838
-0.1173 0.4985 0.2023
-0.1116 0.5219 0.1959
-0.0789 -0.7480 0.2054
-0.0697 -0.5827 0.2334
-0.0690 -0.0099 0.4435
-0.0570 -0.7740 0.2214
-0.0216 0.4905 0.2660
-0.0198 0.7006 0.3193
0.0049 -0.4836 0.2329
0.0135 -0.7997 0.2726
0.0133 -0.8270 0.2860
0.0207 0.2637 0.2948
0.0211 0.3899 0.2670
0.0243 0.3564 0.2670
0.0336 0.9855 0.2369
0.0412 0.9609 0.2319
0.0460 -0.3001 0.3560
0.0596 -0.5690 0.2252
0.0613 -0.4942 0.2404
0.0858 -1.2963 0.4062
0.1131 0.9458 0.1787
0.1120 0.9974 0.1882
0.1252 0.3044 0.2792
0.1304 -0.6756 0.2320
0.1346 -0.6472 0.2096
0.1412 -0.4225 0.2315
0.1416 0.9297 0.1748
0.1386 0.9950 0.1747
0.1413 0.0825 0.2832
0.1586 -1.1800 0.3790
0.1594 -1.3759 0.3677
0.1703 0.9832 0.1694
0.1749 0.2867 0.2847
0.1853 0.0064 0.2475
0.1822 -0.6225 0.1734
0.1973 -0.3202 0.2825
0.1983 0.1808 0.2566
0.2081 -0.6428 0.1856
0.2138 -0.5054 0.1544
0.2134 0.9730 0.1876
0.2333 -0.5529 0.1416
0.2292 0.2917 0.3120
0.2324 -1.4074 0.3450
0.2472 -0.4821 0.1537
0.2475 -0.0048 0.1982
0.2563 -0.5416 0.1364
0.2606 -1.1530 0.3441
0.2615 -0.0319 0.1934
0.2568 -1.3557 0.3129
0.2781 -0.4396 0.1772
0.2824 -1.4230 0.3512
0.2990 -0.6088 0.1910
0.2860 -0.1609 0.2071
0.3069 -0.5281 0.1542
0.2971 -0.4782 0.1599
0.2972 0.0807 0.2136
0.2962 0.9323 0.2190
0.3094 0.9035 0.2217
0.3089 0.8604 0.2377
0.3192 0.0728 0.2123
0.3279 -0.9390 0.4100
0.3428 -0.1163 0.1707
0.3431 -0.2409 0.2105
0.3497 -0.8427 0.3494
0.3505 -0.1628 0.1771
0.3541 0.0670 0.2213
0.3657 -0.3499 0.2555
0.3703 0.7639 0.2886
0.3624 -1.2057 0.3253
0.3667 -0.1104 0.1715
0.3843 -0.0848 0.1894
0.3839 0.6838 0.3422
0.3873 0.8734 0.2453
0.3986 -0.5270 0.2359
0.4036 -0.1470 0.1913
0.4152 -1.1920 0.3363
0.4094 0.6467 0.3736
0.4216 -0.7224 0.2458
0.4211 -0.3138 0.2677
0.4309 -0.6886 0.2289
0.4580 -0.6315 0.2312
0.4630 0.1566 0.3298
0.4740 0.1248 0.3116
0.4738 0.9681 0.2607
0.5111 -1.0821 0.3140
0.5105 -0.2016 0.2887
0.5160 -0.7663 0.2594
0.5112 0.9723 0.2627
0.5394 -0.6618 0.2327
0.5395 0.9935 0.2716
0.5364 -1.4976 0.4433
0.5405 -0.3955 0.3089
0.5541 0.0759 0.3494
0.5573 -1.1995 0.3324
0.5681 -0.7412 0.2422
0.5700 0.6622 0.3415
0.5907 0.9546 0.2336
0.5904 -1.4619 0.4197
0.5955 -0.5662 0.2717
0.6175 0.8459 0.2436
0.6352 -1.1687 0.3234
0.6513 -1.0498 0.2993
0.6396 0.7979 0.2636
0.6434 -1.0198 0.3059
0.6505 -1.4851 0.4590
0.6645 -0.3267 0.2791
0.6787 -0.7512 0.2779
0.6837 0.4778 0.4272
0.6943 -0.5238 0.2823
0.7013 -0.3461 0.2660
0.7042 -1.0520 0.2933
0.7042 0.7095 0.2869
0.7102 -0.1334 0.3407
0.7100 0.0366 0.4564
0.7159 -0.4894 0.2785
0.7256 -0.7733 0.3065
0.7250 0.8564 0.2185
0.7325 0.9071 0.1973
0.7317 -0.6326 0.2883
0.7290 0.9954 0.2305
0.7768 -0.7968 0.3418
0.7826 0.9409 0.1789
0.7982 0.9815 0.1895
0.8022 -0.1695 0.2929
0.8036 0.5806 0.2398
0.8103 -0.3883 0.2831
0.8188 -0.3190 0.2552
0.8225 -1.3991 0.4552
0.8309 -1.0777 0.2941
0.8427 0.9641 0.1712
0.8510 -1.4918 0.5321
0.8638 -0.2933 0.2622
0.8787 0.5913 0.1710
0.8876 0.6578 0.1479
0.8943 0.7089 0.1707
0.8968 -1.0409 0.2687
0.9028 0.6203 0.1416
0.8988 0.7767 0.1969
0.9052 -0.2045 0.2955
0.8989 0.9270 0.1545
0.9012 0.9219 0.1541
0.9244 0.8830 0.1629
0.9263 0.5697 0.1685
0.9255 0.9681 0.1690
0.9251 0.6606 0.1363
0.9338 -1.0899 0.2551
0.9498 -0.8772 0.2653
0.9514 -0.1875 0.3327
0.9642 -0.6093 0.4109
0.9713 -1.1301 0.2635
0.9720 0.7576 0.1725
0.9803 0.6277 0.1399
0.9969 0.8790 0.1606
1.0133 0.6153 0.1506
1.0120 0.7937 0.1846
1.0206 -0.9145 0.2012
1.0199 0.9302 0.1489
1.0336 0.6307 0.1557
1.0326 0.7413 0.1826
1.0299 -0.8403 0.2076
1.0391 0.9515 0.1530
1.0498 -0.2250 0.3667
1.0584 -1.1041 0.2206
1.0663 0.9668 0.1559
1.0678 0.6151 0.1754
1.0758 -0.8570 0.1679
1.0921 0.9102 0.1531
1.0931 -1.0057 0.1863
1.0969 0.6150 0.1902
1.0961 0.7649 0.2277
1.1023 -0.4238 0.3708
1.1025 0.9659 0.1446
1.1014 -0.8418 0.1717
1.1096 -0.9833 0.1763
1.1127 -0.6449 0.3672
1.1169 -1.0798 0.1974
1.1205 -0.8215 0.1922
1.1355 -1.1344 0.2363
1.1411 0.9927 0.1551
1.1335 -1.3662 0.4510
1.1518 0.5685 0.2317
1.1533 -0.4067 0.3505
1.1718 -0.8921 0.1617
1.1790 0.9110 0.1415
1.1895 -0.9064 0.1589
1.2025 0.9940 0.1656
1.1945 -1.0094 0.1655
1.2080 0.8935 0.1453
1.2063 0.5127 0.2919
1.2101 0.9242 0.1337
1.2210 -1.0010 0.1678
1.2325 -0.8749 0.1883
1.2334 0.9768 0.1577
1.2455 -0.9879 0.1718
1.2513 0.5914 0.2749
1.2714 0.9094 0.1373
1.2701 -0.4193 0.3627
1.2717 0.8335 0.1761
1.2843 -1.4200 0.4642
1.2743 -1.0912 0.2170
1.3101 0.8902 0.1479
1.2990 -0.2376 0.4289
1.3118 -0.9089 0.1861
1.3225 0.6034 0.3089
1.3269 -0.4608 0.4120
1.3273 0.8248 0.1796
1.3296 -1.0900 0.2138
1.3438 0.9454 0.1842
1.3574 -0.9108 0.1876
1.3545 0.5635 0.3553
1.3658 0.8434 0.1787
1.3619 -1.2259 0.2759
1.3685 -0.2933 0.4472
1.3722 -1.2133 0.2690
1.3949 0.9672 0.2428
1.3977 -0.9899 0.1810
1.4023 -0.3418 0.4749
1.4033 -0.8772 0.2368
1.4076 -1.0472 0.2143
1.4285 -1.3206 0.3843
1.4270 -0.9679 0.2000
1.4307 0.8033 0.2531
1.4410 -1.2064 0.2946
1.4488 -0.9554 0.2270
1.4605 0.8164 0.2815
