points 
 2 
 1 
Tumour[19065]FoxP310NNCodensity
-1.0718 -0.9962 0.4857
-1.0702 -1.0401 0.5077
-1.0679 0.7431 0.2620
-1.0596 0.7206 0.2421
-1.0475 0.7756 0.2647
-1.0434 -0.6863 0.3458
-1.0341 -0.5966 0.2882
-1.0248 -0.5011 0.2685
-1.0190 -0.4786 0.2730
-0.9896 -0.7016 0.3244
-0.9901 -0.5738 0.2537
-0.9901 0.6657 0.1780
-0.9863 1.2201 0.6325
-0.9794 -1.1108 0.4947
-0.9759 -0.2078 0.2990
-0.9745 0.5333 0.2186
-0.9514 -0.9630 0.3974
-0.9454 -0.3319 0.2283
-0.9405 0.6104 0.1408
-0.9350 0.5814 0.1489
-0.9268 0.3765 0.3883
-0.9200 0.6084 0.1306
-0.9152 1.0083 0.4041
-0.9157 0.7169 0.1632
-0.9130 -0.2543 0.2111
-0.9010 -0.3298 0.2091
-0.8926 0.8757 0.2756
-0.8794 -0.2558 0.1951
-0.8773 0.6380 0.1254
-0.8683 0.5348 0.1900
-0.8638 -0.3778 0.2332
-0.8606 0.6116 0.1364
-0.8602 -0.5528 0.2421
-0.8540 0.7243 0.1488
-0.8344 0.7248 0.1513
-0.8336 0.7575 0.1745
-0.8310 -0.1876 0.2327
-0.8265 0.6892 0.1436
-0.8080 0.6349 0.1636
-0.7875 -0.5738 0.1953
-0.7822 -0.1587 0.2334
-0.7654 -0.3466 0.2265
-0.7635 0.9603 0.3095
-0.7568 -0.5904 0.1773
-0.7512 -0.5747 0.1713
-0.7432 -0.6137 0.1819
-0.7418 -0.3333 0.2260
-0.7374 0.5475 0.2574
-0.7227 0.8744 0.2738
-0.7180 0.0876 0.3657
-0.7169 -0.1328 0.2012
-0.7148 0.7793 0.2460
-0.6990 -0.8182 0.2654
-0.6912 -0.9444 0.2534
-0.6941 -0.9045 0.2461
-0.6880 -1.0838 0.3727
-0.6856 -0.6271 0.1933
-0.6846 0.6854 0.2632
-0.6777 -0.0668 0.1849
-0.6702 -0.2931 0.2247
-0.6652 -0.5237 0.1772
-0.6580 0.9445 0.3480
-0.6543 1.1768 0.3414
-0.6511 -0.8767 0.2423
-0.6499 -0.0804 0.1598
-0.6512 0.3683 0.3646
-0.6459 -0.9462 0.2323
-0.6415 -0.4574 0.2080
-0.6371 1.1140 0.3494
-0.6355 -0.5533 0.1794
-0.6295 -0.0743 0.1533
-0.6313 -0.1377 0.1593
-0.6271 0.4545 0.3121
-0.6276 -0.3888 0.2036
-0.6159 -0.9511 0.2315
-0.6124 -0.5762 0.1956
-0.6009 1.3352 0.3673
-0.5941 0.5304 0.3172
-0.5788 -0.8479 0.2778
-0.5787 -0.3375 0.2090
-0.5674 -0.3892 0.2109
-0.5670 -0.1471 0.1508
-0.5644 -0.0952 0.1395
-0.5532 -0.2149 0.1944
-0.5408 -0.0287 0.1852
-0.5441 0.4094 0.3749
-0.5335 1.2928 0.3063
-0.5170 0.3103 0.3942
-0.5146 -0.6023 0.3014
-0.5142 -0.1365 0.1588
-0.5131 1.3338 0.3341
-0.5044 -0.0604 0.1792
-0.4957 1.3047 0.3139
-0.4905 -0.2532 0.2212
-0.4759 -0.4946 0.2813
-0.4763 0.0759 0.3065
-0.4777 0.6565 0.4482
-0.4744 -0.3652 0.2684
-0.4639 -0.1370 0.1781
-0.4530 1.2633 0.3181
-0.4469 1.2752 0.3220
-0.3941 -1.0071 0.2058
-0.3903 -0.9721 0.2230
-0.3816 -1.0720 0.2265
-0.3834 -0.9958 0.2075
-0.3784 -0.1745 0.2262
-0.3778 -0.0699 0.2259
-0.3616 -1.0149 0.2028
-0.3274 0.1325 0.3201
-0.3225 -1.0698 0.2095
-0.3161 -1.0614 0.2078
-0.3181 -0.1260 0.2687
-0.3156 -0.2046 0.2877
-0.3165 0.0097 0.2830
-0.2615 -1.1008 0.2650
-0.2505 0.1336 0.3024
-0.2398 0.3239 0.3861
-0.2220 0.6267 0.4554
-0.2182 0.2422 0.3303
-0.1859 1.3352 0.5695
-0.1570 -0.3663 0.3861
-0.1249 0.0909 0.2857
-0.1096 -1.0834 0.4229
-0.1123 -0.2512 0.3621
-0.1109 -1.0603 0.4161
-0.1084 0.4075 0.3824
-0.1024 1.1142 0.5928
-0.0882 0.0120 0.2862
-0.0835 1.1222 0.5955
-0.0627 -0.4730 0.3558
-0.0466 0.2974 0.3854
-0.0301 0.0708 0.2895
-0.0328 0.6489 0.2703
-0.0282 0.0082 0.2818
-0.0133 -0.3893 0.3074
0.0005 -0.1177 0.3143
0.0059 0.6989 0.2504
0.0116 0.5642 0.2412
0.0247 0.5594 0.2358
0.0476 -0.5603 0.3196
0.0513 -0.3891 0.2880
0.0558 0.7007 0.2174
0.0591 -0.0183 0.2843
0.1064 0.7039 0.2102
0.1274 -0.0326 0.3030
0.1407 -0.5166 0.2517
0.1467 0.8285 0.3119
0.1533 -0.3477 0.3017
0.1533 0.5805 0.1757
0.1659 0.5109 0.1962
0.1718 -0.1477 0.3352
0.1893 0.8212 0.3136
0.1889 0.5967 0.1629
0.2082 0.6985 0.2139
0.2137 0.5199 0.1780
0.2219 0.3077 0.2093
0.2233 0.4908 0.1899
0.2277 -0.5211 0.2186
0.2383 -0.5917 0.2373
0.2425 0.6398 0.1905
0.2466 -0.4524 0.2388
0.2507 -0.6090 0.2492
0.2473 0.0439 0.2943
0.2576 0.3106 0.1688
0.2600 0.3426 0.1713
0.2696 0.6035 0.1881
0.2750 0.5453 0.1917
0.2843 -0.3520 0.3251
0.3000 0.2722 0.1470
0.3106 0.3798 0.1765
0.3148 -0.6823 0.3291
0.3149 -0.6077 0.2690
0.3274 0.2933 0.1399
0.3321 -0.0799 0.2623
0.3332 1.0743 0.5876
0.3391 0.2471 0.1510
0.3392 -0.4474 0.2995
0.3695 0.2638 0.1563
0.3728 0.1875 0.1624
0.3762 -0.1358 0.2855
0.3829 1.0250 0.5503
0.3854 0.1336 0.1694
0.3895 0.4168 0.2250
0.4063 -0.9908 0.4931
0.4062 0.1311 0.1628
0.4149 0.1100 0.1642
0.4136 0.3672 0.2033
0.4170 -0.0231 0.1821
0.4224 0.6480 0.3484
0.4256 0.2132 0.1748
0.4281 0.0164 0.1646
0.4390 0.0232 0.1613
0.4747 0.4426 0.2580
0.4832 -0.7438 0.3356
0.5004 -0.0438 0.1817
0.5050 -0.9727 0.3931
0.5076 0.0208 0.1641
0.5362 0.1554 0.2270
0.5509 0.3825 0.2470
0.5592 0.0368 0.1729
0.5620 -0.0614 0.1947
0.5763 0.4722 0.2178
0.5814 -0.1290 0.2512
0.5879 1.2905 0.7928
0.6109 0.0785 0.2142
0.6194 -0.4292 0.4091
0.6256 -0.6694 0.2673
0.6267 0.6295 0.2621
0.6356 -0.7342 0.2375
0.6381 -0.1570 0.2667
0.6409 0.0187 0.2120
0.6470 0.4651 0.1884
0.6473 0.6844 0.2943
0.6509 -0.3298 0.3771
0.6482 0.0957 0.2574
0.6525 -0.5882 0.3193
0.6577 -0.8671 0.2570
0.6624 0.7489 0.3468
0.6662 -0.8007 0.2309
0.6661 0.4983 0.1891
0.6704 0.4480 0.1968
0.6713 -0.7747 0.2315
0.6800 0.8766 0.4949
0.6824 -0.8934 0.2845
0.6807 0.4193 0.2227
0.6868 -0.5567 0.3457
0.6998 -0.8971 0.3011
0.7394 -0.0771 0.2650
0.7391 0.5488 0.2137
0.7605 0.5183 0.2185
0.7761 -0.1173 0.2939
0.8233 -0.1541 0.3196
0.8372 1.2553 0.7326
0.8663 0.6432 0.3242
0.8701 -0.2292 0.3260
0.8705 0.5362 0.3084
0.8999 0.6184 0.3464
0.9393 -0.3359 0.2888
0.9402 -0.4179 0.2915
0.9550 0.2805 0.5588
1.0079 -0.7547 0.3775
1.0119 -0.2968 0.2620
1.0567 1.1551 0.6683
1.0597 -0.4404 0.1950
1.0744 0.7954 0.5401
1.0779 -1.0892 0.6812
1.0825 -0.7475 0.3066
1.0907 1.1881 0.7149
1.0901 -0.4676 0.1775
1.0919 -0.5415 0.1902
1.1239 -0.3114 0.2266
1.1226 -0.6326 0.2186
1.1293 -0.5630 0.1856
1.1363 -0.4704 0.1680
1.1361 -0.4233 0.1743
1.1453 -0.5670 0.1879
1.1530 -0.7653 0.2952
1.1554 -0.2704 0.2741
1.1978 -0.3774 0.1990
1.2113 0.8786 0.6442
1.2270 -0.3756 0.2156
1.2383 -0.6106 0.2403
1.2906 -0.4449 0.2467
1.3130 -0.7367 0.3039
1.3263 -0.8500 0.4243
1.3271 -0.5846 0.2563
1.3283 0.8392 0.7830
1.3399 -0.4502 0.2811
1.4160 -0.6069 0.3276
1.4185 -0.6410 0.3346
