points 
 2 
 1 
Tumour[19065]CD810NNCodensity
-1.5820 0.6115 0.4184
-1.5807 0.6526 0.4434
-1.5695 -0.0766 0.6131
-1.5500 0.3268 0.3597
-1.5411 0.8103 0.4191
-1.5160 1.0633 0.2182
-1.5187 0.2925 0.3554
-1.5173 0.9532 0.2931
-1.5204 1.1550 0.2388
-1.5169 1.1598 0.2393
-1.5021 0.4980 0.3448
-1.4476 0.0631 0.4370
-1.4494 1.0565 0.1773
-1.4299 1.0099 0.2133
-1.4220 1.0940 0.1677
-1.4182 0.3223 0.3189
-1.4195 1.1325 0.1789
-1.4168 0.3593 0.3126
-1.3958 -0.7752 0.4505
-1.3886 0.4951 0.3500
-1.3840 -0.6938 0.4099
-1.3782 -0.8749 0.5245
-1.3793 0.1083 0.4230
-1.3718 -0.7395 0.4080
-1.3641 1.1500 0.2036
-1.3292 -0.5988 0.4070
-1.3218 0.4470 0.3730
-1.3146 -0.0471 0.5074
-1.3121 1.1069 0.1830
-1.3020 -0.6913 0.3689
-1.2736 0.9590 0.2515
-1.2763 1.0945 0.1790
-1.2381 0.9427 0.2749
-1.2373 1.0781 0.1795
-1.2316 -0.1929 0.4925
-1.2243 -0.2212 0.5027
-1.2229 1.0164 0.2060
-1.1968 -0.6580 0.3794
-1.1889 1.1463 0.2118
-1.1818 1.1468 0.2153
-1.1348 -0.7499 0.4161
-1.1219 0.3764 0.3578
-1.1178 1.1577 0.2805
-1.0692 1.0515 0.2850
-1.0065 0.5169 0.2107
-1.0113 0.5684 0.2348
-0.9787 -1.3328 0.5564
-0.9823 0.4122 0.2054
-0.9675 -1.2452 0.5076
-0.9679 0.6050 0.2214
-0.9665 0.5996 0.2180
-0.9486 0.9803 0.2496
-0.9392 0.5478 0.1888
-0.9496 0.7835 0.2627
-0.9203 -0.2697 0.2782
-0.9101 0.8357 0.2216
-0.9103 -0.5751 0.2970
-0.9044 -0.2118 0.2756
-0.9060 0.4821 0.1841
-0.9149 0.7908 0.2449
-0.9105 0.3519 0.1771
-0.9070 0.3570 0.1728
-0.8941 -0.3151 0.2610
-0.8932 0.2729 0.2487
-0.8932 0.3289 0.1934
-0.8874 0.3759 0.1661
-0.8779 -0.1574 0.2943
-0.8724 -0.1161 0.3248
-0.8588 0.8537 0.2021
-0.8570 -0.6090 0.2696
-0.8651 1.0325 0.1986
-0.8592 1.0253 0.1951
-0.8622 1.0317 0.1969
-0.8395 -0.3925 0.2639
-0.8376 0.8240 0.2216
-0.8290 -1.1709 0.4189
-0.8291 -0.6074 0.2580
-0.8258 -0.2952 0.2422
-0.8274 0.4856 0.1752
-0.8091 -0.6549 0.3048
-0.8052 1.1148 0.2317
-0.7981 -0.6324 0.2835
-0.7971 0.4610 0.1784
-0.7772 0.9558 0.2254
-0.7720 0.5093 0.1485
-0.7686 1.1585 0.2636
-0.7609 -1.3097 0.4060
-0.7584 0.8937 0.2502
-0.7495 -0.5232 0.2530
-0.7598 0.4561 0.1869
-0.7540 0.5628 0.1266
-0.7493 0.6150 0.1328
-0.7443 0.6246 0.1348
-0.7307 0.5839 0.1268
-0.7401 1.1117 0.2263
-0.7299 -0.3892 0.3054
-0.7368 -0.1847 0.3204
-0.7367 0.1731 0.2956
-0.7378 0.1972 0.2888
-0.7201 -0.4912 0.2778
-0.7206 0.6243 0.1330
-0.7155 -1.2769 0.3774
-0.7062 0.6106 0.1343
-0.6946 0.7102 0.2122
-0.6896 -1.2202 0.3783
-0.6914 -0.0255 0.3700
-0.6761 0.7262 0.2304
-0.6783 -1.2901 0.3902
-0.6714 0.1687 0.2744
-0.6669 0.5254 0.1846
-0.6362 -1.1918 0.4185
-0.6371 0.2752 0.2944
-0.6321 -1.3331 0.4485
-0.6239 1.1307 0.2394
-0.6185 0.4331 0.2940
-0.6108 1.1075 0.2233
-0.6026 0.9945 0.1802
-0.5946 0.9590 0.1726
-0.5745 0.9103 0.1617
-0.5561 0.8599 0.1814
-0.5531 0.8942 0.1562
-0.5511 0.9878 0.1584
-0.5456 0.1194 0.2184
-0.5313 1.1053 0.2273
-0.5104 0.1202 0.1880
-0.5137 0.8818 0.1613
-0.5086 0.6707 0.3075
-0.4949 0.7419 0.2575
-0.4894 0.2168 0.2181
-0.4819 1.0204 0.1763
-0.4758 -0.7461 0.4683
-0.4580 0.1436 0.1474
-0.4340 0.7814 0.2562
-0.4387 1.0224 0.2018
-0.4243 0.1286 0.1345
-0.4283 0.0581 0.1658
-0.4316 0.9562 0.1762
-0.4322 0.9597 0.1763
-0.4205 -0.1874 0.3122
-0.4196 0.8929 0.2008
-0.4079 -0.2282 0.3409
-0.3933 -0.0792 0.2153
-0.3890 0.0575 0.1564
-0.3961 0.1714 0.1450
-0.3718 0.1431 0.1322
-0.3799 -0.5821 0.2731
-0.3780 -0.5220 0.2754
-0.3472 -0.0220 0.1609
-0.3364 0.1503 0.1353
-0.3344 0.0722 0.1539
-0.3198 -0.5122 0.2311
-0.3199 0.2222 0.1513
-0.3083 -0.0620 0.1556
-0.3025 -0.7110 0.3201
-0.2919 0.1896 0.1365
-0.2973 0.2810 0.2066
-0.2851 0.0012 0.1329
-0.2892 0.2394 0.1678
-0.2876 -0.4902 0.2262
-0.2643 -0.5592 0.2104
-0.2616 -0.1234 0.2092
-0.2567 0.1855 0.1514
-0.2488 -0.5783 0.2184
-0.2425 -0.0428 0.1361
-0.2361 -0.0068 0.1241
-0.2410 0.0843 0.1373
-0.2289 0.0261 0.1225
-0.2238 0.1165 0.1455
-0.2240 -0.0378 0.1394
-0.2155 0.4593 0.2840
-0.2044 -0.3004 0.2199
-0.2065 0.4982 0.2858
-0.1974 -0.4055 0.2291
-0.1923 0.8807 0.3109
-0.1869 0.7006 0.3172
-0.1868 0.8443 0.3140
-0.1842 0.0704 0.1449
-0.1824 1.0560 0.2956
-0.1770 0.0542 0.1489
-0.1597 -0.6012 0.2797
-0.1590 0.4981 0.2600
-0.1578 0.1409 0.1997
-0.1592 1.1549 0.3584
-0.1499 0.3473 0.2554
-0.1423 0.3034 0.2445
-0.1464 0.5785 0.2881
-0.1405 0.7710 0.3072
-0.1303 -0.2140 0.2040
-0.1266 -0.3691 0.1622
-0.1036 -0.3025 0.1266
-0.1063 -1.0846 0.4863
-0.1047 1.1347 0.3124
-0.0979 1.0638 0.2522
-0.0877 -0.3625 0.1444
-0.0868 -0.2455 0.1497
-0.0902 -0.6165 0.3240
-0.0678 -0.3279 0.1227
-0.0602 -0.2626 0.1304
-0.0592 -0.7938 0.3220
-0.0555 -0.3660 0.1525
-0.0512 1.0465 0.2418
-0.0507 -0.8277 0.3364
-0.0391 0.2601 0.2088
-0.0373 -1.2680 0.5628
-0.0219 -0.2980 0.1336
-0.0215 0.2025 0.2183
-0.0219 1.0258 0.2418
-0.0117 0.2330 0.2082
0.0302 0.2013 0.2386
0.0015 -0.2684 0.1603
0.0171 0.4517 0.2542
0.0331 -0.2738 0.1857
0.0381 0.4268 0.2500
0.0266 0.7567 0.2847
0.0215 0.8091 0.2486
0.0327 0.5024 0.2608
0.0719 0.2487 0.2264
0.0628 0.9412 0.2241
0.0659 0.5362 0.2644
0.0658 0.9083 0.2196
0.0797 -0.1384 0.2920
0.0917 -0.7658 0.1865
0.0989 -0.5807 0.2182
0.0959 0.8678 0.2404
0.1085 0.8297 0.2647
0.1073 0.2477 0.2311
0.1199 -1.0907 0.2668
0.1252 -0.8019 0.1862
0.1269 -0.7244 0.1482
0.1218 0.9629 0.2539
0.1366 -1.0081 0.2335
0.1466 -0.7415 0.1347
0.1453 0.4485 0.2393
0.1511 -0.6736 0.1574
0.1505 -0.2183 0.2098
0.1663 -0.5173 0.1430
0.1685 -0.4664 0.1406
0.1677 -0.3484 0.1615
0.1762 -1.0482 0.1810
0.1876 -0.4206 0.1264
0.1917 -0.7694 0.1311
0.1855 -0.5401 0.1405
0.1905 -0.4857 0.1267
0.2080 -0.3780 0.1208
0.2029 0.5731 0.2523
0.2243 -1.0759 0.1625
0.2109 -0.7365 0.1214
0.2159 -0.6280 0.1403
0.2187 -0.9999 0.1609
0.2205 0.3263 0.1894
0.2176 0.6112 0.2810
0.2324 -0.6706 0.1235
0.2358 -0.7606 0.1261
0.2310 -0.2813 0.1323
0.2426 -0.3856 0.1099
0.2471 -0.4388 0.1188
0.2483 -0.1501 0.1561
0.2478 -0.5625 0.1388
0.2488 -0.3370 0.1137
0.2532 -1.0162 0.1382
0.2542 -0.2690 0.1347
0.2610 -0.2315 0.1311
0.2591 0.3087 0.1434
0.2599 -0.5435 0.1387
0.2721 -0.4039 0.1093
0.2768 -0.6285 0.1138
0.2741 -0.3111 0.1187
0.2732 -0.1654 0.1348
0.2747 0.2647 0.1171
0.2846 0.4269 0.1763
0.2803 0.1448 0.1622
0.2755 1.0605 0.4300
0.3140 -0.9925 0.1284
0.2827 -0.7553 0.1145
0.2912 -0.7024 0.0995
0.2823 -0.6653 0.0997
0.2791 -0.4725 0.1260
0.3124 0.2756 0.0947
0.2855 -0.7834 0.1364
0.2953 -0.1018 0.1515
0.3107 0.3559 0.1480
0.2906 -1.0294 0.1202
0.2939 1.0795 0.4630
0.2990 0.2067 0.1032
0.3112 0.2302 0.0898
0.2939 0.5702 0.2157
0.3227 -1.0842 0.1355
0.3365 -0.4463 0.1221
0.3099 -0.2753 0.1344
0.3063 -0.1585 0.1205
0.3102 -0.3725 0.1235
0.3276 0.1742 0.1039
0.3174 -0.6682 0.0931
0.3258 -0.0845 0.1498
0.3195 0.4650 0.1503
0.3195 -0.6382 0.1118
0.3360 -0.3988 0.1261
0.3506 0.4244 0.1317
0.3292 -0.5005 0.1441
0.3361 -0.7730 0.1437
0.3341 -0.7189 0.1009
0.3424 -1.0551 0.1077
0.3404 -0.6801 0.0981
0.3541 0.3006 0.1033
0.3456 -1.0094 0.1080
0.3419 -0.1896 0.1241
0.3566 0.4846 0.1326
0.3741 0.0773 0.1300
0.3601 -0.7116 0.1153
0.3512 -0.4910 0.1481
0.3476 0.2394 0.0749
0.3491 0.2438 0.0745
0.3528 0.2393 0.0753
0.3907 -0.0245 0.1202
0.3743 0.0131 0.1325
0.3609 0.1595 0.1040
0.4055 -0.2710 0.1279
0.3683 -0.1863 0.1201
0.3817 -0.1046 0.1351
0.3707 0.1309 0.1064
0.3828 -1.0780 0.1233
0.3836 -0.9947 0.1266
0.3766 0.2523 0.0824
0.3809 -0.3055 0.1368
0.3862 -1.0353 0.1058
0.3917 -0.4070 0.1266
0.3932 0.1785 0.0920
0.3978 -0.3627 0.1239
0.3974 0.5101 0.1244
0.3905 -0.6550 0.1318
0.4022 -0.1713 0.1124
0.4133 0.2362 0.0912
0.4006 0.2786 0.0924
0.4024 0.3143 0.1048
0.4049 -0.1975 0.1134
0.4055 0.4276 0.1241
0.4034 0.4797 0.1148
0.4187 -0.6139 0.1773
0.4101 0.1151 0.1022
0.4193 0.1476 0.0935
0.4201 -1.0690 0.1386
0.4196 0.3526 0.1202
0.4198 -1.0002 0.1457
0.4371 -0.3722 0.1146
0.4349 -0.2116 0.1180
0.4235 -0.3215 0.1213
0.4328 0.0215 0.0891
0.4238 0.1961 0.0919
0.4360 0.3806 0.1319
0.4390 -0.4646 0.1411
0.4313 -0.0059 0.0872
0.4399 0.0715 0.1020
0.4376 -0.0447 0.1074
0.4430 0.1657 0.0923
0.4383 0.3125 0.1010
0.4419 -0.6447 0.1898
0.4842 -0.3109 0.1198
0.4480 0.2211 0.0979
0.4454 0.4769 0.1190
0.4463 -0.1228 0.1246
0.4631 -0.2447 0.1260
0.4570 -0.0176 0.0912
0.4623 0.0503 0.0921
0.4567 0.5281 0.1380
0.4742 -0.0302 0.1025
0.4788 0.1781 0.0967
0.4667 0.2500 0.1002
0.4683 0.3130 0.1032
0.4660 0.5643 0.1682
0.4731 -1.0819 0.2051
0.4723 -0.4400 0.1196
0.4794 0.0211 0.0853
0.4906 0.2901 0.1057
0.4793 -0.4915 0.1553
0.4903 -0.4000 0.1059
0.4942 -0.3479 0.1066
0.4822 -0.1544 0.1088
0.4768 -0.1265 0.1259
0.4785 0.4519 0.1482
0.4818 0.5389 0.1543
0.4843 0.1144 0.1003
0.4926 0.0766 0.0964
0.5025 0.1549 0.0940
0.5294 -0.2648 0.1236
0.5424 -0.0399 0.1342
0.5012 0.0260 0.0930
0.5293 -0.4391 0.1187
0.5190 -0.3760 0.0948
0.5209 0.2787 0.1089
0.5144 -0.1743 0.1081
0.5189 0.2241 0.1084
0.5218 0.8314 0.4690
0.5260 0.3176 0.1228
0.5214 -0.5339 0.1952
0.5432 -0.4035 0.1000
0.5367 -0.3385 0.1019
0.5407 0.1146 0.0828
0.5300 0.1466 0.0891
0.5299 -0.1818 0.1101
0.5503 0.1953 0.1096
0.5332 -0.2108 0.1118
0.5415 0.0519 0.0921
0.5438 -0.1900 0.1163
0.5467 0.0244 0.1019
0.5606 0.0725 0.0854
0.5519 0.1438 0.0842
0.5738 -0.3476 0.1025
0.5624 0.6629 0.2753
0.5724 0.3882 0.1160
0.5735 -0.3832 0.0997
0.5741 0.1233 0.0794
0.5741 0.2688 0.1198
0.5892 0.2299 0.1217
0.5849 0.3382 0.1187
0.5838 0.5271 0.1886
0.6011 -0.2849 0.1122
0.5945 0.0293 0.1151
0.5890 0.0586 0.0960
0.5900 0.6541 0.2794
0.6029 -0.4420 0.1188
0.5911 -0.2479 0.1304
0.5964 -0.0770 0.1689
0.5950 0.4166 0.1000
0.6199 0.4747 0.1284
0.6071 -0.3306 0.0963
0.6030 -0.1064 0.1744
0.5946 0.1086 0.0828
0.6014 0.1154 0.0864
0.6019 0.3968 0.0898
0.6200 -1.1423 0.2011
0.6120 0.1312 0.0984
0.6219 0.3755 0.0852
0.6272 -1.1647 0.1962
0.6531 0.2271 0.1353
0.6413 -0.4175 0.1006
0.6203 -0.4304 0.1086
0.6243 -0.0212 0.1509
0.6429 -0.3676 0.0959
0.6302 0.2468 0.1242
0.6341 0.1680 0.1247
0.6383 -0.2882 0.1113
0.6468 -1.1134 0.1852
0.6413 -0.3261 0.0944
0.6760 -1.1437 0.1594
0.6560 -0.4601 0.1354
0.6477 0.4000 0.0806
0.6580 0.3575 0.0906
0.6513 0.4067 0.0815
0.6632 -0.3374 0.0946
0.6572 0.4314 0.0950
0.6623 0.4740 0.1335
0.6808 -0.3879 0.0981
0.6650 0.3114 0.1092
0.6742 0.2958 0.1173
0.7041 0.2810 0.1445
0.6881 0.3870 0.0990
0.6878 -0.3181 0.1011
0.6968 0.3520 0.1052
0.6980 0.0100 0.2095
0.7044 -0.4374 0.1330
0.7118 -0.4013 0.1148
0.7094 -1.2647 0.2111
0.7373 -1.1089 0.1500
0.7190 -1.3016 0.2583
0.7310 -0.3196 0.0959
0.7370 -0.3648 0.1090
0.7315 -0.2534 0.1134
0.7266 -0.1819 0.1302
0.7446 -0.1416 0.1294
0.7466 0.4319 0.1440
0.7431 -0.9931 0.1344
0.7510 -0.2920 0.0953
0.7465 0.9315 0.5339
0.7493 -1.0213 0.1284
0.7568 -0.2568 0.1069
0.7580 0.3763 0.1500
0.7667 -1.0723 0.1252
0.7553 -0.2125 0.1110
0.7607 -1.2240 0.1823
0.7635 -1.1951 0.1665
0.7743 -0.9873 0.1078
0.7633 -0.3239 0.1007
0.7699 -0.0499 0.1915
0.7801 -0.3031 0.1065
0.7965 -1.0207 0.1077
0.7798 -0.1143 0.1416
0.7848 -0.1472 0.1154
0.7936 -0.9260 0.1208
0.8068 -0.9641 0.1020
0.7954 -0.1708 0.1128
0.7876 1.0836 0.6806
0.8340 0.4216 0.1795
0.8027 0.4301 0.1598
0.8085 -1.1552 0.1567
0.8097 -0.3348 0.1493
0.8244 -0.9246 0.1161
0.8407 -0.8785 0.1731
0.8390 -1.0466 0.1149
0.8296 -0.1638 0.1436
0.8279 -1.1045 0.1316
0.8275 0.5617 0.2256
0.8241 -0.2109 0.1399
0.8264 0.6737 0.3596
0.8602 -0.9878 0.1221
0.8364 0.4937 0.1782
0.8400 0.0121 0.2926
0.8502 -1.0839 0.1321
0.8573 -0.9539 0.1186
0.8711 -0.9144 0.1513
0.8600 -0.7011 0.4301
0.8636 0.4914 0.1952
0.8666 -1.0731 0.1419
0.8727 0.5124 0.2116
0.8763 1.0656 0.7193
