points 
 2 
 1 
Tumour[19065]FoxP310NNCodensity
-1.4064 -0.4777 0.4227
-1.3931 0.4812 0.7287
-1.3955 0.9885 0.2466
-1.3954 1.1409 0.2091
-1.3949 1.0475 0.1938
-1.3874 0.9162 0.3201
-1.3886 1.0403 0.1942
-1.3873 1.1784 0.2296
-1.3804 -0.1764 0.2318
-1.3762 -0.2363 0.2156
-1.3741 -0.6536 0.4960
-1.3708 1.0541 0.1893
-1.3689 1.2237 0.2712
-1.3601 -0.2495 0.2013
-1.3576 1.0228 0.2114
-1.3552 -0.6706 0.4850
-1.3517 1.3000 0.3758
-1.3360 -0.1557 0.2053
-1.2843 -0.1710 0.1742
-1.2835 -0.2401 0.1548
-1.2734 -0.9426 0.4437
-1.2345 1.2182 0.3578
-1.2310 -0.2964 0.1462
-1.2181 0.6960 0.4370
-1.2093 -0.2285 0.1371
-1.1948 -0.2573 0.1247
-1.1874 -0.1470 0.2225
-1.1839 0.7392 0.4337
-1.1783 -0.2758 0.1212
-1.1788 0.6837 0.4648
-1.1772 -0.2978 0.1215
-1.1723 -0.3231 0.1369
-1.1509 -1.0117 0.3305
-1.1528 -0.6128 0.3548
-1.1488 -0.2872 0.1272
-1.1444 0.6190 0.5587
-1.1106 -1.0713 0.3428
-1.1086 -0.3732 0.2017
-1.0688 -0.7462 0.2843
-1.0555 -0.3207 0.1810
-1.0504 -0.2699 0.1917
-1.0428 -0.9691 0.2500
-1.0165 -1.0852 0.3270
-1.0160 -0.9380 0.2427
-1.0086 -0.7002 0.2360
-0.9912 -0.7508 0.2415
-0.9713 -0.5233 0.2720
-0.9575 -0.9315 0.2480
-0.9544 -0.3764 0.1978
-0.9459 -0.2582 0.1687
-0.9405 -0.2228 0.1927
-0.9368 -0.3125 0.1619
-0.9303 -0.3531 0.1810
-0.9291 -0.6461 0.2016
-0.9188 -0.6588 0.1994
-0.9122 -0.5725 0.2359
-0.8931 -0.7434 0.2379
-0.8882 -0.9615 0.2727
-0.8797 -0.3452 0.1768
-0.8724 -0.9426 0.2778
-0.8442 -0.2113 0.1921
-0.8248 -0.2628 0.1666
-0.8222 -0.2108 0.1983
-0.8025 -0.5467 0.2492
-0.7910 -0.7456 0.3033
-0.7780 -0.3680 0.2150
-0.7766 -0.2682 0.1996
-0.7659 -0.6386 0.2791
-0.7581 -0.9992 0.4238
-0.7494 -0.5071 0.2739
-0.7347 -0.4371 0.2553
-0.7081 -0.3075 0.2390
-0.5770 -0.4174 0.3429
-0.5710 -0.2878 0.3669
-0.4079 -0.4281 0.4069
-0.3548 -0.4638 0.3794
-0.3071 -0.2227 0.3954
-0.3030 -0.8915 0.3307
-0.2848 -0.6346 0.2633
-0.2774 -0.8082 0.2660
-0.2685 -0.6091 0.2550
-0.2663 0.1546 0.3861
-0.2648 -0.8523 0.2758
-0.2625 0.1205 0.3536
-0.2551 -0.0979 0.3008
-0.2311 0.0372 0.2869
-0.2253 -1.0119 0.3844
-0.1994 -0.0538 0.2517
-0.1785 -0.6986 0.1839
-0.1550 -0.7011 0.1838
-0.1348 -0.6366 0.1779
-0.1390 -0.0537 0.2424
-0.1389 -0.0233 0.2451
-0.1340 0.3351 0.5916
-0.1338 -0.5534 0.2269
-0.1286 -0.7014 0.1925
-0.1170 -0.7794 0.2484
-0.0904 1.1617 0.1707
-0.0866 -0.1209 0.2384
-0.0855 -0.9321 0.3111
-0.0843 1.3611 0.1838
-0.0734 -0.6292 0.2046
-0.0683 -0.5369 0.2537
-0.0547 1.3073 0.1392
-0.0588 1.3803 0.1766
-0.0543 1.1247 0.1311
-0.0532 1.0988 0.1408
-0.0495 -0.9966 0.3156
-0.0454 1.2129 0.1481
-0.0454 1.3365 0.1359
-0.0338 -0.3247 0.2377
-0.0295 -0.2188 0.2102
-0.0263 1.0880 0.1350
-0.0239 1.3214 0.1276
-0.0167 -0.5235 0.2579
-0.0095 1.3544 0.1411
-0.0073 -1.0947 0.3460
-0.0017 1.1332 0.1157
0.0019 1.1855 0.1210
0.0049 1.0680 0.1569
0.0070 1.2974 0.1416
0.0157 -0.2956 0.1931
0.0157 1.1765 0.1172
0.0284 -0.2005 0.1897
0.0381 -0.1714 0.1948
0.0376 -0.0064 0.2706
0.0456 -0.3451 0.2089
0.0475 0.0588 0.3445
0.0493 1.2275 0.1134
0.0571 1.0713 0.1769
0.0710 -0.3745 0.2146
0.0816 1.3825 0.1766
0.0858 -0.1642 0.2131
0.0831 1.1722 0.1057
0.0856 1.2063 0.0892
0.0929 -0.6953 0.2775
0.0931 1.1876 0.0927
0.1014 1.2305 0.0930
0.1035 -0.9227 0.2274
0.1043 -0.3722 0.2122
0.1085 -0.1562 0.2339
0.1111 -0.7585 0.2828
0.1159 1.1932 0.0897
0.1144 -1.0365 0.2330
0.1238 1.3642 0.1583
0.1300 1.2555 0.1045
0.1396 1.3820 0.1648
0.1373 -0.5416 0.2404
0.1462 -0.0450 0.3217
0.1492 1.2132 0.0927
0.1533 -0.6907 0.2598
0.1575 1.3869 0.1656
0.1622 1.2711 0.1052
0.1567 -0.5690 0.2485
0.1690 1.2200 0.0981
0.1703 -0.9845 0.1886
0.1851 -1.0539 0.2420
0.1853 1.1651 0.1348
0.2000 -0.9874 0.1837
0.2044 1.2655 0.0859
0.2031 -0.9358 0.1720
0.2114 1.2838 0.0866
0.2108 -0.8549 0.2042
0.2120 -0.5156 0.2333
0.2190 0.8295 0.5380
0.2189 -0.3753 0.1996
0.2278 1.2373 0.0926
0.2279 -0.3446 0.2214
0.2279 1.2822 0.0841
0.2315 -0.4046 0.1958
0.2356 1.3276 0.1201
0.2439 1.1847 0.1204
0.2486 1.2748 0.0846
0.2530 1.0897 0.1887
0.2564 1.1625 0.1304
0.2667 1.3025 0.0978
0.2660 -0.8862 0.1868
0.2630 1.2310 0.1012
0.2630 -0.9369 0.1830
0.2713 1.0700 0.2088
0.2868 -0.4829 0.2306
0.2914 -0.3614 0.2406
0.3153 1.1978 0.1167
0.3118 -0.7006 0.2585
0.3160 1.2817 0.1072
0.3168 1.2965 0.1109
0.3312 1.2427 0.1057
0.3394 -0.6707 0.2608
0.3426 -0.7956 0.2231
0.3515 1.1936 0.1073
0.3534 1.1650 0.1242
0.3545 1.2845 0.1139
0.3590 -0.8521 0.2188
0.3642 -0.8838 0.2273
0.3668 1.3541 0.1376
0.3727 1.3734 0.1571
0.3876 -0.3765 0.2695
0.3924 1.1475 0.1413
0.4041 1.2201 0.0948
0.4054 1.2360 0.0976
0.4106 1.3495 0.1456
0.4102 1.1834 0.1105
0.4176 1.2565 0.1112
0.4253 1.3738 0.1740
0.4481 1.2430 0.1200
0.4512 -0.4872 0.2302
0.4602 -0.5943 0.2362
0.4589 -0.6668 0.2471
0.4646 -0.5072 0.2218
0.4644 1.2347 0.1311
0.5024 -0.8457 0.1950
0.5045 -0.6822 0.2577
0.5187 0.0350 0.3862
0.5214 1.2787 0.1764
0.5320 1.3013 0.1960
0.5389 -0.8940 0.1776
0.5554 -0.4260 0.2468
0.5549 -0.8235 0.1593
0.5608 -0.1541 0.3495
0.5633 -0.4805 0.2196
0.5690 -0.0791 0.3069
0.5667 -1.0562 0.3139
0.5903 -0.4795 0.2232
0.5930 -0.8506 0.1228
0.6106 -0.8779 0.1210
0.6178 -0.9015 0.1343
0.6192 1.2369 0.3106
0.6237 -0.8342 0.1246
0.6471 -0.8780 0.1300
0.6558 0.0914 0.3055
0.6528 0.8613 0.6533
0.6566 -0.3159 0.3363
0.6607 -0.5160 0.2347
0.6651 -0.7333 0.2084
0.6635 -0.0668 0.2369
0.6668 0.5030 0.7066
0.6733 -0.5970 0.2289
0.6871 -0.9866 0.2151
0.6900 -0.8230 0.1537
0.7001 -0.8529 0.1552
0.7031 0.0669 0.2667
0.7037 -1.0011 0.2327
0.7157 -0.6440 0.2166
0.7299 -0.6300 0.2204
0.7518 -0.0052 0.2012
0.7790 -0.0552 0.1686
0.7812 -0.5442 0.2643
0.7811 -0.2559 0.2692
0.7916 0.4020 0.5921
0.7938 -0.7932 0.1443
0.7985 -0.0582 0.1605
0.8041 -0.7547 0.1666
0.8092 -0.8675 0.1735
0.8097 -0.8019 0.1416
0.8122 0.3895 0.5840
0.8220 -0.1567 0.1808
0.8227 -1.0318 0.2760
0.8368 -0.0927 0.1522
0.8437 -0.8433 0.1626
0.8474 -0.7670 0.1679
0.8502 -0.0229 0.1830
0.8806 -0.1495 0.1674
0.8848 -0.8509 0.1852
0.8875 -0.1074 0.1611
0.9016 -0.3181 0.2642
0.9184 1.1049 0.4419
0.9199 -0.7522 0.1925
0.9208 -0.6143 0.2002
0.9245 1.0862 0.4465
0.9277 -0.5313 0.2085
0.9268 -0.2504 0.2242
0.9319 -0.9960 0.2497
0.9424 -0.1594 0.2082
0.9377 -0.0438 0.2294
0.9641 -0.5643 0.1802
0.9742 -1.0016 0.2638
0.9866 1.0875 0.4800
0.9912 1.2923 0.5884
0.9939 -1.0150 0.2839
0.9944 -0.6273 0.1802
1.0032 -0.7134 0.2001
1.0066 -1.0599 0.3399
1.0059 -0.4326 0.2300
1.0180 -0.5854 0.1826
1.0211 -0.8017 0.2529
1.0221 -0.6413 0.1894
1.0311 -0.4744 0.2168
1.0385 -0.3158 0.2759
1.0511 -0.2669 0.2908
1.0646 1.0414 0.5710
1.0740 -0.4579 0.2516
1.0748 -0.7823 0.2901
1.0809 1.0418 0.5917
