points 
 2 
 1 
Tumour[19065]CD810NNCodensity
-1.6200 0.2036 0.8526
-1.6023 0.3994 0.6778
-1.5450 0.2120 0.7964
-1.5243 0.8984 0.6945
-1.4831 0.8520 0.6251
-1.4813 0.2912 0.6977
-1.4477 0.4304 0.6092
-1.3075 0.8742 0.4994
-1.2758 0.8411 0.4675
-1.1661 0.9369 0.4927
-1.1634 0.7802 0.4246
-0.9210 0.6531 0.2308
-0.9163 0.6514 0.2263
-0.9158 0.6576 0.2242
-0.9133 0.6551 0.2227
-0.8727 0.8622 0.3627
-0.8391 -0.1488 0.4143
-0.8104 0.7793 0.2525
-0.7935 0.7576 0.2389
-0.7802 -0.2606 0.3343
-0.7783 0.4098 0.3242
-0.7635 0.5435 0.2463
-0.7560 -0.1409 0.3428
-0.7538 0.6441 0.2123
-0.7225 0.6741 0.2296
-0.7159 -0.2072 0.3045
-0.7142 0.4261 0.2738
-0.7021 -0.4850 0.3163
-0.6837 -0.1711 0.3133
-0.6842 0.1932 0.3154
-0.6763 -0.8569 0.3776
-0.6714 0.5595 0.2230
-0.6640 0.6247 0.2160
-0.6492 -0.5400 0.2424
-0.6497 -0.1618 0.3291
-0.6245 0.3813 0.2634
-0.6095 -0.7354 0.2194
-0.6142 -0.5925 0.2011
-0.6198 -0.3109 0.3190
-0.6152 0.1404 0.2684
-0.6028 0.3438 0.2582
-0.6000 -0.6870 0.2029
-0.5800 0.7968 0.3072
-0.5740 -0.4691 0.2711
-0.5672 0.5049 0.2523
-0.5546 -0.6538 0.1875
-0.5551 -0.7761 0.2231
-0.5431 0.6953 0.2209
-0.5396 -0.5528 0.2192
-0.5366 0.6442 0.2049
-0.5378 0.1658 0.1838
-0.5309 0.6126 0.2140
-0.5265 -0.6329 0.1961
-0.5322 0.1470 0.1912
-0.4997 -0.7953 0.2435
-0.4920 0.2501 0.1585
-0.4804 0.7001 0.2378
-0.4746 0.3898 0.2323
-0.4704 0.1563 0.1620
-0.4648 -0.8195 0.2786
-0.4461 0.2667 0.1483
-0.4445 0.2163 0.1319
-0.4449 0.6476 0.2106
-0.4335 0.2405 0.1344
-0.4381 -0.5757 0.3007
-0.3970 0.2644 0.1572
-0.3995 0.9199 0.4252
-0.3914 0.2247 0.1450
-0.3859 0.4854 0.1436
-0.3826 -0.2922 0.3683
-0.3804 -0.8262 0.3196
-0.3776 0.1683 0.1776
-0.3564 0.4365 0.1396
-0.3587 0.4549 0.1300
-0.3439 0.4741 0.1243
-0.3397 0.6394 0.2246
-0.3414 0.5270 0.1283
-0.3415 0.5213 0.1254
-0.3364 0.5265 0.1285
-0.3113 0.3864 0.1893
-0.3041 0.6199 0.2259
-0.2893 -0.2431 0.2681
-0.2820 0.8245 0.3756
-0.2766 0.4223 0.1821
-0.2754 0.2111 0.2015
-0.2707 0.2105 0.2027
-0.2338 -0.7442 0.2981
-0.2396 0.9018 0.4586
-0.2272 -0.2771 0.2159
-0.2263 -0.9560 0.3856
-0.2233 -0.7099 0.2917
-0.2246 -0.4087 0.2381
-0.2136 -0.6691 0.2940
-0.2028 0.2917 0.2144
-0.1930 -0.1174 0.2939
-0.1891 -0.5344 0.2702
-0.1874 -0.5390 0.2713
-0.1745 -0.3079 0.1806
-0.1627 0.2363 0.2188
-0.1606 -0.2052 0.2053
-0.1312 -0.3550 0.1683
-0.1428 0.1908 0.2302
-0.1321 -0.1223 0.2748
-0.1235 0.2472 0.2218
-0.1277 0.4030 0.2397
-0.1215 0.4845 0.2864
-0.1141 -1.1746 0.3299
-0.1081 -1.0066 0.2981
-0.1060 -0.4043 0.1848
-0.0996 -0.3543 0.1646
-0.0867 -0.7634 0.2890
-0.0726 -0.2162 0.2114
-0.0575 -0.3386 0.1773
-0.0636 0.1093 0.2786
-0.0573 0.3812 0.2333
-0.0524 -1.1086 0.2343
-0.0407 -1.1462 0.2477
-0.0356 -0.3543 0.1851
-0.0414 0.8776 0.4458
-0.0224 -0.7787 0.2598
-0.0205 -0.1736 0.2643
-0.0186 0.4309 0.2507
-0.0066 -0.5061 0.2587
0.0031 -1.1316 0.2263
0.0062 0.0908 0.2698
0.0202 -0.3345 0.2145
0.0258 0.5899 0.3426
0.0334 0.3805 0.2458
0.0329 0.1735 0.2532
0.0448 -0.5851 0.2304
0.0436 -1.0939 0.2104
0.0528 -1.0932 0.2136
0.0711 -0.8731 0.2046
0.0709 -0.8653 0.2002
0.0827 0.3096 0.2552
0.0839 -0.7492 0.1801
0.0955 -0.4645 0.1851
0.0998 0.0384 0.2943
0.1014 -0.2653 0.2298
0.1051 0.2921 0.2585
0.1089 -0.8894 0.2122
0.1223 -0.7767 0.1574
0.1211 0.0919 0.2710
0.1288 0.8984 0.3309
0.1377 -1.1043 0.2891
0.1502 -0.4565 0.1417
0.1405 -1.0280 0.2676
0.1466 -0.6343 0.1481
0.1524 -0.7477 0.1507
0.1565 0.0002 0.3110
0.1578 -0.6685 0.1465
0.1636 -0.2684 0.1986
0.1593 -0.6180 0.1416
0.1703 0.4082 0.2351
0.1785 -0.4028 0.1228
0.1685 -0.4892 0.1355
0.1732 0.7655 0.2106
0.1835 -0.5403 0.1417
0.1920 -0.4449 0.1232
0.1889 -0.6950 0.1450
0.1907 0.5252 0.2047
0.1864 -0.8160 0.1761
0.1920 -0.5853 0.1300
0.1932 0.5776 0.2113
0.1985 -0.3298 0.1358
0.2100 -0.3967 0.1161
0.2273 -0.4316 0.1280
0.2161 -0.3454 0.1260
0.2057 0.8315 0.2229
0.2139 -0.7760 0.1734
0.2233 -0.3221 0.1347
0.2305 0.7153 0.1732
0.2332 0.7399 0.1698
0.2345 -0.5589 0.1442
0.2333 0.4937 0.1832
0.2499 0.8064 0.1921
0.2626 -0.6202 0.1400
0.2633 0.7168 0.1707
0.2700 0.2718 0.3001
0.2758 0.5172 0.1657
0.2718 -0.7602 0.2021
0.2911 -0.4306 0.1502
0.2789 0.2985 0.2990
0.2777 0.5522 0.1648
0.2776 -0.6439 0.1543
0.2799 -0.5661 0.1551
0.2909 -0.6682 0.1740
0.2964 -0.3377 0.1502
0.2945 -0.2665 0.1735
0.2994 0.0545 0.2418
0.3027 0.7886 0.1969
0.3034 0.4290 0.2210
0.3239 -0.4738 0.1582
0.3231 0.6165 0.1889
0.3297 -0.3403 0.1707
0.3318 0.0685 0.2347
0.3419 -0.2474 0.1831
0.3595 -0.4575 0.1578
0.3551 0.5611 0.1732
0.3635 -0.5353 0.1680
0.3573 -0.1119 0.2236
0.3609 0.7731 0.2269
0.3632 0.5381 0.1741
0.3804 -0.1495 0.2140
0.3799 -0.2413 0.1874
0.3843 -0.4699 0.1564
0.3911 -0.0828 0.2209
0.3986 0.0456 0.1992
0.4067 0.1319 0.2417
0.4207 0.6369 0.2032
0.4298 0.0788 0.2026
0.4424 -0.5050 0.1394
0.4426 -0.2096 0.2014
0.4643 0.4823 0.2037
0.4649 -0.4765 0.1483
0.4647 -0.5695 0.1699
0.4690 0.0126 0.2125
0.4773 0.5745 0.1625
0.4925 0.6022 0.1726
0.4963 -0.5170 0.1371
0.4956 0.7825 0.2767
0.5093 0.4957 0.1984
0.5080 -0.2658 0.2268
0.5072 -0.5396 0.1474
0.5314 0.5126 0.1937
0.5288 0.5760 0.1685
0.5391 -0.4865 0.1574
0.5435 -0.3156 0.2397
0.5469 0.0974 0.1764
0.5501 0.7000 0.2105
0.5549 -0.2258 0.2347
0.5668 0.0162 0.2168
0.5765 -0.5024 0.1580
0.5786 -0.5561 0.1687
0.5978 0.1069 0.1521
0.6010 0.7851 0.2556
0.6103 -0.2588 0.2435
0.6247 0.1155 0.1331
0.6227 0.1491 0.1505
0.6321 0.1205 0.1310
0.6411 0.6174 0.1933
0.6388 0.6846 0.1968
0.6450 -0.7509 0.3331
0.6589 0.5848 0.2035
0.6697 -0.4518 0.2322
0.6631 0.8771 0.3110
0.6730 -0.1003 0.2644
0.6675 0.1570 0.1443
0.6677 -0.5593 0.1887
0.6659 -0.5493 0.1871
0.6804 -0.2623 0.2611
0.6966 0.1130 0.1291
0.7059 -0.7078 0.2724
0.7102 0.4362 0.2850
0.7100 0.7404 0.2178
0.7207 0.5921 0.2179
0.7328 -0.6439 0.2215
0.7260 -0.1332 0.2687
0.7313 0.0651 0.1563
0.7415 0.4582 0.2829
0.7508 -0.1073 0.2777
0.7614 0.0767 0.1468
0.7567 0.6404 0.2404
0.7723 0.1316 0.1306
0.7608 0.1536 0.1389
0.7703 -0.5234 0.2199
0.7788 0.4142 0.3471
0.7813 0.7374 0.2576
0.7945 0.9405 0.4269
0.7946 -0.6980 0.2999
0.8102 0.1391 0.1589
0.7999 -0.5135 0.2467
0.8200 -0.2294 0.3694
0.8199 0.1165 0.1668
0.8302 -0.5120 0.2825
0.8287 0.8384 0.3494
0.8337 0.1296 0.1851
