points 
 2 
 1 
Tumour[19065]CD810NNCodensity
-1.2799 -0.7002 0.2468
-1.2843 -0.5405 0.1610
-1.2841 0.7440 0.5901
-1.2622 0.1532 0.2026
-1.2558 -0.5690 0.1290
-1.2425 0.1705 0.1788
-1.2311 0.5245 0.3833
-1.2362 0.4129 0.2792
-1.2341 -0.4933 0.1292
-1.2293 -0.5828 0.1135
-1.2194 -0.6442 0.1423
-1.2166 0.1069 0.1947
-1.2161 0.2667 0.1684
-1.2060 -0.6281 0.1255
-1.2052 -0.5629 0.1070
-1.2139 -0.4745 0.1283
-1.2115 0.2171 0.1494
-1.2061 -0.2765 0.2837
-1.1911 -0.4627 0.1249
-1.1841 0.3679 0.2312
-1.1869 0.2327 0.1447
-1.1827 -0.0630 0.3024
-1.1712 -0.5441 0.1101
-1.1714 -0.3983 0.1610
-1.1538 0.5427 0.4008
-1.1603 0.2306 0.1519
-1.1516 -0.5629 0.1065
-1.1525 -0.4700 0.1108
-1.1431 -0.6021 0.1066
-1.1420 0.0243 0.2385
-1.1335 0.3268 0.2283
-1.1255 -0.6263 0.1208
-1.1255 -0.4880 0.1070
-1.1204 -0.3981 0.1451
-1.1217 0.2073 0.1806
-1.1080 -0.5278 0.1119
-1.0979 -0.6018 0.1234
-1.1039 0.1300 0.1962
-1.0985 1.0743 0.3531
-1.0959 1.3204 0.3272
-1.0844 -0.6967 0.2048
-1.0902 -0.6318 0.1420
-1.0884 -0.5091 0.1167
-1.0900 -0.4207 0.1338
-1.0922 -0.2155 0.2517
-1.0914 0.0580 0.2189
-1.0798 -0.4858 0.1192
-1.0782 0.8882 0.4721
-1.0748 -0.2998 0.2125
-1.0448 -0.3535 0.1960
-1.0399 1.3588 0.2922
-1.0242 -0.4485 0.1561
-1.0240 1.0120 0.3324
-1.0147 -0.5609 0.1243
-1.0153 -0.0942 0.2277
-0.9978 -0.5090 0.1350
-1.0020 -0.1165 0.2417
-1.0030 0.0939 0.2438
-0.9932 -0.2496 0.2578
-0.9870 -0.5427 0.1239
-0.9772 -0.5744 0.1215
-0.9857 1.1854 0.2148
-0.9732 -0.0475 0.2297
-0.9657 1.2264 0.1802
-0.9575 -0.6716 0.1556
-0.9622 -0.0253 0.2263
-0.9599 -0.5616 0.1283
-0.9582 1.3466 0.2314
-0.9432 -0.5989 0.1254
-0.9416 -0.9802 0.1660
-0.9438 -0.8701 0.1709
-0.9406 -0.6299 0.1331
-0.9284 0.0717 0.2491
-0.9220 -0.7637 0.1517
-0.9229 1.1559 0.1915
-0.9131 1.2395 0.1475
-0.9027 -1.0852 0.0896
-0.9025 -0.9714 0.1327
-0.9043 -0.6540 0.1361
-0.9024 -1.1236 0.1110
-0.9003 0.9778 0.3223
-0.8906 -0.8296 0.1214
-0.8832 -0.8637 0.1277
-0.8847 -0.7439 0.1245
-0.8778 -1.1132 0.0828
-0.8794 -1.0565 0.0717
-0.8797 -1.0507 0.0765
-0.8672 -0.8327 0.1180
-0.8635 1.2527 0.1442
-0.8746 -1.0551 0.0706
-0.8650 -0.6583 0.1279
-0.8660 1.3182 0.1956
-0.8606 -1.1105 0.0786
-0.8564 -0.2927 0.3589
-0.8580 1.2074 0.1342
-0.8571 0.5887 0.4807
-0.8545 -0.9004 0.1266
-0.8383 -1.0704 0.0744
-0.8530 -1.0513 0.0757
-0.8484 -0.7609 0.1059
-0.8434 1.2214 0.1354
-0.8431 -0.9274 0.1348
-0.8410 -0.4690 0.2548
-0.8427 -0.9605 0.1249
-0.8193 -0.8099 0.1286
-0.8354 -1.1022 0.0858
-0.8183 -1.0375 0.1058
-0.8281 -0.7494 0.1066
-0.8270 -0.9745 0.1251
-0.8213 -0.7025 0.1012
-0.8202 0.3324 0.2913
-0.8148 1.1967 0.1459
-0.8088 -1.1143 0.1209
-0.8074 0.1164 0.2534
-0.8054 -0.7198 0.1018
-0.8104 -0.6688 0.1052
-0.7870 -0.6601 0.1008
-0.8018 -0.5993 0.1375
-0.8014 0.0469 0.2257
-0.7856 -0.7673 0.1314
-0.7727 1.1583 0.1498
-0.7686 -0.6073 0.1181
-0.7701 -0.0505 0.1886
-0.7598 1.2241 0.1639
-0.7584 0.3688 0.2664
-0.7468 -0.6555 0.1091
-0.7550 -0.0119 0.1785
-0.7531 0.2334 0.2041
-0.7527 1.0340 0.1788
-0.7392 -0.6975 0.1290
-0.7473 1.0722 0.1594
-0.7363 -0.0636 0.1588
-0.7358 1.1285 0.1456
-0.7341 1.3536 0.1526
-0.7221 -0.5550 0.1222
-0.7272 -0.5091 0.1424
-0.7258 -0.6145 0.1153
-0.7219 0.2320 0.1931
-0.7170 -1.0952 0.2325
-0.7152 -0.0784 0.1483
-0.7185 0.3070 0.2094
-0.7094 1.0682 0.1535
-0.7036 -0.6305 0.1292
-0.7111 0.2661 0.1921
-0.7047 1.3465 0.1263
-0.6996 1.3417 0.1228
-0.6857 -0.4774 0.1258
-0.6883 0.9525 0.1608
-0.6845 1.1058 0.1576
-0.6732 1.3641 0.1385
-0.6750 -0.1287 0.1443
-0.6670 1.1623 0.1789
-0.6723 1.3358 0.1208
-0.6695 -0.5662 0.1194
-0.6674 0.8019 0.2121
-0.6690 1.2887 0.1340
-0.6665 -0.5132 0.1016
-0.6629 0.9243 0.1503
-0.6575 1.0037 0.1562
-0.6497 -0.3515 0.2165
-0.6537 -0.0139 0.1553
-0.6496 -0.4861 0.1050
-0.6492 0.3019 0.2163
-0.6493 1.2241 0.1884
-0.6488 -0.1379 0.1344
-0.6420 0.5347 0.2963
-0.6396 0.9152 0.1415
-0.6396 1.3435 0.1431
-0.6429 -0.5539 0.1210
-0.6389 0.8942 0.1467
-0.6328 0.0645 0.1769
-0.6183 -0.5127 0.1042
-0.6195 -0.1547 0.1267
-0.6242 -0.0269 0.1552
-0.6255 0.1536 0.1886
-0.6227 1.3689 0.1785
-0.6183 -0.2094 0.1507
-0.6176 -0.4588 0.1225
-0.5977 -0.0873 0.1372
-0.5909 -0.3232 0.2191
-0.5923 -0.2381 0.1624
-0.5925 -0.1409 0.1274
-0.5923 0.6620 0.2648
-0.5917 -0.4947 0.1119
-0.5863 0.9052 0.1490
-0.5846 0.0942 0.1548
-0.5781 -0.0233 0.1678
-0.5789 -0.4254 0.1588
-0.5749 0.9553 0.1645
-0.5689 0.7553 0.1943
-0.5695 0.1048 0.1550
-0.5652 0.8279 0.1602
-0.5623 1.0311 0.2253
-0.5635 0.7243 0.2235
-0.5584 -0.5102 0.1420
-0.5507 0.1910 0.1958
-0.5434 -0.1521 0.1530
-0.5311 0.5270 0.2618
-0.5379 -0.2040 0.1652
-0.5222 -0.5156 0.1840
-0.5221 0.3982 0.2521
-0.5167 0.8106 0.1839
-0.5144 0.4648 0.2606
-0.5125 0.1152 0.1797
-0.5098 0.4210 0.2584
-0.5027 0.2121 0.2398
-0.4980 -0.0369 0.2234
-0.4974 0.0935 0.1906
-0.4923 0.8854 0.1876
-0.4812 -0.8469 0.5168
-0.4801 0.4955 0.2829
-0.4707 -0.2178 0.2412
-0.4538 0.8486 0.2141
-0.4271 -0.4371 0.3146
-0.4153 0.9247 0.2784
-0.4061 1.2789 0.4486
-0.3624 0.7306 0.3546
-0.2920 -0.2186 0.4673
-0.2566 -0.6750 0.4048
-0.2450 -1.0163 0.3647
-0.1982 -0.8484 0.3393
-0.1860 -0.7105 0.3357
-0.1760 0.9259 0.5705
-0.1663 -1.0850 0.2900
-0.1465 1.3561 0.7972
-0.1358 -1.1050 0.2800
-0.0884 -0.7356 0.2865
-0.0556 -1.0472 0.2135
-0.0498 -0.5423 0.2323
-0.0333 -1.0967 0.2385
-0.0289 -0.5960 0.2223
-0.0247 -0.8962 0.2431
0.0005 -1.0180 0.2076
-0.0045 -0.5043 0.1948
-0.0024 -1.1037 0.2453
0.0060 0.1055 0.3472
0.0141 -0.8462 0.2640
0.0176 0.2622 0.3496
0.0316 0.1141 0.3211
0.0402 -0.9078 0.2241
0.0391 -0.5760 0.1873
0.0348 0.1731 0.3169
0.0399 -0.4712 0.1846
0.0629 -0.9682 0.2084
0.0546 -0.6099 0.2084
0.0551 -0.3073 0.2088
0.0566 -0.2739 0.2339
0.0811 0.0010 0.3659
0.0871 -0.4082 0.1765
0.0875 -0.3247 0.1856
0.0970 -0.3913 0.1740
0.1087 -0.1592 0.3293
0.1146 -0.5406 0.1809
0.1291 -0.5574 0.1918
0.1253 0.4818 0.2340
0.1376 0.5067 0.2124
0.1470 -0.8625 0.2646
0.1575 0.9546 0.3687
0.1635 0.2470 0.2591
0.1701 -0.9719 0.2631
0.1802 -0.4243 0.1863
0.1844 -0.2724 0.2332
0.1903 0.6459 0.2384
0.1944 -0.3626 0.1917
0.1992 -1.1010 0.3519
0.2074 0.5920 0.1888
0.2143 0.6805 0.2650
0.2189 -0.4953 0.1942
0.2257 0.5171 0.1604
0.2247 -0.6081 0.1803
0.2259 0.4523 0.1622
0.2285 -0.9648 0.2848
0.2483 0.9093 0.2636
0.2557 0.2171 0.2307
0.2570 0.4168 0.1585
0.2555 -0.4043 0.2104
0.2715 0.3826 0.1637
0.2701 0.5194 0.1623
0.2765 0.2585 0.2026
0.2741 0.9470 0.2434
0.2719 0.5469 0.1742
0.2802 0.2124 0.2238
0.2856 -0.6294 0.1429
0.2880 -0.7645 0.1767
0.2985 -0.5771 0.1439
0.3025 -0.6376 0.1372
0.3080 -0.7128 0.1491
0.3155 -0.5331 0.1584
0.3170 0.2945 0.1888
0.3190 -0.8079 0.1775
0.3244 0.0528 0.2582
0.3267 0.8446 0.2515
0.3330 0.8852 0.2359
0.3356 -0.5948 0.1381
0.3358 -0.3766 0.2656
0.3319 0.4015 0.1332
0.3324 0.9189 0.2233
0.3493 -0.7113 0.1373
0.3547 -0.5542 0.1600
0.3546 -0.7919 0.1515
0.3517 0.0242 0.2596
0.3546 0.4504 0.1222
0.3571 -0.1416 0.3700
0.3607 0.4242 0.1231
0.3570 0.6618 0.2470
0.3625 0.3956 0.1328
0.3712 -0.4643 0.2256
0.3759 1.1041 0.2994
0.3864 0.4913 0.1213
0.4020 -0.6899 0.1484
0.3967 0.5421 0.1398
0.3961 0.4473 0.1155
0.4043 -0.9065 0.2677
0.4071 -0.8222 0.1841
0.4091 0.0280 0.2485
0.4068 0.1487 0.2224
0.4139 -0.7252 0.1481
0.4314 -0.6033 0.1796
0.4327 0.4834 0.1192
0.4227 -0.7594 0.1580
0.4259 1.0197 0.2369
0.4316 1.0601 0.2523
0.4385 0.5726 0.1292
0.4420 -1.0656 0.3381
0.4451 0.5080 0.1178
0.4465 0.3434 0.1897
0.4515 1.0955 0.2776
0.4626 -0.6469 0.1727
0.4598 -0.0383 0.3088
0.4603 0.7775 0.2734
0.4651 0.2040 0.2158
0.4761 0.5585 0.1152
0.4794 0.4565 0.1611
0.4847 0.6028 0.1335
0.4909 0.1001 0.2350
0.4953 0.5768 0.1201
0.5082 -0.6334 0.1960
0.5062 0.2669 0.1889
0.5173 0.3782 0.1784
0.5270 -0.7009 0.1986
0.5273 0.5984 0.1344
0.5402 0.7257 0.2020
0.5456 0.1762 0.2240
0.5449 0.5837 0.1472
0.5503 0.3592 0.1607
0.5532 0.9806 0.2589
0.5686 0.6400 0.1485
0.5739 -1.0748 0.2136
0.5823 0.2456 0.1920
0.5838 -0.9988 0.2032
0.5930 0.7049 0.1774
0.5970 -0.5653 0.2688
0.5972 0.2741 0.1812
0.6037 0.3906 0.1535
0.6028 -0.7840 0.2412
0.6079 -1.0987 0.2070
0.6086 0.9081 0.2414
0.6108 -1.0312 0.1780
0.6103 1.0640 0.2546
0.6176 -0.6494 0.2146
0.6143 0.6670 0.1645
0.6420 0.3626 0.1626
0.6511 -0.9139 0.1946
0.6453 0.4244 0.1517
0.6580 0.3975 0.1577
0.6672 0.0277 0.3909
0.6635 0.4829 0.1615
0.6676 1.0386 0.2326
0.6716 -0.8134 0.2160
0.6780 0.4604 0.1559
0.6844 -1.0101 0.1641
0.6975 0.6352 0.1647
0.6821 0.6709 0.1580
0.6857 0.7987 0.1729
0.7032 -0.7598 0.2045
0.7023 -1.1159 0.1980
0.7060 0.2194 0.2753
0.7036 -0.9610 0.1668
0.7147 -0.7140 0.1976
0.7130 0.7844 0.1619
0.7267 0.7563 0.1541
0.7209 -1.0867 0.1810
0.7157 0.5543 0.1683
0.7183 0.8808 0.1792
0.7295 -0.6359 0.2113
0.7356 0.7174 0.1547
0.7419 0.5346 0.1703
0.7401 0.9866 0.2171
0.7405 1.1498 0.1988
0.7504 1.2733 0.2109
0.7366 0.4843 0.1798
0.7526 -0.9486 0.1576
0.7511 -0.5726 0.2414
0.7582 0.6019 0.1685
0.7562 0.8664 0.1672
0.7631 1.1641 0.1804
0.7547 0.9439 0.1982
0.7657 -0.9174 0.1580
0.7865 0.7283 0.1631
0.7793 1.2271 0.1587
0.7842 -1.1085 0.2030
0.7805 1.1957 0.1578
0.7884 -0.9217 0.1524
0.7899 0.2415 0.3456
0.7997 -0.3912 0.2683
0.8024 -0.3110 0.2277
0.8186 1.2434 0.1599
0.8260 -0.7201 0.1535
0.8282 0.8909 0.1653
0.8380 -0.7997 0.1704
0.8390 -1.0646 0.1940
0.8404 -0.2438 0.1960
0.8431 -1.1186 0.2400
0.8439 -0.6406 0.1719
0.8512 0.6109 0.1546
0.8400 -0.9794 0.1576
0.8486 -0.7707 0.1574
0.8507 0.7383 0.1480
0.8487 -0.8645 0.1630
0.8536 1.2485 0.1673
0.8560 1.2818 0.1893
0.8601 -0.9783 0.1640
0.8782 -0.7413 0.1423
0.8642 -0.3245 0.1751
0.8667 0.8189 0.1340
0.8670 -0.5296 0.2133
0.8709 0.5856 0.1610
0.8799 -0.6610 0.1549
0.8780 0.7043 0.1318
0.8807 -0.6967 0.1428
0.8771 0.8988 0.1504
0.8808 -0.1994 0.1980
0.8858 0.6668 0.1246
0.8897 0.8308 0.1206
0.8868 0.6324 0.1326
0.8955 -0.9371 0.1836
0.9024 1.2555 0.2076
0.9048 -0.2857 0.1434
0.9037 0.4352 0.2945
0.9115 0.7651 0.1284
0.9115 1.1459 0.2394
0.9094 -0.8923 0.1927
0.9239 0.6434 0.1342
0.9179 0.8441 0.1123
0.9352 0.5172 0.2068
0.9487 -0.2916 0.1302
0.9461 0.7747 0.1314
0.9535 -0.2356 0.1433
0.9519 0.9237 0.1472
0.9596 -0.5552 0.1457
0.9618 -0.5177 0.1362
0.9615 -0.6505 0.1669
0.9603 0.8282 0.1167
0.9635 0.8629 0.1216
0.9611 0.6833 0.1471
0.9625 -0.7470 0.1934
0.9747 0.9016 0.1325
0.9688 -0.2757 0.1270
0.9867 0.6327 0.1701
0.9848 -0.5278 0.1229
0.9872 -0.6933 0.1933
0.9918 -0.0769 0.2865
1.0055 -0.4868 0.1128
1.0032 -0.3890 0.1135
1.0081 -0.2888 0.1194
1.0099 -0.4331 0.1103
1.0115 -0.3346 0.1086
1.0161 1.0141 0.1949
1.0154 1.0475 0.2302
1.0145 0.7680 0.1727
1.0158 -0.5427 0.1242
1.0190 0.5247 0.2321
1.0182 -0.3985 0.1037
1.0383 -0.4367 0.1106
1.0234 -0.2062 0.1593
1.0265 0.8465 0.1426
1.0350 -0.3131 0.1106
1.0349 0.9443 0.1465
1.0376 -0.3875 0.1016
1.0414 -0.1585 0.1866
1.0478 -0.6049 0.1749
1.0593 -0.4846 0.1241
1.0642 1.3657 0.4228
1.0590 1.3285 0.3888
1.0656 0.6623 0.2236
1.0644 0.9213 0.1595
1.0713 -0.5408 0.1521
1.0745 0.5579 0.2612
1.0723 -0.3347 0.1053
1.0859 0.8616 0.1922
1.0763 0.9925 0.2031
1.0902 -0.4415 0.1428
1.1006 -0.2641 0.1252
1.0985 -0.3269 0.1079
1.1105 -0.8383 0.3248
1.1166 -0.3401 0.1086
1.1236 -0.1951 0.1343
1.1280 -0.2393 0.1299
1.1258 -0.9925 0.4360
1.1383 -0.3418 0.1094
1.1456 -0.7006 0.2880
1.1569 -0.1289 0.1475
1.1714 -0.3648 0.1338
1.1624 -0.2181 0.1270
1.1748 -0.3041 0.1088
1.1725 0.7058 0.3285
1.1780 -0.7525 0.3437
1.1783 -0.0835 0.1939
1.1865 -0.1645 0.1352
1.2038 -0.2481 0.1409
1.2008 -0.3365 0.1349
1.2043 -0.0863 0.2043
1.2053 -0.1516 0.1515
1.2060 0.1956 0.5809
1.2081 -0.3178 0.1342
