points 
 2 
 1 
Tumour[19065]FoxP310NNCodensity
-0.3616 -0.0268 0.4211
-0.3258 0.4593 0.7251
-0.3070 0.2301 0.5586
-0.2964 -0.2263 0.2419
-0.2963 -0.1644 0.2515
-0.2891 -0.1827 0.2390
-0.2788 0.4212 0.6638
-0.2769 -0.2671 0.2587
-0.2752 -0.2177 0.2323
-0.2343 -0.4013 0.4011
-0.2162 0.4485 0.6828
-0.2014 -0.1412 0.2916
-0.1882 -0.2585 0.2731
-0.1675 -0.3586 0.3656
-0.1107 0.4955 0.7577
0.1624 -0.0216 0.5988
0.1635 -0.0445 0.5866
0.2704 -0.0853 0.5981
0.4341 0.2446 0.6808
0.4583 -0.3214 0.7934
0.4785 -0.2766 0.7610
0.5729 0.2578 0.7407
0.5823 0.2692 0.7559
0.7030 0.1678 0.8545
