points 
 2 
 1 
Tumour[19065]CD810NNCodensity
-1.0827 -0.2651 0.2699
-1.0831 -0.1050 0.3128
-1.0856 0.2673 0.4068
-1.0867 0.9423 0.3191
-1.0741 0.7543 0.1936
-1.0696 -0.0116 0.3690
-1.0665 -0.9354 0.2751
-1.0714 -0.9040 0.2521
-1.0617 -0.3317 0.2913
-1.0619 0.6605 0.2198
-1.0557 -0.2691 0.2489
-1.0368 -0.7228 0.2092
-1.0253 -0.8293 0.1802
-1.0365 0.7349 0.1707
-1.0339 0.7594 0.1692
-1.0207 -0.7969 0.1728
-1.0174 -0.3158 0.2598
-1.0113 0.8862 0.2106
-1.0148 0.2518 0.3420
-1.0156 0.8428 0.1820
-1.0197 0.8597 0.1913
-1.0010 0.4060 0.3308
-0.9935 -0.6063 0.2596
-0.9919 -0.7788 0.1626
-0.9829 -0.1872 0.2349
-0.9836 0.2670 0.3314
-0.9828 -0.6693 0.1974
-0.9781 0.7726 0.1785
-0.9600 -0.1534 0.2515
-0.9642 0.5791 0.2314
-0.9624 0.6111 0.2127
-0.9566 0.6684 0.1959
-0.9526 -1.2153 0.5378
-0.9493 -0.7613 0.1608
-0.9424 0.5438 0.2616
-0.9347 0.2228 0.3124
-0.9262 -0.3182 0.2784
-0.9196 -0.7149 0.1756
-0.9002 -0.5658 0.2673
-0.8991 -0.8655 0.1512
-0.8891 -1.0562 0.3291
-0.8911 -0.8661 0.1515
-0.8847 -0.8845 0.1614
-0.8727 -0.1426 0.3057
-0.8663 -0.9069 0.1763
-0.8610 0.8553 0.2392
-0.8597 -0.8457 0.1531
-0.8473 0.0201 0.2886
-0.8482 0.0590 0.2894
-0.8258 0.8621 0.2513
-0.8217 0.6404 0.2941
-0.8251 -0.7227 0.1443
-0.8231 -0.6940 0.1476
-0.8118 -0.7198 0.1379
-0.8041 0.8482 0.2622
-0.7882 -0.8869 0.1728
-0.7712 -0.6647 0.1478
-0.7716 -0.3585 0.3901
-0.7606 0.5272 0.3207
-0.7439 0.1145 0.2222
-0.7521 0.8759 0.2815
-0.7493 -0.6235 0.1786
-0.7510 -0.7268 0.1298
-0.7480 1.0458 0.3307
-0.7451 -0.7546 0.1411
-0.7434 -0.8303 0.1653
-0.7219 -0.8869 0.1911
-0.7170 0.0515 0.2060
-0.7240 0.2508 0.2501
-0.7190 -0.7277 0.1470
-0.7132 -0.6110 0.2084
-0.7032 -0.2406 0.3543
-0.6903 -0.0186 0.2175
-0.6799 -0.8100 0.1880
-0.6751 0.1186 0.2085
-0.6729 0.2419 0.2048
-0.6602 0.2959 0.1954
-0.6642 1.1185 0.3350
-0.6512 -1.0228 0.2851
-0.6402 -0.9010 0.2237
-0.6506 -0.1199 0.2803
-0.6337 0.6763 0.2456
-0.6415 0.9444 0.2656
-0.6253 0.3301 0.1797
-0.6242 -1.2341 0.4764
-0.6189 -0.9335 0.2354
-0.6148 -0.6659 0.2327
-0.6098 0.4994 0.2171
-0.6058 0.0240 0.1764
-0.6077 0.0631 0.1812
-0.6041 0.9824 0.2507
-0.5960 0.6419 0.1950
-0.5726 -1.1112 0.3453
-0.5695 0.3239 0.1450
-0.5699 0.5404 0.1827
-0.5533 0.3679 0.1736
-0.5610 0.4831 0.2016
-0.5548 -0.2380 0.2734
-0.5524 0.0215 0.1771
-0.5478 0.0193 0.1793
-0.5274 0.2886 0.1128
-0.5322 0.2663 0.1196
-0.5314 0.7160 0.1840
-0.5222 0.9279 0.2480
-0.5224 0.2332 0.1353
-0.5225 -0.7622 0.2062
-0.5186 -0.6521 0.2431
-0.5192 1.1671 0.2944
-0.5091 0.7901 0.2438
-0.5081 0.5253 0.1918
-0.5040 0.5828 0.1639
-0.4975 0.0056 0.2028
-0.4879 0.3077 0.1113
-0.4869 0.2324 0.1173
-0.4937 0.6350 0.1486
-0.4892 1.0350 0.1970
-0.4869 0.6114 0.1510
-0.4831 -1.0228 0.2941
-0.4825 0.7215 0.1773
-0.4776 -0.8118 0.1911
-0.4693 -0.2984 0.1667
-0.4657 0.2556 0.1042
-0.4706 0.1292 0.1891
-0.4681 -0.4721 0.1943
-0.4629 -0.9098 0.2277
-0.4553 -0.3420 0.1394
-0.4537 -0.0070 0.2307
-0.4544 0.3143 0.1187
-0.4481 0.9729 0.2201
-0.4344 0.2825 0.1104
-0.4490 -0.7015 0.1790
-0.4391 -0.8211 0.1778
-0.4417 1.0418 0.2002
-0.4328 -0.2918 0.1545
-0.4298 1.0905 0.2122
-0.4244 0.1671 0.1633
-0.4185 -0.3883 0.1158
-0.4185 -0.4073 0.1184
-0.4129 -0.3474 0.1196
-0.3984 0.2753 0.1413
-0.4093 0.3374 0.1686
-0.4056 -0.7705 0.1595
-0.4060 -0.5825 0.2083
-0.4014 0.1432 0.1799
-0.3987 -0.7078 0.1673
-0.4010 -0.2448 0.2012
-0.4002 0.2313 0.1438
-0.3909 -0.1163 0.2953
-0.3959 1.0839 0.2147
-0.3975 0.6699 0.1537
-0.3981 0.6609 0.1517
-0.3919 -0.4924 0.1534
-0.3966 0.6639 0.1521
-0.3833 -0.9538 0.2957
-0.3833 -0.8258 0.1864
-0.3741 -0.3901 0.1165
-0.3762 1.0947 0.2252
-0.3755 -0.4251 0.1138
-0.3712 -1.2297 0.5086
-0.3513 -0.3696 0.1372
-0.3451 0.8474 0.2745
-0.3297 -0.4927 0.1561
-0.3468 0.5890 0.1890
-0.3261 -0.4407 0.1351
-0.3215 -0.7160 0.1519
-0.3177 0.6604 0.1858
-0.3201 0.5332 0.2217
-0.3181 -0.6864 0.1536
-0.3072 -0.5760 0.1838
-0.2977 -0.7189 0.1536
-0.2833 -0.1704 0.3138
-0.2861 -0.4449 0.1660
-0.2841 0.1546 0.1761
-0.2881 0.5133 0.2292
-0.2858 0.1269 0.1773
-0.2757 0.7676 0.2139
-0.2764 0.7465 0.2042
-0.2747 -0.6206 0.1745
-0.2780 0.1245 0.1757
-0.2554 0.4351 0.2529
-0.2463 0.1243 0.1761
-0.2482 -0.7853 0.2162
-0.2486 -0.6904 0.1622
-0.2403 1.1025 0.2034
-0.2340 0.7655 0.2338
-0.2222 -0.4611 0.2188
-0.2139 -0.5836 0.1960
-0.2054 0.4284 0.2330
-0.1972 1.1246 0.1564
-0.1814 -0.7317 0.2062
-0.1739 0.1435 0.1540
-0.1768 0.1508 0.1544
-0.1477 -0.5638 0.2241
-0.1589 0.7797 0.2602
-0.1544 1.0824 0.1240
-0.1509 1.1407 0.1236
-0.1194 0.0939 0.1864
-0.1375 -0.1278 0.3222
-0.1387 1.1187 0.1128
-0.1219 0.1966 0.1566
-0.1266 0.4946 0.1879
-0.1296 0.9957 0.1632
-0.1277 -0.6445 0.2052
-0.1176 0.5277 0.1888
-0.1122 0.5708 0.2068
-0.1149 1.0650 0.1174
-0.1116 1.2145 0.1956
-0.1022 1.1079 0.1152
-0.1015 0.2320 0.1653
-0.0915 0.9735 0.1611
-0.0948 -0.2764 0.2703
-0.0881 -0.9940 0.4314
-0.0890 -0.1838 0.2793
-0.0945 1.1982 0.1778
-0.0799 0.0653 0.2030
-0.0768 -1.2559 0.4393
-0.0805 -0.7292 0.2407
-0.0769 -0.2179 0.2601
-0.0822 0.5838 0.1939
-0.0726 1.0951 0.1245
-0.0617 0.3685 0.2067
-0.0695 -0.4684 0.3020
-0.0660 0.2413 0.1578
-0.0647 0.3992 0.1979
-0.0548 0.7214 0.2267
-0.0644 0.9826 0.1487
-0.0574 1.0738 0.1268
-0.0503 0.1708 0.1452
-0.0363 0.4086 0.1911
-0.0309 -1.2446 0.3988
-0.0337 0.6107 0.1859
-0.0171 -0.6621 0.2526
-0.0287 0.7550 0.2394
-0.0187 -0.6329 0.2552
-0.0188 0.2061 0.1401
-0.0146 1.0430 0.1393
-0.0042 -1.2509 0.3921
-0.0097 0.2298 0.1457
-0.0086 0.9713 0.1827
0.0094 1.0433 0.1546
0.0155 0.8287 0.2426
0.0150 -0.7121 0.2766
0.0152 0.5080 0.1699
0.0153 0.1183 0.1563
0.0359 -0.2796 0.2087
0.0315 -1.1394 0.3553
0.0312 0.0770 0.1749
0.0291 0.4795 0.1779
0.0409 1.1240 0.1879
0.0447 0.2611 0.1713
0.0482 0.2000 0.1536
0.0474 0.0700 0.1785
0.0580 0.6806 0.1924
0.0644 -0.3650 0.2328
0.0693 -0.3062 0.2028
0.0773 0.4471 0.1892
0.0667 0.5331 0.1599
0.0767 0.6281 0.1734
0.0807 1.1114 0.2226
0.0782 1.1537 0.2416
0.0900 0.5577 0.1575
0.0882 0.3400 0.2016
0.0908 0.0963 0.1660
0.1050 0.6184 0.1752
0.1104 0.2456 0.1749
0.1172 -0.9261 0.3098
0.1127 -0.2448 0.2021
0.1160 0.8929 0.2517
0.1187 -0.2659 0.1976
0.1497 -0.8281 0.2442
0.1458 0.1244 0.1717
0.1478 0.5952 0.2004
0.1477 0.1729 0.1847
0.1523 0.7523 0.2097
0.1676 0.8266 0.2324
0.1700 -0.2261 0.2060
0.1642 0.3284 0.2031
0.1676 0.8825 0.2564
0.1801 -0.4903 0.3311
0.1811 0.0327 0.1895
0.1868 0.3463 0.2037
0.1874 0.0121 0.1897
0.1993 -0.3537 0.2214
0.2044 -1.0685 0.3007
0.2072 -0.7770 0.2137
0.2091 0.1807 0.2281
0.1970 0.4585 0.2092
0.2052 0.7396 0.2250
0.2257 -0.8191 0.1911
0.2252 0.4335 0.2065
0.2336 -0.1045 0.1993
0.2315 -0.1290 0.2061
0.2367 -0.7487 0.2306
0.2505 -1.2090 0.2698
0.2405 -1.2738 0.3161
0.2364 -0.3454 0.2237
0.2390 -0.0345 0.1881
0.2618 -0.0093 0.1849
0.2844 0.7451 0.2287
0.2804 -0.7543 0.2250
0.2848 0.4964 0.2263
0.2979 -0.9171 0.1879
0.3104 -0.1959 0.2108
0.3116 -0.8625 0.1747
0.3068 -0.0426 0.2002
0.3194 -1.0072 0.1965
0.3315 -0.5337 0.3465
0.3237 0.3726 0.1788
0.3235 1.1853 0.4447
0.3216 -0.3627 0.2036
0.3272 0.3175 0.1969
0.3402 0.0847 0.2453
0.3457 -0.9282 0.1745
0.3542 -0.8347 0.1900
0.3497 0.3591 0.1633
0.3559 0.7764 0.2060
0.3674 -0.9683 0.1689
0.3621 0.1277 0.2737
0.3603 0.9126 0.2130
0.3649 -1.2291 0.1718
0.3674 0.8613 0.1925
0.3760 -0.2609 0.1708
0.3789 -1.1927 0.1552
0.3851 -1.0818 0.1721
0.3844 -0.2864 0.1614
0.3839 -0.2238 0.1988
0.3843 -0.3808 0.2034
0.3829 -0.3175 0.1653
0.3850 0.7478 0.2130
0.3945 0.6073 0.2607
0.3935 0.4315 0.1420
0.4122 0.4827 0.1629
0.4136 -1.2543 0.1577
0.4153 -0.9276 0.1754
0.4236 -1.0803 0.1492
0.4197 0.0101 0.2935
0.4251 0.2736 0.1718
0.4189 0.4493 0.1392
0.4143 0.9584 0.2347
0.4299 -1.2103 0.1215
0.4275 0.8121 0.1934
0.4324 0.9364 0.2144
0.4388 0.3224 0.1322
0.4462 0.3606 0.1243
0.4515 0.4540 0.1433
0.4463 -1.1922 0.1176
0.4613 -0.8474 0.2059
0.4574 -0.2180 0.2311
0.4545 -1.0585 0.1370
0.4581 0.4236 0.1296
0.4604 0.6993 0.2760
0.4654 0.9655 0.2433
0.4689 0.3001 0.1463
0.4813 1.1836 0.4807
0.4842 -1.1633 0.1276
0.4862 -0.3808 0.2050
0.4941 -1.0893 0.1286
0.4872 -1.0360 0.1353
0.4879 -1.2521 0.1464
0.4831 -1.2017 0.1254
0.4905 0.3379 0.1318
0.4981 -1.1205 0.1294
0.5137 -0.9047 0.1975
0.5124 -0.7691 0.2395
0.5101 0.3388 0.1393
0.5166 -0.3301 0.2048
0.5123 0.8647 0.2212
0.5161 0.4753 0.1895
0.5126 -1.2588 0.1662
0.5188 -0.9884 0.1539
0.5226 -0.7461 0.2558
0.5416 -0.9797 0.1680
0.5441 -1.0988 0.1582
0.5470 -0.3725 0.2314
0.5560 0.1172 0.2821
0.5461 0.2993 0.1808
0.5608 -0.3996 0.2592
0.5769 -1.0016 0.1777
0.5881 0.1098 0.2896
0.5961 0.4377 0.2215
0.5996 -1.2350 0.2124
0.6011 -0.7972 0.2105
0.6083 0.3481 0.2113
0.6319 0.8227 0.1919
0.6338 0.8949 0.2080
0.6419 -0.7400 0.2493
0.6530 -1.2493 0.2630
0.6574 0.8696 0.1810
0.6594 -0.4156 0.3479
0.6618 0.1934 0.2454
0.6774 0.5093 0.2885
0.6731 0.0652 0.3365
0.6838 -0.9583 0.2389
0.6813 0.8343 0.1628
0.6873 0.8057 0.1694
0.6926 -0.8416 0.2246
0.6976 -0.8222 0.2294
0.6987 -0.9381 0.2417
0.7216 0.8239 0.1624
0.7228 0.2832 0.1948
0.7266 0.3363 0.1755
0.7249 -1.2069 0.2563
0.7435 0.2446 0.2274
0.7546 -0.7365 0.3257
0.7718 0.4324 0.1996
0.7681 -0.1733 0.3822
0.7692 0.8232 0.1708
0.7867 -1.1513 0.2098
0.7789 0.3679 0.1714
0.8072 0.3915 0.1843
0.7888 0.8022 0.1805
0.8021 0.3485 0.1831
0.8190 -1.0944 0.1975
0.8200 -0.1487 0.3368
0.8315 0.8365 0.2129
0.8397 -0.4857 0.4615
0.8406 0.3847 0.2026
0.8538 -1.1047 0.2058
0.8512 -1.1651 0.2276
0.8539 -1.0050 0.2586
0.8659 -1.1449 0.2250
0.8645 -0.3619 0.4393
0.8794 0.7566 0.2478
0.8941 -1.0740 0.2515
0.8931 0.1136 0.3354
0.8989 0.5309 0.3307
0.9111 -0.0741 0.2543
0.9052 0.7177 0.2749
0.9094 -0.0144 0.2656
0.9459 0.7554 0.2884
0.9743 0.0040 0.2491
0.9795 0.2895 0.3080
1.0078 -0.0593 0.2168
1.0099 -0.6541 0.5721
1.0470 -0.1340 0.2309
1.0884 0.2629 0.2913
1.0963 -0.0897 0.2004
1.1115 0.6038 0.4351
1.1198 0.7728 0.4035
1.1278 -0.1305 0.2198
1.1272 0.2262 0.2597
1.1335 -0.0182 0.2177
1.1357 0.3682 0.3410
1.1550 0.2095 0.2483
1.1597 -0.1266 0.2156
1.1658 0.8786 0.4488
1.2008 -0.0089 0.2232
1.2478 0.1428 0.2317
1.2504 0.2791 0.2840
1.2577 -0.1173 0.2193
1.2666 -0.5770 0.7063
1.2757 0.0609 0.2428
1.2734 0.8838 0.5047
1.2771 1.1269 0.6259
1.3006 0.1979 0.2630
1.3035 0.0214 0.2492
1.3151 1.1862 0.7067
1.3225 -0.2057 0.2895
1.3387 -0.1799 0.2744
1.3755 -0.0655 0.2821
1.3651 1.1890 0.7522
1.3808 0.1901 0.3399
1.3971 -0.1846 0.3345
1.4008 0.5357 0.5969
