points 
 2 
 1 
Tumour[19065]CD6810NNCodensity
-1.0787 -0.9726 0.2148
-1.0871 -0.7702 0.1717
-1.0825 -0.7262 0.1632
-1.0858 0.9068 0.2541
-1.0806 1.1200 0.2609
-1.0856 -0.3199 0.2823
-1.0704 -0.4633 0.1715
-1.0456 -0.3782 0.1947
-1.0602 0.1114 0.5177
-1.0606 -0.9032 0.1692
-1.0552 -0.6340 0.1481
-1.0517 1.1104 0.2283
-1.0475 -0.4173 0.1661
-1.0513 -0.6997 0.1357
-1.0496 0.9249 0.2178
-1.0337 1.0279 0.1881
-1.0474 -0.4877 0.1491
-1.0361 -1.1922 0.3500
-1.0336 -0.8013 0.1379
-1.0331 -1.0266 0.2132
-1.0317 0.8499 0.2257
-1.0178 -0.7714 0.1409
-1.0269 -0.8633 0.1477
-1.0119 -0.6221 0.1201
-1.0202 -0.5862 0.1326
-1.0146 0.6334 0.1468
-1.0157 -0.9024 0.1573
-0.9992 -0.6562 0.1150
-0.9964 -0.5092 0.1299
-1.0082 -0.4819 0.1326
-0.9849 0.8959 0.2011
-1.0031 -1.0733 0.2233
-1.0050 -0.8471 0.1478
-0.9991 1.0729 0.1888
-0.9897 -0.6800 0.1251
-0.9987 0.6101 0.1358
-0.9967 1.1376 0.2431
-0.9681 0.6753 0.1225
-0.9863 -1.0017 0.1939
-0.9882 0.5888 0.1464
-0.9651 0.6407 0.1159
-0.9688 0.6094 0.1246
-0.9787 0.7300 0.1716
-0.9662 -0.5750 0.1227
-0.9503 -0.8206 0.1714
-0.9523 1.0568 0.1986
-0.9425 -0.5196 0.1303
-0.9494 -0.6608 0.1318
-0.9362 -0.5866 0.1298
-0.9339 0.6484 0.1230
-0.9367 -0.4527 0.1592
-0.9336 -0.3939 0.1925
-0.9398 0.4481 0.2669
-0.9321 -0.1535 0.2701
-0.9264 0.3312 0.3684
-0.9237 -0.6982 0.1681
-0.9203 0.9179 0.2168
-0.8957 0.3967 0.3051
-0.9197 0.7026 0.1523
-0.8994 -1.1536 0.2430
-0.9004 -0.5812 0.1524
-0.8915 -0.9682 0.2080
-0.8962 0.8283 0.2162
-0.8823 -0.1864 0.2131
-0.8918 1.0664 0.2446
-0.8831 0.6563 0.1689
-0.8790 -1.1296 0.2221
-0.8807 -0.8048 0.2200
-0.8793 -0.4751 0.1628
-0.8835 -0.0377 0.3024
-0.8741 0.0434 0.3533
-0.8676 -0.3117 0.2119
-0.8511 -0.5340 0.1573
-0.8470 0.8685 0.2657
-0.8439 -0.9702 0.1900
-0.8423 -0.1731 0.1965
-0.8415 -0.7573 0.2460
-0.8188 -0.3076 0.1797
-0.8166 -0.9730 0.1751
-0.8148 -1.1248 0.1944
-0.8007 -0.1642 0.2038
-0.8003 0.4873 0.2874
-0.8046 0.7610 0.2639
-0.7957 -0.5487 0.1726
-0.7696 0.5361 0.2911
-0.7684 -1.0378 0.1467
-0.7761 -0.9726 0.1639
-0.7779 -0.4835 0.1523
-0.7819 1.0983 0.3204
-0.7773 -0.4461 0.1596
-0.7722 -0.2746 0.1500
-0.7553 -1.1030 0.1706
-0.7394 -0.5016 0.1519
-0.7433 -0.2962 0.1377
-0.7190 -0.9906 0.1611
-0.7382 0.2950 0.3361
-0.7363 -0.3754 0.1581
-0.7310 -0.4598 0.1440
-0.7308 -0.2338 0.1608
-0.7069 -1.1764 0.2257
-0.7140 0.0039 0.3079
-0.7148 -1.0327 0.1525
-0.7168 -0.6210 0.1944
-0.7017 -1.0626 0.1568
-0.6885 -0.2952 0.1220
-0.6977 -0.7329 0.2209
-0.6926 0.6389 0.3383
-0.6975 -0.2725 0.1290
-0.6808 1.1323 0.3115
-0.6669 -0.7040 0.1822
-0.6671 -0.3760 0.1509
-0.6558 -0.4952 0.1335
-0.6427 -0.3381 0.1328
-0.6523 -0.8814 0.2504
-0.6285 -0.6724 0.1451
-0.6502 0.2970 0.3296
-0.6093 -0.5486 0.1148
-0.6440 -0.4730 0.1300
-0.6479 1.1063 0.2936
-0.6393 0.0164 0.3150
-0.6373 -1.0172 0.1890
-0.6168 -0.4341 0.1380
-0.6234 -0.2943 0.1203
-0.6240 -1.1428 0.1957
-0.6224 -0.5867 0.1304
-0.5991 -0.4681 0.1214
-0.6211 -0.1682 0.1712
-0.6187 -0.0680 0.2489
-0.6111 0.5372 0.3719
-0.5947 -0.6366 0.1293
-0.6116 -0.2742 0.1184
-0.5868 -0.5955 0.1179
-0.5824 -0.5008 0.1111
-0.5980 -0.2370 0.1279
-0.5989 -0.1889 0.1544
-0.5946 0.9282 0.3359
-0.5940 0.8871 0.3449
-0.5853 0.2684 0.3212
-0.5701 -0.2917 0.1312
-0.5824 -1.2021 0.2461
-0.5743 -0.1998 0.1577
-0.5536 -0.3430 0.1331
-0.5674 1.2309 0.2703
-0.5589 -0.5653 0.1133
-0.5464 -0.5199 0.1140
-0.5643 -0.9185 0.2283
-0.5649 -0.7091 0.1582
-0.5562 -1.0489 0.2212
-0.5514 -0.6596 0.1460
-0.5499 1.1420 0.2478
-0.5422 0.2778 0.3179
-0.5469 -1.1227 0.2137
-0.5298 -0.7741 0.1765
-0.5232 -0.3449 0.1316
-0.5247 0.2211 0.3131
-0.5215 -0.4272 0.1273
-0.5206 -0.5148 0.1186
-0.5245 -0.3931 0.1320
-0.5094 -0.8629 0.1953
-0.5072 0.7557 0.3307
-0.5074 -0.7669 0.1656
-0.5019 0.8218 0.3404
-0.5038 -1.1483 0.2561
-0.4920 -0.4905 0.1175
-0.4974 -0.5861 0.1516
-0.4886 -0.4278 0.1213
-0.4830 1.2653 0.2579
-0.4747 -0.1530 0.2503
-0.4705 -0.3294 0.1330
-0.4561 -0.7025 0.1603
-0.4356 -0.3205 0.1345
-0.4504 1.2594 0.2522
-0.4466 -0.4847 0.1106
-0.4458 -0.8751 0.1890
-0.4447 -0.0150 0.2508
-0.4360 -1.1734 0.3442
-0.4359 0.0288 0.2507
-0.4372 -0.7259 0.1661
-0.4324 -0.4302 0.1109
-0.4355 1.1275 0.2415
-0.4393 1.2063 0.2218
-0.4326 -0.6217 0.1762
-0.4266 -0.3448 0.1194
-0.4271 0.4726 0.3453
-0.4097 -0.5137 0.1347
-0.4238 -0.4745 0.1112
-0.3855 -0.5558 0.1647
-0.4073 -0.0256 0.2498
-0.4075 -0.9064 0.2208
-0.4017 -0.8455 0.1853
-0.4075 -0.7405 0.1802
-0.3949 0.3729 0.3674
-0.3984 -0.4483 0.1182
-0.3832 -0.3499 0.1235
-0.3913 1.2005 0.2243
-0.3835 -0.4195 0.1258
-0.3826 -0.3770 0.1223
-0.3795 -0.2978 0.1468
-0.3716 0.0322 0.2602
-0.3654 0.6518 0.2943
-0.3573 -0.6529 0.1996
-0.3582 0.5834 0.2919
-0.3483 0.9160 0.2993
-0.2976 -0.5321 0.2023
-0.3242 0.1057 0.3092
-0.3236 -0.8667 0.2168
-0.3160 0.7205 0.2915
-0.3104 0.5533 0.2838
-0.2928 -0.2815 0.1868
-0.2954 1.1233 0.2327
-0.2945 -0.3269 0.1713
-0.2914 -0.2179 0.2473
-0.2662 1.0538 0.2415
-0.2786 0.9845 0.2476
-0.2714 -0.7258 0.2076
-0.2731 -0.3093 0.1953
-0.2715 0.0883 0.3426
-0.2582 -0.8750 0.2243
-0.2456 -0.5041 0.2435
-0.2539 1.1694 0.2375
-0.2365 -0.7304 0.1995
-0.2265 -0.7972 0.1946
-0.2293 -0.0301 0.3297
-0.2182 0.8965 0.2514
-0.2145 -0.5111 0.2703
-0.2067 1.0032 0.2314
-0.1990 -1.0270 0.2846
-0.1836 1.2430 0.2595
-0.1829 -0.9706 0.2372
-0.1646 0.8574 0.2677
-0.1571 0.5804 0.2863
-0.1554 0.6376 0.2552
-0.1532 0.7133 0.2607
-0.1518 -0.7690 0.1766
-0.1452 -0.6907 0.1830
-0.1367 1.2060 0.2108
-0.1024 0.9082 0.2553
-0.1211 -0.7518 0.1760
-0.1086 1.1874 0.1890
-0.0956 -0.9854 0.2046
-0.0972 -0.8363 0.1903
-0.0900 -0.5974 0.2049
-0.0910 0.6176 0.3058
-0.0888 0.6461 0.2996
-0.0752 -0.9177 0.1923
-0.0753 -0.7196 0.1702
-0.0732 -0.1409 0.3978
-0.0625 -1.0157 0.2105
-0.0629 -1.2191 0.2683
-0.0567 1.1149 0.1944
-0.0536 -0.6488 0.1721
-0.0470 1.1776 0.1661
-0.0396 0.2947 0.4656
-0.0503 1.0389 0.2220
-0.0299 -1.1041 0.2004
-0.0219 0.9327 0.2607
-0.0188 -0.8752 0.2006
-0.0006 -0.6473 0.1852
-0.0060 -0.6078 0.1932
-0.0057 1.2110 0.1669
-0.0064 -0.8421 0.2143
0.0402 -1.1072 0.1797
0.0183 -0.6685 0.2019
0.0242 1.2466 0.1852
0.0249 -0.5406 0.2457
0.0269 1.1167 0.1830
0.0277 -1.1547 0.1731
0.0318 -1.2054 0.2093
0.0275 -0.9161 0.2271
0.0289 -0.3000 0.3389
0.0363 -0.1308 0.4038
0.0336 1.2174 0.1633
0.0453 1.0014 0.2322
0.0603 0.2209 0.4253
0.0598 -1.1486 0.1791
0.0812 0.9549 0.2582
0.0895 -1.2229 0.2512
0.0908 -1.1667 0.2047
0.0953 -0.3839 0.3200
0.0980 1.2103 0.1397
0.1038 -0.5140 0.2829
0.1101 -0.9872 0.2673
0.1289 -0.2990 0.3364
0.1469 0.2279 0.3994
0.1424 1.1192 0.1422
0.1430 1.2037 0.1144
0.1488 1.1559 0.1175
0.1514 -0.3423 0.3359
0.1545 0.4771 0.4149
0.1590 0.7731 0.3744
0.1668 1.1355 0.1198
0.1702 1.2172 0.1055
0.1719 1.2380 0.1171
0.1822 0.6569 0.4072
0.1946 -0.6700 0.2951
0.1972 0.0984 0.4377
0.2106 1.1956 0.1040
0.2042 1.2672 0.1487
0.2146 -0.9738 0.3673
0.2167 0.2517 0.3894
0.2102 1.0490 0.1853
0.2121 0.9177 0.2730
0.2296 1.1581 0.1193
0.2306 1.1182 0.1360
0.2312 -0.1380 0.4502
0.2369 0.5741 0.4216
0.2438 1.2391 0.1379
0.2369 -0.7559 0.3135
0.2657 1.2076 0.1349
0.2928 1.0316 0.2047
0.3057 0.2385 0.4134
0.2899 1.1329 0.1604
0.3112 -0.6391 0.2818
0.3233 -0.7704 0.3277
0.3241 0.9190 0.2610
0.3340 1.1746 0.2021
0.3340 1.0005 0.2343
0.3764 -0.7252 0.3082
0.3903 -0.5603 0.2605
0.4094 -0.4588 0.2230
0.4294 -0.7310 0.3369
0.4260 0.8856 0.2521
0.4430 -0.4511 0.1909
0.4361 1.2692 0.2477
0.4453 0.5438 0.2942
0.4714 -0.3052 0.2632
0.4566 -0.4093 0.1889
0.4698 0.4319 0.2696
0.4764 0.8827 0.2467
0.4860 0.8409 0.2370
0.4989 1.2601 0.2003
0.4832 -0.4530 0.1728
0.4958 0.8132 0.2369
0.5132 0.4664 0.2165
0.5280 -0.4941 0.1885
0.5298 0.4400 0.2124
0.5278 1.2171 0.1577
0.5468 1.1881 0.1408
0.5490 -0.3805 0.1770
0.5473 1.1350 0.1577
0.5538 1.1556 0.1433
0.5642 1.0241 0.2663
0.5830 -0.4887 0.1912
0.5805 0.5465 0.2108
0.5681 0.7711 0.2116
0.5740 1.2590 0.1948
0.5761 -1.0519 0.4097
0.5813 0.5947 0.2209
0.5861 1.1281 0.1617
0.6051 0.4204 0.1972
0.6020 0.7220 0.1988
0.6081 -0.3490 0.1649
0.6149 -1.0099 0.3418
0.6121 1.1995 0.1711
0.6184 0.1448 0.2959
0.6339 -0.2074 0.2374
0.6358 -0.4819 0.1903
0.6363 -0.4017 0.1516
0.6372 0.3916 0.1974
0.6435 -0.2464 0.1970
0.6577 0.7551 0.2188
0.6504 0.6657 0.1881
0.6574 0.7202 0.1991
0.6615 -0.3841 0.1464
0.6560 1.1358 0.2051
0.6641 -0.2638 0.1842
0.6749 -0.3019 0.1663
0.6979 0.1602 0.2079
0.6786 0.6199 0.1963
0.6866 0.0980 0.2585
0.6956 -0.9019 0.2323
0.6927 -0.0903 0.3393
0.7043 -0.8588 0.2272
0.6949 0.4068 0.1873
0.7012 -1.0508 0.3251
0.7080 0.4769 0.2197
0.7083 -0.4062 0.1636
0.7199 -0.8367 0.2247
0.7191 -0.3736 0.1650
0.7359 0.2977 0.1534
0.7296 0.3447 0.1591
0.7425 0.2543 0.1544
0.7502 1.0908 0.2828
0.7680 0.3906 0.1820
0.7657 -0.4543 0.2214
0.7792 0.1985 0.1715
0.7785 -0.9452 0.2458
0.7801 0.1631 0.1905
0.7932 0.2844 0.1515
0.7945 0.6709 0.1915
0.7926 -0.8838 0.2123
0.8033 0.5819 0.1743
0.8083 -0.7661 0.2106
0.8099 0.6171 0.1726
0.8178 0.3138 0.1666
0.8108 0.2559 0.1638
0.8261 -0.7186 0.2423
0.8273 -0.3977 0.2488
0.8310 0.6692 0.1975
0.8327 0.9457 0.2319
0.8425 -0.1832 0.3612
0.8425 -0.7511 0.2115
0.8585 1.0421 0.2418
0.8604 0.0565 0.3274
0.8790 0.6484 0.1814
0.8794 0.9964 0.2078
0.8832 0.5422 0.1550
0.8916 0.5620 0.1535
0.9098 0.5230 0.1560
0.9000 0.8908 0.2281
0.9174 -1.2147 0.5302
0.9072 0.4218 0.2062
0.9094 0.9858 0.1992
0.9075 0.9321 0.2052
0.9133 -0.4108 0.3188
0.9224 -0.8405 0.2153
0.9229 -0.4915 0.3378
0.9245 0.3739 0.2360
0.9265 0.4886 0.1705
0.9408 -0.7040 0.2170
0.9477 0.8887 0.2364
0.9602 -0.8270 0.2063
0.9673 0.1740 0.3473
0.9761 -1.0162 0.3846
0.9910 0.5069 0.1701
0.9917 0.9567 0.2290
1.0014 -0.7969 0.1968
1.0126 0.6393 0.1917
1.0158 0.5536 0.1538
1.0221 0.6061 0.1631
1.0336 -0.7861 0.2084
1.0468 -0.3281 0.4665
1.0480 -0.7039 0.2410
1.0610 0.6131 0.1535
1.0738 -0.7556 0.2328
1.0930 0.4255 0.1989
1.0955 0.5698 0.1349
1.1088 0.5129 0.1434
1.1269 1.0117 0.3002
1.1252 -0.7046 0.2817
1.1337 0.4758 0.1554
1.1345 0.7574 0.2740
1.1441 0.5547 0.1327
1.1509 0.6018 0.1372
1.1578 1.0191 0.3092
1.1833 0.4799 0.1586
1.1793 0.5889 0.1349
1.1821 0.3645 0.2395
1.2045 -1.2156 0.3511
1.2011 0.3752 0.2279
1.2034 0.6428 0.1615
1.2004 1.1143 0.4029
1.2155 -1.1720 0.3148
1.2140 0.6172 0.1526
1.2301 1.0309 0.3222
1.2331 0.4591 0.1843
1.2229 -0.8897 0.3948
1.2548 -1.1679 0.3119
1.2499 0.6412 0.1655
1.2557 0.8329 0.2512
1.2777 -1.0876 0.3168
1.2824 -0.5851 0.3233
1.2872 0.5404 0.2025
1.3044 -1.0882 0.3314
1.3426 -1.2029 0.3915
1.3317 0.6976 0.1741
1.3310 0.7285 0.1658
1.3284 0.6660 0.1864
1.3265 -0.6093 0.3263
1.3361 -0.3360 0.4385
1.3381 0.4460 0.2947
1.3672 0.7815 0.1691
1.3663 -1.1694 0.3976
1.3784 -0.3404 0.4454
1.3735 -0.0073 0.6483
1.3734 -0.5731 0.3393
1.3831 0.8247 0.1854
1.3878 0.9828 0.3298
1.3914 -0.5559 0.3542
1.3937 -0.5232 0.3684
1.3936 0.0121 0.6535
1.3967 0.7399 0.1903
1.3966 0.8583 0.2177
1.3997 0.8195 0.1917
