points 
 2 
 1 
Tumour[19065]FoxP310NNCodensity
-1.3201 -0.0163 0.5211
-1.3062 -0.1227 0.4184
-1.2967 -0.3569 0.4202
-1.2854 1.2181 0.4560
-1.2631 -0.6158 0.3668
-1.2599 -0.2354 0.3657
-1.2444 -0.0643 0.4350
-1.2334 -0.2188 0.3581
-1.2101 -0.2414 0.3664
-1.1924 -0.6903 0.2380
-1.1830 1.3181 0.2994
-1.1748 -0.6945 0.2216
-1.1663 -0.6783 0.2289
-1.1657 1.3254 0.2819
-1.1439 0.8563 0.6334
-1.1321 -0.7987 0.2036
-1.1085 -0.8604 0.2028
-1.1092 1.3405 0.2459
-1.1015 -0.8690 0.1983
-1.0978 -0.1780 0.4348
-1.0827 -0.7196 0.2044
-1.0775 0.9024 0.5626
-1.0725 -0.9812 0.2118
-1.0624 -0.7265 0.2128
-1.0544 1.3432 0.2198
-1.0502 -0.9791 0.1976
-1.0217 -0.9794 0.1950
-1.0071 1.2566 0.1996
-1.0079 0.1513 0.6774
-1.0064 1.3523 0.2217
-0.9934 -0.8563 0.2133
-0.9888 1.1531 0.2767
-0.9814 -0.9548 0.2046
-0.9723 -1.0578 0.2735
-0.9519 -0.7804 0.2880
-0.9488 1.1917 0.2335
-0.9315 1.1835 0.2497
-0.9276 1.3038 0.2141
-0.9277 -1.0516 0.2836
-0.9017 1.3521 0.2548
-0.8684 0.5995 0.6909
-0.8408 1.2624 0.2661
-0.7431 -1.0012 0.4165
-0.7272 -0.9834 0.4306
-0.7086 -0.7085 0.5575
-0.6995 1.3551 0.4059
-0.6924 0.4592 0.6812
-0.6850 -0.1924 0.8173
-0.6761 0.4347 0.6853
-0.6697 0.4162 0.6931
-0.6588 1.3614 0.4391
-0.5351 0.9887 0.6058
-0.4876 -0.4456 0.6210
-0.4873 0.2512 0.8008
-0.4512 1.3619 0.5615
-0.3906 1.2566 0.4967
-0.3582 -0.6595 0.5639
-0.2886 1.0573 0.4254
-0.2601 1.0767 0.4190
-0.2404 -0.3603 0.4668
-0.2273 0.9258 0.4279
-0.1611 -0.4369 0.3496
-0.1560 -0.4233 0.3577
-0.1464 -0.4803 0.3302
-0.1342 -1.0309 0.5727
-0.1096 1.1118 0.4677
-0.0983 0.7824 0.3544
-0.0535 -0.4973 0.2930
-0.0409 0.8311 0.3232
-0.0328 1.2113 0.5920
-0.0131 0.5308 0.2515
-0.0059 0.7849 0.2673
0.0169 -0.9194 0.3280
0.0388 -0.5848 0.1910
0.0460 -0.6352 0.1447
0.0593 -0.6347 0.1324
0.0646 0.5785 0.1547
0.0725 0.7362 0.2054
0.0772 -0.7155 0.1192
0.0961 -0.6923 0.0984
0.1013 -0.7102 0.1007
0.1019 0.4549 0.1429
0.1049 0.6010 0.1250
0.1113 0.6222 0.1300
0.1121 -0.7436 0.1267
0.1102 0.5315 0.1225
0.1241 -1.0578 0.4125
0.1231 0.4986 0.1210
0.1306 -0.6928 0.0976
0.1363 -0.9379 0.2888
0.1347 -0.6204 0.1320
0.1475 0.6666 0.1444
0.1471 -0.6923 0.1014
0.1466 0.4200 0.1267
0.1483 0.4494 0.1202
0.1477 0.4843 0.1179
0.1506 0.7298 0.1794
0.1561 -0.7853 0.1725
0.1558 -0.6077 0.1572
0.1555 0.3880 0.1341
0.1615 0.5848 0.1072
0.1673 -0.6758 0.1183
0.1694 0.6017 0.1124
0.1761 0.5774 0.1126
0.1759 0.7891 0.2437
0.1781 0.4349 0.1240
0.1801 0.7677 0.2212
0.1841 -0.9414 0.2886
0.1883 0.3006 0.1700
0.2096 0.5772 0.1404
0.2206 0.3533 0.1253
0.2236 0.3239 0.1357
0.2232 -0.7116 0.1823
0.2431 0.6223 0.1751
0.2499 -0.8469 0.2523
0.2514 0.3623 0.1286
0.2538 0.3278 0.1327
0.2677 0.2258 0.1460
0.2663 0.4506 0.1697
0.2894 0.1925 0.1378
0.3085 0.2007 0.1252
0.3099 0.3803 0.1516
0.3162 0.5439 0.2178
0.3210 0.1722 0.1387
0.3371 0.2954 0.1568
0.3372 0.4264 0.1828
0.3427 0.1536 0.1578
0.3508 0.2056 0.1356
0.3506 0.6791 0.3091
0.3510 -0.3684 0.3653
0.3550 0.2843 0.1625
0.3674 -0.0741 0.3749
0.3689 0.4623 0.2343
0.3730 -0.8742 0.2331
0.3756 0.1879 0.1584
0.3839 -0.5886 0.2608
0.3842 -0.8480 0.2231
0.3857 0.0403 0.2929
0.3990 -0.6422 0.2295
0.4340 -1.0320 0.2258
0.4467 -0.1846 0.3802
0.4541 -0.9010 0.1956
0.4550 -0.6911 0.1845
0.4560 1.1902 0.7871
0.4615 -0.2136 0.3663
0.4691 -0.7587 0.1882
0.4761 -0.3896 0.2828
0.4815 -0.7289 0.1819
0.4831 -0.9593 0.1678
0.4885 -0.7503 0.1858
0.4879 -1.0788 0.2500
0.4942 -0.5086 0.2111
0.4949 1.2116 0.8069
0.4968 -1.0638 0.2312
0.4966 -0.9570 0.1671
0.5270 -0.2645 0.3615
0.5336 -0.5226 0.1991
0.5469 -0.6390 0.1745
0.5434 -0.4915 0.2291
0.5501 0.3459 0.3833
0.5574 -0.5799 0.1808
0.5788 -0.9346 0.2006
0.5836 -0.6015 0.1784
0.5939 -0.6847 0.1707
0.5978 -0.9632 0.2079
0.5959 -0.9468 0.2057
0.6349 -0.7493 0.2267
0.6671 -0.7050 0.2235
0.6747 -0.6706 0.2281
0.6996 0.0967 0.3616
0.6985 0.2465 0.3635
0.7219 -0.9389 0.3287
0.7495 0.8738 0.7493
0.7605 0.1772 0.2955
0.7805 0.2183 0.3028
0.8207 -1.0677 0.4926
0.8288 -0.7139 0.3703
0.8346 0.3830 0.4468
0.8648 0.1116 0.2284
0.8757 0.8170 0.7760
0.9095 -0.7733 0.4473
0.9311 0.0671 0.1559
0.9435 0.0048 0.1219
0.9485 0.0811 0.1629
0.9697 0.0298 0.1146
0.9730 -0.0504 0.1233
0.9819 0.0127 0.1051
0.9868 1.3574 1.0591
0.9875 -0.0169 0.1027
1.0005 -0.0059 0.1047
1.0080 -0.0653 0.1271
1.0132 0.4428 0.6015
1.0514 -0.1135 0.1985
1.0541 -0.0375 0.1446
1.0616 1.2451 0.9945
1.0641 -0.0875 0.1804
1.0799 -0.6867 0.6888
1.1357 1.1710 1.0187
