points 
 2 
 1 
Tumour[19065]FoxP310NNCodensity
-1.3664 -0.5397 0.2676
-1.3630 -0.4488 0.3153
-1.3572 1.4185 0.4506
-1.3567 1.4535 0.4536
-1.3475 -0.6568 0.2417
-1.3376 -0.7420 0.2730
-1.3383 1.5334 0.4835
-1.3293 1.5866 0.5311
-1.3253 0.4525 0.7400
-1.3223 -0.6405 0.2257
-1.3220 -0.5328 0.2458
-1.3213 1.0680 0.5326
-1.3121 1.2709 0.4672
-1.3004 0.0918 0.7680
-1.2908 1.5528 0.4837
-1.2804 -0.5609 0.2361
-1.2709 0.9741 0.5212
-1.2550 0.7389 0.5464
-1.2537 -0.3056 0.4170
-1.2484 -0.8116 0.2835
-1.2159 -0.4342 0.3052
-1.2004 -0.7502 0.2213
-1.1909 -0.6978 0.2180
-1.1793 0.4666 0.6339
-1.1636 -0.3174 0.4047
-1.1342 1.0265 0.4670
-1.1245 -0.7735 0.2168
-1.1121 -0.7183 0.2026
-1.0976 1.5888 0.5778
-1.0744 -0.7784 0.2090
-1.0415 0.7727 0.4838
-1.0268 -0.3871 0.3851
-1.0196 -0.6375 0.2442
-1.0183 0.9254 0.4628
-1.0021 -0.6583 0.2253
-0.9704 -0.7067 0.2028
-0.9486 -0.7306 0.2042
-0.9494 0.5509 0.5749
-0.9293 -0.7803 0.2248
-0.9270 -0.8518 0.2912
-0.9189 1.1548 0.4474
-0.8747 0.0304 0.3323
-0.8521 -0.4037 0.3708
-0.8458 -0.3612 0.3496
-0.8465 1.3936 0.4500
-0.8373 -0.7727 0.2899
-0.8410 -0.2282 0.2998
-0.8296 0.9786 0.4700
-0.8225 0.1193 0.3195
-0.8232 0.6015 0.5786
-0.8093 -0.1699 0.2868
-0.8012 -0.1614 0.2847
-0.7893 0.1236 0.3001
-0.7701 0.1380 0.3078
-0.7657 0.0750 0.2789
-0.7567 -0.2880 0.2930
-0.7457 1.1759 0.3499
-0.7386 -0.7111 0.3951
-0.7109 0.1990 0.3532
-0.6694 1.2095 0.3039
-0.6621 1.3098 0.2845
-0.6475 1.2287 0.2980
-0.6444 -0.8206 0.4807
-0.6375 -0.1166 0.3010
-0.6336 1.4015 0.3003
-0.6096 -0.2424 0.3254
-0.5996 0.8382 0.6294
-0.5974 1.2880 0.2816
-0.5845 -0.0644 0.3098
-0.5813 -0.1436 0.3269
-0.5681 0.5553 0.6929
-0.5431 1.5318 0.3787
-0.5399 1.5806 0.4398
-0.5310 -0.4035 0.4162
-0.5093 1.5329 0.3945
-0.4816 0.0716 0.2827
-0.4537 0.0882 0.2854
-0.4407 0.1010 0.2901
-0.4248 0.1230 0.3083
-0.4330 1.2380 0.4218
-0.4288 1.3492 0.3834
-0.4036 0.0653 0.3083
-0.3767 -0.4912 0.3156
-0.3654 -0.4757 0.3281
-0.3654 -0.6460 0.2404
-0.3567 -0.5084 0.2993
-0.3492 -0.6752 0.2285
-0.3426 -0.6697 0.2243
-0.3254 -0.9068 0.2581
-0.3223 -0.8686 0.2247
-0.2896 -0.6658 0.2221
-0.2721 -0.8683 0.1796
-0.2583 -0.8636 0.1699
-0.2351 0.1538 0.4172
-0.2279 -0.7911 0.1698
-0.2057 -0.7088 0.2194
-0.2008 -0.8799 0.1758
-0.1812 -0.7928 0.1684
-0.1706 0.2288 0.5212
-0.1506 -0.7694 0.1836
-0.1084 -0.8500 0.1879
-0.1016 -0.9001 0.2281
-0.1003 -0.1020 0.3660
-0.0904 -0.1520 0.3732
-0.0843 -0.1374 0.3629
-0.0618 -0.2202 0.4181
-0.0427 -0.8076 0.2102
-0.0232 -0.1443 0.3527
-0.0129 -0.7184 0.2253
-0.0107 -0.8066 0.2312
0.0136 -0.6762 0.2457
0.0795 -0.6205 0.2727
0.0804 -0.6620 0.2650
0.1318 -0.0922 0.3354
0.1392 -0.6054 0.2793
0.1393 1.3493 0.5982
0.2186 -0.5273 0.2650
0.2243 -0.5034 0.2587
0.2303 -0.0343 0.2771
0.2418 0.0787 0.2554
0.2472 -0.0575 0.2755
0.2854 1.3812 0.4853
0.2994 -0.4310 0.2184
0.3054 -0.5035 0.2430
0.3058 1.1301 0.5513
0.3182 0.0184 0.2231
0.3366 0.1254 0.1972
0.3366 0.1565 0.2001
0.3407 -0.3779 0.2059
0.3412 0.2173 0.2252
0.3413 1.5090 0.5441
0.3506 1.4405 0.4765
0.3502 -0.4151 0.1914
0.3566 1.3843 0.4578
0.3758 0.1898 0.1995
0.3806 0.2027 0.2045
0.3819 1.4733 0.5023
0.3955 -0.3385 0.1880
0.4096 -0.0687 0.2272
0.4111 0.2330 0.2252
0.4118 0.4589 0.1879
0.4138 0.5949 0.2851
0.4279 1.0168 0.5711
0.4326 0.4952 0.1915
0.4358 0.4354 0.1790
0.4391 0.4843 0.1819
0.4433 -0.3902 0.1527
0.4486 -0.0738 0.2117
0.4489 0.4896 0.1866
0.4548 -0.3879 0.1466
0.4712 -0.0589 0.1941
0.4658 0.0393 0.2293
0.4716 0.4094 0.1936
0.4747 0.3921 0.2065
0.4983 -0.0886 0.2024
0.5120 -0.3931 0.1443
0.5180 -0.3698 0.1264
0.5334 -0.2952 0.1440
0.5393 -0.3491 0.1158
0.5426 -0.3388 0.1158
0.5481 0.7738 0.4399
0.5593 0.8198 0.4681
0.5708 -0.0425 0.1747
0.5740 -0.3378 0.1109
0.5742 0.1563 0.2465
0.5863 0.5154 0.3131
0.6048 -0.0015 0.1807
0.6189 -0.2729 0.1322
0.6202 -0.0564 0.2028
0.6250 -0.3270 0.1146
0.6262 0.1042 0.2037
0.6322 0.0178 0.1914
0.6367 -0.2756 0.1317
0.6495 -0.3140 0.1202
0.6604 0.2131 0.2386
0.6624 -0.0450 0.2137
0.6664 -0.3365 0.1360
0.6798 0.2163 0.2359
0.6819 1.5880 0.8236
0.6890 -0.2892 0.1532
0.7193 -0.4376 0.2245
0.7351 0.1759 0.2061
0.7393 0.1189 0.1923
0.7536 -0.3277 0.1656
0.7556 -0.4589 0.2425
0.7639 0.9951 0.7104
0.7729 0.9266 0.6723
0.7908 0.0473 0.1818
0.7946 0.1853 0.2215
0.8094 -0.3142 0.1599
0.8086 0.0483 0.1704
0.8241 -0.3426 0.1583
0.8290 -0.0181 0.1949
0.8511 -0.3350 0.1678
0.8528 -0.1553 0.2754
0.8703 -0.0114 0.1896
0.8765 -0.2525 0.2113
0.8784 0.0380 0.1646
0.8806 -0.3261 0.1787
0.8863 -0.5099 0.2402
0.8948 -0.3176 0.1881
0.9017 -0.6947 0.2539
0.9230 0.0764 0.1615
0.9306 0.2429 0.2205
0.9367 -0.5422 0.1842
0.9415 0.1048 0.1619
0.9407 0.0600 0.1712
0.9606 -0.6245 0.1579
0.9614 -0.5769 0.1526
0.9606 0.2069 0.1732
0.9696 -0.6059 0.1497
0.9716 -0.6495 0.1665
1.0025 0.1762 0.1572
1.0067 0.1997 0.1692
1.0155 0.1149 0.1755
1.0213 0.2182 0.1941
1.0244 -0.8357 0.3071
1.0332 -0.3477 0.2446
1.0604 -0.5007 0.1378
1.0573 -0.4232 0.1815
1.0662 -0.0843 0.3744
1.0721 -0.7101 0.1909
1.0770 -0.5684 0.1249
1.0799 -0.6054 0.1342
1.0830 -0.5425 0.1256
1.0904 -0.8058 0.2756
1.0932 -0.7701 0.2399
1.0946 -0.4215 0.1780
1.1045 -0.4376 0.1658
1.1098 -0.5910 0.1402
1.1129 -0.6481 0.1733
1.1128 -0.4858 0.1450
1.1156 -0.5588 0.1364
1.1232 0.1592 0.2872
