points 
 2 
 1 
Tumour[19065]CD810NNCodensity
-1.2258 -0.4077 0.2601
-1.2258 -0.2278 0.1890
-1.2284 -0.0448 0.1381
-1.2249 0.1050 0.1244
-1.2261 0.1465 0.1254
-1.2023 0.2452 0.1292
-1.2223 0.3168 0.1510
-1.2128 0.4174 0.1751
-1.2242 0.4989 0.2659
-1.2267 0.8742 0.2570
-1.2287 0.9277 0.2258
-1.2284 1.0785 0.1400
-1.2214 1.1772 0.1488
-1.2002 1.2508 0.1920
-1.2141 -0.0752 0.1186
-1.2150 0.8895 0.2400
-1.2096 1.0982 0.1242
-1.1891 0.0709 0.1138
-1.2126 1.0374 0.1517
-1.2074 -0.5269 0.1512
-1.2103 -0.4826 0.1820
-1.2081 0.0442 0.1322
-1.2017 0.1244 0.1052
-1.2076 1.1426 0.1310
-1.1907 -0.5942 0.1174
-1.2059 -0.1234 0.1150
-1.2011 0.2106 0.1252
-1.2017 0.2774 0.1323
-1.2023 -0.1573 0.1214
-1.1977 -0.0019 0.1284
-1.1981 1.2113 0.1601
-1.1878 -0.1844 0.1242
-1.1971 1.2813 0.2273
-1.1918 -0.6438 0.1319
-1.1904 -0.0925 0.1047
-1.1896 1.0736 0.1269
-1.1820 0.1447 0.1036
-1.1811 -0.8611 0.1940
-1.1799 0.7464 0.3320
-1.1674 -0.0510 0.1110
-1.1752 1.3038 0.2635
-1.1721 0.3846 0.1304
-1.1721 1.1292 0.1310
-1.1654 0.1744 0.1083
-1.1402 0.3291 0.1174
-1.1378 -0.6443 0.1069
-1.1465 -0.1139 0.1022
-1.1414 0.1140 0.1120
-1.1664 0.2977 0.1183
-1.1544 -0.7497 0.1525
-1.1571 -0.7012 0.1350
-1.1584 -0.6216 0.0998
-1.1622 -0.5452 0.1145
-1.1561 -0.5665 0.1046
-1.1474 1.0342 0.1589
-1.1452 -0.6009 0.0955
-1.1385 -0.1733 0.1042
-1.0934 -0.0139 0.1265
-1.1387 0.3717 0.1142
-1.1219 0.0657 0.1234
-1.1306 0.2400 0.1209
-1.1308 0.4114 0.1289
-1.1232 -0.7515 0.1346
-1.1268 -0.0467 0.1193
-1.1227 0.0332 0.1232
-1.1222 1.0580 0.1633
-1.1084 0.1466 0.1205
-1.1057 0.1923 0.1242
-1.1162 -0.8126 0.1435
-1.1200 -0.2093 0.1142
-1.1123 -0.1084 0.1040
-1.1047 -0.8614 0.1289
-1.1043 -0.2518 0.1294
-1.0869 -0.6371 0.1115
-1.1088 0.7851 0.3035
-1.1066 -0.9315 0.1223
-1.1067 -0.4893 0.1376
-1.0920 0.3679 0.1084
-1.0936 -0.9525 0.1249
-1.0931 -0.9082 0.1106
-1.0954 -0.1884 0.1018
-1.0985 -0.1461 0.0945
-1.0832 0.2445 0.1361
-1.0832 -1.0295 0.2061
-1.0766 -0.7060 0.1106
-1.0917 -0.5949 0.1120
-1.0888 -0.2802 0.1419
-1.0878 0.2941 0.1250
-1.0799 -0.1096 0.1065
-1.0726 0.0741 0.1272
-1.0791 -0.5527 0.1150
-1.0811 0.4050 0.1096
-1.0702 -0.5122 0.1198
-1.0638 -0.1642 0.0997
-1.0414 -0.2328 0.1162
-1.0615 0.1753 0.1379
-1.0627 -0.3084 0.1499
-1.0565 -0.4572 0.1522
-1.0269 0.1270 0.1433
-1.0626 -0.4114 0.1850
-1.0627 -0.9128 0.1022
-1.0524 -0.7587 0.1186
-1.0447 -0.0419 0.1336
-1.0492 1.0390 0.2166
-1.0532 -0.6855 0.1061
-1.0293 -0.6032 0.1163
-1.0483 -0.1319 0.1164
-1.0442 0.3723 0.1032
-1.0330 -0.8551 0.1167
-1.0224 -0.8089 0.1168
-1.0392 -0.7311 0.1095
-1.0464 0.5746 0.1791
-1.0316 -0.5001 0.1212
-1.0404 0.0419 0.1186
-1.0403 0.2938 0.1393
-1.0353 0.4522 0.1125
-1.0406 0.4875 0.1291
-1.0301 0.6638 0.2150
-1.0233 0.0054 0.1229
-1.0239 -0.6760 0.1027
-1.0136 -0.5555 0.1126
-1.0373 0.4148 0.0996
-1.0348 -0.9789 0.1380
-1.0319 -0.9370 0.1110
-1.0182 0.3387 0.1185
-1.0183 -0.1628 0.1233
-1.0175 -0.9016 0.1122
-1.0077 -0.6401 0.1122
-1.0126 -0.2994 0.1316
-1.0000 -0.6971 0.1053
-0.9767 0.0825 0.1387
-1.0136 0.5156 0.1298
-0.9885 -0.5124 0.1249
-0.9889 -0.2097 0.1265
-0.9798 0.0289 0.1255
-1.0030 0.3794 0.1129
-0.9908 -0.8575 0.1087
-1.0038 0.4044 0.1105
-0.9902 0.4683 0.1115
-0.9843 -0.7786 0.0992
-0.9864 -0.2512 0.1187
-0.9903 -0.0123 0.1361
-0.9833 1.0011 0.2242
-0.9737 -0.5548 0.1145
-0.9561 -0.6044 0.1120
-0.9739 0.1839 0.1443
-0.9774 1.0380 0.2341
-0.9599 -0.8922 0.1185
-0.9592 -0.8035 0.0885
-0.9551 -0.7613 0.0920
-0.9503 -0.6930 0.1029
-0.9623 -0.2973 0.1408
-0.9571 0.3100 0.1511
-0.9608 0.2017 0.1408
-0.9656 0.5272 0.1271
-0.9592 -0.2093 0.1404
-0.9562 0.6358 0.1425
-0.9517 -0.9635 0.1473
-0.9455 0.5757 0.1325
-0.9479 -0.8248 0.0954
-0.9388 -0.6622 0.1019
-0.9476 0.2166 0.1404
-0.9371 0.4807 0.1278
-0.9236 0.1101 0.1327
-0.9332 -0.7397 0.0943
-0.9058 -0.9019 0.1221
-0.9330 -0.0134 0.1640
-0.9085 0.4273 0.1517
-0.9047 0.0242 0.1534
-0.9284 -0.3190 0.1814
-0.9232 -0.7909 0.0914
-0.9208 -0.5478 0.1311
-0.9267 0.2798 0.1450
-0.9136 -0.8454 0.1097
-0.9211 -0.5032 0.1675
-0.9203 -0.2775 0.1601
-0.9173 -0.7608 0.0924
-0.9120 0.4652 0.1338
-0.9141 0.6406 0.1208
-0.9204 0.8027 0.2458
-0.8937 -0.7026 0.1128
-0.9123 0.6093 0.1136
-0.9043 -0.6592 0.1077
-0.9041 -0.6366 0.1096
-0.8876 -0.7821 0.1145
-0.9061 -0.5798 0.1244
-0.8771 0.0876 0.1333
-0.8943 0.6619 0.1221
-0.8972 0.9792 0.1764
-0.8892 -0.9476 0.1462
-0.8911 0.2542 0.1342
-0.8856 0.5434 0.1236
-0.8690 -0.9940 0.2027
-0.8797 0.1348 0.1273
-0.8700 -0.9308 0.1483
-0.8650 -0.8663 0.1435
-0.8511 0.9128 0.1461
-0.8715 -0.6334 0.1371
-0.8691 -0.1424 0.2368
-0.8654 0.1236 0.1208
-0.8516 0.4125 0.1640
-0.8619 0.6417 0.1121
-0.8589 0.9554 0.1504
-0.8575 -0.1849 0.2307
-0.8429 0.7276 0.1718
-0.8509 0.1709 0.1245
-0.8436 0.2534 0.1342
-0.8347 0.5688 0.1066
-0.8360 0.6701 0.1268
-0.7970 0.0652 0.1520
-0.8399 0.5162 0.1217
-0.8339 0.9457 0.1387
-0.8312 0.5978 0.1099
-0.8253 0.3006 0.1358
-0.8204 0.2499 0.1302
-0.8034 0.9252 0.1397
-0.8052 0.9784 0.1462
-0.8135 0.4853 0.1409
-0.8084 0.5529 0.1114
-0.8023 0.1414 0.1173
-0.8003 0.6948 0.1588
-0.8005 0.8744 0.1602
-0.7967 1.2985 0.3014
-0.7895 1.2472 0.2259
-0.7836 0.1572 0.1240
-0.7938 0.3612 0.1589
-0.7901 0.5364 0.1265
-0.7898 0.3569 0.1578
-0.7825 0.6021 0.1358
-0.7812 0.8309 0.1946
-0.7822 1.0991 0.1565
-0.7797 1.1658 0.1573
-0.7740 1.2102 0.1806
-0.7662 0.1224 0.1333
-0.7680 0.2579 0.1464
-0.7673 0.1719 0.1371
-0.7496 0.2953 0.1594
-0.7515 1.1806 0.1568
-0.7331 0.0223 0.1769
-0.7328 1.1152 0.1415
-0.7052 0.0824 0.1450
-0.7354 -0.9124 0.2756
-0.7321 1.0758 0.1468
-0.7254 0.9063 0.2033
-0.7340 1.0386 0.1599
-0.7252 0.5162 0.2022
-0.7070 0.6769 0.2174
-0.6982 -0.3346 0.3562
-0.6895 0.0181 0.1549
-0.6958 1.0782 0.1645
-0.6482 0.0400 0.1386
-0.6728 0.3319 0.2410
-0.6734 0.6939 0.2570
-0.6575 -0.9958 0.3281
-0.6564 1.0679 0.2097
-0.6475 0.1068 0.1713
-0.5983 -0.0524 0.1445
-0.5995 0.0672 0.1377
-0.5981 -0.3350 0.2899
-0.5989 -0.0135 0.1308
-0.5890 -0.0941 0.1675
-0.5841 0.3904 0.3234
-0.5770 0.0348 0.1291
-0.5779 0.8197 0.3775
-0.5691 -0.2976 0.2506
-0.5419 -0.0191 0.1229
-0.5477 -0.8832 0.2212
-0.5508 -0.8339 0.2130
-0.5470 -0.7743 0.1973
-0.5401 -0.0858 0.1275
-0.5284 -0.7228 0.1911
-0.5335 -0.6644 0.2398
-0.5148 0.0426 0.1209
-0.5223 -0.2616 0.2229
-0.5163 0.0863 0.1177
-0.5059 0.1396 0.1328
-0.5136 0.1214 0.1228
-0.4973 -0.0571 0.1164
-0.4826 -0.0133 0.1238
-0.4886 -0.9240 0.2190
-0.4835 -0.1069 0.1118
-0.4697 0.0617 0.1154
-0.4504 0.1790 0.1555
-0.4742 -0.9493 0.2372
-0.4754 0.3978 0.3465
-0.4691 0.1096 0.1070
-0.4686 -0.2160 0.1821
-0.4656 -0.1294 0.1161
-0.4611 -0.7265 0.1717
-0.4597 -0.4227 0.2678
-0.4449 -0.0617 0.1069
-0.4418 -1.0045 0.3092
-0.4431 -0.1077 0.1032
-0.4362 0.1258 0.1160
-0.4430 -0.6768 0.1898
-0.4245 0.0229 0.1254
-0.4271 0.5146 0.4049
-0.4228 -0.7663 0.1883
-0.4231 -0.1300 0.1164
-0.4237 -0.0990 0.1040
-0.4208 -0.3681 0.2219
-0.4175 1.1776 0.5604
-0.4166 -0.7429 0.1852
-0.3980 -0.0224 0.1097
-0.4044 0.1039 0.1205
-0.3895 0.0071 0.1104
-0.3885 -0.9371 0.2814
-0.3744 0.1236 0.1179
-0.3781 -0.2791 0.1599
-0.3558 -0.0766 0.1289
-0.3478 0.0756 0.1152
-0.3685 -0.7036 0.2062
-0.3647 -0.1468 0.1420
-0.3498 -0.0190 0.0941
-0.3537 -0.2694 0.1420
-0.3504 0.1588 0.1269
-0.3105 -0.1643 0.1344
-0.3237 -0.2116 0.1236
-0.3313 -0.5494 0.2173
-0.3281 -0.2398 0.1271
-0.3326 0.0261 0.0939
-0.3184 0.1472 0.1179
-0.3266 -0.0153 0.0917
-0.3260 -0.4753 0.2068
-0.3248 0.0041 0.0880
-0.3156 -0.3003 0.1551
-0.3016 0.0670 0.1172
-0.3113 0.1864 0.1487
-0.3015 -0.5992 0.2181
-0.2880 -0.4356 0.2076
-0.2931 -0.0219 0.1136
-0.2946 0.1137 0.1131
-0.2856 0.0045 0.1179
-0.2833 -0.2290 0.1310
-0.2828 0.3486 0.2101
-0.2840 0.4860 0.3403
-0.2792 -0.4951 0.2020
-0.2625 0.3442 0.1947
-0.2613 -0.6701 0.2594
-0.2574 -0.2201 0.1435
-0.2580 -0.1270 0.1528
-0.2630 -0.0981 0.1573
-0.2440 0.1498 0.1170
-0.2467 0.2771 0.1478
-0.2437 -0.3511 0.2218
-0.2313 0.0979 0.1314
-0.2312 0.2669 0.1422
-0.2202 0.1215 0.1186
-0.2156 0.3127 0.1637
-0.2058 0.1526 0.1098
-0.1982 -0.5444 0.2052
-0.1931 -0.1647 0.1846
-0.1688 0.1866 0.1106
-0.1733 0.2230 0.1296
-0.1704 0.1418 0.1086
-0.1650 0.3183 0.1825
-0.1571 -0.1781 0.2092
-0.1484 -0.4879 0.2354
-0.1353 0.1852 0.1156
-0.1259 0.1445 0.1192
-0.1167 -0.5842 0.2706
-0.1049 0.1850 0.1310
-0.1041 -0.5517 0.2595
-0.0737 0.0966 0.1558
-0.0639 0.1729 0.1536
-0.0577 -0.1646 0.2746
-0.0374 -0.1741 0.2692
-0.0189 0.0775 0.1375
-0.0316 0.3451 0.2788
-0.0154 0.1119 0.1437
-0.0093 -0.4112 0.2910
0.0127 0.3300 0.2750
0.0281 0.0662 0.1256
0.0269 0.0250 0.1349
0.0281 -0.4324 0.3064
0.0343 -0.4054 0.3020
0.0489 0.0406 0.1253
0.0686 0.1192 0.1767
0.0706 0.0298 0.1304
0.0900 -0.0584 0.1471
0.0841 0.0464 0.1374
0.1134 -0.0929 0.1399
0.1150 -0.3041 0.2384
0.1365 -0.1194 0.1332
0.1302 -0.0679 0.1279
0.1344 0.3637 0.1809
0.1463 -0.1724 0.1576
0.1577 0.4588 0.1392
0.1657 0.3465 0.1683
0.1660 0.5505 0.1817
0.1898 -0.0880 0.1221
0.1760 0.4266 0.1248
0.1761 0.5670 0.1971
0.1842 -0.0151 0.1360
0.1883 -0.1889 0.1515
0.1980 -0.0562 0.1230
0.1986 0.4963 0.1197
0.2047 0.3424 0.1519
0.2050 -0.2625 0.1456
0.2130 -0.2266 0.1425
0.2114 0.5191 0.1351
0.2210 0.4790 0.1146
0.2251 -0.0174 0.1178
0.2259 0.4444 0.1152
0.2338 -0.1028 0.1443
0.2383 0.0560 0.1456
0.2467 0.3869 0.1343
0.2550 -0.2393 0.1213
0.2537 0.0398 0.1321
0.2532 0.1526 0.1588
0.2583 0.2732 0.1686
0.2653 -0.2922 0.1138
0.2672 0.4300 0.1311
0.2751 0.0129 0.1212
0.2785 0.1446 0.1399
0.2903 0.2779 0.1495
0.2898 -0.0328 0.1170
0.2989 -0.3376 0.1240
0.2936 -0.2756 0.1005
0.2967 0.4203 0.1490
0.3107 -0.1686 0.1314
0.3061 -0.0003 0.1209
0.3038 0.1630 0.1275
0.3088 -0.2955 0.0954
0.3118 -0.1053 0.1185
0.3185 -0.2536 0.1067
0.3288 -1.0434 0.5318
0.3235 0.3675 0.1372
0.3351 -0.1487 0.1180
0.3419 -0.0171 0.1150
0.3339 0.1726 0.1175
0.3372 0.2440 0.1304
0.3519 0.3145 0.1240
0.3346 0.7466 0.2455
0.3521 -0.1020 0.1022
0.3422 0.1529 0.1217
0.3413 -0.3329 0.1138
0.3440 -0.2799 0.1020
0.3571 -0.0465 0.1003
0.3595 -0.3551 0.1361
0.3765 0.2693 0.1320
0.3631 0.3629 0.1420
0.3722 0.7250 0.1859
0.3656 -0.1503 0.1135
0.3712 -0.0672 0.0984
0.3690 0.1421 0.1313
0.3783 -0.2972 0.1186
0.3756 -0.2157 0.1263
0.3988 -0.1953 0.1389
0.3847 0.3220 0.1363
0.3867 -1.0405 0.4672
0.4166 -0.0336 0.0984
0.3917 0.1284 0.1436
0.4075 -0.0956 0.1102
0.4052 -0.0653 0.0985
0.4099 0.2511 0.1405
0.4037 0.6240 0.1920
0.4233 0.7000 0.1335
0.4324 0.1951 0.1308
0.4366 0.0020 0.0999
0.4234 -0.4009 0.1701
0.4275 0.0356 0.1262
0.4257 0.3793 0.1927
0.4375 -0.2854 0.1545
0.4441 -0.4655 0.1822
0.4592 -0.0753 0.1162
0.4514 0.7155 0.1246
0.4686 0.6769 0.1196
0.4750 -0.3630 0.1621
0.4583 -0.2385 0.1607
0.4613 0.0430 0.1139
0.4772 0.2220 0.1276
0.4763 -0.0450 0.1027
0.4718 0.1601 0.1372
0.4750 0.0022 0.0935
0.4788 0.7036 0.1196
0.4816 -0.9643 0.3402
0.4932 -0.0221 0.1005
0.4890 0.7729 0.1825
0.4946 0.6495 0.1299
0.5081 -0.1526 0.1426
0.5022 0.0122 0.1007
0.5167 0.0791 0.1267
0.5011 0.1909 0.1283
0.5051 -0.4563 0.1395
0.5179 0.2593 0.1450
0.5072 -0.5534 0.1828
0.5474 -0.0568 0.1216
0.5147 0.5193 0.1696
0.5359 0.6584 0.1305
0.5170 -0.6943 0.2299
0.5234 -0.4920 0.1457
0.5337 -0.4127 0.1365
0.5436 0.0431 0.1151
0.5245 0.2235 0.1335
0.5317 -0.7882 0.2496
0.5368 -0.8087 0.2503
0.5388 -0.3429 0.1516
0.5378 0.7405 0.1702
0.5557 0.0948 0.1275
0.5534 0.1831 0.1369
0.5430 0.5044 0.1457
0.5502 0.6114 0.1325
0.5470 -0.6402 0.2062
0.5487 -0.2013 0.1261
0.5536 -0.1474 0.1079
0.5572 -0.2567 0.1423
0.5808 0.0142 0.1199
0.5536 0.3045 0.1851
0.5611 -0.5396 0.1595
0.5601 -0.1277 0.1020
0.5585 0.3541 0.1987
0.5635 0.5074 0.1308
0.5708 -0.4455 0.1330
0.5666 -0.2221 0.1304
0.5983 0.4300 0.1407
0.5799 0.5948 0.1217
0.5811 -0.1243 0.0950
0.5811 0.0964 0.1238
0.6180 0.0820 0.1230
0.6004 0.6108 0.1276
0.5868 -0.9303 0.3038
0.5889 -0.2864 0.1370
0.5994 -0.0549 0.1048
0.5904 -0.3577 0.1415
0.6097 -0.0973 0.0915
0.6032 -0.4915 0.1369
0.6220 0.1683 0.1290
0.6110 -0.0323 0.1090
0.6212 -0.1452 0.0954
0.6174 0.5115 0.1181
0.6161 -0.7493 0.2175
0.6203 -0.3839 0.1461
0.6640 -0.0621 0.1077
0.6216 0.6399 0.1576
0.6502 0.0503 0.1196
0.6262 -0.6887 0.1976
0.6295 -0.1163 0.0869
0.6320 0.5261 0.1199
0.6423 0.5687 0.1281
0.6379 -0.2721 0.1315
0.6427 -0.0156 0.1152
0.6502 0.4205 0.1269
0.6501 -0.4984 0.1215
0.6535 0.4630 0.1124
0.6587 0.1455 0.1206
0.6511 -1.0037 0.3876
0.6512 -0.1284 0.0835
0.6622 0.0147 0.1150
0.6565 0.2012 0.1163
0.6817 0.3944 0.1239
0.6593 -0.3135 0.1279
0.6677 -0.1597 0.0907
0.6638 0.2334 0.1183
0.6665 -0.5894 0.1720
0.6638 -0.4442 0.1254
0.6789 0.5480 0.1444
0.6941 0.1651 0.1135
0.6804 0.4438 0.1126
0.6859 -0.4688 0.1181
0.6870 -0.1261 0.0771
0.6891 0.2239 0.1077
0.6945 -0.1450 0.0779
0.7056 -0.5715 0.1482
0.6937 -0.5126 0.1189
0.7054 -0.4463 0.1238
0.6977 -0.2463 0.1058
0.6970 -0.2247 0.1022
0.7093 0.2653 0.1186
0.7008 0.3279 0.1378
0.7021 0.4312 0.1186
0.7031 0.0857 0.1260
0.7115 0.0401 0.1331
0.7406 0.2271 0.1285
0.7198 -0.1581 0.0783
0.7169 -0.1055 0.0815
0.7134 -0.7023 0.2007
0.7284 -0.4838 0.1165
0.7175 -0.3442 0.1219
0.7139 -0.2721 0.1029
0.7157 -0.1363 0.0746
0.7606 0.3846 0.1471
0.7249 -0.2225 0.0922
0.7231 -0.0708 0.1112
0.7164 0.2964 0.1264
0.7515 0.3117 0.1369
0.7220 1.0144 0.3118
0.7302 0.1678 0.1307
0.7305 0.5002 0.1547
0.7429 -0.2077 0.0866
0.7400 -0.0859 0.1010
0.7389 0.0175 0.1486
0.7473 0.0953 0.1566
0.7448 -0.8754 0.3043
0.7417 -0.3432 0.1083
0.7719 -0.2437 0.1082
0.7491 -0.1434 0.0766
0.7466 -0.3197 0.1029
0.7536 0.9818 0.2498
0.7570 -0.6543 0.1676
0.7549 -0.3715 0.1135
0.7617 0.4243 0.1535
0.7717 -0.1725 0.0808
0.7826 -0.5008 0.1242
0.7847 -0.3134 0.1071
0.7890 -0.6144 0.1434
0.7845 -0.5781 0.1383
0.7800 -0.1899 0.0862
0.7824 -0.1559 0.0864
0.7836 -0.1286 0.0968
0.7823 0.9643 0.2145
0.8206 0.3060 0.1518
0.8083 -0.2904 0.1256
0.8097 -0.5038 0.1226
0.7961 -0.4603 0.1093
0.8010 0.9359 0.1976
0.8144 -0.3795 0.1031
0.8135 -0.6514 0.1523
0.8136 -0.4196 0.0970
0.8391 0.2450 0.1463
0.8411 -0.2047 0.1042
0.8215 0.9437 0.1899
0.8281 0.5200 0.2298
0.8256 -0.3441 0.1121
0.8282 -0.1616 0.0989
0.8287 -0.7930 0.2129
0.8366 -0.4023 0.0903
0.8491 -0.5820 0.1365
0.8506 -0.4595 0.1005
0.8453 -0.4381 0.0933
0.8633 0.2776 0.1368
0.8579 -0.2270 0.1142
0.8631 -0.1721 0.1062
0.8695 -0.1258 0.1385
0.8819 0.3918 0.1722
0.8742 -0.3999 0.1011
0.8805 -0.7422 0.1757
0.8821 0.8992 0.1884
0.8904 -0.4308 0.1158
0.9012 0.2244 0.1196
0.8963 0.3041 0.1348
0.8905 -0.6150 0.1441
0.8943 0.1822 0.1503
0.8959 -0.2559 0.1336
0.9178 -0.1686 0.1170
0.8976 -0.5144 0.1609
0.8976 -0.3680 0.1309
0.8991 -0.2161 0.1113
0.9014 1.0636 0.3028
0.9112 -0.6150 0.1552
0.9273 0.8656 0.1693
0.9116 0.4662 0.1907
0.9158 0.7747 0.1739
0.9279 0.1710 0.1494
0.9248 -0.6908 0.1723
0.9317 -0.7636 0.1677
0.9240 0.2561 0.1133
0.9328 -0.6204 0.1728
0.9316 -0.0474 0.1686
0.9373 -0.0232 0.1731
0.9331 0.3909 0.1667
0.9352 -0.8442 0.1473
0.9684 -0.2295 0.1227
0.9460 0.4333 0.1770
0.9401 0.6269 0.2404
0.9445 0.8331 0.1475
0.9506 -0.8568 0.1426
0.9493 -0.3642 0.1730
0.9556 0.0951 0.1762
0.9505 0.7588 0.1508
0.9620 0.0676 0.1725
0.9657 -0.1916 0.1091
0.9739 -0.9043 0.1491
0.9671 -0.8001 0.1478
0.9687 0.2263 0.1245
0.9702 0.2753 0.1213
0.9750 -0.1364 0.1133
0.9752 -0.2726 0.1573
0.9790 0.9004 0.1988
0.9887 -0.1941 0.1050
0.9914 0.2614 0.1182
1.0093 0.3632 0.1519
0.9935 0.5384 0.2169
1.0013 0.7851 0.1241
1.0003 0.7047 0.1667
1.0065 -1.0350 0.2149
1.0069 -0.8357 0.1289
1.0042 -0.1244 0.1092
1.0165 -0.1534 0.0985
1.0175 0.2899 0.1086
1.0124 0.5006 0.2075
1.0181 0.0139 0.1492
1.0218 -0.9049 0.1343
1.0257 -0.0874 0.1242
1.0280 -0.0369 0.1426
1.0331 -0.3975 0.2433
1.0318 0.7672 0.1299
1.0313 -0.8754 0.1261
1.0362 0.7936 0.1341
1.0392 -0.9613 0.1546
1.0400 -0.1300 0.1070
1.0405 0.1318 0.1677
1.0508 0.2332 0.1174
1.0484 0.3307 0.1157
1.0630 -0.2062 0.1152
1.0646 0.0780 0.1387
1.0602 -0.1770 0.1123
1.0584 0.8007 0.1486
1.0752 0.2860 0.0963
1.0697 0.3117 0.1033
1.0781 0.2069 0.1359
1.0790 0.7413 0.1448
1.0791 -0.8572 0.1447
1.0775 0.5499 0.2359
1.0826 -1.0211 0.1545
1.0792 -0.0588 0.1470
1.0895 -0.2534 0.1240
1.0940 -0.9850 0.1443
1.1081 -0.1607 0.1124
1.0916 -0.8268 0.1679
1.1017 0.2575 0.1051
1.1014 0.3160 0.1149
1.1081 0.0227 0.1136
1.1256 0.2061 0.1415
1.1180 -0.2216 0.0952
1.1077 0.0625 0.1089
1.1093 -0.2845 0.1470
1.1187 0.2866 0.1084
1.1144 1.1174 0.4318
1.1177 -1.0520 0.1598
1.1297 0.0097 0.1179
1.1364 -0.2454 0.1046
1.1335 0.0456 0.0981
1.1323 0.7219 0.1381
1.1346 1.0410 0.3669
1.1541 -1.0395 0.1497
1.1450 -0.9034 0.1697
1.1502 -0.2020 0.0985
1.1482 -0.8346 0.2095
1.1512 -0.1415 0.1232
1.1534 0.0711 0.0933
1.1607 0.7352 0.1252
1.1651 0.1071 0.1030
1.1701 0.5119 0.2708
1.1602 -1.0069 0.1403
1.1643 -0.1708 0.1110
1.1731 0.1371 0.1092
1.1634 1.0575 0.4014
1.1664 -0.4321 0.3193
1.1696 -0.2231 0.1081
1.1707 -0.1061 0.1375
1.1680 0.6511 0.1411
1.1716 0.6734 0.1220
1.1804 0.0687 0.0950
1.1780 0.2985 0.1580
1.1913 0.0242 0.1096
1.1986 -0.2480 0.1343
1.2119 -1.0016 0.1734
1.2113 0.1024 0.0991
1.2053 0.7647 0.1404
1.2019 0.2956 0.1783
1.2151 -0.9672 0.1823
1.2141 0.1944 0.1416
1.2186 -0.0719 0.1282
1.2173 0.6484 0.1288
1.2168 0.7351 0.1150
1.2396 0.0483 0.1236
1.2431 0.1112 0.1202
1.2195 0.1582 0.1169
1.2248 0.7545 0.1340
1.2283 0.0048 0.1210
1.2218 0.1633 0.1218
1.2385 -1.0478 0.2280
1.2377 -0.1199 0.1437
1.2371 0.6605 0.1261
1.2438 -0.0740 0.1338
1.2542 -0.2910 0.2187
1.2611 0.7086 0.1375
1.2619 -0.2041 0.1809
1.2621 -0.0132 0.1389
1.2641 0.6402 0.1675
1.2660 -0.0486 0.1455
