points 
 2 
 1 
Tumour[19065]CD6810NNCodensity
-1.8241 -0.4806 0.6264
-1.7083 -0.3508 0.4572
-1.5430 -0.4226 0.2641
-1.5229 -0.3424 0.2712
-1.4573 -0.4995 0.2373
-1.4384 -0.4294 0.1837
-1.4124 -0.3768 0.1896
-1.4099 -0.2754 0.2963
-1.4035 -0.4734 0.1961
-1.3771 -0.5002 0.2278
-1.3768 -0.3959 0.1891
-1.2828 -0.4713 0.2389
-1.2483 -0.3482 0.2732
-1.1491 -0.3659 0.2470
-1.1465 -0.1952 0.3334
-1.1408 -0.5218 0.2787
-1.1365 -0.4804 0.2501
-1.0945 -0.4759 0.2680
-1.0793 -0.4678 0.2706
-1.0751 -0.3326 0.2577
-1.0293 -0.1299 0.2760
-0.9784 -0.2408 0.2304
-0.9638 -0.1621 0.2171
-0.9516 -0.2325 0.2231
-0.9096 -0.1431 0.2011
-0.8652 -0.2315 0.2217
-0.8380 -0.1261 0.2026
-0.8230 -0.0483 0.2551
-0.8074 -0.3778 0.2641
-0.7657 -0.1409 0.2174
-0.7541 -0.3417 0.2538
-0.7471 -0.4848 0.1697
-0.7256 -0.5129 0.1633
-0.7299 -0.1363 0.2220
-0.7301 -0.0941 0.2166
-0.7097 -0.4743 0.1353
-0.6959 0.0595 0.2880
-0.6946 -0.4924 0.1300
-0.6491 -0.5213 0.1373
-0.6410 -0.4585 0.1204
-0.6348 -0.4921 0.1203
-0.6245 -0.4174 0.1555
-0.5887 -0.4734 0.1401
-0.6111 -0.1451 0.2629
-0.6114 0.1268 0.3551
-0.6057 0.0153 0.2631
-0.5965 -0.4265 0.1541
-0.5791 -0.0894 0.2564
-0.5621 0.1008 0.3335
-0.5254 -0.5135 0.1840
-0.4972 -0.4339 0.1664
-0.4898 -0.2267 0.2847
-0.4901 -0.1364 0.2929
-0.4451 -0.5063 0.1573
-0.4274 -0.4521 0.1153
-0.4180 -0.4127 0.1140
-0.3987 -0.3244 0.1848
-0.3921 -0.4034 0.1149
-0.3926 -0.4914 0.1301
-0.3881 -0.4681 0.1125
-0.3830 0.2535 0.3108
-0.3814 -0.3694 0.1384
-0.3671 -0.4258 0.1147
-0.3643 0.3653 0.3643
-0.3434 -0.0342 0.2336
-0.3363 -0.4539 0.1277
-0.3338 0.2446 0.2673
-0.3149 -0.3057 0.1898
-0.3142 -0.1423 0.2425
-0.2937 -0.4954 0.1861
-0.2906 -0.0804 0.1980
-0.2681 0.0122 0.1615
-0.2760 0.3255 0.2650
-0.2586 0.0467 0.1622
-0.2577 -0.4482 0.1851
-0.2539 -0.3796 0.1734
-0.2520 0.0000 0.1558
-0.2380 -0.2995 0.1829
-0.2272 -0.2722 0.1896
-0.2276 0.2650 0.2291
-0.2063 0.1305 0.1655
-0.2053 0.3852 0.3307
-0.1915 -0.0908 0.1868
-0.1934 0.0567 0.1382
-0.1917 0.1043 0.1464
-0.1888 -0.3672 0.1749
-0.1677 -0.1980 0.1924
-0.1607 0.0519 0.1454
-0.1494 -0.2963 0.1702
-0.1487 -0.0723 0.1744
-0.1430 0.1242 0.1586
-0.1351 -0.0943 0.1861
-0.1304 -0.4578 0.1482
-0.1247 0.1662 0.1828
-0.1162 -0.4681 0.1427
-0.1085 -0.4416 0.1364
-0.1072 0.0347 0.1651
-0.1013 -0.5208 0.1806
-0.1026 -0.2581 0.1675
-0.0937 0.2705 0.2602
-0.0665 -0.4072 0.1326
-0.0700 -0.2235 0.1711
-0.0649 -0.5226 0.1778
-0.0614 -0.0191 0.1713
-0.0529 -0.3156 0.1512
-0.0485 -0.0748 0.1836
-0.0413 0.0562 0.1672
-0.0177 -0.4209 0.1341
-0.0304 -0.2406 0.1581
-0.0246 -0.4788 0.1497
-0.0250 0.1333 0.1674
-0.0163 -0.3781 0.1367
-0.0110 0.6334 0.5340
-0.0003 -0.2396 0.1548
0.0166 -0.4004 0.1406
0.0104 0.1873 0.1673
0.0179 -0.3575 0.1384
0.0204 0.0875 0.1442
0.0473 -0.0665 0.1517
0.0376 0.0117 0.1460
0.0458 -0.1278 0.1594
0.0540 0.1256 0.1352
0.0528 -0.1874 0.1604
0.0596 0.2102 0.1539
0.0687 -0.2205 0.1652
0.0741 -0.0163 0.1402
0.0868 -0.3738 0.1591
0.0840 0.0413 0.1428
0.0781 -0.3099 0.1531
0.0883 0.1563 0.1346
0.0881 0.2833 0.1789
0.0894 -0.0762 0.1421
0.1018 0.1815 0.1384
0.1038 0.0649 0.1417
0.1071 -0.1508 0.1600
0.1142 -0.3253 0.1537
0.1502 0.1986 0.1409
0.1446 -0.3631 0.1588
0.1545 0.3424 0.1965
0.1631 -0.0814 0.1477
0.1621 0.2944 0.1539
0.1671 -0.0330 0.1352
0.1709 0.1078 0.1532
0.1688 -0.0090 0.1333
0.1704 -0.5064 0.2496
0.1839 -0.2935 0.1506
0.1884 -0.1771 0.1738
0.1952 0.0370 0.1339
0.1864 0.2117 0.1427
0.2122 0.2465 0.1449
0.2100 0.2897 0.1473
0.2190 -0.2596 0.1597
0.2167 -0.0447 0.1342
0.2179 0.1155 0.1573
0.2137 0.4859 0.2255
0.2202 -0.3940 0.1499
0.2219 -0.2911 0.1497
0.2224 -0.1966 0.1729
0.2362 0.0296 0.1372
0.2344 0.6566 0.2613
0.2545 -0.4244 0.1281
0.2576 -0.3603 0.1300
0.2639 -0.0800 0.1501
0.2610 0.3652 0.1902
0.2721 0.2531 0.1520
0.2710 -0.1044 0.1564
0.2922 -0.4860 0.1346
0.2721 0.0626 0.1398
0.2914 -0.4438 0.1098
0.2877 0.2270 0.1464
0.2864 0.5331 0.1674
0.2860 0.8460 0.3416
0.2969 0.0149 0.1322
0.2947 0.1484 0.1433
0.2958 0.4735 0.1559
0.3124 0.7295 0.2315
0.3050 -0.4107 0.1037
0.3054 0.4919 0.1509
0.3066 -0.3342 0.1256
0.3245 0.3708 0.1815
0.3232 0.5761 0.1623
0.3241 -0.0516 0.1211
0.3240 0.1223 0.1374
0.3300 -0.3545 0.1177
0.3374 -0.2569 0.1434
0.3390 -0.4696 0.1164
0.3463 -0.4065 0.1127
0.3379 0.2137 0.1529
0.3427 0.5968 0.1688
0.3538 0.0023 0.0987
0.3483 -0.4440 0.1090
0.3530 -0.3277 0.1203
0.3447 -0.1733 0.1603
0.3563 -0.0361 0.1055
0.3579 -0.5147 0.1746
0.3647 0.0609 0.1191
0.3698 0.2003 0.1577
0.3669 0.1531 0.1528
0.3703 -0.0883 0.1239
0.3775 -0.4594 0.1391
0.3756 0.4683 0.1454
0.3798 -0.2778 0.1268
0.3797 0.0076 0.0971
0.3776 0.0787 0.1324
0.3895 0.5078 0.1407
0.4119 0.7136 0.1628
0.3904 0.6671 0.1658
0.3905 -0.3133 0.1333
0.3893 0.3162 0.1686
0.3968 -0.2430 0.1269
0.3996 -0.1510 0.1208
0.4012 -0.0187 0.1038
0.4034 0.0256 0.1182
0.4077 -0.0406 0.1094
0.4090 -0.1321 0.1159
0.4177 0.4198 0.1351
0.4191 0.3251 0.1646
0.4350 -0.2717 0.1472
0.4285 0.5917 0.1393
0.4392 0.4431 0.1210
0.4527 0.7653 0.1533
0.4510 0.3781 0.1453
0.4538 -0.2056 0.1163
0.4478 0.2903 0.1700
0.4563 -0.0677 0.1291
0.4623 0.6429 0.1264
0.4657 0.8112 0.1686
0.4627 -0.1661 0.1032
0.4646 -0.1358 0.0997
0.4572 0.5159 0.1117
0.4671 0.5459 0.1098
0.4806 0.4305 0.1264
0.4795 -0.1872 0.1131
0.4814 -0.1239 0.1047
0.4912 0.5096 0.1057
0.4940 0.5592 0.1030
0.5162 0.8079 0.1468
0.4921 -0.3882 0.1888
0.4962 0.2126 0.1829
0.4942 0.6748 0.1175
0.5030 0.7602 0.1298
0.4984 0.4679 0.1124
0.5048 -0.0585 0.1511
0.5164 -0.3784 0.1917
0.5133 -0.1783 0.1242
0.5132 0.6173 0.1077
0.5189 0.6982 0.1134
0.5256 0.5507 0.1074
0.5327 -0.5168 0.2954
0.5286 -0.3558 0.1930
0.5339 0.8998 0.1827
0.5328 0.2479 0.1581
0.5374 0.5886 0.1148
0.5363 0.6382 0.1088
0.5422 -0.1151 0.1208
0.5438 0.4549 0.1348
0.5668 0.8327 0.1475
0.5563 0.7178 0.1211
0.5531 0.2296 0.1650
0.5549 0.6811 0.1081
0.5565 1.0555 0.3309
0.5519 1.0907 0.3825
0.5608 0.2082 0.1824
0.5581 0.4682 0.1329
0.5706 0.8863 0.1693
0.5651 -0.1260 0.1282
0.5630 0.3488 0.1818
0.5770 0.5540 0.1372
0.5814 -0.1180 0.1403
0.6024 0.9216 0.2014
0.5872 -0.3241 0.2290
0.5976 0.3504 0.1964
0.6044 -0.3495 0.2518
0.6083 0.6633 0.1144
0.6014 0.7262 0.1351
0.6161 0.2453 0.2012
0.6180 0.5030 0.1715
0.6304 0.8950 0.2069
0.6226 0.6408 0.1269
0.6313 -0.0888 0.2042
0.6404 0.4489 0.2026
0.6462 0.6473 0.1476
0.6487 0.6783 0.1498
0.6496 0.8020 0.1994
0.6504 -0.1198 0.2232
0.6508 0.2041 0.2630
