points 
 2 
 1 
Tumour[19065]CD6810NNCodensity
-1.0955 -0.9086 0.1761
-1.0947 -0.8088 0.2247
-1.0944 -0.7534 0.2452
-1.0935 -0.2067 0.2648
-1.0863 -0.1405 0.2396
-1.0909 0.3374 0.1977
-1.0921 0.4081 0.1428
-1.0939 0.4584 0.1327
-1.0943 0.5249 0.1475
-1.0904 0.5777 0.1684
-1.0937 0.9233 0.2282
-1.0928 0.9955 0.2407
-1.0789 0.7508 0.1974
-1.0869 -0.8529 0.2002
-1.0813 0.4845 0.1352
-1.0684 -1.2323 0.2366
-1.0776 -0.9936 0.1522
-1.0600 0.3635 0.1697
-1.0735 0.5417 0.1488
-1.0801 1.0676 0.2602
-1.0628 0.4060 0.1423
-1.0705 0.4607 0.1307
-1.0585 -0.6788 0.2510
-1.0634 0.6172 0.1688
-1.0409 0.1372 0.2113
-1.0503 0.1910 0.2310
-1.0504 0.6424 0.1682
-1.0474 1.2153 0.3485
-1.0435 -1.0395 0.1506
-1.0477 -0.9394 0.1356
-1.0481 0.7207 0.1662
-1.0370 -0.9934 0.1185
-1.0360 0.9033 0.1890
-1.0308 -0.0795 0.1995
-1.0281 0.3365 0.2063
-1.0290 0.7074 0.1598
-1.0234 -0.1032 0.1939
-1.0223 0.0038 0.2025
-1.0218 -1.1771 0.1686
-1.0170 -0.3278 0.2875
-1.0140 -1.0174 0.1188
-1.0093 -0.9370 0.1363
-1.0043 1.1562 0.2733
-0.9952 -0.6756 0.2024
-0.9812 -1.2520 0.1496
-0.9812 0.1568 0.1751
-1.0004 0.9833 0.1935
-0.9959 -0.0564 0.1976
-0.9818 0.7718 0.1590
-0.9791 -0.9692 0.1225
-0.9742 -1.1797 0.1228
-0.9563 -1.0196 0.1143
-0.9753 -0.2887 0.2364
-0.9741 0.7212 0.1698
-0.9733 0.1043 0.1559
-0.9644 1.0217 0.2138
-0.9625 0.9212 0.1866
-0.9486 -1.1875 0.1051
-0.9583 0.8734 0.1801
-0.9324 0.1428 0.1664
-0.9483 0.7735 0.1679
-0.9422 0.0480 0.1732
-0.9300 -0.1503 0.1907
-0.9409 0.8267 0.1763
-0.9289 -1.2536 0.1307
-0.9337 -1.0534 0.1132
-0.9343 -0.9901 0.1260
-0.9323 -0.6561 0.1503
-0.9243 -1.1941 0.1000
-0.9218 -0.8371 0.2273
-0.9302 -0.2074 0.1985
-0.9132 0.0897 0.1631
-0.9032 -1.2152 0.1039
-0.9195 -0.7249 0.1620
-0.9224 0.5348 0.2665
-0.9147 -1.0975 0.1170
-0.9036 -1.1806 0.1031
-0.8881 -1.1479 0.1135
-0.8921 -1.0536 0.1105
-0.8944 -1.0154 0.1254
-0.8942 -0.7022 0.1366
-0.8870 -0.5777 0.1321
-0.8846 -1.0919 0.1140
-0.8661 -0.6229 0.0990
-0.8686 -1.2404 0.1259
-0.8654 0.1492 0.2084
-0.8660 -0.5978 0.1069
-0.8647 -0.2860 0.2024
-0.8657 -0.1710 0.1659
-0.8543 -1.0416 0.1395
-0.8586 -0.4131 0.1886
-0.8557 0.1058 0.1975
-0.8537 -0.5075 0.1562
-0.8571 1.1754 0.2149
-0.8507 -0.8137 0.1952
-0.8425 0.8110 0.1966
-0.8338 -0.6589 0.0919
-0.8377 -1.1261 0.1345
-0.8341 1.0973 0.1829
-0.8317 -1.2494 0.1408
-0.8321 -0.7658 0.1480
-0.8315 -0.6353 0.0834
-0.8308 0.9828 0.2005
-0.8206 -0.5896 0.0915
-0.8126 -0.0785 0.1457
-0.8084 -0.6735 0.0960
-0.8230 1.2164 0.2272
-0.8106 -0.7032 0.1102
-0.8231 -0.3720 0.1738
-0.8118 -0.6170 0.0826
-0.8154 -0.2102 0.1712
-0.8089 1.1957 0.2045
-0.8087 0.0041 0.1910
-0.8052 -1.1841 0.1245
-0.8072 1.0137 0.1967
-0.8021 -0.1544 0.1485
-0.8059 0.5488 0.1742
-0.8018 0.7369 0.1663
-0.7809 -0.5036 0.1284
-0.7976 -0.1171 0.1354
-0.7963 0.6267 0.1545
-0.7926 1.0554 0.1831
-0.7900 -0.5378 0.1169
-0.7847 -1.2131 0.1340
-0.7829 -0.7462 0.1277
-0.7794 -0.6382 0.0879
-0.7756 0.7961 0.1629
-0.7770 -0.5958 0.0994
-0.7765 -0.4577 0.1368
-0.7807 -0.3975 0.1474
-0.7806 1.0040 0.2046
-0.7688 0.4539 0.1587
-0.7592 -0.1288 0.1477
-0.7607 -1.2384 0.1550
-0.7632 -0.0751 0.1500
-0.7581 0.5614 0.1348
-0.7598 0.7070 0.1412
-0.7554 -1.1765 0.1372
-0.7357 -0.6397 0.1195
-0.7616 0.4016 0.1403
-0.7567 1.1821 0.2009
-0.7575 -0.6854 0.1049
-0.7533 -1.1268 0.1515
-0.7556 -0.5847 0.1129
-0.7521 -0.0083 0.1973
-0.7485 0.3156 0.1490
-0.7486 0.3792 0.1280
-0.7423 -0.3477 0.1453
-0.7290 0.8013 0.1469
-0.7360 0.6020 0.1245
-0.7340 0.6813 0.1354
-0.7273 -1.0759 0.1673
-0.7276 -0.7496 0.1213
-0.7313 -0.0701 0.1744
-0.7227 0.6418 0.1336
-0.7158 -0.6974 0.1142
-0.7233 0.3488 0.1253
-0.7308 -0.4737 0.1466
-0.7230 0.2961 0.1463
-0.7303 0.3797 0.1204
-0.7222 0.9350 0.2050
-0.7144 0.5221 0.1283
-0.7214 -0.5226 0.1493
-0.7077 -0.7348 0.1140
-0.7179 -0.3747 0.1372
-0.6965 0.2153 0.1712
-0.7079 0.6850 0.1454
-0.7140 -0.2718 0.1625
-0.7107 0.8264 0.1575
-0.6928 0.5826 0.1304
-0.7094 -0.9987 0.2276
-0.6952 -1.2685 0.1883
-0.6899 -0.8058 0.1596
-0.6838 0.5035 0.1271
-0.6909 -0.2371 0.1778
-0.6617 0.7637 0.1438
-0.6715 -0.7012 0.1272
-0.6742 0.1402 0.2079
-0.6855 1.1576 0.2257
-0.6855 -1.1431 0.1528
-0.6813 -0.3683 0.1477
-0.6616 0.4458 0.1372
-0.6700 0.3840 0.1412
-0.6401 -0.7701 0.1211
-0.6618 -0.3021 0.1494
-0.6659 0.5287 0.1246
-0.6604 0.8103 0.1395
-0.6624 1.1739 0.2394
-0.6386 -0.7309 0.1186
-0.6380 -0.2424 0.1856
-0.6622 -1.0695 0.1613
-0.6560 -0.3529 0.1523
-0.6374 0.3169 0.1625
-0.6211 0.8130 0.1332
-0.6343 -1.0440 0.1853
-0.6432 -0.4630 0.1897
-0.6318 0.1332 0.1833
-0.6351 -1.1733 0.1536
-0.6392 0.2365 0.1413
-0.6301 0.9457 0.2039
-0.6274 0.4826 0.1267
-0.6130 0.5598 0.1326
-0.6169 -1.1927 0.1525
-0.6048 -1.2722 0.1805
-0.6019 -0.7870 0.1278
-0.5989 0.2085 0.1301
-0.5975 0.4530 0.1325
-0.5973 0.8681 0.1445
-0.5818 -0.7433 0.1199
-0.5792 -0.7177 0.1300
-0.6000 0.2505 0.1345
-0.5919 0.6009 0.1585
-0.5783 0.7878 0.1413
-0.5800 -0.8856 0.2020
-0.5699 -1.1491 0.1670
-0.5709 -0.8322 0.1486
-0.5784 0.7621 0.1564
-0.5707 0.6247 0.1815
-0.5775 -1.2184 0.1430
-0.5728 -1.0455 0.2230
-0.5740 0.4853 0.1370
-0.5672 0.2341 0.1239
-0.5704 -0.2921 0.2034
-0.5654 0.8717 0.1441
-0.5641 1.0275 0.2293
-0.5588 0.5810 0.1707
-0.5622 0.7141 0.1877
-0.5514 -0.4833 0.1907
-0.5544 1.2118 0.2582
-0.5302 0.8995 0.1518
-0.5466 0.4361 0.1261
-0.5432 0.1973 0.1269
-0.5337 -1.2432 0.1459
-0.5294 -0.8500 0.1573
-0.5341 -0.4058 0.1909
-0.5315 -0.7378 0.1219
-0.5103 0.2113 0.1224
-0.5158 0.4035 0.1112
-0.5178 -0.7172 0.1264
-0.5215 -0.2447 0.2683
-0.5142 -0.4680 0.1828
-0.5125 0.0797 0.1659
-0.5142 1.1522 0.1985
-0.5099 0.4348 0.1247
-0.4914 0.1348 0.1379
-0.4987 -1.2581 0.1694
-0.5077 0.2637 0.1258
-0.5039 0.3773 0.1091
-0.4791 -0.8098 0.1258
-0.4858 -0.7444 0.1091
-0.5011 -0.5074 0.1896
-0.4981 0.3081 0.1244
-0.5020 0.8492 0.1658
-0.4872 0.3484 0.1109
-0.4747 0.2371 0.1250
-0.4735 0.9334 0.1683
-0.4800 0.3715 0.1081
-0.4702 0.0258 0.1561
-0.4651 0.4111 0.1245
-0.4584 -0.7225 0.0987
-0.4763 -0.4348 0.2048
-0.4725 -1.2246 0.1782
-0.4658 -1.1837 0.1946
-0.4628 -1.2513 0.2003
-0.4626 0.0788 0.1209
-0.4463 0.1795 0.1224
-0.4509 0.9142 0.1752
-0.4623 1.1219 0.1548
-0.4538 0.9612 0.1693
-0.4386 -0.7836 0.1017
-0.4494 -0.5181 0.1913
-0.4442 -0.8355 0.1397
-0.4332 -0.7087 0.0958
-0.4333 0.3348 0.1278
-0.4372 1.0644 0.1398
-0.4386 1.1229 0.1463
-0.4197 -0.7500 0.0927
-0.4313 0.1136 0.1053
-0.4231 0.2724 0.1310
-0.4079 -0.5594 0.1898
-0.4111 0.0627 0.1036
-0.4084 -0.6946 0.0972
-0.4121 1.1359 0.1495
-0.3998 -0.8247 0.1429
-0.4043 0.0180 0.1290
-0.4005 -0.7210 0.0912
-0.4050 0.4811 0.1867
-0.3961 0.1389 0.0869
-0.3950 0.2241 0.1093
-0.3935 -0.9993 0.1751
-0.3946 -0.7673 0.1107
-0.3799 0.0894 0.0931
-0.3887 1.0586 0.1289
-0.3798 -0.5894 0.1734
-0.3755 -0.6865 0.1008
-0.3826 -0.0677 0.1678
-0.3834 -0.9377 0.1384
-0.3787 0.1636 0.0833
-0.3760 1.1059 0.1304
-0.3725 -0.6514 0.1217
-0.3661 -0.9626 0.1376
-0.3759 0.3359 0.1310
-0.3689 0.1887 0.0914
-0.3669 0.0091 0.1360
-0.3643 -0.9031 0.1423
-0.3666 0.1018 0.0864
-0.3637 0.5240 0.2089
-0.3612 0.8392 0.2700
-0.3635 0.9977 0.1605
-0.3602 0.1260 0.0840
-0.3590 0.2768 0.1189
-0.3559 -0.9994 0.1571
-0.3552 0.1673 0.0872
-0.3434 -0.9386 0.1322
-0.3458 -0.1015 0.1455
-0.3433 0.0477 0.1224
-0.3478 0.2106 0.1001
-0.3511 1.0807 0.1328
-0.3485 -0.2031 0.1918
-0.3410 0.3709 0.1238
-0.3401 1.0107 0.1653
-0.3380 -1.0230 0.1714
-0.3409 -0.6748 0.1207
-0.3348 0.1332 0.0962
-0.3222 0.4857 0.1549
-0.3220 -0.7086 0.1295
-0.3314 0.4289 0.1384
-0.3193 0.2405 0.1137
-0.3151 -0.1517 0.1343
-0.2985 -0.0974 0.1354
-0.3160 0.3100 0.1080
-0.3103 0.3712 0.1109
-0.2992 0.0847 0.1315
-0.2853 0.2135 0.1194
-0.2968 -0.0498 0.1519
-0.2822 0.2690 0.1154
-0.3017 0.3444 0.1058
-0.2772 1.1422 0.1887
-0.2903 -0.6982 0.1645
-0.2792 -0.1484 0.1301
-0.2774 -0.9164 0.1708
-0.2745 -0.7887 0.1854
-0.2803 0.9320 0.2583
-0.2777 -0.8279 0.1823
-0.2699 1.0823 0.1806
-0.2582 0.3376 0.1133
-0.2657 -0.2025 0.1517
-0.2634 0.4867 0.1366
-0.2364 0.2961 0.1274
-0.2524 -1.1374 0.3013
-0.2593 -0.0848 0.1519
-0.2505 -0.2279 0.1700
-0.2377 0.1743 0.1162
-0.2432 0.4121 0.1100
-0.2509 0.1442 0.1209
-0.2474 -0.3261 0.2847
-0.2408 0.3701 0.1143
-0.2461 -1.0964 0.2627
-0.2413 0.4347 0.1144
-0.2280 0.1975 0.1143
-0.2355 -0.8690 0.2206
-0.2131 0.0465 0.1415
-0.2280 0.1086 0.1230
-0.2223 0.6237 0.2164
-0.2050 0.2578 0.1373
-0.2192 0.5429 0.1543
-0.2128 0.4176 0.1274
-0.2117 1.1603 0.2269
-0.1922 0.1082 0.1197
-0.1924 0.2249 0.1289
-0.2089 0.4444 0.1306
-0.1971 -0.1881 0.1807
-0.1747 0.1697 0.1274
-0.1940 1.1228 0.2248
-0.1811 0.5109 0.1528
-0.1773 -0.0808 0.1928
-0.1729 0.0548 0.1358
-0.1642 0.5982 0.1959
-0.1655 0.0223 0.1537
-0.1600 0.5501 0.1700
-0.1519 -0.2393 0.2430
-0.1506 0.6632 0.2775
-0.1498 -0.0107 0.1797
-0.1480 1.1778 0.2697
-0.1299 0.1771 0.1624
-0.1330 0.0741 0.1559
-0.1214 -1.0477 0.3068
-0.0874 -0.5532 0.3211
-0.0911 -0.5014 0.2935
-0.0854 0.2562 0.2321
-0.0685 0.3697 0.2648
-0.0671 1.1140 0.2847
-0.0584 -1.0200 0.3335
-0.0560 0.9752 0.3344
-0.0503 -0.4066 0.2462
-0.0274 -0.1466 0.2884
-0.0250 0.5340 0.2880
-0.0023 -0.4212 0.2220
0.0131 -0.5427 0.2596
0.0305 -1.0562 0.3096
0.0253 0.4399 0.2734
0.0315 1.1361 0.3189
0.0371 -0.0392 0.3148
0.0583 -0.2693 0.2733
0.0665 -0.3539 0.2391
0.0594 0.8633 0.3596
0.0618 1.1195 0.3088
0.0627 -0.9537 0.3374
0.0677 -0.1341 0.3005
0.0775 0.2896 0.3249
0.0854 -0.4693 0.2196
0.1027 -0.4573 0.2218
0.1230 0.3690 0.2768
0.1464 0.9667 0.2496
0.1621 0.4430 0.2505
0.1644 -0.9190 0.3445
0.1856 -0.4217 0.2606
0.1809 -0.2931 0.2915
0.1901 -1.1644 0.2242
0.1940 -0.5641 0.2574
0.1931 -1.2227 0.2370
0.1962 0.4962 0.2529
0.2017 0.4119 0.2856
0.2041 -1.1834 0.2153
0.2028 -0.9531 0.3366
0.2103 0.5426 0.2569
0.2225 -1.2355 0.2353
0.2224 -1.2158 0.2195
0.2257 -1.1549 0.2196
0.2368 0.6627 0.2564
0.2329 -0.7696 0.2997
0.2318 0.0362 0.2080
0.2306 -0.0351 0.1739
0.2395 0.0122 0.1831
0.2319 1.0008 0.1848
0.2346 0.6305 0.2541
0.2480 0.9443 0.1969
0.2455 0.7115 0.2577
0.2587 -0.1013 0.1910
0.2526 0.7795 0.2566
0.2482 0.8109 0.2519
0.2581 -0.6173 0.2307
0.2497 1.0476 0.1740
0.2659 -0.0529 0.1592
0.2803 0.0406 0.1977
0.2713 1.0401 0.1651
0.2884 1.0140 0.1714
0.2947 -0.6623 0.2324
0.3024 -0.0539 0.1562
0.2965 1.0815 0.1801
0.2989 1.1591 0.2376
0.2992 -0.1577 0.2513
0.3186 1.2106 0.2975
0.3308 -0.6405 0.2141
0.3355 -0.3809 0.2240
0.3316 0.9205 0.2359
0.3452 -0.6147 0.2105
0.3591 -0.0570 0.1887
0.3513 -0.7358 0.2986
0.3782 -0.5867 0.2179
0.3833 -1.1861 0.2477
0.3960 -0.4033 0.1562
0.3882 -0.4411 0.1583
0.3905 1.1961 0.3180
0.4042 0.6534 0.2547
0.4112 0.0108 0.2417
0.4210 -0.4204 0.1328
0.4273 1.0450 0.2834
0.4220 -0.4465 0.1382
0.4315 -1.1850 0.2582
0.4379 -1.2620 0.2702
0.4529 -0.3786 0.1518
0.4721 -0.0252 0.2555
0.4705 0.7289 0.2769
0.4768 0.4929 0.3451
0.4775 -0.4671 0.1410
0.4929 0.7008 0.2664
0.5039 -0.4377 0.1348
0.5173 0.6813 0.2559
0.5166 -1.2082 0.2676
0.5272 -0.4461 0.1400
0.5375 0.2252 0.3595
0.5489 -0.3724 0.1697
0.5472 -1.2432 0.2844
0.5485 -1.2279 0.2824
0.5518 -0.0277 0.2237
0.5594 -0.4813 0.1530
0.5646 0.5925 0.2310
0.5602 0.6304 0.2299
0.5959 0.0712 0.1712
0.6005 -0.5096 0.1700
0.6101 0.0360 0.1487
0.6188 -0.3370 0.1931
0.6239 -0.4904 0.1560
0.6332 -0.3584 0.1711
0.6402 0.0232 0.1357
0.6453 -0.4384 0.1370
0.6404 0.5176 0.2429
0.6440 -1.2422 0.3641
0.6613 0.1295 0.1708
0.6595 0.0426 0.1230
0.6668 -0.3982 0.1555
0.6780 -0.4754 0.1756
0.6961 -1.2572 0.4127
0.6882 0.0685 0.1234
0.7007 1.1143 0.2716
0.7001 1.0381 0.2688
0.7093 0.0321 0.1350
0.7093 -0.4105 0.1958
0.7248 0.5462 0.1921
0.7119 0.0076 0.1568
0.7166 1.1900 0.3095
0.7339 0.1538 0.1824
0.7330 0.5876 0.1955
0.7484 0.0359 0.1569
0.7589 0.5263 0.1797
0.7635 1.1375 0.2326
0.7624 -0.9262 0.3840
0.7747 0.5014 0.1833
0.7977 1.1566 0.2367
0.7865 -0.8458 0.3592
0.7847 0.1394 0.1654
0.7955 0.6050 0.2009
0.8059 0.9950 0.2125
0.8118 0.1517 0.1626
0.8226 0.3655 0.1908
0.8345 0.6888 0.2354
0.8441 0.2039 0.1543
0.8246 0.3984 0.1939
0.8317 0.8571 0.1977
0.8254 1.0927 0.2126
0.8322 0.5902 0.2065
0.8509 0.3203 0.1719
0.8607 0.0362 0.2150
0.8534 0.4180 0.1990
0.8596 0.0826 0.1874
0.8635 0.2496 0.1603
0.8645 0.7363 0.2313
0.8631 -0.9663 0.3428
0.8648 0.7950 0.2137
0.8737 0.8722 0.1795
0.8787 0.8905 0.1799
0.8868 0.1935 0.1655
0.8906 0.3071 0.1759
0.8869 0.9445 0.1890
0.9014 -0.3665 0.2254
0.8938 1.0025 0.2107
0.8970 0.2673 0.1734
0.9063 -0.9057 0.2696
0.9254 -0.8347 0.2349
0.9247 0.8744 0.2010
0.9290 0.1089 0.2007
0.9520 -0.1637 0.1724
0.9423 -0.2640 0.1632
0.9468 -0.0873 0.1957
0.9625 -0.2282 0.1532
0.9612 1.1158 0.2872
0.9611 0.4828 0.2793
0.9656 -0.7673 0.2432
0.9678 -0.3098 0.1430
0.9740 -0.8236 0.2242
0.9885 -0.1622 0.1547
0.9989 -0.1984 0.1444
0.9982 -0.3808 0.1340
1.0054 -0.8128 0.2239
1.0116 1.2166 0.3785
1.0187 -0.3731 0.1198
1.0189 -0.0106 0.1400
1.0201 -0.3323 0.1233
1.0290 0.0486 0.1391
1.0278 -0.5495 0.2328
1.0278 -0.0613 0.1468
1.0509 -0.3623 0.1101
1.0493 -0.3214 0.1212
1.0426 0.0951 0.1513
1.0453 0.4683 0.2647
1.0499 0.9960 0.2883
1.0578 -0.4862 0.1619
1.0512 -0.0352 0.1328
1.0560 0.0087 0.1224
1.0580 -0.7526 0.2169
1.0560 -0.2213 0.1411
1.0589 -0.4204 0.1299
1.0767 -0.0245 0.1327
1.0897 0.2184 0.1419
1.1012 -0.4348 0.1333
1.0934 0.0960 0.1307
1.1029 -0.2426 0.1367
1.0898 -0.1944 0.1321
1.0932 -0.5242 0.1641
1.1069 -0.3642 0.1163
1.1073 0.1336 0.1276
1.1046 0.1883 0.1269
1.1100 0.0441 0.1360
1.1252 -0.3464 0.1266
1.1280 -0.0927 0.1509
1.1565 0.4690 0.1759
1.1300 -0.2863 0.1439
1.1312 -0.1254 0.1405
1.1295 0.2421 0.1116
1.1372 0.4237 0.1618
1.1392 -0.5284 0.1519
1.1437 0.0819 0.1496
1.1589 0.1423 0.1276
1.1441 0.2613 0.1034
1.1468 -0.6872 0.2061
1.1439 -0.2132 0.1271
1.1412 -0.1635 0.1254
1.1551 0.3840 0.1345
1.1502 -0.7338 0.2127
1.1783 -0.4281 0.1239
1.1643 0.2950 0.1053
1.1812 -0.5214 0.1323
1.1642 0.1887 0.1090
1.1677 0.3259 0.1095
1.1611 1.0966 0.2380
1.1665 0.2588 0.0974
1.1748 -0.8138 0.2667
1.1645 -0.4026 0.1279
1.1749 -0.3698 0.1404
1.1850 -0.1971 0.1306
1.1978 0.3028 0.1072
1.2014 -0.4523 0.1143
1.2007 0.4026 0.1311
1.1948 0.9767 0.1996
1.1957 -0.0586 0.1875
1.2049 0.2001 0.1128
1.2008 -0.6722 0.1982
1.2167 0.1653 0.1347
1.2001 1.0818 0.2036
1.2142 -0.7504 0.2443
1.2137 0.3473 0.1145
1.2234 -0.1577 0.1497
1.2172 -0.1270 0.1572
1.2264 0.2756 0.1114
1.2231 -0.5146 0.1148
1.2341 0.2267 0.1156
1.2247 0.3944 0.1313
1.2665 0.2086 0.1277
1.2312 0.5271 0.2027
1.2515 -0.4280 0.1321
1.2396 -0.2399 0.1584
1.2392 0.8131 0.1883
1.2546 -0.5672 0.1534
1.2500 -0.5201 0.1210
1.2451 -0.4853 0.1115
1.2500 0.7644 0.2124
1.2418 1.0213 0.1811
1.2724 0.4813 0.1558
1.2757 1.2156 0.3070
1.2659 0.8999 0.1700
1.2685 -0.2851 0.1820
1.2736 -0.2423 0.1658
1.2688 0.9404 0.1764
1.2739 -0.4633 0.1262
1.2794 -0.6415 0.2171
1.2759 0.1108 0.1989
1.2783 1.0114 0.1836
1.2921 0.2714 0.1107
1.2792 1.0706 0.1865
1.2906 0.3226 0.1227
1.2897 0.8199 0.1541
1.3001 0.3686 0.1382
1.2966 0.4699 0.1512
1.3156 0.3952 0.1458
1.3109 -0.0229 0.2275
1.3257 -0.4074 0.1939
1.3321 -0.5168 0.1861
1.3287 0.2367 0.1074
1.3288 0.5118 0.1757
1.3278 0.2700 0.0976
1.3302 1.1816 0.2908
1.3406 0.7822 0.1774
1.3482 0.8343 0.1598
1.3462 0.8690 0.1693
1.3499 0.3064 0.1040
1.3531 -0.3234 0.2291
1.3534 -0.2277 0.2128
1.3534 0.2618 0.0979
1.3577 -0.1656 0.2147
1.3614 1.1300 0.2745
1.3852 0.5110 0.2086
1.3643 0.7182 0.2370
1.3658 0.2005 0.1399
1.3811 0.2976 0.1177
1.3738 -0.0229 0.2415
1.3811 0.8262 0.1910
1.3876 0.3271 0.1372
1.3909 0.4256 0.1850
1.3916 0.2330 0.1335
1.3949 0.1368 0.2081
1.3961 0.0465 0.2512
1.3953 0.5676 0.2550
1.3979 -0.0834 0.2575
