points 
 2 
 1 
Tumour[19065]FoxP310NNCodensity
-1.6905 1.0469 0.4976
-1.6616 -0.2639 0.3168
-1.6542 -0.3014 0.2851
-1.5825 0.8875 0.4338
-1.5769 -0.3814 0.2011
-1.5741 1.0588 0.3763
-1.5688 1.1340 0.4023
-1.5642 -0.7438 0.6759
-1.5565 -0.3884 0.1900
-1.5484 -0.2752 0.2166
-1.5478 1.1447 0.3980
-1.5457 -0.3789 0.1803
-1.5111 0.8056 0.4752
-1.4507 -0.3719 0.1647
-1.4369 -0.3424 0.1654
-1.4303 -0.3132 0.1832
-1.4178 -0.4061 0.2068
-1.3879 -0.3412 0.2067
-1.3843 1.0491 0.3674
-1.3622 -0.3397 0.2422
-1.3609 1.2194 0.4361
-1.3205 0.7130 0.6235
-1.2754 0.9581 0.4218
-1.2495 0.9508 0.4351
-1.1526 0.1604 0.7258
-1.1293 1.2155 0.4339
-1.0990 1.2113 0.4426
-1.0839 0.2214 0.7479
-1.0431 0.3321 0.7832
-1.0232 1.1589 0.4814
-1.0123 1.1952 0.5064
-0.9978 0.2717 0.7602
-0.9863 -0.3640 0.5376
-0.9490 -0.4160 0.5437
-0.8915 0.9738 0.6445
-0.8870 -0.4735 0.5698
-0.8235 -0.6648 0.7486
-0.8089 -0.4814 0.6188
-0.7255 -0.1330 0.6689
-0.5006 -0.6318 0.8986
-0.4838 0.0241 0.6867
-0.4409 0.0828 0.6245
-0.4336 0.9290 0.7589
-0.3307 -0.0083 0.6952
-0.3299 0.3829 0.3771
-0.2804 0.4956 0.2435
-0.2403 0.4655 0.2251
-0.1968 0.6156 0.1818
-0.1841 0.5934 0.1562
-0.1698 0.5168 0.1649
-0.1726 0.5625 0.1455
-0.1533 0.3131 0.3955
-0.1449 0.6221 0.1742
-0.1442 0.6029 0.1570
-0.0974 0.5113 0.1923
-0.0583 0.5630 0.2120
-0.0023 0.5555 0.2898
0.1866 -0.6305 0.5277
0.2260 -0.6170 0.4687
0.2794 -0.6463 0.4139
0.4319 0.1834 0.3912
0.4426 1.1535 0.4447
0.4554 0.0046 0.2361
0.4684 -0.0166 0.2093
0.4781 -0.0773 0.1698
0.4849 0.2698 0.3847
0.4913 -0.0937 0.1568
0.4976 -0.1299 0.1694
0.5004 -0.5614 0.1674
0.5204 -0.1077 0.1464
0.5410 -0.5114 0.1534
0.5438 -0.0948 0.1457
0.5583 -0.2736 0.1783
0.5620 -0.6060 0.0999
0.5648 -0.4889 0.1631
0.5683 1.0681 0.2627
0.5702 -0.6637 0.1141
0.5712 -0.6236 0.0950
0.5742 -0.5757 0.1030
0.5805 -0.6468 0.0990
0.5908 -0.2929 0.1495
0.5875 1.1694 0.2722
0.5926 -0.4568 0.1824
0.6007 -0.6116 0.0924
0.6021 -0.9373 0.1124
0.6009 -0.6911 0.1183
0.6049 -0.7238 0.1333
0.6057 -0.9934 0.1052
0.6081 -0.7845 0.1531
0.6098 -1.0292 0.1261
0.6100 -0.5609 0.1157
0.6088 -0.3219 0.1461
0.6102 -0.2780 0.1363
0.6164 -0.7521 0.1403
0.6123 -0.0369 0.2084
0.6159 -0.1479 0.1507
0.6218 -0.9653 0.0916
0.6185 -0.3276 0.1450
0.6209 -0.9371 0.1026
0.6315 0.3317 0.3846
0.6297 -0.9064 0.1226
0.6323 -0.5889 0.1107
0.6307 -0.2049 0.1494
0.6370 -1.0545 0.1486
0.6353 -0.8439 0.1482
0.6429 1.1187 0.2004
0.6434 0.2807 0.3627
0.6436 -0.9844 0.0920
0.6461 0.3511 0.4023
0.6495 -0.9716 0.0965
0.6498 0.7368 0.4955
0.6476 1.1553 0.2260
0.6552 -1.0155 0.1113
0.6540 -0.1208 0.1744
0.6597 -0.8357 0.1463
0.6605 -0.5968 0.1258
0.6621 -0.1594 0.1671
0.6619 1.0415 0.1902
0.6653 -0.7327 0.1535
0.6666 0.3539 0.4172
0.6751 -0.1632 0.1757
0.6893 -0.3163 0.1693
0.6905 0.0880 0.3810
0.6972 -0.4723 0.1525
0.6987 -0.4000 0.1823
0.6984 -0.3030 0.1734
0.7004 -0.6479 0.1618
0.7019 1.1043 0.1781
0.7099 -0.5158 0.1351
0.7138 -0.4911 0.1478
0.7161 -0.5487 0.1312
0.7284 -0.8173 0.1883
0.7281 -0.5313 0.1402
0.7416 -0.8852 0.1834
0.7451 -1.0406 0.2207
0.7458 -0.6347 0.1930
0.7535 1.0086 0.1300
0.7546 -0.8972 0.1955
0.7623 0.8979 0.2310
0.7808 0.9946 0.1302
0.7823 0.9632 0.1534
0.7936 1.0123 0.1341
0.7956 1.0674 0.1662
0.7956 0.9731 0.1507
0.7971 1.0415 0.1462
