points 
 2 
 1 
Tumour[19065]CD6810NNCodensity
-1.4546 -1.1213 0.2249
-1.4334 -0.9748 0.1630
-1.4325 -0.5143 0.3409
-1.4339 -1.0922 0.1803
-1.4292 -0.8853 0.2390
-1.4301 -0.2977 0.2400
-1.4243 -1.1258 0.2118
-1.3957 -0.9683 0.1429
-1.3885 -0.3815 0.2116
-1.3777 -1.0422 0.1388
-1.3650 -1.0112 0.1384
-1.3862 -1.0747 0.1559
-1.3573 -0.9230 0.1806
-1.3749 -0.3048 0.1798
-1.3524 -0.2527 0.1871
-1.3415 -0.9836 0.1533
-1.3458 -0.2840 0.1625
-1.3415 -0.5098 0.2704
-1.3189 -0.9247 0.1985
-1.3016 -0.2498 0.1799
-1.2867 -0.7218 0.3895
-1.2805 -0.3806 0.1805
-1.2759 -0.5073 0.2390
-1.2649 -0.2819 0.1702
-1.2387 -0.3345 0.1629
-1.2174 0.6984 0.6023
-1.2119 1.1380 0.3168
-1.2003 -0.3583 0.1750
-1.1878 -0.4363 0.1799
-1.1864 1.0859 0.2444
-1.1629 -0.5207 0.2188
-1.1699 -0.3231 0.1993
-1.1571 -0.9249 0.3615
-1.1188 1.0334 0.1615
-1.1178 -0.4643 0.1879
-1.1167 -0.3590 0.2120
-1.1120 1.0752 0.1732
-1.1040 -1.0167 0.4308
-1.0945 -0.4986 0.1927
-1.0961 1.0386 0.1502
-1.0834 1.0004 0.1619
-1.0790 1.0546 0.1568
-1.0611 1.0099 0.1619
-1.0483 0.9656 0.1941
-1.0414 -0.5840 0.2004
-1.0302 -0.5357 0.1809
-0.9883 -0.4640 0.2016
-0.9849 0.9272 0.2435
-0.9738 -0.5829 0.1725
-0.9684 -0.3359 0.3196
-0.9394 -0.6736 0.2244
-0.9147 -0.4956 0.1796
-0.8995 -0.5984 0.1499
-0.9045 -0.5477 0.1508
-0.8727 1.0923 0.3173
-0.8716 -0.6483 0.1780
-0.8635 0.9245 0.2815
-0.8465 -0.4966 0.1783
-0.8373 0.9072 0.2832
-0.8271 -0.6136 0.1485
-0.8233 -0.9787 0.5436
-0.8190 -0.5752 0.1348
-0.8019 -0.5310 0.1494
-0.7682 -0.5663 0.1452
-0.7630 1.0812 0.2718
-0.7373 -0.5998 0.1722
-0.7353 -0.9799 0.5487
-0.7335 1.0169 0.2147
-0.7072 -0.5955 0.1908
-0.6934 -0.4741 0.2219
-0.6928 0.8950 0.2140
-0.6964 -0.5102 0.1943
-0.6839 0.7458 0.2189
-0.6816 0.7138 0.2364
-0.6544 0.7255 0.2116
-0.6583 1.0544 0.2149
-0.6528 0.9032 0.1943
-0.6337 1.0399 0.1986
-0.6261 -0.4743 0.2789
-0.6179 0.9027 0.1824
-0.6190 0.6915 0.2349
-0.6169 0.9559 0.1672
-0.5926 0.6824 0.2519
-0.5667 0.8048 0.2032
-0.5419 1.0193 0.2101
-0.5304 -0.6657 0.3629
-0.5169 0.9561 0.1771
-0.4851 0.9601 0.1919
-0.4831 -0.8968 0.4191
-0.4909 0.9089 0.1737
-0.4791 0.8196 0.2017
-0.4631 0.8528 0.1790
-0.4197 -0.8414 0.3563
-0.4195 -0.4728 0.2502
-0.3972 -0.4871 0.2280
-0.3924 -0.8568 0.3537
-0.3813 0.9006 0.1838
-0.3648 -0.2619 0.3475
-0.3547 0.7754 0.1966
-0.3533 -0.3969 0.2256
-0.3524 -0.8573 0.3524
-0.3458 0.8030 0.1788
-0.3382 0.7038 0.2723
-0.3389 -0.5950 0.2219
-0.3269 0.8951 0.1981
-0.3265 0.8577 0.1793
-0.2945 -0.5257 0.1669
-0.2844 -0.3205 0.2532
-0.2667 -0.4593 0.1854
-0.2709 -0.4997 0.1675
-0.2615 -0.5549 0.1783
-0.2473 -0.5722 0.1906
-0.2324 -0.7265 0.3141
-0.2436 0.8439 0.2480
-0.2115 0.5632 0.4595
-0.2111 0.8285 0.2881
-0.2098 -0.3459 0.2458
-0.1837 -0.5579 0.2262
-0.1635 -0.3050 0.2725
-0.1547 -0.9310 0.3742
-0.1451 -1.1464 0.2247
-0.1386 -1.1747 0.2258
-0.1033 -1.1148 0.1862
-0.0978 -0.3211 0.2601
-0.0905 -1.0834 0.1948
-0.0801 -0.6343 0.3115
-0.0626 -1.2270 0.2141
-0.0343 -0.4081 0.2535
-0.0033 -1.0872 0.1769
0.0010 -1.1610 0.1646
0.0037 -1.2353 0.2297
0.0062 -0.5576 0.2533
0.0011 -0.2258 0.2861
0.0160 0.4970 0.3658
0.0288 -1.1310 0.1747
0.0418 -0.3548 0.1937
0.0533 -1.0984 0.2057
0.0656 -1.0796 0.2328
0.0764 0.5893 0.2536
0.0668 -0.3503 0.1832
0.0734 1.0181 0.1937
0.0803 0.6383 0.2300
0.0677 1.1202 0.2612
0.0763 1.1052 0.2368
0.0939 1.0809 0.2061
0.0882 -0.2373 0.2481
0.1007 -0.5421 0.1722
0.1008 0.7108 0.2215
0.1044 -0.6672 0.2514
0.1088 -0.3757 0.1664
0.1102 0.9763 0.1763
0.1062 1.0147 0.1719
0.1393 0.9580 0.1807
0.1391 -0.3845 0.1611
0.1356 -0.6407 0.2168
0.1604 -0.5530 0.1430
0.1442 0.9058 0.2121
0.1593 -0.5306 0.1380
0.1669 0.6653 0.1769
0.1680 -0.3988 0.1561
0.1713 0.7750 0.2041
0.1768 -0.4207 0.1478
0.1733 -0.4989 0.1324
0.1759 0.6885 0.1703
0.1814 -0.5727 0.1552
0.2050 -0.4361 0.1482
0.2059 0.4664 0.2127
0.2123 -0.2391 0.2514
0.2135 0.7113 0.1757
0.2248 -0.5365 0.1566
0.2244 0.9587 0.1930
0.2497 0.7092 0.1844
0.2507 -0.2559 0.2562
0.2594 0.8830 0.2176
0.2592 0.4693 0.1470
0.2693 0.6365 0.1982
0.2754 0.4804 0.1346
0.2773 1.0091 0.2135
0.2786 -0.2138 0.3113
0.2835 -0.4726 0.1802
0.3078 0.4445 0.1355
0.3125 1.0062 0.2174
0.3065 0.5130 0.1304
0.3139 -1.0660 0.3457
0.3360 0.3386 0.1952
0.3180 -0.4689 0.2083
0.3201 0.3747 0.1757
0.3179 0.7869 0.2384
0.3221 0.5776 0.1780
0.3312 0.4945 0.1287
0.3347 0.5239 0.1413
0.3584 -0.5422 0.2377
0.3512 -0.9645 0.3913
0.3509 1.0004 0.2116
0.3595 0.8047 0.2652
0.3727 -1.2356 0.2938
0.3678 -0.7821 0.4212
0.3800 0.3189 0.2115
0.3933 -0.5252 0.2481
0.4003 0.2420 0.2860
0.3901 0.4620 0.1709
0.3973 -1.1861 0.2668
0.4035 -1.2558 0.2807
0.4094 1.0872 0.2531
0.4120 0.3020 0.2259
0.4228 -1.2021 0.2554
0.4374 -0.2657 0.4097
0.4379 1.0081 0.2299
0.4612 1.1153 0.2936
0.4533 0.4766 0.2157
0.4540 0.6059 0.2076
0.4697 0.5727 0.2024
0.4727 0.7060 0.2196
0.4759 0.6748 0.2165
0.4834 1.0743 0.2661
0.4979 -0.9611 0.3738
0.5063 -0.5893 0.3201
0.5251 0.9757 0.2591
0.5159 -0.5643 0.3217
0.5451 -1.2917 0.2486
0.5371 -1.3157 0.2665
0.5480 -0.4871 0.3426
0.5498 0.7485 0.1958
0.5610 0.2750 0.2839
0.5580 -1.0720 0.3350
0.5829 0.8179 0.2095
0.5872 0.5228 0.2043
0.5870 0.8541 0.2323
0.5898 0.2870 0.2759
0.5938 0.4439 0.2478
0.5988 0.5900 0.1796
0.6144 0.7023 0.1664
0.6143 0.9009 0.2615
0.6302 -1.2948 0.2668
0.6353 0.7470 0.1777
0.6439 0.6499 0.1430
0.6559 -1.2332 0.2508
0.6746 0.6382 0.1321
0.6913 0.5659 0.1495
0.6868 0.6642 0.1400
0.6953 0.6089 0.1356
0.6935 -0.7992 0.3049
0.6886 0.3155 0.2344
0.6910 0.4681 0.2155
0.6939 -1.2070 0.2600
0.7208 -0.7976 0.2890
0.7238 -0.6070 0.3516
0.7297 0.2626 0.2428
0.7337 -0.8728 0.2851
0.7483 0.6162 0.1509
0.7348 -0.2666 0.1740
0.7454 -1.2542 0.2752
0.7410 0.7730 0.2234
0.7444 -1.0281 0.3296
0.7470 -0.3151 0.2014
0.7532 -0.2879 0.1679
0.7570 0.5476 0.1726
0.7766 0.3765 0.2038
0.8024 0.6414 0.1707
0.7806 -0.2493 0.1326
0.7833 -0.1781 0.1396
0.7974 0.8655 0.2227
0.8099 -0.9370 0.3132
0.8150 -0.1927 0.1122
0.8111 0.2663 0.2249
0.8216 1.0413 0.3220
0.8225 -0.7108 0.3038
0.8231 0.5251 0.1964
0.8216 -1.2533 0.3057
0.8297 0.8516 0.1939
0.8448 -0.2514 0.1296
0.8409 -0.1916 0.0997
0.8394 0.2755 0.2226
0.8428 -0.1584 0.1074
0.8577 0.6442 0.1618
0.8624 -0.1765 0.0979
0.8657 -0.6070 0.3658
0.8657 -1.2855 0.3427
0.8629 0.8293 0.1693
0.8699 0.3715 0.1890
0.8871 0.7312 0.1683
0.8857 -0.3082 0.1939
0.8760 -0.1456 0.1179
0.8877 -0.0998 0.1692
0.9029 0.6723 0.1540
0.8928 -0.9040 0.3515
0.8863 0.5066 0.2076
0.8997 0.6143 0.1603
0.8983 -0.8665 0.3347
0.9003 -0.2097 0.1187
0.8939 0.3035 0.2288
0.8943 0.3891 0.2010
0.8966 0.4177 0.2050
0.9123 0.8688 0.1689
0.9114 0.8330 0.1594
0.9230 0.7116 0.1564
0.9276 -0.1818 0.1377
0.9283 -0.2491 0.1588
0.9389 -0.4811 0.3695
0.9556 0.8902 0.1838
0.9560 0.9873 0.2134
0.9646 0.6295 0.1724
0.9898 -0.0748 0.2627
1.0022 -0.5679 0.4590
0.9930 0.7093 0.1799
0.9955 1.0419 0.2672
1.0016 -1.2863 0.4679
1.0044 0.6386 0.1987
1.0114 0.8311 0.2064
1.0144 1.0344 0.2672
1.0276 0.7954 0.2167
1.0292 -0.2035 0.2572
1.0301 0.9966 0.2493
1.0307 -1.2965 0.5097
1.0332 0.5182 0.2914
