points 
 2 
 1 
Tumour[19065]CD6810NNCodensity
-1.2183 -0.8120 0.3736
-1.2039 -0.6974 0.2766
-1.2185 0.7460 0.4299
-1.2013 -0.2926 0.2906
-1.1982 -0.4505 0.2676
-1.1923 0.2298 0.4921
-1.1885 0.9394 0.5415
-1.1857 -0.3688 0.2733
-1.1855 0.0331 0.3806
-1.1753 -0.5875 0.2269
-1.1737 0.0060 0.3586
-1.1512 -0.4898 0.2340
-1.1523 -0.3405 0.2560
-1.1544 0.8623 0.4377
-1.1518 0.7441 0.3642
-1.1263 -0.6856 0.2114
-1.1211 -0.1493 0.2659
-1.0659 -0.5954 0.1697
-1.0659 -0.5564 0.1827
-1.0654 -0.6581 0.1772
-1.0612 -0.2102 0.2143
-1.0613 0.5331 0.3175
-1.0466 -0.1492 0.2398
-1.0346 -0.6709 0.1713
-1.0268 0.0844 0.3277
-1.0209 0.6678 0.2829
-1.0186 -0.5030 0.2259
-0.9978 -0.6858 0.1678
-0.9815 -0.2790 0.2182
-0.9810 -0.2288 0.2065
-0.9783 0.4094 0.3173
-0.9573 -0.2440 0.2187
-0.9634 -0.7773 0.1893
-0.9717 -0.0506 0.3154
-0.9638 -0.8147 0.2173
-0.9580 -0.8407 0.2479
-0.9529 -0.2898 0.2364
-0.9534 0.6941 0.2880
-0.9457 -0.5431 0.2056
-0.9343 -0.5792 0.1924
-0.9245 -0.6694 0.1801
-0.9260 0.6645 0.2646
-0.9010 0.5563 0.2054
-0.9073 -0.7040 0.1803
-0.9069 0.1619 0.3383
-0.9031 0.5952 0.2179
-0.8847 -0.7494 0.1882
-0.8682 0.5017 0.2210
-0.8744 0.1576 0.3496
-0.8665 0.3900 0.2880
-0.8612 -0.5035 0.2529
-0.8625 -0.2921 0.3059
-0.8341 0.4749 0.2569
-0.8340 1.0751 0.4850
-0.8321 0.1959 0.3553
-0.8089 0.5074 0.2687
-0.7899 -0.7982 0.2445
-0.7827 -0.6737 0.1983
-0.7826 0.0758 0.4179
-0.7660 -0.6235 0.1971
-0.7376 -0.5067 0.2178
-0.7332 -0.7742 0.2639
-0.7121 -0.6843 0.2097
-0.7202 -0.5190 0.2052
-0.7037 0.9236 0.3559
-0.6947 -0.5606 0.1892
-0.6847 -0.6020 0.1852
-0.6752 1.0728 0.3482
-0.6500 -0.3243 0.3196
-0.6325 0.9879 0.3007
-0.6227 -0.4274 0.2626
-0.5978 1.0401 0.2977
-0.5604 -0.6347 0.1499
-0.5747 0.8487 0.3603
-0.5754 0.9012 0.3195
-0.5684 -0.5160 0.2225
-0.5637 1.1174 0.3502
-0.5539 -0.6701 0.1461
-0.5280 -0.6063 0.1432
-0.5490 0.0650 0.4243
-0.5335 -0.2427 0.2558
-0.5116 -0.6662 0.1115
-0.5128 -0.7049 0.1268
-0.4979 -0.6312 0.1181
-0.4689 -0.6878 0.1129
-0.4656 -0.2156 0.2064
-0.4548 -0.7263 0.1206
-0.4827 -0.3033 0.2023
-0.4625 -0.4251 0.2282
-0.4628 -0.8357 0.1904
-0.4467 -0.7838 0.1453
-0.4441 0.6648 0.5671
-0.4376 -0.5956 0.1604
-0.4370 0.1842 0.3991
-0.4333 -0.6715 0.1124
-0.4309 -0.8700 0.2119
-0.4097 -0.7444 0.1332
-0.3952 -0.6896 0.1242
-0.4045 1.1373 0.4015
-0.3865 -0.6338 0.1418
-0.3869 -0.2247 0.1392
-0.3852 -0.7805 0.1570
-0.3788 -0.0235 0.2757
-0.3773 -0.2480 0.1211
-0.3777 0.8650 0.4254
-0.3730 -0.2867 0.1201
-0.3656 -0.3754 0.1350
-0.3704 0.0297 0.2703
-0.3683 -0.4048 0.1377
-0.3443 -0.2979 0.1102
-0.3616 -0.2356 0.1190
-0.3553 -0.6500 0.1453
-0.3402 -0.4885 0.1496
-0.3388 -0.8633 0.2269
-0.3393 -0.4121 0.1228
-0.3124 -0.2724 0.1062
-0.3256 0.0410 0.2461
-0.3211 -0.5362 0.1704
-0.3145 -0.4373 0.1154
-0.3152 -0.8809 0.2571
-0.3085 -0.6727 0.1798
-0.3089 -0.3631 0.1209
-0.2890 -0.2557 0.1116
-0.2892 -0.5057 0.1416
-0.2943 -0.3148 0.1227
-0.2762 -0.2196 0.1295
-0.2818 -0.6696 0.2029
-0.2877 1.1453 0.3788
-0.2830 -0.0846 0.2133
-0.2680 -0.4452 0.1232
-0.2568 -0.3872 0.1388
-0.2473 -0.2177 0.1231
-0.2302 -0.4559 0.1334
-0.2354 0.1921 0.2526
-0.2264 -0.3092 0.1372
-0.2317 -0.1253 0.1709
-0.2158 -0.5103 0.1515
-0.2110 -0.2317 0.1235
-0.1966 0.0352 0.1550
-0.1857 -0.4812 0.1513
-0.1883 -0.1974 0.1375
-0.1777 0.9825 0.3220
-0.1868 -0.2616 0.1351
-0.1764 -0.3418 0.1626
-0.1676 -0.4631 0.1555
-0.1603 1.1332 0.3476
-0.1687 0.1427 0.1544
-0.1688 -0.5971 0.2319
-0.1659 -0.1660 0.1524
-0.1599 0.0325 0.1187
-0.1623 -0.0798 0.1540
-0.1542 -0.0282 0.1274
-0.1388 0.9791 0.3160
-0.1488 -0.8718 0.3878
-0.1541 0.1608 0.1605
-0.1314 1.0746 0.3127
-0.1356 0.0329 0.1050
-0.1266 0.0880 0.1179
-0.1235 -0.3672 0.1718
-0.1208 0.0084 0.1046
-0.1138 0.4854 0.4074
-0.1158 -0.2565 0.1606
-0.1104 0.1787 0.1543
-0.1050 -0.4371 0.1912
-0.0942 0.0413 0.1071
-0.1006 -0.0529 0.1199
-0.0962 1.0091 0.3116
-0.0906 0.1027 0.1219
-0.0899 -0.1364 0.1525
-0.0821 0.6686 0.4387
-0.0759 -0.3217 0.1937
-0.0733 -0.0178 0.1068
-0.0714 -0.6416 0.3129
-0.0594 -0.2756 0.1934
-0.0428 0.2342 0.2038
-0.0533 -0.0716 0.1108
-0.0279 -0.0383 0.0942
-0.0379 0.0258 0.1021
-0.0429 0.1005 0.1065
-0.0297 0.1559 0.1338
-0.0357 0.4312 0.3379
-0.0290 -0.8251 0.4644
-0.0277 -0.1470 0.1343
-0.0153 -0.0747 0.1057
-0.0149 0.1191 0.1181
-0.0105 -0.4512 0.2683
0.0093 0.2188 0.2081
-0.0132 0.0536 0.0906
-0.0010 -0.0081 0.0869
-0.0032 0.0824 0.0972
0.0008 -0.1754 0.1451
0.0028 -0.1390 0.1259
0.0149 1.1428 0.3709
0.0153 -0.5466 0.3264
0.0175 -0.0694 0.1142
0.0151 0.0142 0.0873
0.0174 0.0817 0.1042
0.0156 0.4199 0.3229
0.0196 -0.0348 0.0981
0.0334 0.0353 0.0986
0.0417 0.0101 0.1014
0.0463 0.7622 0.3736
0.0466 -0.1911 0.1673
0.0795 -0.1866 0.1821
0.0786 0.6536 0.3628
0.1009 -0.0143 0.1618
0.1036 -0.2444 0.2346
0.1042 1.0211 0.3132
0.1131 0.3504 0.3099
0.1285 -0.0649 0.2059
0.1888 0.7668 0.3410
0.1985 -0.2593 0.2623
0.2036 0.1104 0.2646
0.2029 0.9408 0.2534
0.2062 0.2359 0.3308
0.2087 0.8522 0.2935
0.2286 0.4557 0.3525
0.2297 0.5143 0.3642
0.2318 1.1060 0.2808
0.2353 0.9399 0.2370
0.2776 -0.0447 0.2389
0.2797 -0.6785 0.3211
0.2801 -0.3968 0.2848
0.2882 0.0959 0.2444
0.2857 1.0313 0.2022
0.2976 0.4405 0.3441
0.3135 -0.3438 0.2135
0.3205 1.0799 0.1972
0.3332 0.0496 0.2214
0.3296 -0.1952 0.1959
0.3477 0.1115 0.2447
0.3610 -0.2746 0.1639
0.3578 0.9847 0.1718
0.3587 -0.1557 0.2017
0.3758 -0.5913 0.2571
0.3670 -0.2293 0.1689
0.3738 0.0087 0.2076
0.3784 -0.3421 0.1945
0.3810 -0.0473 0.2148
0.3937 -0.7758 0.2382
0.3986 -0.7065 0.2189
0.3979 -0.5680 0.2616
0.4049 -0.2231 0.1685
0.4123 1.0484 0.1496
0.4232 -0.6115 0.2480
0.4243 -0.7981 0.2449
0.4302 1.0042 0.1468
0.4337 1.0372 0.1473
0.4371 0.9206 0.1783
0.4294 0.9749 0.1576
0.4394 -0.2882 0.1685
0.4408 0.7981 0.1617
0.4406 0.7430 0.1627
0.4470 1.1157 0.2226
0.4552 -0.8222 0.2702
0.4510 0.6889 0.1674
0.4515 1.0730 0.1785
0.4636 -0.5361 0.3031
0.4785 -0.3099 0.1784
0.4885 0.8635 0.1504
0.4935 0.2746 0.2602
0.4887 0.6902 0.1417
0.4967 0.3893 0.2158
0.4986 0.0539 0.2108
0.4992 -0.0825 0.1735
0.5091 0.7635 0.1230
0.5086 -0.8749 0.3493
0.5105 -0.1070 0.1738
0.5145 0.8059 0.1281
0.5133 0.5764 0.1613
0.5227 0.6361 0.1467
0.5254 0.2350 0.2626
0.5247 0.4457 0.1950
0.5238 0.5365 0.1722
0.5236 -0.8068 0.3036
0.5299 -0.2206 0.1643
0.5305 0.0482 0.2088
0.5307 0.8223 0.1305
0.5321 -0.3184 0.1865
0.5503 0.6851 0.1420
0.5460 0.9140 0.1787
0.5475 -0.1286 0.1552
0.5453 0.8335 0.1348
0.5583 0.7425 0.1407
0.5603 0.3113 0.2185
0.5632 -0.0070 0.1777
0.5708 0.3381 0.2027
0.5641 0.5050 0.1742
0.5728 -0.2282 0.1488
0.5695 0.0261 0.2038
0.5860 0.7107 0.1623
0.5808 -0.0773 0.1581
0.5981 -0.1058 0.1540
0.5924 -0.2747 0.1550
0.5900 0.5830 0.1573
0.6042 0.5544 0.1729
0.6084 0.8924 0.2034
0.6146 -0.2598 0.1521
0.6234 0.3624 0.2159
0.6213 0.6209 0.1785
0.6415 0.8817 0.2331
0.6482 -0.2165 0.1514
0.6568 -0.3362 0.2426
0.6578 -0.1669 0.1537
0.6636 0.4140 0.2233
0.6739 -0.1766 0.1655
0.7014 -0.1255 0.2099
0.7575 0.5406 0.2108
0.7819 0.5080 0.1942
0.7742 -0.8836 0.4878
0.7904 0.3535 0.2310
0.7893 0.4747 0.1817
0.8080 0.4884 0.1947
0.8078 0.4457 0.1867
0.8118 -0.6863 0.4776
0.8405 -0.8522 0.5033
0.8450 0.4328 0.2081
0.8527 -0.1088 0.2372
0.8573 -0.0561 0.2126
0.9063 0.3213 0.2548
0.9103 0.2089 0.2647
0.9238 0.0264 0.1525
0.9195 -0.2297 0.3316
0.9215 -0.0074 0.1443
0.9245 0.2520 0.2701
0.9406 -0.0504 0.1506
0.9636 0.0381 0.1417
0.9617 -0.8502 0.5599
0.9648 0.0007 0.1305
0.9698 0.1666 0.2338
0.9802 0.0635 0.1561
1.0183 -0.0251 0.1439
1.0242 -0.1313 0.2159
1.0265 -0.5013 0.2618
1.0327 -0.5294 0.2799
1.0355 -0.4746 0.2450
1.0620 -0.0612 0.1566
1.0542 0.0155 0.1516
1.0638 -0.4030 0.2224
1.0660 0.3562 0.2838
1.0697 -0.3819 0.2274
1.1000 -0.4650 0.2523
1.1123 0.0475 0.1569
1.1154 0.3933 0.2996
1.1139 -0.3985 0.2385
1.1177 0.0906 0.1846
1.1218 -0.1128 0.1849
1.1411 -0.0428 0.1525
1.1413 -0.4305 0.2653
1.1518 0.0943 0.2008
1.1605 -0.0171 0.1595
1.1616 -0.0773 0.1758
1.1786 0.1072 0.2364
1.1800 0.3597 0.2999
1.1903 -0.1212 0.2375
1.1963 0.4837 0.3963
1.2056 0.3176 0.3042
1.2431 0.9485 0.9219
1.2619 0.3951 0.3818
1.2690 0.7244 0.6575
