points 
 2 
 1 
Tumour[19065]CD810NNCodensity
-1.2022 1.1274 0.3796
-1.2004 0.9969 0.3929
-1.1758 0.4493 0.6148
-1.1687 1.1280 0.3381
-1.1442 -0.9455 0.6215
-1.1237 -0.7161 0.3948
-1.1017 0.1565 0.3188
-1.0826 0.7406 0.4967
-1.0720 -0.6439 0.3082
-1.0590 -0.0534 0.2368
-1.0199 -0.5019 0.2895
-1.0164 -0.6399 0.2546
-1.0159 1.0672 0.2046
-1.0132 -0.6623 0.2628
-1.0076 0.0693 0.1592
-0.9938 0.0401 0.1407
-0.9919 -0.0142 0.1446
-0.9958 0.0959 0.1729
-0.9932 1.1437 0.1908
-0.9778 0.9535 0.2416
-0.9502 1.0392 0.1548
-0.9534 1.1301 0.1469
-0.9436 -0.0073 0.1274
-0.9418 0.0262 0.1300
-0.9373 0.1413 0.2066
-0.9400 0.6854 0.4723
-0.9126 -0.0682 0.1389
-0.9266 1.0673 0.1392
-0.8989 1.1479 0.1327
-0.8995 -0.0399 0.1319
-0.9079 0.0124 0.1389
-0.8993 -0.5187 0.1805
-0.8932 0.9285 0.2287
-0.8818 1.0878 0.1266
-0.8811 1.1926 0.1381
-0.8803 -0.5627 0.1742
-0.8721 -0.1588 0.1534
-0.8561 0.9955 0.1731
-0.8670 -0.0918 0.1351
-0.8651 -0.4413 0.1626
-0.8557 1.1793 0.1233
-0.8555 -0.1311 0.1348
-0.8568 0.1732 0.1964
-0.8563 1.0485 0.1430
-0.8502 -0.1942 0.1544
-0.8351 1.1409 0.1230
-0.8396 1.2738 0.1771
-0.8380 0.2905 0.1465
-0.8291 -0.0426 0.1432
-0.8368 -0.5745 0.1432
-0.8098 -0.4784 0.1264
-0.8139 -0.6273 0.1391
-0.8081 -0.5388 0.1273
-0.8068 -0.2171 0.1346
-0.8176 1.2426 0.1374
-0.8094 -0.3612 0.1421
-0.8136 1.0831 0.1416
-0.8118 -0.4189 0.1258
-0.8048 0.3854 0.1805
-0.8011 1.2094 0.1191
-0.7955 -0.7003 0.1365
-0.7915 -0.3789 0.1264
-0.8059 0.1977 0.1523
-0.8037 0.3118 0.1206
-0.7976 0.2166 0.1389
-0.7920 -0.7904 0.1734
-0.7787 -0.2717 0.1235
-0.7885 0.2570 0.1182
-0.7862 0.3638 0.1465
-0.7833 1.1211 0.1432
-0.7894 -0.7586 0.1541
-0.7779 1.2229 0.1261
-0.7780 -0.4444 0.1093
-0.7468 -0.4538 0.1060
-0.7776 -0.1314 0.1346
-0.7766 -0.0484 0.1258
-0.7578 1.0129 0.1855
-0.7710 -0.5745 0.1302
-0.7678 -0.3130 0.1238
-0.7592 -0.6857 0.1080
-0.7550 -0.6614 0.1063
-0.7564 -0.5143 0.1135
-0.7546 -0.2569 0.1104
-0.7573 -0.2034 0.1227
-0.7538 -0.1187 0.1343
-0.7531 -0.0077 0.1288
-0.7574 0.2790 0.1152
-0.7476 0.9032 0.2359
-0.7286 -0.6222 0.1136
-0.7387 0.2073 0.1647
-0.7418 0.3060 0.1214
-0.7441 0.3449 0.1354
-0.7470 1.2278 0.1327
-0.6985 -0.7338 0.1263
-0.7396 -0.8151 0.1455
-0.7354 -0.0895 0.1254
-0.7330 1.1470 0.1554
-0.7303 -0.3978 0.1123
-0.7309 -0.2611 0.1036
-0.7214 -0.5310 0.1244
-0.7215 0.9555 0.2003
-0.7220 -0.0264 0.1168
-0.7257 -0.6813 0.0977
-0.7121 0.1059 0.2035
-0.7065 -0.6704 0.0931
-0.7165 -0.4883 0.1097
-0.7032 -0.4323 0.0964
-0.7061 -0.3282 0.1034
-0.7087 0.3472 0.1698
-0.6952 -0.2235 0.1162
-0.6980 -0.0100 0.1303
-0.6807 -0.6421 0.0970
-0.7003 0.0299 0.1497
-0.6953 -0.8534 0.1069
-0.6919 1.0941 0.2005
-0.6949 -0.9243 0.1480
-0.6935 -0.0615 0.1342
-0.6952 1.2595 0.1753
-0.6863 0.6076 0.3628
-0.6753 -0.8156 0.1092
-0.6779 -0.4006 0.0855
-0.6840 -0.3027 0.0957
-0.6676 -0.8919 0.0992
-0.6785 -0.5062 0.1164
-0.6801 -0.1647 0.1375
-0.6788 0.0429 0.1759
-0.6733 1.2223 0.1822
-0.6779 1.2756 0.2024
-0.6713 -0.4256 0.0885
-0.6707 -0.2666 0.1125
-0.6677 -0.1848 0.1407
-0.6588 -0.8469 0.0858
-0.6694 -0.3360 0.0833
-0.6611 -0.6953 0.0978
-0.6490 -0.5833 0.1132
-0.6578 -0.3088 0.0944
-0.6519 -0.3910 0.0764
-0.6590 0.6078 0.3685
-0.6461 -0.6196 0.0955
-0.6502 0.9166 0.1809
-0.6427 -0.7243 0.1143
-0.6514 -0.6403 0.0915
-0.6403 -0.4523 0.0980
-0.6446 -0.3362 0.0852
-0.6421 -0.8636 0.0805
-0.6349 -0.9096 0.1054
-0.6329 -0.8220 0.0984
-0.6362 -0.4140 0.0848
-0.6394 -0.3677 0.0800
-0.6233 -0.5134 0.1314
-0.6253 -0.1762 0.1841
-0.6024 -0.4845 0.1376
-0.6225 -0.3560 0.0935
-0.6161 -0.8645 0.0872
-0.6184 -0.7039 0.1017
-0.6140 1.0002 0.1648
-0.6012 -0.6739 0.0963
-0.6087 -0.6190 0.0960
-0.6123 0.7351 0.2761
-0.6070 -0.4117 0.1061
-0.6076 0.8257 0.2186
-0.6066 0.9830 0.1576
-0.6021 -0.8853 0.0975
-0.5993 -0.8108 0.1179
-0.5971 -0.5775 0.1186
-0.5812 -0.7409 0.1359
-0.5892 -0.6523 0.1030
-0.5853 0.7284 0.2816
-0.5776 -0.9475 0.1445
-0.5716 -0.5910 0.1318
-0.5703 1.0331 0.1859
-0.5651 0.9545 0.1419
-0.5606 -0.6987 0.1365
-0.5570 -0.8539 0.1206
-0.5507 -0.9452 0.1499
-0.5400 0.9556 0.1428
-0.5299 -0.8906 0.1299
-0.5067 -0.8436 0.1633
-0.5113 0.9083 0.1662
-0.5066 1.2509 0.3041
-0.4892 0.8929 0.1946
-0.4840 0.9246 0.1768
-0.4735 -0.9062 0.1731
-0.4499 1.0445 0.2033
-0.3889 -0.9042 0.1637
-0.3854 1.0223 0.1742
-0.3896 0.1197 0.4262
-0.3769 1.1983 0.2003
-0.3692 -0.9416 0.1773
-0.3720 1.1482 0.1632
-0.3623 0.1154 0.3960
-0.3511 1.3066 0.2915
-0.3475 1.0108 0.1643
-0.3428 1.1076 0.1461
-0.3462 1.1503 0.1624
-0.3368 -0.8839 0.1255
-0.3276 1.0630 0.1478
-0.3405 1.1435 0.1601
-0.3127 -0.9078 0.1238
-0.3098 -0.8657 0.1139
-0.3157 -0.7790 0.1706
-0.3056 -0.1979 0.3561
-0.2939 0.9685 0.1566
-0.2885 -0.8927 0.1167
-0.2878 1.4361 0.4140
-0.2832 0.8902 0.2016
-0.2745 -0.9158 0.1405
-0.2653 -0.8291 0.1163
-0.2633 0.9609 0.1583
-0.2745 0.8903 0.2018
-0.2598 0.4204 0.4635
-0.2540 -0.7682 0.1436
-0.2369 1.0168 0.1881
-0.2336 1.3784 0.3867
-0.2353 1.5477 0.5896
-0.2243 -0.8420 0.1397
-0.2314 -0.8117 0.1327
-0.2150 0.0819 0.2569
-0.2124 0.9241 0.2065
-0.2099 -0.6476 0.1545
-0.2084 -0.7603 0.1375
-0.2085 -0.0910 0.2007
-0.1990 -0.6708 0.1434
-0.1923 -0.5925 0.1577
-0.1869 -0.7243 0.1403
-0.1857 -0.0631 0.1765
-0.1685 -0.5455 0.1540
-0.1730 -0.0062 0.1754
-0.1433 -0.6502 0.1312
-0.1454 -0.5001 0.1361
-0.1422 -0.1085 0.1693
-0.1420 -0.4409 0.1420
-0.1395 0.9323 0.2647
-0.1372 -0.6978 0.1450
-0.1388 0.3121 0.2899
-0.1273 -0.0392 0.1557
-0.1173 -0.3418 0.1182
-0.1100 -0.3116 0.1225
-0.1118 -0.4223 0.1193
-0.1064 -0.9373 0.2561
-0.1077 -0.8772 0.2201
-0.1076 -0.7744 0.2004
-0.1011 -0.6309 0.1319
-0.1045 -0.4942 0.1188
-0.0839 -0.5542 0.1231
-0.0962 -0.1467 0.1825
-0.0918 -0.3324 0.1001
-0.0894 0.0192 0.1863
-0.0828 -0.4083 0.1084
-0.0894 0.3693 0.2381
-0.0801 -0.5785 0.1249
-0.0801 -0.2924 0.1109
-0.0802 0.0948 0.2477
-0.0828 -0.9228 0.2600
-0.0787 -0.1239 0.1793
-0.0701 -0.4699 0.1193
-0.0695 -0.2103 0.1677
-0.0680 0.0096 0.1911
-0.0584 -0.6179 0.1479
-0.0568 -0.3975 0.1065
-0.0521 -0.3318 0.0959
-0.0444 -0.3618 0.0998
-0.0464 -0.5162 0.1358
-0.0341 -0.2508 0.1434
-0.0354 -0.6237 0.1674
-0.0232 0.3375 0.1648
-0.0226 -0.2905 0.1211
-0.0112 0.3122 0.1554
-0.0080 -0.4256 0.1302
-0.0074 -0.3455 0.1161
0.0099 0.7884 0.3510
0.0291 0.2941 0.1347
0.0246 0.5185 0.3048
0.0244 0.8782 0.3010
0.0271 -0.3673 0.1263
0.0305 -0.4798 0.1312
0.0336 0.5696 0.3679
0.0460 -0.0947 0.2499
0.0440 -0.5043 0.1343
0.0524 -0.5263 0.1473
0.0516 0.3295 0.1139
0.0668 -0.3021 0.1271
0.0513 0.1153 0.2543
0.0607 0.0092 0.2500
0.0639 0.8930 0.2782
0.0872 -0.5064 0.1408
0.0658 -0.2493 0.1622
0.0720 0.3448 0.1155
0.0746 -0.8439 0.3641
0.0828 -0.4315 0.1308
0.0752 0.3199 0.1057
0.0919 -0.3588 0.1237
0.1053 0.3799 0.1490
0.1095 -0.3781 0.1333
0.1071 0.1879 0.1951
0.1137 0.2772 0.1146
0.1186 0.3065 0.1015
0.1070 0.8763 0.2823
0.1204 -0.9273 0.4241
0.1193 -0.3295 0.1240
0.1245 -0.4750 0.1416
0.1285 -0.2884 0.1453
0.1445 -0.4936 0.1644
0.1400 0.2809 0.1121
0.1463 0.9378 0.2479
0.1473 -0.2410 0.1849
0.1472 -0.3286 0.1465
0.1668 -0.1142 0.2727
0.1710 0.0153 0.2904
0.1716 0.2992 0.1036
0.1778 0.3165 0.1053
0.2090 -0.4702 0.2274
0.2087 0.3529 0.1305
0.2055 1.0210 0.2071
0.2078 1.0644 0.1995
0.2092 0.3072 0.1062
0.2125 0.1596 0.2096
0.2136 0.2422 0.1404
0.2310 1.0856 0.1813
0.2491 0.3127 0.1152
0.2414 1.0138 0.2104
0.2591 1.1167 0.1640
0.2633 -0.1997 0.2600
0.2711 0.2948 0.1282
0.2722 1.1374 0.1643
0.2835 0.3520 0.1503
0.2943 0.2164 0.1694
0.3072 0.3402 0.1541
0.3184 -0.2273 0.2634
0.3118 0.1027 0.2344
0.3197 1.2358 0.2181
0.3237 -0.3487 0.2619
0.3319 1.2234 0.2043
0.3326 0.1568 0.1956
0.3408 1.1587 0.1742
0.3679 1.1983 0.2025
0.3727 -0.3880 0.2410
0.3778 -0.6021 0.2902
0.3784 0.2313 0.1791
0.3887 1.0654 0.2555
0.3842 -0.8587 0.1348
0.3917 0.2924 0.1755
0.4014 -0.1146 0.2697
0.3971 0.3411 0.1973
0.4087 -0.5250 0.2272
0.4037 -0.8586 0.1116
0.4281 -0.9022 0.1156
0.4198 0.1292 0.1842
0.4186 -0.8470 0.1024
0.4304 -0.1071 0.2524
0.4560 -0.3881 0.1842
0.4282 1.2302 0.2700
0.4500 -0.9258 0.1378
0.4430 -0.7940 0.1219
0.4540 -0.7503 0.1603
0.4448 -0.8506 0.0935
0.4576 -0.3143 0.2046
0.4557 0.1837 0.1909
0.4625 -0.5285 0.1917
0.4681 0.8064 0.4301
0.4694 -0.8711 0.1000
0.4727 0.3165 0.1900
0.4771 0.0594 0.1405
0.4902 -0.7987 0.1213
0.4839 -0.9087 0.1314
0.4801 0.0128 0.1528
0.4932 0.0322 0.1332
0.5011 0.0531 0.1251
0.5133 0.2952 0.1677
0.5024 -0.5108 0.1735
0.5101 -0.7408 0.1829
0.5190 -0.8568 0.1368
0.5224 0.7267 0.4156
0.5358 0.0390 0.1175
0.5373 -0.8069 0.1579
0.5397 -0.4592 0.1511
0.5565 -0.4352 0.1522
0.5373 -0.3392 0.1690
0.5338 -0.2784 0.2032
0.5562 0.2861 0.1550
0.5453 0.1349 0.1513
0.5470 -0.3551 0.1633
0.5484 0.5808 0.4045
0.5500 -0.4806 0.1595
0.5679 -0.1512 0.2354
0.5612 0.0805 0.1272
0.5667 0.1939 0.1489
0.5689 -0.6108 0.2527
0.5896 0.2731 0.1456
0.5868 0.2471 0.1357
0.5867 1.3750 0.3258
0.5886 -0.0352 0.1829
0.5971 -0.3703 0.1860
0.5957 -0.0029 0.1624
0.6057 1.3593 0.3272
0.6061 0.4988 0.3765
0.6062 0.1102 0.1630
0.6193 0.0761 0.1664
0.6214 1.3991 0.3171
0.6240 -0.5123 0.1973
0.6335 0.2576 0.1601
0.6325 0.2277 0.1511
0.6477 -0.1709 0.2157
0.6456 0.7606 0.3357
0.6442 -0.2239 0.2240
0.6694 0.8368 0.3028
0.6681 1.5318 0.3592
0.6704 1.5079 0.3379
0.6796 0.9505 0.3255
0.6902 0.2289 0.2143
0.6939 -0.4788 0.2379
0.7034 -0.1900 0.2119
0.7051 -0.0308 0.1530
0.7285 -0.4883 0.2678
0.7325 1.4942 0.3418
0.7332 -0.0303 0.1380
0.7504 -0.0087 0.1317
0.7521 -0.0768 0.1461
0.7649 0.0408 0.1633
0.7857 0.0245 0.1467
0.8054 -0.0304 0.1197
0.7992 -0.5954 0.3095
0.8034 -0.2184 0.1683
0.8158 -0.0643 0.1273
0.8175 -0.2640 0.1785
0.8257 0.8263 0.2442
0.8296 0.9185 0.1887
0.8279 1.5439 0.4261
0.8486 -0.0691 0.1350
0.8544 -0.6697 0.2904
0.8512 -0.1603 0.1322
0.8556 -0.1192 0.1294
0.8592 1.4341 0.4009
0.8645 0.8817 0.1930
0.8624 -0.2584 0.1470
0.8699 0.9226 0.1737
0.8700 0.9622 0.1876
0.8817 -0.0052 0.1847
0.8804 -0.2701 0.1500
0.8881 -0.9452 0.1767
0.8912 -0.1338 0.1202
0.8939 0.9323 0.1798
0.9126 -0.8932 0.1197
0.9051 -0.8254 0.1539
0.9119 -0.4500 0.2358
0.9116 0.2896 0.3779
0.9088 -0.8523 0.1327
0.9119 -0.7421 0.2199
0.9160 -0.2054 0.1219
0.9275 -0.1460 0.1215
0.9215 -0.1688 0.1167
0.9266 0.9859 0.2151
0.9289 -0.2934 0.1594
0.9314 0.5339 0.4506
0.9422 -0.8955 0.1027
0.9542 -0.9402 0.1245
0.9671 -0.3695 0.1793
0.9528 -0.0973 0.1626
0.9739 -0.8446 0.1169
0.9750 -0.1902 0.1395
0.9786 -0.9352 0.1200
0.9842 0.9503 0.2266
0.9895 -0.3849 0.1734
0.9875 1.3965 0.5022
0.9882 -0.2262 0.1533
0.9997 -0.8887 0.1030
0.9933 -0.4867 0.1561
1.0059 -0.8539 0.1218
1.0145 0.3057 0.3122
1.0188 -0.6598 0.2016
1.0250 1.0053 0.2707
1.0246 -0.8738 0.1176
1.0288 -0.6421 0.1814
1.0349 -0.9168 0.1310
1.0285 -0.3110 0.1995
1.0469 -0.1686 0.1767
1.0376 0.2879 0.3022
1.0386 -0.5752 0.1284
1.0437 -0.5098 0.1175
1.0509 0.4230 0.3072
1.0529 -0.4496 0.1450
1.0618 -0.5889 0.1237
1.0658 -0.5071 0.1089
1.0690 -0.4209 0.1663
1.0896 -0.9175 0.1895
1.0804 -0.1745 0.1863
1.0921 -0.5100 0.1131
1.0999 0.5544 0.3798
1.1100 -0.8294 0.1995
1.1056 -0.5380 0.1108
1.1093 0.1885 0.3190
1.1236 -0.5741 0.1127
1.1303 -0.7339 0.2101
1.1416 -0.5552 0.1194
1.1487 -0.2006 0.1833
1.1647 -0.6098 0.1452
1.1633 0.1320 0.3532
1.1584 1.0290 0.3513
1.1755 -0.6271 0.1591
1.1676 -0.2308 0.1967
1.1723 -0.1596 0.2083
1.1739 1.2530 0.4743
1.1922 -0.7679 0.2531
1.1936 -0.5751 0.1685
1.1941 0.9288 0.4223
1.2125 -0.7102 0.2275
1.2186 -0.2352 0.2351
1.2132 0.2225 0.3086
1.2154 0.4921 0.3259
1.2311 0.1903 0.3398
1.2288 1.1146 0.4256
1.2416 -0.0885 0.3180
1.2507 -0.2512 0.2779
1.2576 0.4559 0.3189
1.2702 0.3964 0.3128
1.2834 1.2086 0.5321
1.2856 0.4633 0.3487
