points 
 2 
 1 
Tumour[19065]FoxP310NNCodensity
-1.2418 -1.0866 1.6083
-1.2322 0.5235 0.4330
-1.2193 0.6928 0.5420
-1.2058 0.4598 0.3975
-1.2002 -1.1725 1.5553
-1.0277 -1.2944 1.3970
-1.0191 0.4722 0.2668
-1.0128 0.3459 0.2572
-1.0064 0.6156 0.3584
-1.0031 0.3560 0.2455
-0.9642 0.3471 0.2426
-0.9449 0.3725 0.2331
-0.9213 0.5982 0.3535
-0.8891 0.2341 0.3071
-0.8733 0.4590 0.2724
-0.8579 0.7643 0.4888
-0.8454 0.3065 0.2661
-0.7387 0.1893 0.3572
-0.7357 0.8944 0.4758
-0.7150 0.4710 0.3513
-0.6941 0.2063 0.3486
-0.6836 -0.7306 1.1464
-0.6558 0.4276 0.3435
-0.6251 0.3506 0.3198
-0.5579 0.9407 0.4106
-0.5560 0.9088 0.3842
-0.5427 0.1965 0.3835
-0.5295 0.4055 0.3601
-0.5133 0.8225 0.3651
-0.5039 0.8843 0.3650
-0.4451 0.6658 0.4390
-0.4410 -0.0593 0.5228
-0.4232 0.9306 0.4100
-0.3950 -0.9236 0.9062
-0.3658 0.3367 0.3270
-0.3391 0.3168 0.3193
-0.2933 0.1516 0.3531
-0.2787 -0.1312 0.4902
-0.2597 0.0432 0.3918
-0.2418 0.0846 0.3731
-0.2461 0.7877 0.4077
-0.2394 0.3491 0.3190
-0.2180 0.4516 0.3322
-0.1869 0.7430 0.3958
-0.1686 0.3812 0.3287
-0.1368 0.4790 0.3330
-0.1126 -0.3796 0.4667
-0.0960 0.7081 0.3865
-0.0883 0.6004 0.3612
-0.0531 -1.1952 0.5572
-0.0271 0.0368 0.5255
0.0092 -0.3486 0.3552
0.0218 -0.2614 0.3505
0.0243 -1.1990 0.4720
0.0251 0.9817 0.5302
0.0307 0.8780 0.4632
0.0357 0.3761 0.4155
0.0650 -1.2305 0.4512
0.0713 -1.1972 0.4464
0.0729 -0.2889 0.3268
0.0907 -1.2838 0.4864
0.0896 -0.3138 0.3255
0.0975 -1.2511 0.4592
0.0961 -1.1615 0.4618
0.1039 -0.3663 0.3465
0.1167 -0.3849 0.3662
0.1331 0.7125 0.4723
0.1427 0.4388 0.4453
0.2668 0.4086 0.5703
0.2728 0.3600 0.5945
0.3642 0.9371 0.3854
0.3654 0.8870 0.3766
0.3763 -0.3629 0.4669
0.3920 0.9199 0.3823
0.3948 0.9945 0.4337
0.4242 -0.3016 0.4754
0.5114 0.8806 0.4338
0.5469 0.8055 0.4727
0.5963 0.8104 0.5142
0.6119 -1.0926 0.7032
0.6155 -0.9561 0.7382
0.6260 -0.4791 0.4107
0.6255 -0.2898 0.3973
0.6472 -1.3444 0.6774
0.7055 -0.4416 0.3524
0.7120 -0.2775 0.3687
0.7894 -0.3587 0.3159
0.7956 -0.2554 0.3720
0.8792 -0.6526 0.4559
0.8939 -0.6906 0.4964
0.9147 -0.4363 0.3065
0.9291 0.9619 0.8986
0.9282 -1.4152 0.6816
0.9436 -1.4064 0.6811
0.9458 -1.4292 0.6999
0.9567 -1.4244 0.7028
0.9604 -0.4100 0.3085
1.0514 -1.0495 0.7265
1.0563 -0.4101 0.3414
1.0660 -0.4424 0.3489
1.0836 -0.3593 0.3907
1.1887 0.2464 0.8589
1.2170 -0.4518 0.5419
1.2237 0.4654 0.9956
1.2323 0.2231 0.8576
1.2344 0.3986 0.9734
