points 
 2 
 1 
Tumour[19065]CD810NNCodensity
-0.7111 -0.3831 0.2040
-0.7135 0.3541 0.2396
-0.7176 0.4137 0.2662
-0.7052 -0.3075 0.1274
-0.6982 0.2825 0.2190
-0.6957 -1.0916 0.2098
-0.7057 -0.2715 0.1245
-0.6968 -0.9640 0.1646
-0.6975 -0.8091 0.2321
-0.6970 -1.1922 0.3091
-0.6893 -0.2854 0.1093
-0.6827 -0.9961 0.1473
-0.6816 -0.3267 0.1285
-0.6683 -0.9398 0.1548
-0.6684 -0.5148 0.3023
-0.6733 0.2297 0.2225
-0.6653 -0.2479 0.1151
-0.6706 0.2759 0.1984
-0.6528 -0.3103 0.1169
-0.6448 -0.8940 0.1767
-0.6540 -0.6855 0.1627
-0.6363 -1.0481 0.1442
-0.6378 -0.9903 0.1282
-0.6330 -0.2945 0.1205
-0.6327 0.4614 0.2359
-0.6266 -0.7644 0.1678
-0.6324 -0.1905 0.1617
-0.6262 -0.6748 0.1378
-0.6254 -0.1899 0.1643
-0.6092 -1.0641 0.1572
-0.6068 -0.9317 0.1541
-0.6026 -0.2495 0.1365
-0.5935 -0.6887 0.1104
-0.5851 0.5096 0.2126
-0.5877 -1.2865 0.3175
-0.5778 -0.6419 0.1363
-0.5777 -0.6800 0.1061
-0.5571 0.3137 0.1677
-0.5585 -1.0176 0.1459
-0.5644 0.2612 0.1538
-0.5496 -0.6763 0.1117
-0.5543 0.2201 0.1659
-0.5546 -0.7676 0.1667
-0.5387 -0.2323 0.2138
-0.5380 -1.3883 0.3626
-0.5370 -1.0695 0.1494
-0.5380 -0.9969 0.1460
-0.5271 0.4363 0.1912
-0.5296 -0.6975 0.1208
-0.5228 -1.4053 0.3714
-0.5119 -0.8938 0.1714
-0.5118 0.2401 0.1514
-0.5086 0.5942 0.1766
-0.5070 -0.6708 0.1408
-0.5078 0.4459 0.1914
-0.4968 0.3067 0.1574
-0.4945 0.2160 0.1635
-0.4921 0.5699 0.1663
-0.4878 0.6321 0.1806
-0.4930 0.3692 0.1900
-0.4684 -0.9501 0.1399
-0.4705 -1.1172 0.1464
-0.4646 -0.7055 0.1623
-0.4745 0.6660 0.1909
-0.4679 -0.9090 0.1482
-0.4610 -1.0306 0.1192
-0.4507 0.6117 0.1636
-0.4563 -1.0844 0.1157
-0.4530 0.5216 0.1862
-0.4369 -0.7978 0.1805
-0.4426 -1.3331 0.3007
-0.4478 -1.0814 0.1128
-0.4331 0.1885 0.1708
-0.4436 0.2612 0.1703
-0.4440 -0.9743 0.1384
-0.4357 -0.9014 0.1451
-0.4305 -0.4485 0.2957
-0.4277 -0.5188 0.2614
-0.4180 -0.7242 0.1895
-0.4051 -1.0905 0.1154
-0.4086 -0.1470 0.2084
-0.4123 -1.0518 0.1120
-0.3931 -1.0679 0.1139
-0.3937 -0.2770 0.2255
-0.3712 -0.8776 0.1627
-0.3790 -0.0440 0.2230
-0.3773 -0.8189 0.1806
-0.3712 0.6597 0.1538
-0.3784 -0.5241 0.2480
-0.3641 -1.1468 0.1917
-0.3626 -0.2262 0.1687
-0.3649 0.1465 0.1459
-0.3603 -0.6250 0.2277
-0.3485 -1.0019 0.1701
-0.3505 -0.9318 0.1726
-0.3417 0.7354 0.1246
-0.3470 0.7963 0.1827
-0.3440 0.3555 0.2182
-0.3337 -1.3533 0.3250
-0.3382 0.5177 0.2214
-0.3304 0.6847 0.1187
-0.3153 0.7636 0.1311
-0.3369 0.1443 0.1275
-0.3289 0.2131 0.1146
-0.3256 0.6230 0.1603
-0.3231 -1.0835 0.1867
-0.3223 0.2000 0.1084
-0.3184 0.0950 0.1620
-0.3148 -0.6448 0.2417
-0.3148 0.2321 0.1234
-0.3102 -0.1705 0.1224
-0.3059 -0.0742 0.1407
-0.3038 0.6921 0.1088
-0.2954 -0.8716 0.2226
-0.2958 -0.2362 0.1309
-0.2945 -0.1895 0.1175
-0.2910 0.4846 0.2236
-0.2852 0.1752 0.1064
-0.2875 0.7866 0.1523
-0.2793 -1.3815 0.3630
-0.2747 -0.1664 0.1148
-0.2829 0.2796 0.1527
-0.2771 0.6992 0.1132
-0.2720 0.2241 0.1159
-0.2725 -0.1264 0.1182
-0.2663 0.4115 0.1903
-0.2622 0.7191 0.1190
-0.2627 -0.7883 0.2562
-0.2645 -0.3817 0.1623
-0.2617 -0.0406 0.1290
-0.2597 -0.2969 0.1384
-0.2480 0.0967 0.1287
-0.2476 -0.4490 0.1944
-0.2464 -0.1314 0.1235
-0.2531 -0.0521 0.1249
-0.2507 0.1886 0.1111
-0.2308 0.1386 0.1111
-0.2428 0.6795 0.1240
-0.2408 -0.6617 0.2618
-0.2399 -0.4030 0.1579
-0.2383 0.3945 0.1715
-0.2304 -0.2041 0.1192
-0.2242 -0.2439 0.1232
-0.2223 -0.0230 0.1264
-0.2237 -0.3159 0.1299
-0.2065 -0.0628 0.1416
-0.2132 0.0103 0.1262
-0.2121 0.5909 0.1638
-0.2022 0.0504 0.1206
-0.2049 -1.3515 0.4065
-0.2026 -0.2780 0.1303
-0.1949 0.1392 0.1052
-0.1956 -0.3629 0.1343
-0.1894 0.6454 0.1235
-0.1847 -0.2303 0.1464
-0.1897 0.1650 0.1136
-0.1803 0.1864 0.1285
-0.1849 0.2602 0.1476
-0.1831 0.6018 0.1438
-0.1778 0.3152 0.1400
-0.1748 0.1120 0.1101
-0.1771 0.3432 0.1333
-0.1737 0.6938 0.1204
-0.1753 0.7703 0.1688
-0.1727 0.0525 0.1228
-0.1675 -0.4329 0.1637
-0.1578 0.3622 0.1315
-0.1587 0.6718 0.1176
-0.1493 -0.3828 0.1593
-0.1426 0.3041 0.1451
-0.1374 0.1040 0.1302
-0.1346 0.0348 0.1419
-0.1303 0.6668 0.1232
-0.1313 -0.5158 0.2124
-0.1162 0.7749 0.1550
-0.1256 0.3641 0.1325
-0.1236 -0.3024 0.1776
-0.1158 -1.6904 0.7499
-0.0974 0.7308 0.1195
-0.1102 -1.4159 0.4890
-0.1082 0.5508 0.1733
-0.1048 0.5256 0.1662
-0.0999 -0.6064 0.2075
-0.0986 0.4138 0.1336
-0.1013 0.6659 0.1284
-0.0974 -0.6618 0.2241
-0.0919 -0.1790 0.1707
-0.0681 -0.0793 0.1427
-0.0681 -0.0371 0.1486
-0.0675 0.1502 0.1748
-0.0697 0.4444 0.1158
-0.0645 -0.6523 0.2233
-0.0613 -0.4268 0.2184
-0.0583 -1.0469 0.5223
-0.0510 -0.4604 0.2279
-0.0543 -0.0130 0.1487
-0.0541 0.3916 0.1217
-0.0485 0.4367 0.1056
-0.0519 0.0174 0.1558
-0.0375 -0.7580 0.3317
-0.0547 0.2558 0.2118
-0.0515 0.7226 0.1063
-0.0175 0.4629 0.0983
-0.0365 -0.6439 0.2277
-0.0397 0.6931 0.1148
-0.0384 0.1329 0.1896
-0.0348 -0.2742 0.2072
-0.0313 0.7283 0.1025
-0.0202 -0.2146 0.1634
-0.0282 -0.1991 0.1511
-0.0169 0.0963 0.1873
-0.0156 0.7753 0.1203
-0.0182 -0.1303 0.1243
-0.0169 -0.1037 0.1246
0.0059 0.3554 0.1642
-0.0087 0.4242 0.1026
-0.0065 0.4909 0.1022
-0.0021 0.5732 0.1523
-0.0018 0.7923 0.1339
0.0005 -0.1590 0.1389
0.0022 -0.0533 0.1514
0.0012 0.5160 0.1108
0.0029 0.7179 0.0998
0.0180 0.4246 0.1094
0.0131 -0.5577 0.2457
0.0195 0.6880 0.1230
0.0501 0.4569 0.1018
0.0400 -0.1049 0.1690
0.0374 0.5124 0.0995
0.0487 0.7087 0.1175
0.0588 0.7729 0.1230
0.0630 0.7398 0.1146
0.0677 0.5014 0.0978
0.0633 0.5361 0.0987
0.0814 0.5641 0.1130
0.0853 0.4206 0.1251
0.0917 0.7909 0.1580
0.1020 0.1008 0.2367
0.1013 0.4491 0.1161
0.1063 0.5589 0.1116
0.1138 0.7288 0.1558
0.1138 0.1447 0.2265
0.1359 0.3460 0.1403
0.1253 0.2850 0.1865
0.1289 0.5000 0.1025
0.1325 0.3113 0.1639
0.1340 0.3958 0.1243
0.1335 -1.3711 0.7398
0.1324 0.5336 0.1004
0.1387 -0.5116 0.3524
0.1379 0.5271 0.1008
0.1703 0.4164 0.1176
0.1695 0.5110 0.1133
0.1790 0.1910 0.2149
0.1795 0.1149 0.2665
0.1844 0.7265 0.2170
0.1887 0.3572 0.1388
0.2084 0.4154 0.1189
0.2121 0.4880 0.1163
0.2180 0.4507 0.1146
0.2305 0.4898 0.1228
0.2335 0.7624 0.2830
0.2507 -0.8572 0.5523
0.2578 0.4004 0.1274
0.2639 -0.5184 0.3960
0.2726 0.2246 0.2110
0.2814 0.6413 0.2677
0.2905 0.4778 0.1328
0.2944 -0.7191 0.4502
0.3010 0.3958 0.1322
0.3175 0.2554 0.1653
0.3166 0.5194 0.1828
0.3149 0.4474 0.1350
0.3338 0.3428 0.1274
0.3443 -0.5891 0.4273
0.3457 0.3995 0.1344
0.3542 0.2832 0.1288
0.3702 0.3564 0.1273
0.3743 -0.4712 0.4186
0.3934 0.3103 0.1237
0.3975 0.2706 0.1301
0.4077 0.2501 0.1395
0.4142 0.3765 0.1466
0.4166 0.0173 0.2979
0.4518 0.2454 0.1478
0.4637 0.1576 0.1964
0.4669 -0.0761 0.2685
0.4709 0.4043 0.1785
0.4840 -0.0597 0.2534
0.4866 -0.1634 0.2724
0.4955 0.6891 0.4361
0.4956 0.3970 0.1834
0.5011 -0.4598 0.4234
0.5055 0.1505 0.2083
0.5110 0.2625 0.1610
0.5185 0.2424 0.1641
0.5367 0.3939 0.1988
0.5526 0.3350 0.1876
0.5635 -0.0329 0.2376
0.5684 0.1883 0.2137
0.5785 0.7312 0.5229
0.5876 -0.3267 0.3396
0.6062 -0.2261 0.2580
0.6199 -0.1707 0.2365
0.6382 -0.2426 0.2763
0.6432 0.0537 0.2747
0.6581 0.4038 0.2570
0.6828 -0.0405 0.2723
0.6885 0.3590 0.2406
0.7064 -0.0869 0.2737
0.7186 0.2196 0.2774
0.7348 0.3634 0.2434
0.7434 0.1962 0.2984
0.8241 -0.3181 0.4428
0.8311 0.0117 0.3175
0.8534 0.4003 0.2312
0.8661 0.3705 0.2270
0.8775 0.3397 0.2362
0.8773 0.7707 0.4424
0.9193 -0.0598 0.3524
0.9232 -0.1416 0.3706
0.9423 0.0311 0.3762
0.9634 0.3890 0.1951
0.9644 0.6809 0.3055
0.9726 0.4186 0.1820
0.9801 0.4608 0.1913
0.9872 0.7593 0.3400
1.0530 0.4523 0.1749
1.0756 0.4004 0.1976
1.0895 0.4837 0.1781
1.0882 0.6752 0.2540
1.1142 0.5162 0.1980
1.1233 0.4707 0.1948
1.1224 0.7677 0.3281
1.1290 0.6646 0.2498
1.1549 0.4399 0.2366
1.1592 -0.1161 0.4783
1.1611 -0.0413 0.4719
1.1989 0.6711 0.2903
1.2651 -0.0717 0.5138
1.3153 0.6119 0.3571
1.3895 0.3836 0.3806
1.3979 0.0973 0.4878
1.4248 0.4634 0.3609
1.5042 0.4318 0.3885
1.5282 0.6335 0.4649
1.5724 0.6952 0.5500
1.5760 -0.1203 0.6896
1.5877 0.2834 0.4718
1.5949 0.3366 0.4593
1.6383 0.0098 0.6264
