points 
 2 
 1 
Tumour[19065]CD810NNCodensity
-1.2742 -0.2903 0.3325
-1.2700 -0.0123 0.2379
-1.2710 0.3561 0.1856
-1.2716 0.8803 0.2417
-1.2657 -1.3010 0.3439
-1.2679 1.1708 0.3122
-1.2597 -0.9134 0.3569
-1.2561 0.0491 0.2314
-1.2481 1.0248 0.2457
-1.2578 -1.0401 0.2865
-1.2476 -1.1147 0.2408
-1.2412 -0.0320 0.2134
-1.2481 0.3846 0.1616
-1.2423 0.3556 0.1593
-1.2397 -0.2165 0.3175
-1.2367 0.8098 0.2225
-1.2355 1.1870 0.2963
-1.2294 -1.1977 0.2318
-1.2208 0.3899 0.1499
-1.2312 0.4362 0.1812
-1.2072 0.9304 0.2029
-1.2008 -0.3856 0.2160
-1.2030 0.0141 0.1804
-1.2010 0.9667 0.2128
-1.2037 -0.4311 0.2059
-1.1956 -1.1552 0.1965
-1.1821 0.2674 0.1755
-1.1903 -0.5342 0.2059
-1.1893 0.2940 0.1671
-1.1871 -0.0125 0.1769
-1.1889 -1.1475 0.1937
-1.1704 -0.3960 0.1954
-1.1723 0.5015 0.1989
-1.1682 0.7742 0.1962
-1.1738 0.8065 0.1802
-1.1650 -0.6255 0.2022
-1.1576 -0.5013 0.1790
-1.1604 -0.1029 0.2347
-1.1550 1.0992 0.2050
-1.1430 0.4424 0.1693
-1.1562 1.1482 0.2228
-1.1471 -1.1270 0.1892
-1.1441 -0.7236 0.1996
-1.1332 0.1269 0.1912
-1.1448 -0.6946 0.1865
-1.1404 0.2824 0.1745
-1.1365 0.7634 0.1987
-1.1322 0.2267 0.1699
-1.1248 -0.7911 0.2159
-1.1085 -0.6616 0.1840
-1.1126 -0.5109 0.1736
-1.1084 0.9792 0.1869
-1.0992 0.0205 0.1661
-1.0929 0.1548 0.1694
-1.1029 -0.7713 0.2055
-1.0892 -0.7853 0.2107
-1.0916 -0.4392 0.1607
-1.0926 0.8366 0.1744
-1.0901 0.5530 0.2258
-1.0868 0.4870 0.1841
-1.0773 0.7518 0.2227
-1.0702 -1.2987 0.2434
-1.0770 0.3883 0.2082
-1.0666 0.2099 0.1560
-1.0652 0.0614 0.1656
-1.0642 0.8947 0.1808
-1.0539 0.4741 0.1914
-1.0601 1.1633 0.2040
-1.0476 -1.2122 0.1839
-1.0412 1.0351 0.1558
-1.0323 -0.4849 0.1551
-1.0404 -1.0384 0.2062
-1.0423 -0.6149 0.2209
-1.0317 -1.1476 0.1835
-1.0331 0.0215 0.1793
-1.0234 0.9017 0.1820
-1.0353 1.0145 0.1535
-1.0302 -0.0410 0.2104
-1.0151 -1.2919 0.2110
-1.0264 0.0888 0.1701
-1.0202 -1.0921 0.1940
-1.0124 -1.0106 0.2089
-1.0192 -0.3889 0.1735
-1.0117 0.2458 0.1634
-1.0099 -0.4283 0.1525
-1.0111 1.0641 0.1486
-1.0132 -0.0365 0.2144
-1.0093 0.4882 0.2007
-1.0103 1.1833 0.2151
-1.0039 -0.9205 0.2254
-1.0003 0.8410 0.2218
-1.0021 -0.9570 0.2210
-0.9945 -0.4785 0.1576
-1.0015 0.2678 0.1705
-1.0014 0.2059 0.1671
-0.9890 -1.1684 0.1862
-0.9901 -0.3666 0.2023
-0.9819 -1.2437 0.1802
-0.9752 0.9458 0.1729
-0.9653 -0.4128 0.1775
-0.9666 0.5905 0.2367
-0.9675 1.0766 0.1454
-0.9690 1.1104 0.1565
-0.9570 0.1543 0.1847
-0.9515 1.0347 0.1416
-0.9498 -0.1971 0.3389
-0.9319 0.3462 0.1671
-0.9408 -0.5093 0.1987
-0.9266 -0.8801 0.2223
-0.9177 -1.3013 0.2224
-0.9105 0.3194 0.1397
-0.8976 0.9864 0.1824
-0.9101 -0.5952 0.2668
-0.9022 0.2673 0.1364
-0.9007 0.3865 0.1853
-0.8942 1.1423 0.1856
-0.9007 -1.2319 0.2107
-0.8945 -0.8294 0.2284
-0.8937 0.6246 0.2412
-0.8874 0.0980 0.2097
-0.8885 0.5344 0.2072
-0.8891 -0.7316 0.2825
-0.8665 1.0075 0.1854
-0.8600 -1.0491 0.1978
-0.8586 0.2410 0.1257
-0.8555 0.3079 0.1158
-0.8592 -1.3004 0.2397
-0.8387 0.5376 0.2032
-0.8511 0.1894 0.1493
-0.8465 0.0106 0.2639
-0.8464 1.0642 0.1757
-0.8380 0.4957 0.2090
-0.8430 1.1766 0.2144
-0.8380 0.2754 0.1114
-0.8228 -0.9544 0.1751
-0.8261 -1.1011 0.1833
-0.8177 -1.0548 0.1609
-0.8176 0.1303 0.1918
-0.8171 -0.4662 0.2064
-0.8184 0.3160 0.1206
-0.7928 -0.4209 0.1712
-0.8052 -0.9713 0.1630
-0.8007 0.9206 0.2916
-0.7996 0.2581 0.1211
-0.7969 -0.8510 0.1865
-0.7835 0.1890 0.1610
-0.7810 -0.4459 0.1753
-0.7869 -0.3223 0.1722
-0.7758 1.1324 0.1897
-0.7783 0.3503 0.1510
-0.7794 -0.0093 0.3139
-0.7651 1.0921 0.1907
-0.7691 -0.2959 0.1785
-0.7684 0.2676 0.1326
-0.7531 -1.2961 0.1983
-0.7607 0.5775 0.2166
-0.7474 -1.0740 0.1354
-0.7518 -0.4256 0.1567
-0.7556 0.3797 0.1890
-0.7510 -0.8861 0.1669
-0.7470 -0.7277 0.2294
-0.7482 -0.2774 0.1908
-0.7173 -1.2661 0.1497
-0.7432 -1.1511 0.1466
-0.7423 0.7081 0.2480
-0.7364 -0.9480 0.1444
-0.7460 -0.3120 0.1587
-0.7372 -0.8431 0.1899
-0.7372 0.5913 0.2233
-0.7254 -1.0280 0.1365
-0.7262 0.3327 0.1800
-0.7188 1.1833 0.2262
-0.7241 -0.5683 0.2166
-0.7256 0.6566 0.2269
-0.7160 -1.1798 0.1308
-0.7101 0.2133 0.2043
-0.6766 -1.1963 0.1080
-0.7026 -1.0859 0.1152
-0.7009 1.1108 0.2167
-0.6855 -0.3619 0.1542
-0.6784 -1.0997 0.1069
-0.6706 -1.2520 0.1113
-0.6743 -0.6034 0.1874
-0.6767 1.1691 0.2380
-0.6729 -0.9686 0.1262
-0.6714 -1.1352 0.1013
-0.6696 0.7738 0.2502
-0.6696 -0.9162 0.1465
-0.6671 -0.3905 0.1443
-0.6628 -1.0668 0.1191
-0.6590 -0.9964 0.1223
-0.6658 0.0804 0.2998
-0.6407 -1.2502 0.0942
-0.6362 -1.2198 0.0880
-0.6158 -1.2759 0.1014
-0.6301 -0.6609 0.1535
-0.6350 -0.4468 0.1277
-0.6283 -1.1245 0.0981
-0.6252 -1.1639 0.0891
-0.6259 -0.9626 0.1271
-0.6295 -0.5375 0.1508
-0.6280 -0.4657 0.1261
-0.6147 -0.3947 0.1150
-0.6261 0.6868 0.2320
-0.6154 -1.2353 0.0851
-0.6126 -0.9783 0.1286
-0.6237 -0.7773 0.1538
-0.6155 -0.7453 0.1298
-0.6179 -0.2810 0.1977
-0.6017 -0.4642 0.1185
-0.5951 -1.2013 0.0832
-0.5984 -1.1637 0.0844
-0.6080 -1.1076 0.1058
-0.6048 0.8524 0.2670
-0.6060 -0.7224 0.1172
-0.5997 -0.7046 0.1130
-0.5988 -0.6998 0.1141
-0.5923 -0.5332 0.1425
-0.5893 -0.9479 0.1273
-0.5790 -1.1397 0.0860
-0.5874 0.8299 0.2408
-0.5727 -1.2379 0.0854
-0.5389 -0.8518 0.1522
-0.5709 -1.2700 0.0920
-0.5725 0.2149 0.2947
-0.5643 -1.2991 0.1206
-0.5692 -0.3807 0.1188
-0.5626 -1.1828 0.0832
-0.5554 -0.7800 0.1364
-0.5659 -0.5341 0.1445
-0.5626 1.1675 0.3266
-0.5598 -0.3631 0.1313
-0.5577 -0.3433 0.1452
-0.5399 -1.2857 0.1210
-0.5411 -1.2069 0.0925
-0.5378 -0.4415 0.1321
-0.5473 -1.1591 0.0823
-0.5324 -0.4007 0.1302
-0.5435 -0.9135 0.1327
-0.5412 0.6752 0.2521
-0.5219 -1.2431 0.1111
-0.5375 0.2148 0.2943
-0.5407 0.4188 0.2295
-0.5379 0.4519 0.2431
-0.5343 -1.1125 0.0937
-0.5341 1.1252 0.3159
-0.5157 -0.9444 0.1293
-0.5157 -1.1425 0.0838
-0.5203 -0.7254 0.1284
-0.5199 -0.6857 0.1268
-0.5044 -1.1774 0.0978
-0.5213 -1.0095 0.1426
-0.5145 -0.6462 0.1359
-0.5205 -0.6028 0.1544
-0.5078 -1.1137 0.0894
-0.4995 -0.8146 0.1447
-0.5124 0.4153 0.2058
-0.4789 -0.2682 0.1980
-0.5085 0.4471 0.2151
-0.4460 -1.1953 0.1417
-0.5002 -1.0850 0.1045
-0.5034 -0.4856 0.1470
-0.4766 -1.1363 0.1018
-0.4926 -0.9576 0.1366
-0.4709 -0.6880 0.1273
-0.4652 -1.0918 0.1128
-0.4760 -1.0446 0.1329
-0.4600 -0.9103 0.1299
-0.4653 -0.8748 0.1262
-0.4722 -0.2067 0.2417
-0.4613 0.7529 0.1832
-0.4602 0.7403 0.1875
-0.4534 -0.5470 0.1490
-0.4566 0.3616 0.1810
-0.4469 0.9242 0.1953
-0.4374 -0.6518 0.1244
-0.4338 -0.8038 0.1532
-0.4389 -0.7497 0.1584
-0.4422 -0.4802 0.1413
-0.4383 -0.4125 0.1545
-0.4265 0.9585 0.1838
-0.4232 -0.6251 0.1375
-0.4281 0.7609 0.1705
-0.4188 -0.2323 0.2222
-0.4195 0.8743 0.1609
-0.4146 -0.8718 0.1273
-0.4146 -0.6630 0.1430
-0.3971 -1.2268 0.1977
-0.4071 0.7784 0.1602
-0.4038 -0.5974 0.1510
-0.3982 -0.5009 0.1457
-0.3959 -1.0737 0.1598
-0.3872 -0.4135 0.1737
-0.3938 -0.4698 0.1472
-0.3916 0.9696 0.1640
-0.3910 -1.1426 0.1556
-0.3891 -0.8552 0.1327
-0.3837 -0.2123 0.2246
-0.3885 -0.9500 0.1451
-0.3811 -0.3624 0.2017
-0.3762 0.3156 0.1547
-0.3774 0.3408 0.1491
-0.3593 -1.0652 0.1796
-0.3562 -0.9225 0.1290
-0.3513 0.8920 0.1377
-0.3562 0.2565 0.1873
-0.3375 0.6029 0.2594
-0.3480 0.3624 0.1462
-0.3545 0.4076 0.1683
-0.3520 0.5284 0.2424
-0.3467 0.7634 0.1752
-0.3434 -0.8797 0.1292
-0.3374 0.8247 0.1467
-0.3318 0.9118 0.1349
-0.3175 -0.8394 0.1607
-0.3229 -1.1884 0.2188
-0.3321 -0.9795 0.1550
-0.3325 -0.5271 0.1748
-0.3199 -0.1853 0.2201
-0.3255 1.0271 0.1984
-0.3237 0.6383 0.2437
-0.3201 0.2375 0.2028
-0.3110 -0.0520 0.2335
-0.3118 0.3632 0.1505
-0.2951 0.3985 0.1725
-0.2970 -0.9463 0.1449
-0.2970 0.8566 0.1453
-0.2942 0.9863 0.1712
-0.2847 -0.0189 0.2305
-0.2743 0.9698 0.1646
-0.2672 -0.5390 0.2005
-0.2720 0.8582 0.1494
-0.2711 -0.8361 0.1848
-0.2622 -0.9222 0.1537
-0.2599 -0.3326 0.2582
-0.2527 0.4966 0.2374
-0.2412 -0.1722 0.1997
-0.2504 0.2590 0.1999
-0.2400 -1.0484 0.2062
-0.2428 0.8677 0.1551
-0.2389 -0.5761 0.2102
-0.2303 -0.0991 0.1757
-0.2355 -1.1901 0.2569
-0.2232 1.1194 0.2463
-0.2237 -0.9553 0.1823
-0.2229 -0.4773 0.1946
-0.2136 1.0925 0.2237
-0.2154 -0.0555 0.1739
-0.2069 0.2976 0.1949
-0.2074 0.7546 0.2378
-0.1841 0.0171 0.1965
-0.1838 0.3395 0.1840
-0.1709 0.9221 0.1570
-0.1768 -0.6115 0.2115
-0.1696 -0.8646 0.2233
-0.1693 -0.1519 0.1931
-0.1546 -0.7083 0.2767
-0.1589 -0.3670 0.1879
-0.1482 -1.0978 0.2121
-0.1502 -0.4606 0.1553
-0.1483 -1.1696 0.2499
-0.1482 0.3814 0.1855
-0.1455 0.8672 0.1522
-0.1460 0.9599 0.1722
-0.1465 1.1167 0.2365
-0.1357 -0.1747 0.2052
-0.1367 0.4078 0.1954
-0.1335 -1.0365 0.2024
-0.1279 0.8930 0.1416
-0.1237 -0.4817 0.1407
-0.1066 0.9240 0.1409
-0.1196 -0.0022 0.1638
-0.1142 -0.2238 0.2046
-0.1080 -0.0209 0.1612
-0.1050 -0.9014 0.2195
-0.0969 -0.4738 0.1273
-0.0927 0.8333 0.1788
-0.0946 -0.5640 0.1679
-0.0925 1.1521 0.2621
-0.0714 -0.4953 0.1260
-0.0881 -0.3643 0.1494
-0.0834 -1.0454 0.1944
-0.0699 0.3670 0.1823
-0.0796 0.3464 0.1882
-0.0825 -0.3706 0.1449
-0.0761 0.0061 0.1489
-0.0572 -0.5471 0.1448
-0.0339 -0.4581 0.1307
-0.0510 -0.0530 0.1745
-0.0525 0.8491 0.1735
-0.0426 -0.3160 0.1480
-0.0449 1.1647 0.2813
-0.0345 -0.9073 0.2313
-0.0347 -0.9693 0.2139
-0.0416 0.0128 0.1439
-0.0339 -0.4067 0.1308
-0.0375 0.6261 0.2529
-0.0354 0.9685 0.1499
-0.0299 -1.1525 0.2276
-0.0299 0.9732 0.1513
-0.0121 0.3387 0.2080
-0.0153 -0.1400 0.2290
-0.0146 -0.2911 0.1498
0.0104 0.0341 0.1370
-0.0008 -0.6433 0.1830
0.0039 -0.4510 0.1211
-0.0039 0.0807 0.1388
0.0005 0.0881 0.1402
0.0027 -0.8033 0.2018
0.0028 0.4509 0.1859
0.0104 1.0364 0.1823
0.0127 -0.2735 0.1639
0.0073 0.5832 0.1909
0.0102 0.8746 0.1695
0.0188 -1.0918 0.1894
0.0198 0.5334 0.1756
0.0197 -0.7752 0.1791
0.0235 0.9598 0.1397
0.0374 -0.6956 0.1599
0.0321 -0.5540 0.1074
0.0340 -0.3763 0.1129
0.0279 0.4656 0.1764
0.0319 -0.5266 0.0948
0.0420 0.0814 0.1261
0.0523 0.1249 0.1430
0.0423 -1.0691 0.1875
0.0379 -0.5194 0.0893
0.0497 -0.3998 0.1047
0.0563 -1.0983 0.1994
0.0541 -0.3193 0.1176
0.0571 0.9691 0.1320
0.0713 -0.5727 0.1040
0.0740 0.1029 0.1251
0.0606 -0.5334 0.0835
0.0674 -0.4805 0.0908
0.0651 0.5796 0.1653
0.0735 -0.3962 0.1009
0.0772 -0.3577 0.1066
0.0737 -0.0614 0.2249
0.0690 0.3764 0.2000
0.0683 0.9106 0.1548
0.0788 -0.5147 0.0826
0.0776 -0.3214 0.1194
0.0814 -0.4535 0.0956
0.0820 0.5507 0.1625
0.1013 -0.7708 0.1417
0.0889 0.6521 0.2056
0.0910 0.8081 0.2383
0.0943 -0.7368 0.1291
0.1019 -1.0431 0.2068
0.1019 -0.5653 0.1029
0.0996 -0.4725 0.0949
0.1127 -0.6832 0.1353
0.1056 -0.6356 0.1314
0.1275 0.0882 0.1251
0.1105 -0.8018 0.1649
0.1100 0.0356 0.1501
0.1115 1.0125 0.1117
0.1161 0.9599 0.1201
0.1136 -0.4037 0.1102
0.1423 -0.6380 0.1272
0.1215 -0.4621 0.1040
0.1477 -0.7334 0.1346
0.1334 -0.3042 0.1548
0.1386 -0.5076 0.1036
0.1377 1.0195 0.0981
0.1350 0.3013 0.2577
0.1453 0.6249 0.1983
0.1398 -0.5665 0.1096
0.1451 0.4062 0.2105
0.1782 -0.6055 0.1153
0.1448 0.4427 0.1928
0.1427 1.0703 0.1048
0.1535 0.0654 0.1330
0.1551 0.1701 0.1805
0.1502 1.0756 0.1034
0.1562 -1.0923 0.2357
0.1563 -0.3867 0.1399
0.1596 1.1395 0.1546
0.1632 0.9610 0.1196
0.1640 1.0053 0.0983
0.1712 0.9417 0.1374
0.1666 1.0450 0.0960
0.1723 -0.5486 0.1092
0.1826 -0.4924 0.1220
0.1761 1.0867 0.1064
0.1763 -0.7546 0.1621
0.1799 0.1173 0.1400
0.1872 0.0936 0.1358
0.1975 -1.0880 0.2561
0.1960 -0.8988 0.2402
0.2053 -0.0378 0.2045
0.1977 0.5489 0.1778
0.1988 0.5001 0.1884
0.2022 -0.3697 0.1518
0.2046 0.7383 0.2384
0.2039 1.1924 0.2058
0.2054 -0.2963 0.1722
0.2253 -0.5758 0.1048
0.2085 1.1191 0.1304
0.2131 -0.4825 0.1347
0.2327 1.0313 0.1110
0.2232 -0.6997 0.1645
0.2235 -0.6421 0.1303
0.2295 0.0756 0.1519
0.2278 0.5549 0.1927
0.2294 -0.9743 0.2479
0.2649 -0.3275 0.1431
0.2402 0.7703 0.2178
0.2440 0.8187 0.2035
0.2441 -0.5910 0.1111
0.2485 -0.5531 0.1119
0.2432 1.0085 0.1168
0.2466 -0.5152 0.1305
0.2466 0.9832 0.1312
0.2561 -0.9347 0.2449
0.2609 -0.4145 0.1543
0.2612 -0.2266 0.2030
0.2632 0.0844 0.1660
0.2628 1.0560 0.1093
0.2640 -0.0210 0.2095
0.3100 -0.3059 0.1447
0.2808 0.2495 0.1956
0.2733 -0.6268 0.1434
0.2904 -0.3822 0.1521
0.2828 -0.1117 0.2673
0.2904 1.1038 0.1277
0.2957 0.5237 0.2187
0.2934 0.2172 0.1620
0.3013 1.0344 0.1097
0.3018 -0.5808 0.1594
0.3062 1.0623 0.1074
0.3252 0.1663 0.1292
0.3158 0.5772 0.2121
0.3254 -0.3940 0.1700
0.3358 1.0365 0.1252
0.3312 -0.9329 0.2345
0.3414 0.8701 0.1630
0.3407 1.1912 0.1927
0.3448 -0.7948 0.1913
0.3500 1.1014 0.1219
0.3456 -0.7641 0.1856
0.3562 -0.7297 0.1754
0.3496 0.0570 0.2041
0.3524 0.1899 0.1182
0.3520 0.8068 0.1449
0.3546 -0.3040 0.1566
0.3594 1.1696 0.1657
0.3697 -0.2241 0.1891
0.3600 0.8920 0.1669
0.3613 1.0596 0.1288
0.3655 0.1347 0.1340
0.3693 -0.2902 0.1655
0.3692 0.2326 0.1338
0.3662 0.7628 0.1576
0.3737 0.6440 0.1959
0.3771 -0.7522 0.1768
0.3762 0.8117 0.1349
0.3910 0.1988 0.1159
0.4143 1.1396 0.1491
0.3984 0.1623 0.1237
0.4041 0.5655 0.2129
0.4182 -0.5236 0.2269
0.4155 0.1881 0.1242
0.4152 0.9164 0.1591
0.4375 1.0920 0.1429
0.4266 -0.2162 0.2038
0.4212 -0.8577 0.1957
0.4264 0.8612 0.1362
0.4338 0.7599 0.1491
0.4406 -0.3954 0.2114
0.4365 0.7311 0.1574
0.4389 -0.6365 0.2074
0.4475 -0.7376 0.2085
0.4427 -0.6291 0.2124
0.4578 -0.8915 0.1937
0.4756 -0.9657 0.2055
0.4597 -0.5302 0.2312
0.4610 0.5847 0.1955
0.4621 1.0846 0.1511
0.4879 1.1466 0.1656
0.4701 0.7740 0.1523
0.4723 0.1626 0.1731
0.4722 -1.2118 0.3558
0.4748 -0.1778 0.2273
0.4739 0.2547 0.1672
0.4776 0.8940 0.1453
0.4837 0.9703 0.1643
0.4891 1.0369 0.1747
0.4879 0.6358 0.1630
0.4994 0.9180 0.1471
0.4919 0.6208 0.1717
0.4994 0.8133 0.1540
0.5088 -0.3797 0.2350
0.5089 -0.2079 0.2321
0.5114 -0.9897 0.2084
0.5300 1.1347 0.1690
0.5304 0.3096 0.1661
0.5343 -0.9240 0.1952
0.5252 0.0015 0.2979
0.5328 0.1970 0.1871
0.5310 0.3469 0.1847
0.5319 -0.1182 0.2775
0.5400 -0.9779 0.2051
0.5511 -0.4237 0.2311
0.5555 0.3289 0.1582
0.5547 0.6841 0.1815
0.5606 0.8775 0.1476
0.5650 1.1842 0.1856
0.5743 0.9152 0.1416
0.5637 0.6431 0.2084
0.5688 0.7491 0.1778
0.5759 -0.8523 0.2223
0.5707 -0.4505 0.2342
0.5958 1.1678 0.1614
0.5899 0.2505 0.1644
0.5883 0.9736 0.1524
0.6041 0.8212 0.1620
0.6005 0.0784 0.2893
0.6066 0.3452 0.1534
0.6115 -0.1805 0.2841
0.6126 -1.0853 0.2540
0.6281 0.2539 0.1726
0.6230 -0.9079 0.2175
0.6479 1.0079 0.1325
0.6319 0.7991 0.1755
0.6431 0.9068 0.1219
0.6515 1.0678 0.1410
0.6604 1.1622 0.1283
0.6596 -1.2995 0.1742
0.6538 -1.1927 0.1636
0.6539 -1.1531 0.1974
0.6604 0.9488 0.1180
0.6558 -0.4530 0.2397
0.6652 0.3343 0.1559
0.6769 1.1873 0.1362
0.6727 -1.2819 0.1507
0.6789 0.4250 0.1781
0.6737 0.8694 0.1412
0.6738 0.9201 0.1206
0.6880 0.3401 0.1544
0.6848 0.9529 0.1177
0.6922 1.1601 0.1184
0.6891 -1.2589 0.1311
0.6935 -1.2056 0.1414
0.6949 1.0478 0.1095
0.7040 1.0749 0.1041
0.7099 0.2993 0.1720
0.7180 1.1269 0.1094
0.7123 1.1916 0.1388
0.7158 -0.8281 0.1837
0.7199 0.4511 0.1615
0.7100 -1.2459 0.1280
0.7081 -0.3740 0.1847
0.7125 -0.3776 0.1835
0.7246 0.7036 0.1512
0.7325 0.7402 0.1437
0.7262 1.0474 0.1013
0.7359 -0.8464 0.1719
0.7357 -0.8216 0.1698
0.7350 -0.3208 0.1728
0.7399 -1.2462 0.1388
0.7423 0.9355 0.1291
0.7464 1.0575 0.0983
0.7433 0.0550 0.2857
0.7681 0.7233 0.1092
0.7608 -0.1822 0.2049
0.7578 1.0147 0.1129
0.7684 -1.2988 0.1660
0.7612 1.1288 0.1037
0.7598 0.4898 0.1521
0.7640 0.9818 0.1250
0.7659 0.5397 0.1455
0.7653 -0.3282 0.1542
0.7682 0.4609 0.1471
0.7704 0.8892 0.1709
0.7788 1.0832 0.1032
0.7862 0.6184 0.1164
0.7940 0.3821 0.1522
0.7876 1.1713 0.1246
0.7830 0.7818 0.1315
0.7911 0.9759 0.1477
0.7983 0.1286 0.2684
0.7938 0.3250 0.1760
0.7937 -1.3010 0.1776
0.7917 0.5061 0.1481
0.8011 0.5941 0.1094
0.8054 0.6565 0.0987
0.7991 0.6980 0.1029
0.7979 1.1097 0.1021
0.8003 -0.8328 0.1301
0.8129 0.1175 0.2650
0.8093 -0.4396 0.2256
0.8033 0.3470 0.1624
0.8186 0.7435 0.1011
0.8153 -0.1551 0.1779
0.8187 1.1007 0.1121
0.8165 0.7751 0.1224
0.8192 0.6278 0.0925
0.8257 -0.8745 0.1441
0.8246 -0.3349 0.1470
0.8267 1.1457 0.1128
0.8222 -0.7842 0.1280
0.8207 -0.3155 0.1433
0.8352 0.7148 0.0988
0.8350 -0.1134 0.1819
0.8274 -0.7778 0.1298
0.8330 -0.2037 0.1497
0.8433 0.6309 0.0897
0.8414 1.1777 0.1360
0.8462 -0.6902 0.1973
0.8542 0.3851 0.1373
0.8585 0.7072 0.0997
0.8568 0.6134 0.0923
0.8637 -0.2789 0.1349
0.8651 -0.2723 0.1343
0.8729 0.7534 0.1125
0.8687 1.0800 0.1537
0.8723 0.5916 0.1028
0.8898 0.6517 0.1047
0.8813 -1.2997 0.2344
0.8884 -0.9104 0.1603
0.8765 -0.7619 0.1340
0.8801 0.5671 0.1192
0.8922 -0.8230 0.1155
0.8819 0.0097 0.1986
0.8841 -0.2244 0.1387
0.8875 -0.8583 0.1210
0.8891 0.4373 0.1382
0.9115 1.1279 0.1488
0.8995 1.1830 0.1599
0.9157 -0.8599 0.1284
0.9034 -0.7843 0.1294
0.9151 -1.2769 0.2593
0.9066 -0.6000 0.2819
0.9095 0.6930 0.1076
0.9137 -0.3668 0.1856
0.9111 -0.0328 0.1702
0.9104 0.4118 0.1258
0.9111 -0.6156 0.2703
0.9229 0.5172 0.1422
0.9208 0.7483 0.1219
0.9265 -0.1556 0.1523
0.9252 -0.0701 0.1586
0.9296 0.4768 0.1428
0.9271 0.5880 0.1292
0.9268 0.7011 0.1165
0.9462 0.6278 0.1290
0.9379 -1.2968 0.2924
0.9317 0.0728 0.2176
0.9401 0.8143 0.1619
0.9318 0.3413 0.1389
0.9404 0.4333 0.1284
0.9391 0.9139 0.2129
0.9362 0.3438 0.1371
0.9396 0.3418 0.1394
0.9451 -0.9431 0.2212
0.9518 0.7390 0.1344
0.9510 1.1533 0.1606
0.9505 -0.2402 0.1334
0.9639 -0.7658 0.1908
0.9557 -0.2408 0.1334
0.9636 0.8754 0.1810
0.9706 -0.8634 0.1761
0.9597 -0.1379 0.1486
0.9657 -1.1621 0.3553
0.9711 0.9320 0.2185
0.9859 1.1388 0.1739
0.9896 0.0433 0.1944
0.9908 0.4808 0.1618
0.9873 -0.3386 0.1602
1.0027 0.8643 0.1715
1.0214 -0.1270 0.1517
1.0056 0.3071 0.2036
1.0119 -0.0540 0.1564
1.0118 0.6413 0.1357
1.0205 -0.3779 0.1995
1.0146 -0.0805 0.1539
1.0216 -0.2780 0.1405
1.0296 0.6092 0.1493
1.0383 0.6894 0.1249
1.0187 -0.2279 0.1400
1.0443 0.7356 0.1296
1.0425 1.1575 0.1769
1.0412 -0.3629 0.1885
1.0410 -0.2107 0.1466
1.0459 0.3542 0.1936
1.0498 0.4454 0.1879
1.0553 0.0608 0.2032
1.0546 1.1765 0.1794
1.0571 0.6304 0.1367
1.0761 0.6818 0.1152
1.0813 0.7677 0.1271
1.0819 1.1688 0.1836
1.0791 -0.2906 0.1652
1.0765 0.5454 0.1776
1.0795 -0.0480 0.1606
1.0913 0.4320 0.2108
1.0915 0.8149 0.1404
1.1054 0.7440 0.1154
1.1067 0.9299 0.1623
1.1175 0.7047 0.1196
1.1189 -0.2234 0.1490
1.1558 0.8193 0.1182
1.1227 -0.1428 0.1530
1.1296 0.1095 0.1970
1.1307 0.7534 0.1254
1.1307 1.1937 0.2224
1.1365 -0.0452 0.1736
1.1355 0.8761 0.1174
1.1387 0.9915 0.2187
1.1488 -0.1108 0.1584
1.1557 0.5744 0.1575
1.1603 1.1878 0.2485
1.1566 0.1925 0.2242
1.1732 0.6377 0.1576
1.1570 0.6739 0.1467
1.1715 -1.0150 0.4487
1.1748 -0.0655 0.1919
1.1732 0.0477 0.1978
1.1734 0.8600 0.1028
1.1766 0.8998 0.1090
1.1831 -0.6897 0.4281
1.1782 -0.2284 0.1638
1.1814 0.8756 0.1031
1.1827 -0.1885 0.1534
1.1896 0.0946 0.2072
1.1946 0.1617 0.2299
1.1966 0.2199 0.2488
1.1903 0.5336 0.1924
1.1991 0.5159 0.2112
1.2018 1.1713 0.2876
1.2054 0.5989 0.1833
1.2075 -1.0159 0.4904
1.2064 0.8873 0.1207
1.2129 -0.2228 0.1868
1.2144 0.8178 0.1495
1.2147 -0.6250 0.4592
1.2135 -0.5229 0.4217
1.2156 0.9124 0.1427
1.2186 -0.2043 0.1840
1.2185 0.3136 0.3017
