points 
 2 
 1 
Tumour[19065]CD810NNCodensity
-1.3046 0.9480 0.2504
-1.2941 0.5221 0.5624
-1.2865 1.0961 0.2486
-1.2781 0.9833 0.2085
-1.2749 0.4663 0.5776
-1.2608 0.8927 0.2703
-1.2635 0.1014 0.9076
-1.2489 1.1325 0.2630
-1.2320 -1.2824 0.1581
-1.2395 0.9702 0.1967
-1.2299 -0.6314 0.7084
-1.2218 -1.1913 0.1694
-1.2206 1.0651 0.2029
-1.2222 1.1417 0.2730
-1.1978 -1.3353 0.1669
-1.1979 -1.2437 0.1133
-1.1727 -1.2871 0.1138
-1.1721 0.9754 0.2119
-1.1634 -1.2404 0.0970
-1.1566 -1.2062 0.1097
-1.1610 0.6881 0.3834
-1.1298 -1.2588 0.0974
-1.1204 -1.1960 0.1115
-1.1124 -1.2800 0.1069
-1.1143 -1.2283 0.0971
-1.0997 -1.3454 0.1648
-1.0907 0.9900 0.2471
-1.0802 -1.3260 0.1540
-1.0712 -1.2290 0.1115
-1.0612 -1.1773 0.1290
-1.0615 0.2760 0.6545
-1.0518 -1.1442 0.1630
-1.0453 0.8378 0.2001
-1.0382 -1.2552 0.1445
-1.0344 -1.1667 0.1520
-1.0356 0.9376 0.1968
-1.0029 0.8329 0.1635
-0.9977 -0.8752 0.3686
-0.9833 0.8676 0.1454
-0.9836 -0.5969 0.4775
-0.9805 0.5833 0.3472
-0.9783 0.9067 0.1584
-0.9582 0.8053 0.1552
-0.9589 -0.9608 0.2945
-0.9546 -1.0421 0.2414
-0.9428 -1.3175 0.1257
-0.9509 -0.8852 0.3510
-0.9406 0.8661 0.1401
-0.9290 0.6778 0.2218
-0.9312 -1.1751 0.1915
-0.9260 -1.0497 0.2478
-0.9301 -0.4177 0.5180
-0.9222 -1.2877 0.0985
-0.8977 -1.2307 0.1230
-0.9137 -1.3090 0.0884
-0.8931 -1.3296 0.0836
-0.8879 0.8818 0.1503
-0.8673 0.7982 0.1316
-0.8666 0.9618 0.1353
-0.8682 -1.3032 0.0680
-0.8606 0.7506 0.1411
-0.8561 -1.3464 0.0966
-0.8577 -1.2736 0.0849
-0.8650 -1.2988 0.0681
-0.8621 -1.3003 0.0684
-0.8540 -1.2320 0.1267
-0.8577 0.7121 0.1657
-0.8450 0.8212 0.1349
-0.8293 -1.3180 0.0897
-0.8230 1.0497 0.1337
-0.8277 0.7979 0.1360
-0.8172 -1.3463 0.1136
-0.8184 0.9778 0.0889
-0.8178 0.5963 0.2684
-0.8127 0.7826 0.1492
-0.8104 0.9224 0.1325
-0.8107 1.0186 0.0930
-0.8016 0.9946 0.0786
-0.7996 1.0024 0.0804
-0.7931 0.9594 0.0973
-0.7836 0.9856 0.0859
-0.7770 0.7287 0.1852
-0.7726 1.0425 0.1277
-0.7690 -1.2734 0.1375
-0.7745 -0.7720 0.3063
-0.7583 -1.3281 0.1427
-0.7346 -0.6234 0.2989
-0.7292 0.6110 0.2791
-0.7205 -0.6498 0.2712
-0.6979 -1.3093 0.1697
-0.7168 -1.2731 0.1500
-0.7063 0.9759 0.1731
-0.7095 -0.3100 0.3379
-0.6733 -1.2668 0.1593
-0.6896 -1.1420 0.1919
-0.6908 -0.1834 0.3504
-0.6915 -1.0297 0.2274
-0.6701 0.8656 0.1616
-0.6687 0.8200 0.1531
-0.6655 -0.7507 0.2197
-0.6628 -0.2229 0.2994
-0.6534 -1.2137 0.1560
-0.6480 -0.1013 0.4070
-0.6453 -1.1902 0.1598
-0.6499 0.8378 0.1457
-0.6356 -0.6440 0.2268
-0.6426 0.8668 0.1554
-0.6410 -0.2607 0.2733
-0.6377 -0.9426 0.1770
-0.6202 -1.2041 0.1663
-0.6214 0.7393 0.1729
-0.6128 -0.9463 0.1555
-0.6166 -0.2743 0.2648
-0.6164 0.6129 0.2766
-0.6024 0.7774 0.1400
-0.6070 0.8037 0.1346
-0.6043 -1.0615 0.1618
-0.6049 -0.8625 0.1791
-0.5940 -0.6945 0.1995
-0.5805 -0.7971 0.1940
-0.5789 0.9370 0.2324
-0.5585 0.7750 0.1462
-0.5695 -1.0560 0.1467
-0.5686 -1.1569 0.1807
-0.5509 -0.9844 0.1266
-0.5525 -0.9569 0.1289
-0.5452 1.1410 0.3411
-0.5454 -0.7083 0.1850
-0.5233 -1.0186 0.1277
-0.5177 -1.1091 0.1798
-0.5147 -0.8825 0.1408
-0.5135 -0.4781 0.2337
-0.5033 -0.9549 0.1362
-0.4975 1.1184 0.3049
-0.4998 0.6738 0.1927
-0.4946 0.7719 0.1336
-0.4991 -1.0394 0.1388
-0.4918 -0.8899 0.1454
-0.4860 -0.8534 0.1535
-0.4816 0.7919 0.1339
-0.4833 -0.6425 0.1544
-0.4779 0.7331 0.1457
-0.4597 -0.6797 0.1451
-0.4413 0.8310 0.1365
-0.4508 1.1148 0.2858
-0.4353 -0.7540 0.1816
-0.4429 0.6557 0.2224
-0.4344 0.9108 0.1778
-0.4322 -1.0410 0.1899
-0.4335 -0.8133 0.1859
-0.4334 -0.6143 0.1074
-0.4342 0.7713 0.1423
-0.4246 -0.8704 0.1778
-0.4279 -0.6630 0.1220
-0.4272 -0.3588 0.1732
-0.4189 0.8531 0.1350
-0.4199 -1.0038 0.1858
-0.4269 -0.4670 0.1548
-0.4109 -0.5513 0.1097
-0.4177 -0.4393 0.1486
-0.4041 0.8088 0.1416
-0.4079 -0.3452 0.1701
-0.4057 -0.3404 0.1725
-0.3970 -0.5957 0.0821
-0.3991 -0.3182 0.1925
-0.3684 0.9168 0.1479
-0.3871 -0.6610 0.1189
-0.3873 1.1000 0.2700
-0.3797 -0.5834 0.0742
-0.3770 -0.5582 0.0849
-0.3824 -0.4070 0.1599
-0.3757 -0.5024 0.1348
-0.3596 -0.5965 0.0724
-0.3572 -0.6244 0.0896
-0.3508 -0.9279 0.2469
-0.3402 1.0554 0.2491
-0.3432 -0.5885 0.0803
-0.3358 -0.1798 0.2487
-0.3209 0.8431 0.1574
-0.3368 -0.5887 0.0856
-0.3316 0.9129 0.1431
-0.3233 0.8954 0.1375
-0.3165 -0.5797 0.1116
-0.3023 -0.0381 0.2319
-0.2966 0.8886 0.1487
-0.2964 0.6901 0.2108
-0.2887 0.6424 0.2328
-0.2645 0.1263 0.1505
-0.2671 0.0969 0.1486
-0.2543 0.9550 0.1901
-0.2438 -0.3089 0.2575
-0.2389 -0.1545 0.1592
-0.2326 0.7450 0.1987
-0.2259 0.1431 0.1233
-0.2270 0.6416 0.2292
-0.2243 0.0434 0.1563
-0.2227 0.0828 0.1282
-0.2168 -0.0664 0.1740
-0.2126 0.8647 0.1878
-0.2201 0.1384 0.1175
-0.2197 0.6474 0.2252
-0.2156 -0.1925 0.1596
-0.1996 -0.1344 0.1442
-0.1782 -0.1025 0.1477
-0.1903 0.1335 0.1135
-0.1848 -0.2180 0.1765
-0.1725 0.1253 0.1196
-0.1706 0.8973 0.2097
-0.1526 0.1550 0.1467
-0.1438 0.7034 0.2087
-0.1460 -0.1755 0.1507
-0.1418 0.9376 0.2397
-0.1187 0.7241 0.2131
-0.1268 -0.0890 0.1493
-0.1043 0.0025 0.1407
-0.0973 -1.1419 0.2483
-0.0871 0.0626 0.1407
-0.0888 0.1741 0.1924
-0.0822 0.0371 0.1342
-0.0740 -0.0110 0.1193
-0.0675 0.8500 0.1982
-0.0763 -0.1747 0.1720
-0.0706 -1.0877 0.1930
-0.0647 -1.1181 0.2011
-0.0644 -0.0829 0.1445
-0.0548 -0.6974 0.2120
-0.0474 0.7566 0.1992
-0.0512 0.2642 0.2345
-0.0435 0.0463 0.1324
-0.0384 -1.0837 0.1786
-0.0241 0.0040 0.1194
-0.0232 -1.1383 0.2122
-0.0260 -0.1895 0.1885
-0.0241 -0.0947 0.1564
-0.0225 -0.6480 0.1701
-0.0179 -0.9051 0.2126
-0.0123 0.2804 0.2274
-0.0112 -0.5534 0.1633
-0.0143 -0.5105 0.1724
-0.0125 -0.6167 0.1634
-0.0077 -0.4505 0.2049
-0.0060 -0.0716 0.1590
-0.0093 -0.7187 0.1868
-0.0004 -0.9963 0.1802
-0.0056 -0.7551 0.1913
0.0000 0.7785 0.1801
-0.0003 0.9380 0.2063
-0.0001 -0.3516 0.2487
0.0103 -0.5101 0.1669
0.0132 0.2583 0.2113
0.0152 -1.2464 0.3659
0.0103 0.0095 0.1466
0.0189 -0.7760 0.1899
0.0212 -0.9587 0.1905
0.0194 0.0679 0.1836
0.0274 0.8937 0.1699
0.0215 -0.5783 0.1656
0.0312 1.0805 0.2922
0.0327 -0.5013 0.1775
0.0398 -1.0101 0.1955
0.0501 0.7771 0.1755
0.0408 -0.2208 0.2096
0.0452 -0.9422 0.1983
0.0421 0.2912 0.2215
0.0516 0.6787 0.2124
0.0577 -0.2174 0.2115
0.0632 0.8343 0.1625
0.1085 -0.3066 0.1922
0.0785 0.3763 0.2564
0.0817 -0.8531 0.2003
0.0963 0.9018 0.1365
0.1063 0.7267 0.1828
0.1198 -0.8238 0.1989
0.1201 0.1512 0.2627
0.1319 0.9567 0.1349
0.1306 0.8941 0.1256
0.1327 1.0101 0.1673
0.1392 0.9278 0.1239
0.1466 -0.7473 0.1808
0.1488 -0.4199 0.2365
0.1506 0.6815 0.1787
0.1567 0.5792 0.1600
0.1531 1.0356 0.1849
0.1593 0.6210 0.1649
0.1607 0.1856 0.2682
0.1878 0.5467 0.1325
0.1700 0.2506 0.2315
0.1716 0.8909 0.1260
0.1791 -0.7476 0.1706
0.1801 0.8327 0.1527
0.1853 -0.2912 0.1636
0.1861 0.5117 0.1395
0.1979 0.5984 0.1474
0.2025 -0.2350 0.1848
0.1957 0.8009 0.1583
0.1987 0.9665 0.1433
0.2094 -0.3953 0.2408
0.2111 -0.7507 0.1696
0.2212 -0.7197 0.1726
0.2177 0.3548 0.1859
0.2248 0.8820 0.1378
0.2178 -0.3059 0.1745
0.2317 0.4804 0.1236
0.2278 -0.2571 0.1826
0.2419 -0.2959 0.1905
0.2417 0.3948 0.1532
0.2372 0.7174 0.1855
0.2480 1.0871 0.2720
0.2613 0.5044 0.1163
0.2529 -0.1584 0.2756
0.2567 -0.6959 0.1779
0.2623 0.4199 0.1399
0.2577 0.4677 0.1241
0.2628 0.9627 0.1698
0.2685 -0.8511 0.2511
0.2712 0.5264 0.1230
0.2833 0.5580 0.1469
0.2895 0.3592 0.1586
0.2796 0.7592 0.1719
0.2892 0.7859 0.1563
0.2822 0.8905 0.1482
0.2833 -0.7177 0.1861
0.2917 0.8252 0.1518
0.3094 -0.6431 0.2313
0.3055 0.2983 0.2093
0.3130 0.9570 0.1837
0.3187 0.5462 0.1674
0.3295 0.8779 0.1554
0.3314 -0.9476 0.3309
0.3510 -0.6050 0.2842
0.3730 0.3374 0.1873
0.3682 0.4180 0.1799
0.3758 -0.5961 0.3167
0.3874 0.7233 0.2086
0.3898 -1.2259 0.3812
0.3994 -1.1594 0.3033
0.3943 0.3949 0.1826
0.4044 0.8823 0.1586
0.4112 -1.0920 0.2639
0.4189 0.8158 0.1718
0.4219 -1.1741 0.3089
0.4280 0.7913 0.1856
0.4252 0.9364 0.1587
0.4315 0.5642 0.1910
0.4435 -0.1223 0.3010
0.4461 0.5377 0.1838
0.4448 0.5085 0.1801
0.4448 0.6135 0.2031
0.4470 -1.0232 0.2519
0.4477 -0.1749 0.3170
0.4703 -0.0090 0.2714
0.4809 0.3366 0.1950
0.4808 0.9021 0.1167
0.4842 0.3920 0.1962
0.4822 0.0793 0.2607
0.4885 0.9257 0.1050
0.4922 0.2492 0.2242
0.4929 0.7313 0.2370
0.5034 0.9609 0.1079
0.4980 0.0437 0.2553
0.5076 0.5297 0.1964
0.5153 0.9158 0.0952
0.5141 0.2101 0.2376
0.5184 -0.9797 0.2658
0.5236 -0.2052 0.3633
0.5317 -0.9534 0.2821
0.5371 0.0205 0.2620
0.5496 0.9545 0.0908
0.5375 0.8931 0.1038
0.5438 0.2809 0.2059
0.5465 0.9167 0.0908
0.5452 -1.0893 0.2805
0.5517 0.9944 0.1131
0.5791 1.0407 0.1574
0.5820 0.6482 0.2687
0.5888 0.9657 0.0996
0.5889 0.4487 0.2293
0.5889 0.9361 0.0942
0.6082 0.8770 0.1251
0.6100 0.3351 0.1953
0.6198 0.9509 0.1025
0.6141 0.5671 0.2573
0.6123 0.8577 0.1473
0.6233 0.9948 0.1171
0.6227 -0.8781 0.3738
0.6286 0.0612 0.2970
0.6503 0.9056 0.1192
0.6602 1.0934 0.2176
0.6656 0.2196 0.2505
0.6669 -0.4937 0.4553
0.6750 0.3357 0.2126
0.6838 0.9801 0.1102
0.6795 -0.2357 0.4200
0.6974 0.9387 0.1153
0.6922 0.9587 0.1062
0.6907 -0.8643 0.4120
0.6945 -0.6159 0.4743
0.7112 0.3417 0.2278
0.7093 0.4387 0.2617
0.7160 0.2800 0.2420
0.7220 1.0113 0.1498
0.7248 0.9624 0.1308
0.7264 -1.0952 0.3966
0.7646 0.9513 0.1773
0.7511 0.6306 0.2944
0.7631 0.8185 0.2403
0.7814 0.7466 0.2879
0.8029 0.0411 0.3371
0.8288 -0.3658 0.3193
0.8487 0.5819 0.2822
0.8693 -0.4200 0.3165
0.8742 -0.3784 0.2932
0.8690 0.2331 0.2338
0.8717 0.4166 0.2986
0.8726 0.7190 0.2813
0.9224 0.2231 0.1733
0.9340 -1.0251 0.2759
0.9404 0.2388 0.1700
0.9428 0.1041 0.1682
0.9415 1.0071 0.3223
0.9482 -1.0879 0.2442
0.9472 0.0892 0.1683
0.9619 0.6208 0.2711
0.9727 -1.1157 0.2336
0.9672 0.5624 0.2914
0.9929 0.1074 0.1349
0.9970 -1.0634 0.2324
1.0091 -1.1249 0.2266
0.9979 -0.3224 0.1745
0.9997 0.2127 0.1492
1.0044 -0.9927 0.2873
1.0015 -0.1882 0.1576
1.0092 0.1669 0.1304
1.0096 -0.5731 0.3291
1.0117 0.3314 0.1953
1.0106 0.6459 0.2471
1.0184 -0.0063 0.1511
1.0351 0.0269 0.1314
1.0273 -0.2462 0.1106
1.0314 -0.1734 0.1320
1.0261 0.8803 0.2275
1.0345 0.1494 0.1328
1.0361 0.2185 0.1623
1.0416 -0.0697 0.1477
1.0414 0.3350 0.2048
1.0449 0.3579 0.2246
1.0513 -0.2520 0.0952
1.0498 0.9988 0.2805
1.0540 -0.3016 0.1144
1.0514 -0.1569 0.1241
1.0582 0.0672 0.1194
1.0641 -0.0777 0.1416
1.0627 1.0976 0.3828
1.0705 -0.2738 0.0928
1.0759 -0.5733 0.3146
1.0729 0.1182 0.1330
1.0734 0.8091 0.1724
1.0793 -1.2738 0.3038
1.0797 -1.1400 0.2417
1.0791 0.0229 0.1237
1.0822 0.9180 0.2244
1.0864 -0.2879 0.1050
1.0913 -0.0925 0.1498
1.0963 0.8276 0.1682
1.0948 0.3968 0.2982
1.0979 0.0336 0.1217
1.1100 0.0847 0.1223
1.0945 -0.2875 0.1096
1.1025 -0.2644 0.1067
1.1064 -0.6680 0.3768
1.1048 -0.2286 0.1120
1.1080 -0.1554 0.1386
1.1119 0.7445 0.1584
1.1173 -0.8827 0.3997
1.1240 -0.5803 0.3303
1.1334 -0.1667 0.1585
1.1318 0.7506 0.1559
1.1430 0.7128 0.1857
1.1689 -1.3389 0.4127
1.1639 0.0893 0.1628
1.1492 0.7900 0.1619
1.1589 -1.2988 0.3573
1.1629 0.0435 0.1607
1.1776 -1.2315 0.3308
1.1659 -0.6797 0.4143
1.1756 1.1162 0.4467
1.1702 0.7981 0.1829
1.1826 0.0776 0.1823
1.1853 -0.4361 0.3211
1.1883 0.6667 0.2599
