points 
 2 
 1 
Tumour[19065]CD6810NNCodensity
-1.2888 -1.1006 0.2676
-1.2820 -1.0226 0.1821
-1.2858 -0.9282 0.1668
-1.2905 -0.2921 0.4361
-1.2887 0.6593 0.3882
-1.2898 0.6973 0.3866
-1.2769 0.2319 0.2817
-1.2677 -0.0582 0.4320
-1.2694 0.1789 0.2775
-1.2570 0.3169 0.2998
-1.2435 1.2768 0.5641
-1.2458 -0.9779 0.1418
-1.2433 -0.8961 0.1319
-1.2377 -0.8042 0.1696
-1.2367 -0.6676 0.2779
-1.2301 0.3216 0.2859
-1.2235 -0.9150 0.1267
-1.2275 0.8526 0.3469
-1.2223 0.9668 0.3800
-1.2230 -1.0484 0.1828
-1.2195 -0.8171 0.1511
-1.2150 -0.5876 0.3060
-1.2048 -0.8907 0.1219
-1.2045 -1.0461 0.1869
-1.1997 0.2287 0.2372
-1.1996 -0.3605 0.3355
-1.1909 -0.9198 0.1329
-1.1858 -0.5629 0.3018
-1.1782 -0.8142 0.1431
-1.1654 -0.4284 0.3013
-1.1637 0.6851 0.3368
-1.1576 0.9722 0.3540
-1.1526 -0.7879 0.1633
-1.1557 0.1513 0.2468
-1.1484 0.7433 0.3182
-1.1311 -0.9405 0.1687
-1.1318 0.2927 0.2625
-1.1302 0.5579 0.3617
-1.1235 0.1047 0.2711
-1.0761 -1.1542 0.1749
-1.0983 -0.8867 0.1510
-1.0993 -1.1899 0.2118
-1.0916 -0.2795 0.3341
-1.0786 -0.8661 0.1583
-1.0809 -0.8155 0.1685
-1.0690 0.1039 0.2803
-1.0610 -0.7834 0.1876
-1.0723 -0.1800 0.3715
-1.0594 1.2482 0.4019
-1.0665 -1.1902 0.1843
-1.0495 -0.4618 0.2785
-1.0417 -1.1217 0.1575
-1.0368 1.1405 0.3294
-1.0281 -0.9188 0.2304
-1.0276 0.5939 0.3737
-1.0268 0.9763 0.3249
-1.0117 -0.6857 0.2659
-1.0049 -1.1538 0.1333
-0.9998 0.9996 0.3238
-0.9807 -1.1389 0.1299
-0.9664 -0.5001 0.2674
-0.9598 0.0678 0.2767
-0.9494 -1.1240 0.1348
-0.9493 -0.7652 0.2496
-0.9565 -0.5271 0.2586
-0.9521 0.3807 0.2819
-0.9475 -1.1880 0.1688
-0.9450 0.0348 0.2886
-0.9469 0.2885 0.2787
-0.9435 -1.0742 0.1605
-0.9224 -0.2778 0.2720
-0.9124 -0.7339 0.2513
-0.9086 -0.5085 0.2483
-0.9092 -1.1282 0.1397
-0.9096 1.1622 0.2870
-0.8849 0.3878 0.2164
-0.8707 -1.0884 0.1543
-0.8701 1.0830 0.2831
-0.8583 1.2976 0.3546
-0.8568 0.1163 0.2665
-0.8246 -0.6036 0.2021
-0.8424 -1.0879 0.1637
-0.8382 -0.1936 0.2133
-0.8451 0.7895 0.2876
-0.8493 -0.2574 0.2131
-0.8410 0.3345 0.1942
-0.8266 0.2517 0.2403
-0.8242 0.0379 0.2650
-0.8214 0.8262 0.2651
-0.8098 -1.1176 0.1865
-0.8118 -1.0489 0.1871
-0.8098 0.5483 0.2020
-0.8142 -0.6729 0.1906
-0.8113 -0.2363 0.1873
-0.7918 0.7766 0.2444
-0.7864 -0.1925 0.1857
-0.7813 0.0293 0.2588
-0.7858 -0.3990 0.2572
-0.7825 -0.4727 0.2346
-0.7784 -0.6667 0.1644
-0.7834 0.3213 0.1877
-0.7718 0.6395 0.2403
-0.7540 0.4218 0.1214
-0.7433 0.9126 0.2112
-0.7544 -0.2219 0.1847
-0.7566 0.4656 0.1179
-0.7475 -0.8891 0.2279
-0.7303 -0.6354 0.1437
-0.7403 0.4901 0.1193
-0.7264 -0.7937 0.1574
-0.7345 -0.0270 0.2288
-0.7369 -1.0285 0.1791
-0.7353 0.3857 0.1301
-0.7347 0.4516 0.1051
-0.7337 1.1640 0.2029
-0.7335 -0.7550 0.1561
-0.7274 -0.1508 0.1965
-0.7303 0.5346 0.1481
-0.7295 0.6159 0.2210
-0.7112 -0.5790 0.1604
-0.6996 0.4199 0.1103
-0.7102 1.0460 0.2016
-0.7168 1.1805 0.2016
-0.7016 -0.6082 0.1523
-0.7094 1.2066 0.2130
-0.6909 -0.7679 0.1370
-0.7030 1.1672 0.1919
-0.7040 0.4683 0.1110
-0.6894 -1.0721 0.1781
-0.6937 0.9978 0.1820
-0.6882 -0.7349 0.1409
-0.6869 -0.8778 0.1806
-0.6908 -0.2865 0.2164
-0.6923 0.8759 0.1880
-0.6693 -1.0416 0.1662
-0.6804 0.3595 0.1595
-0.6735 -0.5939 0.1729
-0.6737 -0.4740 0.2153
-0.6772 0.9025 0.1729
-0.6686 0.2163 0.2801
-0.6602 0.4551 0.1332
-0.6511 -0.2739 0.2208
-0.6545 -0.6172 0.1782
-0.6488 0.2462 0.2550
-0.6403 -0.0869 0.1488
-0.6377 -0.7567 0.1197
-0.6421 -0.9964 0.1565
-0.6334 -0.4333 0.2437
-0.6308 0.3971 0.1672
-0.6307 -0.7861 0.1191
-0.6193 -1.0396 0.1729
-0.6272 1.1071 0.1783
-0.6168 0.7164 0.2430
-0.6190 0.8305 0.1695
-0.6171 -1.0003 0.1596
-0.6158 0.0066 0.1935
-0.6088 -0.1105 0.1381
-0.5966 0.4989 0.1684
-0.6047 -0.7955 0.1189
-0.5945 0.9893 0.1159
-0.5907 -0.0909 0.1276
-0.5880 -0.8536 0.1477
-0.5853 -1.0367 0.1811
-0.5873 0.8605 0.1465
-0.5832 1.0566 0.1412
-0.5743 -0.2527 0.2253
-0.5826 -0.8882 0.1723
-0.5789 0.5230 0.1694
-0.5749 -0.7427 0.1183
-0.5756 -0.0437 0.1361
-0.5725 1.2711 0.2566
-0.5705 0.9720 0.1007
-0.5718 0.9922 0.1024
-0.5736 1.0259 0.1189
-0.5606 -0.4372 0.2979
-0.5587 -0.1098 0.1321
-0.5610 -0.7779 0.1129
-0.5590 0.9059 0.1233
-0.5535 -0.7350 0.1235
-0.5506 0.5184 0.1581
-0.5529 0.7932 0.1698
-0.5449 -0.0736 0.1321
-0.5403 1.0208 0.1206
-0.5465 1.1608 0.2172
-0.5366 1.2620 0.2620
-0.5452 -0.1554 0.1625
-0.5383 -0.7229 0.1354
-0.5445 -0.0306 0.1568
-0.5266 0.3642 0.2360
-0.5352 0.5478 0.1602
-0.5281 -0.2257 0.2217
-0.5313 0.7786 0.1771
-0.5313 0.9446 0.1046
-0.5068 -0.7387 0.1364
-0.5248 0.8934 0.1275
-0.4995 -0.8627 0.1396
-0.5137 0.9662 0.1100
-0.5000 0.6231 0.2011
-0.4997 1.2569 0.2868
-0.4945 -0.8343 0.1313
-0.4732 -0.9824 0.1831
-0.4890 0.9246 0.1287
-0.4767 0.2607 0.2708
-0.4681 0.5629 0.1569
-0.4479 0.5101 0.1355
-0.4609 0.7116 0.2299
-0.4434 -0.8463 0.1427
-0.4516 -0.8252 0.1367
-0.4528 0.8230 0.1783
-0.4437 -0.7238 0.1680
-0.4385 0.4508 0.1485
-0.4460 -0.0336 0.2552
-0.4449 0.8990 0.1547
-0.4416 -1.0024 0.1961
-0.4379 -0.8978 0.1513
-0.4346 0.9954 0.1934
-0.4234 0.4964 0.1367
-0.4264 -0.9629 0.1741
-0.4191 -1.0588 0.2526
-0.4207 0.4736 0.1383
-0.4122 -0.7070 0.1840
-0.4149 -0.8279 0.1523
-0.4047 0.8574 0.1973
-0.4033 0.1907 0.2492
-0.3871 0.4477 0.1519
-0.3972 0.3480 0.2043
-0.3781 -0.2747 0.2435
-0.3716 0.5804 0.2081
-0.3540 0.4539 0.1681
-0.3561 -0.4009 0.2783
-0.3372 -0.2216 0.2241
-0.3351 -0.2568 0.2102
-0.3501 1.1551 0.3676
-0.3363 0.9276 0.2315
-0.3333 0.1768 0.2200
-0.3322 0.1214 0.2412
-0.3243 -0.7178 0.1390
-0.3204 -1.0316 0.2966
-0.3229 0.2703 0.2219
-0.3089 -0.8312 0.1817
-0.3095 -0.7005 0.1382
-0.3096 0.7061 0.2664
-0.3049 0.1082 0.2454
-0.3013 0.3987 0.2267
-0.2956 -0.7231 0.1218
-0.2740 -0.2261 0.1816
-0.2688 -0.8162 0.1551
-0.2690 -0.6831 0.1417
-0.2728 0.8189 0.2276
-0.2477 -0.7511 0.1163
-0.2459 -0.7002 0.1308
-0.2295 -0.1558 0.1844
-0.2436 -0.3369 0.1630
-0.2407 0.8322 0.2299
-0.2287 0.5426 0.2259
-0.2229 -0.5659 0.2738
-0.2320 0.2273 0.2099
-0.2149 -0.8400 0.1898
-0.2053 -0.7770 0.1428
-0.2080 -0.7344 0.1351
-0.2151 0.5749 0.2406
-0.2131 0.8281 0.2383
-0.1980 0.2242 0.2009
-0.1938 -0.3965 0.1519
-0.1918 -0.3754 0.1361
-0.1899 0.9552 0.2607
-0.1875 -0.3513 0.1245
-0.1770 -0.3214 0.1297
-0.1867 0.5728 0.2543
-0.1558 -0.1821 0.1390
-0.1799 0.4981 0.2552
-0.1759 -0.2123 0.1502
-0.1633 -0.1517 0.1475
-0.1680 -0.3583 0.1220
-0.1236 -0.1014 0.1706
-0.1413 0.1414 0.2075
-0.1320 1.1469 0.2914
-0.1346 -0.7247 0.1717
-0.1324 -0.2754 0.1678
-0.1330 0.8475 0.2374
-0.1192 0.1100 0.2273
-0.1192 -0.1678 0.1461
-0.1176 -0.3939 0.1475
-0.1129 0.2904 0.2520
-0.0856 -0.1559 0.1624
-0.1044 0.2133 0.2146
-0.0934 -0.3835 0.1545
-0.0903 -0.7902 0.1951
-0.0858 -0.0798 0.1891
-0.0849 1.0791 0.2459
-0.0817 -0.6298 0.1930
-0.0801 -0.7231 0.1634
-0.0763 -0.9226 0.3162
-0.0617 0.1690 0.2157
-0.0493 0.2295 0.2456
-0.0619 1.0012 0.2325
-0.0561 0.5546 0.2810
-0.0489 1.0881 0.2275
-0.0488 -0.0109 0.2229
-0.0266 -0.3756 0.1885
-0.0395 0.8578 0.2255
-0.0343 -0.6468 0.1526
-0.0172 1.0980 0.2153
-0.0090 -0.6920 0.1475
-0.0007 -0.4124 0.1732
0.0039 -0.7394 0.1683
0.0035 -0.6685 0.1463
0.0025 0.8375 0.2393
0.0057 1.2956 0.2699
0.0079 -0.2235 0.2420
0.0099 0.4628 0.2744
0.0111 -0.5403 0.1759
0.0137 -0.4720 0.1724
0.0173 0.8683 0.2367
0.0231 -0.0303 0.2135
0.0264 -0.8259 0.2458
0.0296 0.6603 0.3387
0.0464 -0.5589 0.1554
0.0483 -0.3626 0.1654
0.0488 0.5042 0.2731
0.0540 0.0172 0.1884
0.0676 1.1228 0.2046
0.0627 -0.5221 0.1546
0.0602 1.2513 0.2050
0.0616 -0.1955 0.2660
0.0635 0.8774 0.2530
0.0643 -0.6458 0.1561
0.0878 0.0216 0.1667
0.0853 -0.6545 0.1645
0.1026 1.2530 0.2127
0.0928 0.8943 0.2678
0.1044 1.1377 0.2059
0.0980 0.1001 0.1799
0.1059 -1.1782 0.3248
0.1040 1.2935 0.2545
0.1037 0.4099 0.2484
0.1245 0.0428 0.1468
0.1260 -0.4143 0.1317
0.1166 -0.3514 0.1327
0.1293 -0.3832 0.1221
0.1277 -0.4656 0.1482
0.1358 0.3908 0.2393
0.1349 -0.9236 0.3575
0.1419 -0.5910 0.1441
0.1445 1.1953 0.2143
0.1467 -0.5252 0.1514
0.1529 -0.3401 0.1225
0.1502 1.1754 0.2197
0.1581 -0.3201 0.1315
0.1687 -0.4139 0.1288
0.1675 0.0658 0.1332
0.1696 -0.9090 0.3671
0.1706 -1.1881 0.2469
0.1744 -0.5129 0.1550
0.1739 0.4530 0.2535
0.1866 0.0270 0.1413
0.2015 -1.1618 0.2061
0.1973 0.1645 0.1579
0.1903 -0.6321 0.1493
0.1975 -0.6543 0.1634
0.2055 0.0985 0.1321
0.2230 -1.1874 0.2001
0.2087 -0.3196 0.1298
0.2192 0.0217 0.1443
0.2172 0.1859 0.1632
0.2235 -0.6353 0.1595
0.2269 0.1371 0.1430
0.2226 0.2869 0.2165
0.2284 -0.5781 0.1537
0.2268 -0.3795 0.1424
0.2267 -0.2699 0.1425
0.2245 0.3776 0.2375
0.2459 -1.1385 0.1801
0.2374 0.9566 0.2210
0.2459 0.0025 0.1489
0.2494 -0.4619 0.1777
0.2622 -0.2885 0.1167
0.2538 0.1640 0.1502
0.2691 -0.1012 0.1471
0.2618 0.4169 0.2654
0.2708 -0.1542 0.1324
0.2750 -0.0741 0.1509
0.2807 -0.6117 0.1879
0.2751 -0.0301 0.1542
0.2844 0.6517 0.3802
0.2999 0.9711 0.1415
0.2856 1.0054 0.1581
0.2997 -0.4658 0.2054
0.2903 -0.1912 0.1112
0.2960 -0.3322 0.1185
0.3072 -1.1708 0.1678
0.3050 -1.1072 0.1659
0.3028 -0.3596 0.1362
0.3104 -0.3118 0.1153
0.3049 -0.2632 0.1043
0.3224 0.1932 0.1791
0.3191 -0.1627 0.1050
0.3358 -0.1302 0.1207
0.3256 -0.2646 0.1097
0.3304 -0.1967 0.0932
0.3323 0.9541 0.1274
0.3319 -0.2294 0.1026
0.3343 0.7078 0.3289
0.3348 -0.6594 0.2668
0.3404 0.0425 0.1548
0.3402 0.1560 0.1690
0.3478 0.3047 0.2593
0.3587 0.9968 0.1027
0.3459 1.0857 0.1875
0.3522 -0.2058 0.0999
0.3604 0.1156 0.1556
0.3672 0.9770 0.0978
0.3872 -1.1265 0.1132
0.3817 -1.0505 0.1664
0.3751 0.0044 0.1496
0.3795 -0.3484 0.1732
0.3974 -1.1698 0.1373
0.3893 0.0848 0.1447
0.3963 0.9686 0.0921
0.3881 1.2379 0.2843
0.3870 -1.1000 0.1183
0.3907 -0.1659 0.1135
0.4030 1.0156 0.0939
0.4008 -0.3803 0.2119
0.4112 0.9949 0.0834
0.4033 1.2945 0.3158
0.4077 -0.0967 0.1416
0.4261 -1.1523 0.1208
0.4098 -0.1940 0.1340
0.4315 0.0346 0.1479
0.4217 0.8513 0.1791
0.4185 0.0786 0.1488
0.4326 0.9670 0.0899
0.4412 1.2940 0.2956
0.4341 -1.1236 0.1046
0.4390 -0.1404 0.1395
0.4398 -0.1154 0.1407
0.4408 1.0322 0.1036
0.4517 -0.0268 0.1466
0.4485 1.0065 0.0871
0.4881 0.8641 0.1288
0.4554 0.0004 0.1491
0.4435 0.4221 0.2940
0.4534 0.9694 0.0894
0.4647 -1.1318 0.1109
0.4753 -1.1039 0.1130
0.4677 -1.0785 0.1214
0.4706 0.8391 0.1471
0.4744 0.5763 0.3022
0.4915 0.1733 0.2334
0.4906 1.0325 0.1121
0.5091 0.9284 0.1184
0.4939 0.9493 0.1090
0.4935 -0.9233 0.2034
0.4988 0.5390 0.2938
0.4976 -0.6669 0.3404
0.5020 0.9873 0.1036
0.5039 1.3022 0.2929
0.5079 -0.1201 0.1437
0.5204 1.0552 0.1346
0.5167 0.2038 0.2697
0.5215 0.8096 0.1463
0.5267 -1.0861 0.1281
0.5248 0.7421 0.2120
0.5323 -0.2281 0.2111
0.5340 -0.8956 0.1735
0.5365 0.8391 0.1293
0.5466 -1.1520 0.1783
0.5439 -0.4252 0.3002
0.5589 0.9515 0.1434
0.5567 1.0493 0.1452
0.5440 -1.0255 0.1439
0.5436 -0.0409 0.1149
0.5552 -1.0748 0.1395
0.5577 -0.0845 0.1117
0.5528 -0.0601 0.1093
0.5448 1.1498 0.1951
0.5540 0.3823 0.2956
0.5717 0.8448 0.1371
0.5660 0.9168 0.1354
0.5628 -0.9854 0.1418
0.5637 -0.3452 0.2548
0.5684 0.0191 0.1194
0.5966 1.0831 0.1676
0.5692 0.3638 0.3022
0.5869 0.0700 0.1575
0.5800 -0.8843 0.1477
0.5857 -0.3951 0.2887
0.5850 -0.1549 0.1444
0.5891 -0.0099 0.0976
0.5891 1.1787 0.2200
0.5940 -1.0292 0.1561
0.5952 -0.0892 0.1109
0.6148 0.0364 0.1121
0.5887 1.1234 0.1814
0.5943 0.6649 0.2488
0.5980 -0.8891 0.1403
0.6246 0.0072 0.1007
0.6163 0.8590 0.1599
0.6140 -0.0396 0.1006
0.6130 -0.8527 0.1561
0.6113 -0.1573 0.1533
0.6214 0.3892 0.3214
0.6544 -0.8268 0.1561
0.6297 -0.0560 0.1175
0.6409 -0.9680 0.1554
0.6428 -0.6292 0.2610
0.6453 -0.9983 0.1694
0.6607 0.8772 0.1852
0.6632 -0.6460 0.2410
0.6595 -0.1605 0.1888
0.6635 0.0450 0.1251
0.6631 -0.2969 0.2615
0.6934 -0.0128 0.1334
0.6782 0.6355 0.2891
0.6857 -0.8569 0.1476
0.6774 -0.7302 0.2027
0.6932 0.0295 0.1314
0.6923 1.0622 0.2062
0.7183 -0.8068 0.1698
0.7064 0.7531 0.2484
0.7053 0.8926 0.2051
0.7153 1.2948 0.3479
0.7067 -0.9416 0.1724
0.7179 0.6321 0.3156
0.7367 0.0526 0.1603
0.7279 -0.5941 0.2861
0.7360 -1.1268 0.3036
0.7675 -0.5202 0.3441
0.7574 -0.8860 0.1699
0.7628 -0.2506 0.2894
0.7683 0.0389 0.1538
0.7609 1.0700 0.1845
0.7682 -0.0868 0.1841
0.7699 -0.8119 0.1843
0.7730 -0.0627 0.1638
0.7738 0.9019 0.2253
0.7793 1.0034 0.1683
0.7810 -0.9736 0.2063
0.8139 0.0394 0.1627
0.8121 1.1002 0.1697
0.8058 -0.7195 0.2521
0.8065 1.0703 0.1603
0.8234 -0.9868 0.2098
0.8338 1.0822 0.1600
0.8297 0.9460 0.2009
0.8451 -0.8782 0.1765
0.8439 -0.0781 0.1957
0.8437 -0.0376 0.1663
0.8454 0.3425 0.3845
0.8563 0.3166 0.3731
0.8592 1.2320 0.2350
0.8590 0.6467 0.3681
0.8746 -0.0011 0.1741
0.8694 0.3537 0.3944
0.8866 1.0233 0.1685
0.8879 0.0673 0.1940
0.8981 -0.8620 0.1460
0.9208 -1.0441 0.2293
0.9008 -0.2837 0.3341
0.9026 1.2865 0.2538
0.9206 0.9695 0.2070
0.9340 -0.8445 0.1137
0.9479 -1.0157 0.2022
0.9551 -0.8658 0.1030
0.9457 -0.8110 0.1327
0.9429 1.0912 0.1377
0.9580 -0.9171 0.1306
0.9569 1.1241 0.1277
0.9508 1.1494 0.1421
0.9916 -0.0254 0.1962
0.9677 -0.2490 0.3200
0.9691 0.6127 0.4162
0.9846 -0.8435 0.1044
0.9841 1.1374 0.1166
0.9782 -0.9780 0.1742
0.9928 0.0639 0.1621
0.9787 0.1105 0.2003
1.0048 -0.8164 0.1242
0.9842 1.2735 0.2100
0.9947 0.8947 0.2474
1.0008 1.0516 0.1466
0.9973 -0.9062 0.1250
1.0053 -0.1556 0.2850
1.0119 1.1493 0.1189
1.0196 -0.8495 0.1189
1.0112 1.1263 0.1086
1.0118 -0.6150 0.1927
1.0154 -0.5245 0.2281
1.0176 0.0806 0.1621
1.0232 0.7297 0.3607
1.0296 -0.6670 0.1612
1.0294 1.2678 0.1952
1.0364 -0.8658 0.1354
1.0392 0.0693 0.1560
1.0427 1.0429 0.1551
1.0428 -0.7145 0.1552
1.0446 -0.5795 0.1759
1.0528 -0.0471 0.2040
1.0523 -0.3301 0.3324
1.0631 -0.6779 0.1460
1.0613 -1.0638 0.2355
1.0684 1.1255 0.1219
1.0765 0.9418 0.2153
1.0758 1.1505 0.1283
1.0903 0.0639 0.1691
1.1188 1.1995 0.1211
1.0955 -0.7725 0.1533
1.0960 1.0404 0.1630
1.0983 0.9516 0.2142
1.0988 -0.6494 0.1526
1.1083 -1.1078 0.2634
1.1361 -0.7200 0.1575
1.1259 -0.9487 0.2413
1.1237 1.1246 0.1337
1.1217 -0.4761 0.2150
1.1385 1.2708 0.1506
1.1313 0.0449 0.1890
1.1368 -0.7395 0.1586
1.1376 0.0110 0.2027
1.1390 1.2438 0.1278
1.1485 1.1151 0.1513
1.1562 -0.5163 0.1975
1.1601 0.8641 0.3228
1.1600 -0.8324 0.2085
1.1675 1.1684 0.1358
1.1646 1.2405 0.1342
1.1701 1.2114 0.1287
1.1667 1.3031 0.1999
1.1685 -0.4770 0.2341
1.1832 -1.1861 0.3717
1.1801 -0.5982 0.2028
1.1774 -0.5411 0.2030
1.1874 -0.7755 0.2164
1.1868 0.0191 0.2565
1.1876 -1.0682 0.2991
1.1990 0.6736 0.5062
1.1997 0.2280 0.4070
1.2022 -1.1812 0.3823
