points 
 2 
 1 
Tumour[19065]FoxP310NNCodensity
-1.4733 -0.4137 0.8393
-1.4590 -1.0021 0.6039
-1.4408 -1.0614 0.5691
-1.3025 -0.0338 0.5828
-1.2865 -0.1273 0.5430
-1.2780 -0.0683 0.5414
-1.2625 -1.2181 0.4589
-1.1956 -1.0700 0.3324
-1.1759 -1.1266 0.3338
-1.1722 -1.0965 0.3230
-1.1155 0.0065 0.4619
-1.0947 -1.1474 0.3528
-1.0895 0.6719 0.5969
-1.0786 -0.3184 0.5139
-1.0692 -1.1054 0.3315
-1.0349 -0.4688 0.4921
-0.9925 0.7018 0.4802
-0.9764 0.6628 0.4584
-0.9771 -0.8582 0.3508
-0.9461 -0.9277 0.3405
-0.9261 -0.8009 0.3588
-0.9015 -0.4974 0.3608
-0.8936 -0.8581 0.3425
-0.8632 0.0104 0.2736
-0.8552 -0.6673 0.3441
-0.8504 1.0708 0.4780
-0.8330 -0.0348 0.2188
-0.8253 -0.1179 0.2231
-0.8277 0.4900 0.3383
-0.8227 -1.0029 0.3553
-0.8198 -0.0850 0.1996
-0.8102 -0.6828 0.3340
-0.7957 -0.0734 0.1838
-0.7945 1.1580 0.4587
-0.7670 1.1481 0.4265
-0.7662 0.4146 0.2911
-0.7579 -0.1455 0.2155
-0.7540 -0.0400 0.1897
-0.7535 0.4848 0.2713
-0.7490 -1.1415 0.3943
-0.7460 -0.4185 0.2845
-0.7442 -1.1589 0.4066
-0.7358 -0.5096 0.2441
-0.6963 0.7186 0.2688
-0.6949 -0.3497 0.2956
-0.6789 0.3964 0.2273
-0.6771 -0.1233 0.2384
-0.6740 0.1036 0.3230
-0.6647 0.3502 0.2553
-0.6584 0.8262 0.2213
-0.6520 -0.4807 0.2117
-0.6364 0.7884 0.2023
-0.6323 -0.4528 0.2209
-0.6273 0.7034 0.2147
-0.6254 -0.5089 0.2028
-0.6277 -0.0407 0.2611
-0.6192 0.4302 0.2044
-0.6105 -0.9875 0.3222
-0.6084 0.8435 0.2044
-0.5968 -0.6566 0.2514
-0.5973 -0.1481 0.3149
-0.5910 0.0819 0.3446
-0.5914 -0.5998 0.2218
-0.5865 0.4932 0.2082
-0.5877 0.7579 0.1908
-0.5879 1.0421 0.3228
-0.5821 0.4449 0.2040
-0.5690 -0.4912 0.2331
-0.5643 1.1909 0.3907
-0.5550 -1.0198 0.2802
-0.5515 0.7236 0.2002
-0.5350 -0.6772 0.2766
-0.5322 0.5169 0.2211
-0.5267 0.7422 0.2139
-0.5262 0.9570 0.2857
-0.5243 -1.1962 0.3356
-0.5250 0.9394 0.2709
-0.5182 0.2085 0.3424
-0.5067 -0.9447 0.2923
-0.4962 0.4374 0.2388
-0.4856 -0.6366 0.2736
-0.4761 -1.0789 0.2232
-0.4771 0.5695 0.2162
-0.4569 -0.6993 0.3217
-0.4582 -0.3379 0.3862
-0.4548 0.6018 0.2155
-0.4473 1.2019 0.4042
-0.4423 0.2899 0.3189
-0.4073 -0.9648 0.2472
-0.4003 1.1531 0.3591
-0.3844 -0.1857 0.4499
-0.3795 0.6624 0.2099
-0.3767 0.5903 0.2257
-0.3669 -1.1776 0.2121
-0.3659 -0.1545 0.4606
-0.3602 -1.0524 0.1721
-0.3618 0.8544 0.2351
-0.3522 -1.0595 0.1677
-0.3480 0.7930 0.2169
-0.3437 0.6649 0.2086
-0.3361 -1.0981 0.1665
-0.3304 -1.0523 0.1783
-0.3235 0.2891 0.3605
-0.3266 0.8800 0.2279
-0.3210 0.0920 0.4305
-0.3081 -1.1601 0.2023
-0.3040 0.4541 0.3077
-0.3035 -0.6179 0.3872
-0.2864 0.7562 0.1959
-0.2873 1.0385 0.3030
-0.2806 0.3445 0.3685
-0.2819 -1.1121 0.1926
-0.2725 0.6012 0.2216
-0.2618 0.9717 0.2556
-0.2516 -1.2168 0.2759
-0.2465 0.8414 0.2176
-0.2368 0.7727 0.1992
-0.1925 0.9983 0.2951
-0.1777 -0.6639 0.3942
-0.1753 0.6598 0.1602
-0.1675 -0.7150 0.3933
-0.1504 0.6611 0.1462
-0.1458 0.1055 0.5401
-0.1455 0.6787 0.1365
-0.1432 -0.9446 0.3868
-0.1338 0.6699 0.1380
-0.1318 1.2607 0.4059
-0.1254 0.6056 0.2045
-0.1203 1.2630 0.4092
-0.1159 0.9668 0.2878
-0.1134 0.7535 0.1453
-0.1071 -1.1209 0.2972
-0.0812 0.7537 0.1482
-0.0709 0.7695 0.1631
-0.0619 -0.6123 0.3877
-0.0541 -1.1559 0.3390
-0.0457 0.7649 0.1706
-0.0438 0.7316 0.1588
-0.0054 -1.1590 0.3875
-0.0010 -0.6678 0.3673
0.0024 1.2541 0.4023
0.0222 0.9014 0.2418
0.0301 -0.2746 0.3197
0.0284 0.9963 0.3054
0.0342 -0.1655 0.3305
0.0396 0.4403 0.4440
0.0493 -1.1601 0.4446
0.0590 0.6414 0.2495
0.0670 0.6899 0.2247
0.0761 0.9049 0.2511
0.0808 1.2115 0.3670
0.0956 -0.3248 0.2685
0.1015 -0.7573 0.3696
0.1063 -0.2674 0.2482
0.1101 0.8514 0.2383
0.1137 0.5907 0.3177
0.1235 -0.1597 0.2672
0.1481 0.7555 0.2518
0.1567 -0.3734 0.2712
0.1672 -0.6016 0.3106
0.1855 -0.8735 0.4236
0.1976 0.9370 0.2772
0.2042 0.7553 0.2907
0.2154 -0.5398 0.2777
0.2156 1.1975 0.3636
0.2201 -0.1860 0.2618
0.2246 1.0671 0.3060
0.2338 -0.0012 0.3298
0.2506 -0.0507 0.2887
0.2512 -0.2454 0.2564
0.2906 -0.5691 0.2429
0.2919 1.0137 0.3077
0.3031 -0.3867 0.2161
0.3124 1.2227 0.4193
0.3139 -0.6229 0.2681
0.3141 0.0820 0.3601
0.3178 -0.7132 0.2974
0.3256 -0.3205 0.2157
0.3496 -0.4160 0.1989
0.3511 0.8362 0.3326
0.3573 0.4159 0.3973
0.3758 0.5136 0.3742
0.3840 -0.4189 0.1895
0.3992 -0.8139 0.3400
0.4016 -1.1852 0.6237
0.4022 0.4277 0.3870
0.4109 -0.1349 0.2031
0.4114 0.3315 0.3931
0.4145 -0.3958 0.1835
0.4151 1.0577 0.3213
0.4184 -0.9968 0.4710
0.4215 -0.4660 0.2198
0.4301 -0.5540 0.2768
0.4334 -0.0829 0.2202
0.4394 -0.9194 0.4094
0.4402 -0.2800 0.1758
0.4413 -0.1569 0.1729
0.4454 -0.2379 0.1690
0.4470 0.6315 0.3455
0.4493 -0.0865 0.2083
0.4544 0.8218 0.2894
0.4642 1.0440 0.3142
0.4689 -0.7824 0.3465
0.4938 0.1295 0.2976
0.5157 -0.2660 0.1551
0.5156 -0.3457 0.1940
0.5269 -0.2372 0.1558
0.5345 -0.3151 0.1871
0.5477 -0.1754 0.1864
0.5478 0.9194 0.2172
0.5496 -0.0471 0.2075
0.5515 0.6873 0.3110
0.5578 -0.2321 0.1794
0.5618 0.0710 0.2142
0.5649 0.9143 0.2096
0.5738 0.7148 0.2837
0.5859 0.0325 0.1911
0.6257 -0.0748 0.2309
0.6215 -0.6538 0.2006
0.6263 0.0545 0.1792
0.6306 0.7729 0.2479
0.6413 0.9317 0.2118
0.6492 0.0802 0.1890
0.6491 0.3555 0.4116
0.6527 0.9488 0.2211
0.6601 0.8822 0.2174
0.6600 0.9224 0.2174
0.6862 0.0304 0.1728
0.6923 -0.5809 0.0631
0.6953 -0.5384 0.0633
0.6946 -0.6830 0.1610
0.6992 -0.5532 0.0499
0.7056 0.2617 0.3074
0.7078 -0.5776 0.0487
0.7087 -0.5625 0.0434
0.7146 -0.5413 0.0494
0.7180 -0.5913 0.0541
0.7255 -0.5272 0.0640
0.7259 -0.5548 0.0455
0.7357 -0.5743 0.0495
0.7288 -0.4342 0.1779
0.7288 -0.1842 0.2380
0.7364 -0.6061 0.0602
0.7479 -0.5922 0.0511
0.7476 -0.5545 0.0572
0.7565 -0.5336 0.0730
0.7553 -0.6154 0.0620
0.7548 -0.2108 0.2392
0.7545 0.0853 0.1888
0.7579 1.1277 0.3013
0.7565 -0.1913 0.2383
0.7614 0.2414 0.2715
0.7670 -0.5907 0.0546
0.7682 0.0264 0.1923
0.7739 -0.6162 0.0640
0.7798 -0.5797 0.0634
0.7776 -0.2972 0.2621
0.7812 -0.6964 0.1593
0.7835 -0.4083 0.2188
0.7860 -0.5135 0.1120
0.7854 1.2557 0.4053
0.7968 -0.6114 0.0780
0.7943 -0.6381 0.0943
0.7945 -0.0049 0.2127
0.7944 0.1295 0.2074
0.8007 0.7116 0.3903
0.8023 -0.5674 0.0887
0.8134 0.0414 0.2084
0.8276 -1.1380 0.6617
0.8291 0.9658 0.2542
0.8347 1.2766 0.4345
0.8395 -0.8531 0.3866
0.8402 1.1616 0.3102
0.8553 -0.1503 0.2492
0.8808 1.0488 0.2672
0.9089 -1.2003 0.7799
0.9091 0.1882 0.2634
0.9089 0.9826 0.2768
0.9174 -0.2485 0.3260
0.9193 0.8832 0.3145
0.9285 0.8570 0.3384
0.9329 0.2073 0.2972
0.9360 0.1766 0.2811
0.9441 -0.0276 0.2979
0.9539 -0.5889 0.3026
0.9708 1.0562 0.3331
0.9861 -0.8239 0.4572
0.9925 -0.0775 0.3597
