points 
 2 
 1 
Tumour[19065]CD810NNCodensity
-1.3048 -0.0280 0.2987
-1.2992 0.1056 0.2596
-1.3089 1.1455 0.2241
-1.2968 0.2328 0.3149
-1.2931 1.2074 0.1898
-1.2797 -0.8810 0.3789
-1.2814 -0.5760 0.2576
-1.2668 -0.4114 0.2311
-1.2598 1.1201 0.2014
-1.2484 1.2249 0.1542
-1.2446 0.7311 0.3726
-1.2279 1.1697 0.1452
-1.2293 1.2044 0.1373
-1.2136 -0.0741 0.2482
-1.2077 -0.5325 0.1709
-1.2201 -0.1863 0.2940
-1.2068 0.7897 0.3372
-1.2104 -0.4484 0.1810
-1.2042 -0.2428 0.2795
-1.1965 -0.8893 0.2914
-1.1959 -0.5844 0.2005
-1.1969 1.2234 0.1454
-1.1923 -0.3532 0.2356
-1.1942 -0.2663 0.2743
-1.1945 0.1534 0.1828
-1.1872 -0.4413 0.1850
-1.1886 0.2349 0.2284
-1.1796 -0.9920 0.2285
-1.1796 -0.5588 0.1781
-1.1750 0.1027 0.1609
-1.1730 -1.0355 0.2230
-1.1742 0.8202 0.3031
-1.1696 0.0534 0.1598
-1.1621 0.0069 0.1799
-1.1626 -1.1639 0.3278
-1.1667 -1.0865 0.2399
-1.1585 -0.4986 0.1757
-1.1598 1.2696 0.2001
-1.1525 0.7360 0.3054
-1.1451 1.1960 0.1764
-1.1432 -1.1083 0.2506
-1.1451 1.1264 0.2172
-1.1430 0.4490 0.3460
-1.1139 0.1185 0.1518
-1.1110 -1.0612 0.2175
-1.1096 0.0654 0.1475
-1.1183 0.2902 0.2699
-1.1108 -0.5747 0.2093
-1.0986 0.1583 0.1700
-1.1087 0.7543 0.2997
-1.0771 1.2938 0.2874
-1.0891 0.0221 0.1604
-1.0726 0.4832 0.3117
-1.0629 -0.8227 0.2396
-1.0592 -0.0038 0.1718
-1.0502 -0.6388 0.2173
-1.0505 0.8875 0.2496
-1.0379 0.4647 0.3094
-1.0338 0.1869 0.1944
-1.0117 -0.9550 0.2234
-1.0015 0.5020 0.3132
-0.9964 0.1220 0.1411
-1.0017 1.0166 0.1679
-0.9990 -0.7607 0.2005
-0.9840 -0.9204 0.2214
-0.9741 0.0273 0.1292
-0.9887 -0.7336 0.1946
-0.9887 -0.0363 0.1669
-0.9771 -0.6710 0.1967
-0.9827 0.8783 0.2356
-0.9808 -0.1608 0.2856
-0.9656 0.0604 0.1215
-0.9680 0.1016 0.1341
-0.9634 0.1441 0.1597
-0.9643 1.0155 0.1378
-0.9630 -0.6494 0.2039
-0.9526 1.0558 0.1521
-0.9555 -0.8654 0.2201
-0.9453 -1.0003 0.2548
-0.9469 1.0245 0.1344
-0.9491 -0.7257 0.2051
-0.9455 0.0431 0.1200
-0.9450 1.0754 0.1630
-0.9322 -0.9637 0.2517
-0.9233 0.9902 0.1359
-0.9082 0.0143 0.1284
-0.9129 0.1115 0.1613
-0.9169 0.5574 0.3170
-0.9122 0.9406 0.1671
-0.9046 -0.0366 0.1400
-0.8998 1.0615 0.1594
-0.8877 -0.5251 0.1894
-0.8800 0.5240 0.2930
-0.8771 -0.0566 0.1492
-0.8729 1.2913 0.2390
-0.8579 -0.0018 0.1524
-0.8713 1.3134 0.2479
-0.8412 -0.0642 0.1621
-0.8387 1.2806 0.2113
-0.8439 -1.0711 0.2758
-0.8469 -0.2699 0.3026
-0.8389 -0.6095 0.2223
-0.8383 -0.5113 0.1441
-0.8336 1.1698 0.2228
-0.8348 -0.4532 0.1411
-0.8164 1.1895 0.2159
-0.8275 0.9112 0.2105
-0.8216 0.9587 0.1982
-0.8194 -0.4365 0.1379
-0.8068 0.2719 0.2474
-0.8048 -0.5223 0.1366
-0.8021 -1.1622 0.3113
-0.7992 0.8724 0.2445
-0.7977 -0.0689 0.1634
-0.7897 -0.1032 0.1937
-0.7851 -0.4500 0.1182
-0.7791 -0.5016 0.1279
-0.7648 0.2794 0.2019
-0.7542 -0.4591 0.1175
-0.7440 0.3709 0.1937
-0.7300 1.2839 0.1784
-0.7247 -0.3943 0.1371
-0.7310 0.0102 0.1565
-0.7261 0.9688 0.2190
-0.7149 0.5689 0.2567
-0.6987 -0.4351 0.1214
-0.7161 0.3755 0.1722
-0.7109 0.6118 0.2896
-0.7007 -0.4638 0.1319
-0.7101 0.0287 0.1497
-0.7013 -0.2371 0.2238
-0.7076 0.3631 0.1644
-0.6965 1.2234 0.1866
-0.6765 1.2779 0.1808
-0.6956 1.3296 0.2098
-0.6973 -1.0432 0.1862
-0.6945 -0.9381 0.2308
-0.6967 0.0109 0.1447
-0.6902 -1.1513 0.2399
-0.6933 0.1541 0.1658
-0.6855 -0.5895 0.2145
-0.6858 -1.1154 0.2099
-0.6869 -0.0303 0.1607
-0.6824 0.5456 0.2378
-0.6734 0.8286 0.2535
-0.6722 -0.3752 0.1308
-0.6704 -0.1992 0.2389
-0.6623 0.2015 0.1417
-0.6495 -0.4303 0.1198
-0.6589 1.3270 0.2011
-0.6475 -0.3363 0.1561
-0.6487 0.0269 0.1378
-0.6501 0.2759 0.1537
-0.6503 0.4827 0.2082
-0.6490 -1.0547 0.1768
-0.6488 -0.6703 0.2323
-0.6467 0.1721 0.1263
-0.6419 0.0649 0.1416
-0.6360 1.1966 0.1883
-0.6371 -0.3867 0.1265
-0.6418 0.9713 0.1829
-0.6279 -1.0264 0.1675
-0.6279 -0.2169 0.2327
-0.6338 0.1062 0.1396
-0.6288 0.3398 0.1414
-0.6198 0.9738 0.1784
-0.6118 0.2032 0.1180
-0.6076 0.9270 0.1771
-0.5991 -0.4316 0.1373
-0.6020 -0.9940 0.1652
-0.6027 -0.9428 0.1668
-0.6034 0.2263 0.1274
-0.5992 -0.4713 0.1260
-0.5958 0.8702 0.2194
-0.5964 1.0883 0.2157
-0.5971 -0.0323 0.1836
-0.5916 0.3641 0.1346
-0.5912 -0.3217 0.1830
-0.5864 0.1701 0.1244
-0.5849 -0.5305 0.1287
-0.5835 -0.5077 0.1241
-0.5853 0.3347 0.1342
-0.5741 0.3943 0.1420
-0.5656 -0.9583 0.1640
-0.5801 -0.6587 0.1641
-0.5685 1.2205 0.1695
-0.5631 -0.8412 0.2198
-0.5426 -0.6672 0.1528
-0.5619 0.9107 0.2027
-0.5552 -0.5418 0.1168
-0.5546 0.0697 0.1729
-0.5411 0.1355 0.1455
-0.5424 -0.0411 0.2226
-0.5418 0.3656 0.1346
-0.5450 1.1835 0.1645
-0.5407 0.1938 0.1264
-0.5415 0.5542 0.1974
-0.5225 -0.9197 0.1568
-0.5251 -0.6011 0.1129
-0.5380 0.2681 0.1418
-0.5300 -0.5263 0.1107
-0.5212 -0.4844 0.1316
-0.5286 0.3996 0.1389
-0.5215 1.2283 0.1475
-0.5259 -1.1634 0.2597
-0.4945 -0.5585 0.1087
-0.5145 1.3212 0.1750
-0.5145 -0.6427 0.1276
-0.5095 -0.3783 0.1920
-0.4940 0.4328 0.1418
-0.5139 0.5926 0.2018
-0.5145 0.9877 0.2008
-0.5061 1.0174 0.2025
-0.4959 1.3095 0.1636
-0.4865 0.4704 0.1411
-0.4846 1.3290 0.1826
-0.4928 0.2142 0.1325
-0.4843 -1.1625 0.2639
-0.4762 -0.6199 0.1174
-0.4830 0.1430 0.1751
-0.4816 -0.9137 0.1483
-0.4675 0.2890 0.1675
-0.4758 -0.2142 0.2203
-0.4744 -0.0992 0.2494
-0.4518 -0.5873 0.1152
-0.4748 -0.3885 0.1882
-0.4604 -0.1671 0.2254
-0.4739 1.1510 0.1401
-0.4680 -0.6469 0.1368
-0.4594 0.2626 0.1635
-0.4615 -0.5205 0.1203
-0.4590 0.2262 0.1558
-0.4535 0.4592 0.1382
-0.4501 -0.9665 0.1414
-0.4432 -0.8255 0.1803
-0.4307 -0.5435 0.1159
-0.4453 1.2457 0.1487
-0.4447 1.1028 0.1641
-0.4439 1.1803 0.1346
-0.4384 0.4931 0.1386
-0.4382 1.3257 0.2007
-0.4349 -0.7625 0.1935
-0.4368 0.6179 0.1933
-0.4269 -0.8670 0.1622
-0.4204 -0.1832 0.2073
-0.4337 0.5605 0.1454
-0.4267 -1.0674 0.1559
-0.4185 -1.0904 0.1657
-0.4139 1.1706 0.1503
-0.4143 -0.9177 0.1484
-0.4171 -0.7664 0.1979
-0.4085 -0.4920 0.1322
-0.4160 0.4501 0.1392
-0.4099 1.1120 0.1694
-0.4009 -0.9771 0.1282
-0.3773 -0.5267 0.1109
-0.3971 -0.9994 0.1219
-0.3934 1.1666 0.1670
-0.3842 -0.5937 0.1268
-0.3923 -0.3636 0.1860
-0.3874 -0.4771 0.1394
-0.3802 0.5567 0.1657
-0.3877 0.6046 0.1868
-0.3717 -0.9989 0.1272
-0.3761 -0.3491 0.1872
-0.3515 -0.5933 0.1215
-0.3619 -0.2634 0.1812
-0.3618 -1.0727 0.1625
-0.3619 0.4168 0.1823
-0.3530 0.3941 0.1936
-0.3527 -0.6772 0.1750
-0.3332 -0.4760 0.1359
-0.3272 -0.5443 0.1097
-0.3359 -1.0071 0.1541
-0.3404 0.8033 0.1621
-0.3340 0.2594 0.2184
-0.3374 0.9049 0.1964
-0.2987 -0.5202 0.1130
-0.3324 0.5034 0.1921
-0.3239 -0.5990 0.1276
-0.3006 -1.0439 0.2066
-0.3226 -0.2132 0.1738
-0.3060 1.0407 0.1954
-0.3066 -0.2963 0.1791
-0.3082 -0.6833 0.1996
-0.2964 0.8282 0.1293
-0.2944 0.9786 0.1929
-0.2832 -0.5646 0.1216
-0.2913 0.7152 0.1504
-0.2891 0.7091 0.1542
-0.2824 0.2708 0.2135
-0.2710 -0.1652 0.1723
-0.2742 0.3132 0.1966
-0.2788 0.8068 0.1141
-0.2768 0.8012 0.1138
-0.2593 -0.4969 0.1077
-0.2592 0.7822 0.1151
-0.2498 -0.1814 0.1493
-0.2532 0.8676 0.1507
-0.2508 -0.3830 0.1673
-0.2407 -0.5105 0.1003
-0.2393 -0.2108 0.1385
-0.2463 0.6396 0.1724
-0.2375 -0.4635 0.1124
-0.2218 0.6935 0.1508
-0.2316 1.1125 0.1286
-0.2091 -0.2264 0.1331
-0.2194 -0.5775 0.1311
-0.2138 0.9748 0.1319
-0.2093 0.8244 0.1599
-0.2038 1.1919 0.1821
-0.2056 -0.4801 0.0958
-0.1890 -0.5372 0.0971
-0.1860 -0.3777 0.1331
-0.1957 0.3373 0.1742
-0.1894 0.6090 0.1641
-0.1778 -0.5132 0.0926
-0.1856 -0.4305 0.1210
-0.1862 0.9802 0.1094
-0.1896 1.0995 0.0867
-0.1760 -0.4767 0.0987
-0.1869 1.0799 0.0746
-0.1798 -0.3381 0.1493
-0.1793 1.0469 0.0777
-0.1835 1.0625 0.0735
-0.1853 1.0733 0.0729
-0.1787 1.2731 0.2673
-0.1673 0.5893 0.1806
-0.1743 -0.0745 0.1808
-0.1712 0.2931 0.1654
-0.1635 1.0169 0.0880
-0.1709 0.7656 0.1800
-0.1637 0.3240 0.1546
-0.1593 1.0781 0.0753
-0.1545 -0.5533 0.1068
-0.1641 -0.2469 0.1309
-0.1617 -0.2207 0.1251
-0.1545 1.1464 0.1281
-0.1573 -0.5808 0.1285
-0.1350 -0.1574 0.1335
-0.1522 0.6742 0.1590
-0.1454 0.9389 0.1259
-0.1460 -0.1157 0.1448
-0.1394 1.0075 0.0928
-0.1440 -0.4889 0.1064
-0.1302 -0.3548 0.1264
-0.1354 -0.2319 0.1298
-0.1300 0.9828 0.0985
-0.1281 0.6217 0.1638
-0.1187 0.9479 0.1178
-0.1280 1.0869 0.0953
-0.1182 0.2853 0.1508
-0.1145 -0.3769 0.1161
-0.1043 -0.5160 0.1071
-0.1051 0.3252 0.1361
-0.1013 -0.0079 0.1484
-0.1079 0.6360 0.1664
-0.1037 1.0583 0.1122
-0.0885 -0.5636 0.1161
-0.0954 -0.2101 0.1371
-0.0998 0.3622 0.1433
-0.0884 -0.0919 0.1191
-0.0887 -0.4135 0.1236
-0.0861 -0.3944 0.1187
-0.0822 1.1102 0.1375
-0.0874 0.9854 0.1192
-0.0724 -1.0052 0.2186
-0.0751 -0.7155 0.2377
-0.0753 -0.4646 0.1233
-0.0585 -0.5537 0.1118
-0.0695 -0.0715 0.1218
-0.0584 0.0609 0.1505
-0.0681 0.8248 0.2222
-0.0650 0.9110 0.1710
-0.0616 -1.1014 0.2284
-0.0642 -0.5145 0.1130
-0.0618 -0.3251 0.1226
-0.0662 -0.1002 0.1224
-0.0644 0.4325 0.1840
-0.0607 0.5899 0.1931
-0.0571 -0.2616 0.1309
-0.0336 -0.6381 0.1620
-0.0567 -0.5854 0.1230
-0.0540 0.1758 0.1784
-0.0501 1.2319 0.2093
-0.0487 -0.1111 0.1296
-0.0465 0.0036 0.1199
-0.0454 1.0117 0.1500
-0.0392 -1.0294 0.1807
-0.0441 -0.1861 0.1398
-0.0328 -0.3261 0.1228
-0.0357 0.0336 0.1245
-0.0136 -0.4595 0.1350
-0.0249 1.0769 0.1410
-0.0321 0.3370 0.1264
-0.0278 1.1196 0.1469
-0.0311 0.4773 0.2216
-0.0265 -0.3686 0.1306
-0.0217 1.2329 0.2151
-0.0220 0.4129 0.1645
-0.0178 0.2993 0.1224
-0.0146 -0.0313 0.1189
-0.0164 -0.8825 0.2228
-0.0105 -0.7975 0.2612
-0.0022 0.1824 0.1431
-0.0116 1.3230 0.3222
0.0072 -1.0281 0.1560
0.0055 -0.2721 0.1226
0.0031 0.2752 0.1235
0.0075 -0.5843 0.1448
0.0065 -0.5002 0.1384
0.0045 -0.2966 0.1294
0.0115 0.1493 0.1345
0.0076 0.3023 0.1220
0.0098 -1.1593 0.2392
0.0130 0.0852 0.1273
0.0156 0.6882 0.1997
0.0150 -0.4349 0.1630
0.0210 0.0218 0.1149
0.0317 -0.9595 0.1550
0.0181 -0.5559 0.1470
0.0163 -0.2407 0.1301
0.0192 -0.0042 0.1153
0.0180 0.2488 0.1271
0.0465 1.1240 0.1514
0.0266 1.0941 0.1479
0.0260 -0.1776 0.1548
0.0293 0.3679 0.1563
0.0330 0.6632 0.2006
0.0369 0.7671 0.2210
0.0339 -0.6738 0.2135
0.0400 -1.0002 0.1487
0.0367 0.8819 0.2517
0.0431 -0.1541 0.1685
0.0504 0.1555 0.1237
0.0456 -1.1418 0.2141
0.0539 -0.0722 0.1453
0.0517 -0.2744 0.1590
0.0734 0.1087 0.1062
0.0642 0.2921 0.1394
0.0609 0.6582 0.2066
0.0633 -0.0128 0.1188
0.0760 0.0733 0.1110
0.0779 1.0960 0.1600
0.0861 -0.0505 0.1384
0.0824 0.7866 0.2402
0.1006 0.1541 0.1152
0.0964 0.2675 0.1566
0.1012 1.1026 0.1649
0.1085 -0.9734 0.1229
0.1031 0.0634 0.1092
0.1041 -1.0777 0.1650
0.1111 -0.8885 0.1382
0.1223 -1.0287 0.1415
0.1206 -0.9237 0.1170
0.1300 0.1202 0.0989
0.1221 -0.0024 0.1276
0.1311 1.1278 0.1707
0.1304 0.1801 0.1324
0.1339 0.0892 0.1016
0.1381 -0.6040 0.2910
0.1459 0.0510 0.1156
0.1467 -0.9834 0.1284
0.1382 0.4381 0.1993
0.1414 0.3451 0.1674
0.1568 -0.8630 0.1281
0.1553 -0.0065 0.1468
0.1620 -0.9145 0.1068
0.1587 0.1409 0.1115
0.1705 1.1191 0.1706
0.1625 -0.8890 0.1117
0.1687 -0.1009 0.2273
0.1730 -0.9991 0.1363
0.1813 0.3055 0.1713
0.1740 0.6273 0.1929
0.1808 0.6634 0.2020
0.1944 0.0862 0.1368
0.1888 0.4492 0.1634
0.2165 -0.8377 0.1329
0.1925 -1.0814 0.1626
0.2061 -0.8973 0.1226
0.2148 0.1858 0.1457
0.2100 0.3467 0.1638
0.2090 0.4080 0.1582
0.2103 -1.1251 0.2005
0.2124 0.1452 0.1350
0.2314 -0.8100 0.1435
0.2288 0.6061 0.1578
0.2331 1.1420 0.1354
0.2486 -0.9227 0.1423
0.2534 -1.0327 0.1447
0.2523 1.1177 0.1352
0.2534 0.5061 0.1216
0.2556 0.6604 0.1875
0.2678 0.1382 0.1476
0.2663 0.2278 0.1534
0.2664 1.1657 0.1160
0.2679 0.2814 0.1741
0.2710 0.6761 0.2002
0.2696 0.5204 0.1159
0.2703 -1.0162 0.1466
0.2758 -0.8300 0.1232
0.2775 0.4169 0.1534
0.2764 0.5158 0.1111
0.2860 -1.0503 0.1482
0.2881 -0.7473 0.1487
0.2811 -0.4155 0.3293
0.2915 0.5149 0.1102
0.3017 -0.8640 0.1170
0.3070 -0.9176 0.1383
0.3090 -0.7105 0.1549
0.2995 1.2008 0.1157
0.3086 1.1448 0.0956
0.3149 -0.7618 0.1301
0.3153 -0.4883 0.2915
0.3168 0.1981 0.1367
0.3209 1.1095 0.1206
0.3138 1.1754 0.0986
0.3217 -1.0158 0.1513
0.3162 0.5176 0.1121
0.3322 0.1534 0.1367
0.3293 1.2145 0.1184
0.3320 -0.8549 0.1206
0.3395 -0.8906 0.1358
0.3365 0.3617 0.1640
0.3384 1.1492 0.0985
0.3467 0.1876 0.1338
0.3484 0.9498 0.2138
0.3515 -0.6478 0.1711
0.3417 0.5303 0.1310
0.3448 0.9811 0.1893
0.3474 -1.0995 0.1523
0.3475 0.4739 0.1129
0.3600 -1.1174 0.1656
0.3588 1.2605 0.1596
0.3622 -0.8365 0.1183
0.3686 0.4418 0.1234
0.3737 -0.7772 0.1095
0.3737 0.1650 0.1424
0.3713 0.2948 0.1731
0.3753 0.9034 0.2585
0.3806 1.1069 0.1263
0.3812 -0.7248 0.1121
0.3886 0.6528 0.2214
0.3827 0.9720 0.1820
0.3880 -0.3767 0.2627
0.3806 -0.3444 0.2852
0.3879 1.1474 0.1153
0.4003 1.2780 0.1822
0.3874 0.1059 0.1820
0.3937 1.0294 0.1582
0.3944 0.1076 0.1848
0.4110 -0.6869 0.1198
0.3999 1.1948 0.1252
0.4000 -1.1254 0.1823
0.4089 -1.0688 0.1446
0.4072 0.6935 0.2508
0.4109 -0.9508 0.1806
0.4129 -0.7930 0.1038
0.4057 0.4200 0.1479
0.4031 0.4492 0.1392
0.3996 0.4547 0.1370
0.4079 0.2652 0.1871
0.4217 -0.8135 0.1100
0.4153 -0.7698 0.1003
0.4233 -0.7332 0.1020
0.4205 0.3290 0.1870
0.4293 -1.0398 0.1432
0.4240 -0.6526 0.1469
0.4514 -0.6848 0.1240
0.4399 0.6746 0.2592
0.4409 1.0972 0.1315
0.4429 1.1879 0.1308
0.4460 -0.3939 0.2274
0.4684 1.1153 0.1249
0.4602 -1.0378 0.1371
0.4688 1.1852 0.1307
0.4759 -0.3667 0.2269
0.4823 -0.8463 0.1266
0.4843 -0.7536 0.1111
0.4974 -0.6620 0.1332
0.4891 -0.7701 0.1037
0.4900 0.1390 0.2267
0.5016 1.0678 0.1304
0.4946 -0.8186 0.1100
0.4982 -0.7891 0.1071
0.5014 -0.9549 0.1338
0.5075 1.0373 0.1459
0.5052 1.2085 0.1457
0.5180 -1.0566 0.1412
0.5168 -0.8196 0.1242
0.5200 -1.0153 0.1149
0.5307 1.3175 0.1995
0.5320 -0.9712 0.1100
0.5305 1.1245 0.1305
0.5427 0.3363 0.2606
0.5442 1.0519 0.1488
0.5433 -1.0151 0.1137
0.5433 0.7649 0.2984
0.5445 1.2084 0.1468
0.5510 1.0853 0.1393
0.5529 -0.9004 0.1332
0.5518 -0.6546 0.1120
0.5584 -0.6117 0.1145
0.5653 -0.9716 0.1033
0.5597 0.9853 0.2197
0.5693 -0.6370 0.1029
0.5751 -0.6578 0.1086
0.5730 1.2287 0.1437
0.5727 0.0514 0.3148
0.5867 0.7596 0.3186
0.5751 -0.3712 0.1828
0.5780 0.0360 0.3330
0.5867 1.3012 0.1819
0.5834 -0.9065 0.1317
0.5996 -1.0201 0.1419
0.5942 -0.4355 0.1486
0.5969 -0.6755 0.1216
0.6001 -0.6292 0.1047
0.6027 -0.5837 0.1176
0.6082 -0.9771 0.1258
0.6136 -0.4210 0.1273
0.6304 -0.9483 0.1385
0.6211 0.1619 0.2929
0.6264 1.2916 0.1867
0.6288 -0.4011 0.1243
0.6259 1.1325 0.1994
0.6320 -0.8747 0.1393
0.6352 -0.5845 0.1267
0.6417 -0.5164 0.1424
0.6410 1.2299 0.1767
0.6446 -0.8185 0.1544
0.6528 -0.5597 0.1469
0.6609 -0.4153 0.1098
0.6482 0.6894 0.3598
0.6575 0.3420 0.2324
0.6623 1.2703 0.1959
0.6636 -0.8448 0.1402
0.6674 0.3670 0.2312
0.6864 -0.8031 0.1367
0.6715 -0.7203 0.1561
0.6795 -0.4902 0.1352
0.6908 -0.3970 0.1147
0.6989 0.3512 0.2084
0.7025 -0.6810 0.1423
0.7011 0.2386 0.2657
0.7037 -0.4578 0.1214
0.7044 0.7260 0.3536
0.7160 -0.8958 0.1458
0.7202 -0.3905 0.1214
0.7328 -0.4336 0.1174
0.7418 -0.7465 0.1195
0.7562 -0.3882 0.1322
0.7528 -0.8760 0.1284
0.7543 -0.8347 0.1199
0.7585 -0.7098 0.1090
0.7595 -0.6517 0.1177
0.7714 -0.6282 0.1239
0.7666 1.0405 0.3007
0.7724 -0.6645 0.1099
0.7780 -0.5162 0.1666
0.7748 -0.7552 0.1138
0.7851 1.1503 0.2639
0.7832 -0.7665 0.1143
0.7884 -0.3862 0.1345
0.7995 0.3890 0.1748
0.7994 0.3427 0.1807
0.8206 -0.8340 0.1207
0.8017 1.3295 0.3534
0.8019 -0.8888 0.1284
0.8163 -0.8021 0.1264
0.8061 -0.8918 0.1300
0.8285 -0.6489 0.1057
0.8203 -0.5887 0.1214
0.8193 -0.4253 0.1300
0.8300 -0.7000 0.1147
0.8284 0.3914 0.1676
0.8444 -0.6054 0.1113
0.8463 -0.4736 0.1337
0.8524 -0.2996 0.1768
0.8411 -0.2684 0.2136
0.8465 -0.9003 0.1454
0.8547 -0.7391 0.1369
0.8521 1.0879 0.2754
0.8620 -0.6836 0.1179
0.8845 -0.6436 0.1059
0.8561 -0.4155 0.1191
0.8757 -0.3749 0.1287
0.8530 1.1066 0.2687
0.8669 0.4026 0.1546
0.8660 -0.5548 0.1192
0.9162 -0.5353 0.1161
0.9006 -0.4902 0.1137
0.8807 0.3020 0.2155
0.8888 -0.5801 0.1084
0.9132 -0.3298 0.1459
0.8794 0.4264 0.1586
0.8793 0.8054 0.2031
0.8946 -1.1162 0.2532
0.8956 -1.0129 0.1753
0.8974 0.8297 0.1833
0.9031 -0.8646 0.1698
0.9107 -0.4335 0.1008
0.9176 -0.6718 0.1184
0.9192 -1.0392 0.1721
0.9272 -0.4087 0.1084
0.9215 0.4525 0.1773
0.9223 0.5057 0.2230
0.9284 -0.5909 0.1053
0.9210 0.8226 0.1656
0.9359 -0.4551 0.1018
0.9359 0.9171 0.2222
0.9385 -0.8866 0.1782
0.9444 -0.4374 0.1032
0.9435 -0.9878 0.1531
0.9479 -0.6349 0.1115
0.9519 -0.6765 0.1337
0.9925 -0.3957 0.1215
0.9554 -0.9469 0.1561
0.9645 -0.5715 0.1131
0.9583 -1.1527 0.2591
0.9644 0.8467 0.1510
0.9637 -0.4745 0.1088
0.9614 0.2934 0.2344
0.9651 0.8099 0.1468
0.9690 0.4604 0.1972
0.9664 -1.0038 0.1527
0.9804 -0.3249 0.1365
0.9690 1.1365 0.2832
0.9792 -0.6312 0.1188
0.9853 -0.2834 0.1642
0.9897 0.7656 0.1732
0.9946 -0.5623 0.1227
1.0025 -0.5124 0.1291
1.0002 1.2284 0.3456
1.0216 -0.4549 0.1405
1.0220 -0.3523 0.1216
1.0108 0.3706 0.2059
1.0268 -0.3182 0.1232
1.0266 -0.7539 0.1738
1.0227 0.8172 0.1593
1.0191 -0.1263 0.3045
1.0329 0.0613 0.4775
1.0250 1.1700 0.3106
1.0340 -1.0503 0.1776
1.0596 -0.4044 0.1338
1.0399 -0.5765 0.1241
1.0704 -0.2932 0.1207
1.0479 -0.7154 0.1459
1.0517 -0.6556 0.1459
1.0523 0.7736 0.1966
1.0562 -0.9009 0.1891
1.0626 -0.7661 0.1663
1.0681 -0.6936 0.1435
1.0659 0.4900 0.1863
1.0707 -1.0040 0.1561
1.0731 0.2872 0.2904
1.0846 0.8397 0.1917
1.0894 -0.9992 0.1592
1.0872 -0.5434 0.1118
1.0997 -0.3721 0.1127
1.1002 -0.5805 0.1121
1.1003 -0.3240 0.1079
1.0996 0.3633 0.2384
1.1041 -0.5273 0.1152
1.1064 -0.8946 0.2032
1.1056 0.5654 0.2032
1.1080 0.5711 0.2071
1.1115 0.9748 0.2419
1.1166 -0.2600 0.1311
1.1290 -1.1381 0.3020
1.1223 -0.9903 0.1805
1.1224 -0.5695 0.1074
1.1296 -0.3395 0.1107
1.1278 -0.4212 0.1399
1.1233 0.5319 0.1899
1.1338 -0.2286 0.1655
1.1387 -0.5253 0.1221
1.1371 -0.2908 0.1185
1.1401 0.9638 0.2381
1.1432 -0.5706 0.1165
1.1460 -0.9831 0.2074
1.1446 0.5864 0.2317
1.1591 -0.6773 0.1547
1.1563 -0.3987 0.1462
1.1495 -0.7592 0.1688
1.1629 -0.2237 0.1897
1.1607 0.9252 0.2383
1.1679 -0.7198 0.1669
1.1638 -0.3464 0.1359
1.1665 -0.6154 0.1513
1.1701 0.4251 0.2354
1.1679 0.7861 0.2745
1.1702 1.1430 0.3749
1.1719 -0.4944 0.1579
1.1787 0.9683 0.2689
1.1806 0.4859 0.2282
1.1817 -0.7599 0.1956
