points 
 2 
 1 
Tumour[19065]CD6810NNCodensity
-1.0622 -1.0626 0.1863
-1.0536 -1.0191 0.2102
-1.0577 -0.3501 0.1481
-1.0510 -0.0654 0.1636
-1.0553 -0.0221 0.1359
-1.0585 0.0072 0.1273
-1.0623 0.0448 0.1265
-1.0595 0.3072 0.2178
-1.0592 0.3372 0.2068
-1.0511 0.4399 0.1843
-1.0555 0.5840 0.1637
-1.0597 0.8273 0.1781
-1.0339 0.8603 0.1725
-1.0539 1.0679 0.1658
-1.0569 1.1407 0.1949
-1.0496 0.5251 0.1656
-1.0561 1.0042 0.1862
-1.0518 0.0828 0.1293
-1.0437 0.7993 0.1534
-1.0456 -1.1170 0.1440
-1.0416 -0.3689 0.1425
-1.0458 -0.2367 0.1641
-1.0463 0.3685 0.1856
-1.0272 0.0653 0.1061
-1.0335 -0.8812 0.2813
-1.0215 0.1192 0.1369
-1.0272 0.7433 0.1414
-1.0266 -1.2237 0.1774
-1.0253 -0.1767 0.1876
-1.0034 0.6122 0.1205
-1.0046 0.5456 0.1220
-1.0070 -1.1651 0.1167
-1.0096 0.6937 0.1308
-1.0085 -0.3141 0.1004
-1.0042 -0.2721 0.1158
-1.0004 0.7237 0.1268
-1.0101 1.1099 0.1448
-1.0102 -1.1874 0.1289
-0.9983 -0.0108 0.1120
-0.9937 0.3831 0.1737
-1.0004 1.0304 0.1294
-0.9765 0.7483 0.1287
-0.9931 1.2497 0.2516
-0.9957 -1.1001 0.1206
-0.9866 -0.8493 0.2660
-0.9976 -0.5348 0.2411
-0.9874 -0.3692 0.1071
-0.9879 -0.3320 0.0923
-0.9854 0.0954 0.1084
-0.9697 0.0626 0.1026
-0.9801 -0.2570 0.1159
-0.9740 0.5174 0.1289
-0.9793 0.3349 0.1804
-0.9662 0.5949 0.0968
-0.9761 0.9882 0.1378
-0.9697 -1.1130 0.1153
-0.9620 -0.0162 0.1093
-0.9524 1.0614 0.1079
-0.9647 -0.7754 0.2482
-0.9608 -0.3801 0.1131
-0.9598 -0.3196 0.1002
-0.9695 0.6353 0.1012
-0.9612 1.1024 0.1256
-0.9622 -0.0644 0.1235
-0.9626 0.7776 0.1362
-0.9589 0.0166 0.1057
-0.9489 0.0973 0.1121
-0.9569 0.8766 0.1283
-0.9575 1.1828 0.1753
-0.9513 -0.2760 0.1096
-0.9526 -1.1618 0.1102
-0.9422 0.0471 0.1043
-0.9456 0.6562 0.1019
-0.9384 0.9280 0.1143
-0.9506 0.2552 0.1941
-0.9312 0.5040 0.1434
-0.9446 -1.0953 0.1362
-0.9335 -0.3615 0.1090
-0.9297 1.2207 0.2113
-0.9373 0.5552 0.1063
-0.9376 -1.1897 0.1323
-0.9342 -0.0784 0.1216
-0.9167 0.6737 0.1245
-0.9400 1.0245 0.1060
-0.9351 0.1554 0.1461
-0.9244 -0.1050 0.1329
-0.9266 0.6160 0.0912
-0.9129 0.5690 0.1117
-0.9159 -0.4073 0.1255
-0.9049 0.7952 0.1245
-0.9071 -0.2545 0.1153
-0.9158 -1.2169 0.1765
-0.8992 -0.6153 0.1255
-0.9186 -0.2006 0.1401
-0.9076 0.4621 0.1940
-0.9205 -1.1208 0.1407
-0.9180 -0.9927 0.2097
-0.9232 0.8821 0.0975
-0.9081 1.0389 0.0966
-0.9109 0.0040 0.1164
-0.9171 0.2052 0.1693
-0.8960 -0.7747 0.2128
-0.8999 1.1019 0.1278
-0.9030 -0.5893 0.1328
-0.9035 0.8640 0.0918
-0.9055 0.6050 0.1045
-0.9031 0.6430 0.1150
-0.8955 0.9817 0.1079
-0.9005 -0.9655 0.2240
-0.8902 0.9145 0.0880
-0.8957 1.0709 0.1022
-0.8832 -0.4368 0.1387
-0.8697 -0.2882 0.1092
-0.8899 0.1092 0.1328
-0.8849 -0.5734 0.1331
-0.8862 -0.0397 0.1225
-0.8777 0.8137 0.1109
-0.8743 1.0265 0.0938
-0.8732 -0.6988 0.1467
-0.8699 -0.3607 0.1069
-0.8758 -0.1219 0.1251
-0.8756 0.8839 0.0878
-0.8765 0.9383 0.0990
-0.8697 0.8468 0.0973
-0.8670 -0.6437 0.1110
-0.8729 -0.5262 0.1648
-0.8723 -0.2360 0.1138
-0.8703 0.0710 0.1327
-0.8529 0.7734 0.1325
-0.8656 -0.3951 0.1093
-0.8446 -0.2445 0.1070
-0.8561 0.9120 0.0970
-0.8525 -0.6223 0.1063
-0.8565 -0.1282 0.1264
-0.8416 0.0052 0.1256
-0.8483 0.3263 0.1948
-0.8537 1.0514 0.1061
-0.8334 -0.2730 0.1044
-0.8502 0.2418 0.1498
-0.8456 0.9668 0.1125
-0.8356 -0.6563 0.1111
-0.8359 -0.0767 0.1151
-0.8218 -0.3629 0.1036
-0.8301 -0.3312 0.1031
-0.8335 0.1074 0.1321
-0.8295 1.0319 0.1190
-0.8244 -0.1930 0.1306
-0.8228 -0.6106 0.1245
-0.8203 0.8728 0.1183
-0.8222 1.0164 0.1256
-0.8107 0.1628 0.1248
-0.7916 -0.1131 0.1071
-0.8111 0.7495 0.1400
-0.8136 -0.4195 0.1361
-0.8074 -1.0354 0.1771
-0.8028 -0.3177 0.1079
-0.8010 -0.0602 0.1090
-0.8114 0.1923 0.1204
-0.8093 1.2394 0.2731
-0.8019 -0.3741 0.1133
-0.7882 -0.2551 0.1142
-0.8033 0.8030 0.1290
-0.7834 0.3257 0.1630
-0.7860 0.5833 0.1844
-0.7928 0.0096 0.1128
-0.7818 0.0514 0.1144
-0.7790 -0.7026 0.1535
-0.7782 0.7466 0.1498
-0.7823 -0.6783 0.1492
-0.7558 0.0817 0.1130
-0.7798 0.1411 0.1179
-0.7788 0.2606 0.1174
-0.7791 0.8697 0.1597
-0.7711 -0.0418 0.1113
-0.7719 -0.8958 0.1405
-0.7674 -1.0163 0.1417
-0.7637 -0.8240 0.1537
-0.7693 0.2120 0.1020
-0.7647 -0.0816 0.1100
-0.7594 -0.8541 0.1444
-0.7567 -0.9274 0.1342
-0.7462 -0.1655 0.1132
-0.7613 -1.1464 0.1716
-0.7594 0.0098 0.1159
-0.7539 1.1656 0.2391
-0.7502 -0.6917 0.1747
-0.7498 0.0412 0.1165
-0.7530 0.2392 0.1065
-0.7519 0.5226 0.1923
-0.7496 0.7272 0.1529
-0.7270 0.1990 0.0993
-0.7459 -0.1318 0.1145
-0.7447 0.7025 0.1476
-0.7474 -0.2341 0.1168
-0.7367 -1.2089 0.2056
-0.7355 -1.0940 0.1282
-0.7411 -0.3763 0.1510
-0.7270 0.3377 0.1607
-0.7325 -0.3073 0.1310
-0.7332 -0.1029 0.1223
-0.7289 0.2528 0.1059
-0.7344 0.5316 0.1747
-0.7229 0.9488 0.1864
-0.7341 -0.9055 0.1261
-0.7288 -0.2618 0.1189
-0.7249 -0.8121 0.1540
-0.7109 0.6264 0.1286
-0.7245 -1.0255 0.1154
-0.7233 0.1496 0.1028
-0.7133 -0.1674 0.1131
-0.7147 -0.9312 0.1298
-0.7114 -1.0459 0.1090
-0.7018 0.4340 0.1918
-0.7045 0.6479 0.1258
-0.6932 -0.8473 0.1519
-0.6969 0.1211 0.0962
-0.6927 0.9755 0.1887
-0.6933 1.1915 0.2917
-0.6904 -0.2266 0.1037
-0.6934 0.0909 0.1016
-0.6924 0.2489 0.1075
-0.6877 0.1930 0.0987
-0.6844 -0.1898 0.1100
-0.6652 0.0667 0.1132
-0.6742 -1.2190 0.1935
-0.6620 0.0054 0.1265
-0.6747 0.1185 0.0933
-0.6783 -0.5576 0.2867
-0.6777 -1.1195 0.1281
-0.6816 -1.1003 0.1223
-0.6805 -1.0003 0.1200
-0.6757 0.1653 0.0929
-0.6754 1.0841 0.2167
-0.6688 0.6533 0.1196
-0.6692 -1.0531 0.1141
-0.6652 -0.3004 0.1279
-0.6642 -0.2086 0.1095
-0.6607 0.2792 0.1257
-0.6571 0.6331 0.1178
-0.6638 -0.4025 0.1918
-0.6495 0.2159 0.1131
-0.6585 0.6076 0.1244
-0.6251 0.9598 0.1869
-0.6515 -1.0047 0.1285
-0.6404 0.0414 0.1121
-0.6377 -0.2619 0.1130
-0.6393 -0.3114 0.1313
-0.6397 -1.1411 0.1502
-0.6323 -0.0296 0.1142
-0.6355 0.1191 0.1037
-0.6259 0.1747 0.1068
-0.6258 -0.2315 0.1104
-0.6277 0.8887 0.2101
-0.6346 -0.9775 0.1477
-0.6275 0.2854 0.1300
-0.6281 1.0365 0.1887
-0.6195 -0.8338 0.2150
-0.6185 -0.0752 0.1403
-0.6195 0.3180 0.1379
-0.6237 0.4152 0.1522
-0.6194 0.5076 0.1618
-0.6114 -1.1876 0.1868
-0.6118 0.6600 0.1235
-0.6029 0.4734 0.1534
-0.6042 -0.0242 0.0990
-0.5992 -0.1674 0.1439
-0.6053 0.1412 0.1154
-0.6037 0.6070 0.1316
-0.5983 0.8388 0.2370
-0.5909 0.0098 0.0979
-0.5737 0.1692 0.1205
-0.5928 0.7701 0.2064
-0.5837 -0.3560 0.1358
-0.5820 -0.2450 0.1238
-0.5656 0.3073 0.1261
-0.5845 0.3779 0.1466
-0.5830 -0.0541 0.1182
-0.5706 -0.6837 0.2531
-0.5689 -0.1943 0.1394
-0.5663 0.0707 0.1147
-0.5659 0.2044 0.1286
-0.5582 1.0198 0.1805
-0.5669 -0.3874 0.1474
-0.5605 -1.0558 0.1394
-0.5615 -0.0279 0.1083
-0.5659 0.0259 0.1011
-0.5607 0.4482 0.1566
-0.5618 0.6256 0.1445
-0.5570 0.7189 0.1779
-0.5580 -0.3116 0.1268
-0.5527 0.4989 0.1660
-0.5565 0.6696 0.1507
-0.5481 -1.1946 0.2284
-0.5545 -1.0305 0.1279
-0.5358 0.0813 0.1107
-0.5494 0.2740 0.1259
-0.5439 -1.0074 0.1297
-0.5384 -0.7276 0.2137
-0.5321 -0.3519 0.1222
-0.5293 0.4242 0.1657
-0.5243 -1.0468 0.1247
-0.5140 0.9926 0.1945
-0.5188 0.1743 0.1333
-0.5162 0.0005 0.1183
-0.5164 -0.8825 0.2251
-0.5166 -0.2037 0.1417
-0.5016 0.3159 0.1299
-0.5045 0.6092 0.1787
-0.5169 0.0430 0.1077
-0.5014 0.0987 0.1059
-0.5008 -0.2509 0.1299
-0.5088 0.1361 0.1150
-0.5114 0.2747 0.1238
-0.5103 1.0919 0.2009
-0.5007 -0.9787 0.1404
-0.5103 -0.4200 0.1529
-0.5038 1.0742 0.1924
-0.4761 -0.3426 0.1216
-0.4732 -1.0400 0.1126
-0.4949 -0.3113 0.1211
-0.4901 1.2678 0.2882
-0.4867 -0.0792 0.1286
-0.4730 -1.0112 0.1226
-0.4781 -0.6653 0.1884
-0.4656 0.3166 0.1300
-0.4779 -0.1372 0.1345
-0.4693 0.0749 0.1053
-0.4619 -0.0373 0.1152
-0.4726 0.2851 0.1167
-0.4684 -0.7343 0.1580
-0.4494 -0.3116 0.1176
-0.4562 -0.1206 0.1165
-0.4637 1.2591 0.2687
-0.4540 0.1401 0.1180
-0.4500 -0.3834 0.1188
-0.4530 -0.2409 0.1218
-0.4299 0.1161 0.1078
-0.4321 0.0444 0.1180
-0.4115 -0.4242 0.1313
-0.4354 -0.4480 0.1530
-0.4231 -0.1097 0.1028
-0.4402 0.0011 0.1116
-0.4300 -1.0603 0.1384
-0.4298 0.5905 0.2258
-0.4289 1.0588 0.1910
-0.4143 0.0826 0.1160
-0.4281 0.5642 0.2262
-0.4262 -1.0919 0.1561
-0.4121 -1.0326 0.1519
-0.4179 -0.0378 0.0988
-0.4234 0.2504 0.1111
-0.4197 -1.1246 0.1701
-0.4186 -0.7428 0.1225
-0.4131 -0.1925 0.1198
-0.4143 -0.2575 0.1131
-0.3970 -0.0141 0.0981
-0.4149 1.2556 0.2562
-0.4114 1.0230 0.1880
-0.4111 0.2301 0.1088
-0.4079 0.2989 0.1221
-0.4076 -0.8923 0.1798
-0.3820 -0.3780 0.1166
-0.3963 -0.4606 0.1551
-0.3968 -0.1145 0.1018
-0.3978 -0.3450 0.1139
-0.3837 0.1451 0.1087
-0.3944 -0.2343 0.1111
-0.3948 -0.7398 0.1069
-0.3893 0.8063 0.3185
-0.3813 -1.2064 0.2192
-0.3892 -0.7767 0.1177
-0.3905 -0.0873 0.0949
-0.3890 0.2325 0.1005
-0.3810 0.1706 0.1047
-0.3774 1.2471 0.2547
-0.3518 -0.7932 0.1131
-0.3712 -0.2484 0.1066
-0.3760 -0.1631 0.1123
-0.3821 -0.0378 0.0935
-0.3636 0.4969 0.2498
-0.3715 1.0416 0.1832
-0.3710 -1.2219 0.2325
-0.3738 0.2503 0.1033
-0.3709 -0.7486 0.0998
-0.3547 -0.0513 0.0897
-0.3681 -0.8613 0.1503
-0.3662 -0.9356 0.1688
-0.3693 -0.5852 0.1581
-0.3659 -0.2995 0.1112
-0.3629 0.1032 0.1228
-0.3646 0.3115 0.1518
-0.3576 -0.6705 0.1192
-0.3171 -0.1966 0.1111
-0.3526 0.1738 0.1007
-0.3494 -0.3605 0.1291
-0.3487 -0.7070 0.1011
-0.3473 -0.1093 0.0931
-0.3370 -1.2233 0.2472
-0.3343 -0.6248 0.1246
-0.3267 -0.6912 0.1048
-0.3175 -0.4960 0.1358
-0.3338 -0.3087 0.1187
-0.3191 -0.0938 0.0913
-0.3354 -0.0123 0.1048
-0.3106 0.1572 0.1095
-0.3300 0.2199 0.1003
-0.3065 -0.1574 0.1040
-0.3170 -0.1292 0.0942
-0.3255 -0.0373 0.0974
-0.3230 0.0150 0.1237
-0.3099 -0.3741 0.1559
-0.3113 -0.7323 0.0985
-0.2911 -0.6673 0.1224
-0.2995 1.0457 0.1532
-0.3147 -0.8408 0.1407
-0.3143 -0.5729 0.1173
-0.3136 -0.2525 0.1136
-0.2942 0.1998 0.0988
-0.2967 -0.5431 0.1141
-0.3022 0.2247 0.1038
-0.3055 0.6754 0.3083
-0.2991 -0.2237 0.1145
-0.2996 0.0931 0.1349
-0.2996 1.2445 0.2767
-0.2923 -0.9233 0.1580
-0.2881 -0.0811 0.0981
-0.2808 -0.9826 0.1703
-0.2867 -0.7588 0.1012
-0.2729 -0.7456 0.1002
-0.2884 0.7961 0.3141
-0.2762 -0.9551 0.1658
-0.2821 -0.4847 0.1354
-0.2701 -0.2618 0.1278
-0.2844 -0.1362 0.1064
-0.2782 1.0095 0.1482
-0.2813 -0.8143 0.1319
-0.2772 -0.5190 0.1222
-0.2701 0.0043 0.1319
-0.2753 0.4252 0.1842
-0.2677 0.2231 0.1010
-0.2645 1.0722 0.1519
-0.2567 -0.0889 0.1052
-0.2653 -0.5828 0.1220
-0.2611 0.0850 0.1462
-0.2455 -0.4544 0.1450
-0.2562 -1.0010 0.1885
-0.2506 -0.7698 0.1210
-0.2491 0.5264 0.2373
-0.2434 -1.2162 0.2903
-0.2465 0.1339 0.1173
-0.2439 0.2103 0.0958
-0.2397 0.3210 0.1348
-0.2517 1.0034 0.1394
-0.2375 -0.7360 0.1265
-0.2483 -0.5822 0.1297
-0.2443 0.8939 0.2156
-0.2381 0.2648 0.1129
-0.2363 1.1312 0.1906
-0.2300 0.1597 0.1064
-0.2383 -0.0425 0.1231
-0.2012 -0.4167 0.1329
-0.2237 -0.2549 0.1444
-0.2256 -0.2228 0.1427
-0.2248 0.4683 0.1785
-0.2273 0.9910 0.1339
-0.2201 -0.7015 0.1516
-0.2147 -0.0821 0.1196
-0.2114 0.1751 0.1049
-0.2084 -1.0881 0.2362
-0.2105 -1.0315 0.2185
-0.2119 -0.0605 0.1237
-0.2124 0.3106 0.1166
-0.1910 -0.5962 0.1461
-0.2067 0.3409 0.1222
-0.1914 0.4347 0.1479
-0.1946 0.1961 0.1037
-0.1911 0.9850 0.1342
-0.1768 -0.2617 0.1593
-0.1835 0.2896 0.1094
-0.1822 1.1060 0.1695
-0.1752 -0.3578 0.1422
-0.1757 0.2084 0.1066
-0.1841 0.3715 0.1243
-0.1739 -0.3915 0.1305
-0.1604 0.2481 0.1094
-0.1692 -0.1270 0.1381
-0.1604 -0.4224 0.1225
-0.1530 0.9772 0.1456
-0.1496 -0.5813 0.1320
-0.1446 0.3872 0.1323
-0.1459 -0.4025 0.1250
-0.1526 0.0387 0.1984
-0.1403 -0.4648 0.1329
-0.1364 -0.1046 0.1138
-0.1272 0.1659 0.1208
-0.1489 1.1002 0.1772
-0.1347 -0.6089 0.1394
-0.1264 -0.0544 0.1322
-0.1285 0.9977 0.1565
-0.1235 -0.5655 0.1198
-0.1152 -0.2715 0.1655
-0.1289 0.2725 0.1253
-0.1248 -0.4986 0.1391
-0.1218 0.9656 0.1763
-0.1205 1.0543 0.1687
-0.1174 -0.2909 0.1648
-0.1019 0.3649 0.1285
-0.1123 0.2584 0.1275
-0.1127 -0.1392 0.1151
-0.0978 0.2040 0.1214
-0.1133 0.1206 0.1572
-0.1097 0.4103 0.1304
-0.1014 -1.0791 0.2455
-0.0969 0.4657 0.1713
-0.0689 -0.1256 0.0988
-0.0873 -0.6140 0.1327
-0.0655 -0.4045 0.1447
-0.0792 0.1585 0.1477
-0.0704 -0.0613 0.1250
-0.0749 -0.1580 0.1102
-0.0759 -0.0925 0.1026
-0.0598 -0.6068 0.1294
-0.0672 -0.4877 0.1278
-0.0241 -0.4605 0.1240
-0.0507 0.3081 0.1229
-0.0437 -0.5217 0.1226
-0.0467 -0.2250 0.1416
-0.0496 -0.0910 0.1061
-0.0560 0.1783 0.1542
-0.0466 -0.5613 0.1196
-0.0273 0.3702 0.1120
-0.0357 0.4300 0.1432
-0.0413 -1.1092 0.2141
-0.0421 -0.1943 0.1274
-0.0414 0.3969 0.1199
-0.0289 0.7864 0.2310
-0.0055 -0.6079 0.1494
-0.0142 -0.1549 0.1089
-0.0148 0.3053 0.1192
-0.0218 -0.4109 0.1344
-0.0204 0.3416 0.1130
-0.0115 -1.1413 0.2111
-0.0039 1.2286 0.3739
0.0223 -0.3000 0.1255
0.0057 -1.0754 0.1930
0.0093 -0.1306 0.1117
0.0203 -0.5830 0.1448
0.0138 -0.3757 0.1316
0.0098 0.7237 0.2140
0.0124 0.7969 0.1963
0.0168 0.2410 0.1619
0.0174 -0.4873 0.1229
0.0270 -0.4154 0.1234
0.0167 -0.0834 0.1226
0.0178 0.2877 0.1337
0.0245 0.8773 0.2048
0.0282 -0.2626 0.1195
0.0295 -0.0459 0.1605
0.0300 -0.5387 0.1303
0.0417 0.4234 0.1714
0.0330 0.9681 0.2403
0.0366 0.3373 0.1283
0.0409 -0.1917 0.1199
0.0394 -0.3275 0.1174
0.0424 0.6696 0.2197
0.0500 0.8490 0.1863
0.0494 -0.1361 0.1189
0.0573 -0.2544 0.1096
0.0663 -0.5040 0.1220
0.0755 -0.3786 0.1248
0.0764 -0.2213 0.1229
0.0725 -1.1540 0.1772
0.0761 0.5974 0.2154
0.0773 1.0973 0.2929
0.0784 -0.6873 0.2527
0.0773 -0.1006 0.1386
0.0889 -0.2936 0.1048
0.0812 0.2859 0.1682
0.0944 -1.1415 0.1647
0.1058 -0.3254 0.1138
0.0944 -0.4566 0.1070
0.0962 -1.0552 0.1710
0.0944 -0.1464 0.1403
0.0975 0.4377 0.1926
0.1087 -0.4928 0.1095
0.1161 -0.4301 0.1038
0.1163 0.9184 0.2191
0.1211 0.3356 0.1747
0.1236 -0.2836 0.1177
0.1256 -1.0893 0.1594
0.1208 0.7482 0.1905
0.1276 0.5926 0.1867
0.1315 -0.2610 0.1301
0.1405 -0.5120 0.1328
0.1376 -0.4701 0.1007
0.1337 -0.6445 0.2326
0.1371 -1.0646 0.1690
0.1412 1.0616 0.2780
0.1541 -0.4225 0.0961
0.1521 -0.1063 0.2063
0.1513 0.8155 0.1892
0.1613 -0.3753 0.1028
0.1710 -1.0254 0.1916
0.1689 -0.3508 0.1090
0.1747 -0.4268 0.0970
0.1710 0.5229 0.1632
0.1756 0.5666 0.1653
0.1785 1.2247 0.3952
0.1835 0.4487 0.1690
0.1797 -0.4617 0.1101
0.1800 0.3443 0.1825
0.1966 -0.2532 0.1648
0.1870 -0.8264 0.2440
0.1884 -0.3565 0.1092
0.1876 -1.1408 0.1918
0.1934 0.6894 0.1909
0.2082 0.8555 0.2093
0.2112 -0.3758 0.1149
0.2044 0.2284 0.2508
0.2025 0.5181 0.1605
0.2025 0.7560 0.1943
0.2178 0.3570 0.1858
0.2310 -0.3231 0.1446
0.2141 -1.2140 0.2504
0.2181 0.0246 0.3403
0.2196 1.0164 0.2719
0.2354 -0.4248 0.1279
0.2481 -0.9857 0.1989
0.2446 0.5038 0.1751
0.2455 0.6629 0.1968
0.2591 -0.7478 0.2431
0.2496 -0.8891 0.2043
0.2697 0.3504 0.2018
0.2569 -0.9247 0.1973
0.2545 -0.6776 0.2637
0.2609 -0.4762 0.1543
0.2583 0.7557 0.1931
0.2748 0.2411 0.2734
0.2777 -0.2671 0.2179
0.2846 -0.9017 0.2009
0.2872 -0.7520 0.2443
0.2942 -0.0982 0.3252
0.2979 -0.4627 0.1424
0.2967 0.4801 0.1898
0.3047 0.9732 0.2645
0.3019 -1.1720 0.2408
0.3057 0.5780 0.1942
0.3071 0.8561 0.2417
0.3144 -1.0052 0.2212
0.3208 1.1633 0.3246
0.3448 0.3591 0.2171
0.3337 -0.3933 0.1504
0.3427 -0.4504 0.1319
0.3485 -0.5413 0.1893
0.3499 -1.1688 0.2387
0.3601 -0.5247 0.1710
0.3616 0.8384 0.2444
0.3709 -0.4006 0.1422
0.3646 0.6843 0.1718
0.3915 -1.1989 0.2558
0.3937 -0.4358 0.1319
0.3921 0.4782 0.1940
0.3851 0.6351 0.1593
0.4059 -0.9870 0.2298
0.4053 0.6653 0.1448
0.4224 0.4633 0.1895
0.4253 0.6784 0.1386
0.4261 -0.3725 0.1398
0.4328 -1.2162 0.2811
0.4322 -0.4024 0.1273
0.4296 0.6265 0.1438
0.4510 -0.4785 0.1591
0.4606 0.3643 0.1933
0.4564 0.4833 0.1924
0.4647 -0.6081 0.1987
0.4596 -0.7468 0.2184
0.4660 1.0403 0.2309
0.4652 -0.9520 0.2220
0.4687 0.9941 0.2302
0.4674 0.9667 0.2280
0.4727 -0.6612 0.1912
0.4747 -0.1822 0.2888
0.4779 0.5584 0.1725
0.4711 1.2423 0.2805
0.4826 0.3348 0.1993
0.4757 0.7443 0.1636
0.4847 -0.7460 0.2038
0.4886 -0.3353 0.1750
0.4885 1.2198 0.2568
0.4878 -1.0851 0.2240
0.4926 -0.3626 0.1527
0.4981 0.3622 0.1869
0.4867 0.6087 0.1457
0.4923 0.7514 0.1665
0.5040 1.0419 0.2355
0.5080 -0.3991 0.1418
0.5149 -0.6311 0.1863
0.5161 -0.4682 0.1643
0.5148 -0.1472 0.3252
0.5238 -0.7294 0.1857
0.5354 -0.4986 0.1912
0.5360 0.7508 0.1548
0.5276 -1.0756 0.2204
0.5332 0.6790 0.1319
0.5494 0.1252 0.3098
0.5419 0.6438 0.1404
0.5466 -0.9982 0.1767
0.5519 -0.9194 0.1876
0.5547 0.3242 0.1850
0.5549 1.1906 0.2261
0.5556 -0.7162 0.1889
0.5646 -0.1279 0.3518
0.5765 0.6523 0.1339
0.5739 -0.9681 0.1671
0.5621 0.9045 0.2271
0.5853 -0.4326 0.1762
0.5738 0.6188 0.1452
0.5733 0.9523 0.2241
0.5730 1.2675 0.2500
0.5926 0.1514 0.2599
0.5937 0.5107 0.2179
0.5935 0.7419 0.1414
0.5917 -1.2209 0.3279
0.6009 -0.9059 0.1811
0.5968 -0.3218 0.2183
0.6027 0.3644 0.1770
0.6179 -0.3913 0.1980
0.6296 1.2566 0.2235
0.6335 -0.6570 0.2468
0.6292 0.3152 0.1631
0.6260 0.5736 0.1745
0.6489 0.7425 0.1552
0.6399 0.7067 0.1345
0.6557 -0.3654 0.2302
0.6563 0.7735 0.1731
0.6482 -1.0397 0.2203
0.6542 -0.6928 0.2581
0.6576 -0.8786 0.1996
0.6577 0.2894 0.1638
0.6756 0.6891 0.1467
0.6743 -0.9382 0.1749
0.6798 0.6489 0.1463
0.6770 0.8831 0.1945
0.6843 0.2588 0.1765
0.6888 -0.8919 0.1988
0.7050 1.1917 0.1895
0.6963 0.0797 0.2697
0.6953 0.2927 0.1641
0.6993 1.2657 0.2276
0.7093 0.5819 0.1510
0.7041 0.4108 0.1931
0.7132 0.3232 0.1620
0.7158 0.8801 0.1745
0.7145 1.1090 0.1892
0.7422 0.6306 0.1426
0.7323 1.1456 0.1821
0.7241 0.0873 0.2616
0.7572 0.5205 0.1483
0.7391 0.9506 0.1456
0.7496 -1.1348 0.2236
0.7465 0.9943 0.1533
0.7591 -0.9168 0.2246
0.7673 0.9780 0.1352
0.7651 0.5787 0.1220
0.7669 1.1367 0.1712
0.7764 -1.1885 0.2488
0.7887 0.6157 0.1240
0.7754 -1.0581 0.1876
0.7841 0.4379 0.1550
0.7765 1.0009 0.1445
0.7904 0.2406 0.1980
0.7907 1.1296 0.1706
0.8102 -1.0501 0.1796
0.8082 0.3944 0.1432
0.8124 0.8626 0.1416
0.8027 0.8195 0.1695
0.8093 0.1715 0.2280
0.8044 -0.9895 0.2096
0.8205 -0.5479 0.2268
0.8069 -0.3223 0.2032
0.8170 0.9187 0.1280
0.8254 -0.3496 0.1832
0.8186 0.5328 0.1280
0.8140 0.5916 0.1159
0.8302 0.9521 0.1191
0.8253 0.4707 0.1413
0.8276 -0.6873 0.2171
0.8286 -0.5916 0.2140
0.8303 -0.0940 0.2952
0.8414 0.5646 0.1222
0.8321 0.7182 0.2072
0.8374 0.8070 0.1817
0.8422 -0.3295 0.1797
0.8426 0.0370 0.2190
0.8433 0.6227 0.1413
0.8443 -0.6489 0.1983
0.8446 0.3880 0.1173
0.8501 0.8542 0.1505
0.8461 1.2681 0.2272
0.8539 -0.5363 0.2081
0.8573 0.3293 0.1253
0.8636 -0.2939 0.1923
0.8672 0.3916 0.1130
0.8798 1.1951 0.1534
0.8677 -1.0727 0.1529
0.8692 0.9609 0.1196
0.8759 -0.3888 0.1718
0.8828 0.5762 0.1398
0.8716 0.9997 0.1303
0.8799 -0.3293 0.1657
0.8864 -1.1064 0.1467
0.8922 0.3001 0.1181
0.8991 0.4516 0.1417
0.8999 1.1417 0.1366
0.9015 1.1710 0.1350
0.9062 0.2525 0.1478
0.9066 0.3574 0.1127
0.9024 0.9226 0.1314
0.9060 0.3292 0.1070
0.9082 0.9733 0.1177
0.9162 -1.1839 0.2029
0.9139 -0.5398 0.2014
0.9135 -0.7080 0.1909
0.9305 0.0186 0.1613
0.9260 0.4011 0.1338
0.9243 -1.1220 0.1497
0.9283 0.4855 0.1493
0.9360 1.0284 0.1352
0.9302 0.1000 0.1711
0.9374 0.9372 0.1336
0.9389 -0.7505 0.1875
0.9361 0.5522 0.1454
0.9335 1.1335 0.1286
0.9479 -0.3907 0.1737
0.9410 1.0589 0.1432
0.9496 0.3093 0.1258
0.9487 -1.1107 0.1424
0.9658 -0.7315 0.1748
0.9541 0.2471 0.1467
0.9485 1.2408 0.1699
0.9537 -1.0885 0.1446
0.9651 -0.0465 0.1629
0.9520 0.1069 0.1612
0.9638 1.1647 0.1300
0.9688 0.5632 0.1547
0.9756 -0.4146 0.1712
0.9642 -0.0053 0.1489
0.9712 0.2828 0.1347
0.9787 1.1262 0.1380
0.9781 -1.0934 0.1455
0.9812 -0.7512 0.1697
0.9977 0.0070 0.1364
0.9860 0.9715 0.1290
0.9949 -0.1046 0.1648
0.9960 0.1290 0.1617
0.9943 0.4680 0.1867
1.0126 0.6199 0.1641
1.0150 -0.7480 0.1577
1.0046 0.5631 0.1506
1.0356 -1.0577 0.1644
1.0081 -0.1705 0.1844
1.0045 1.0141 0.1484
1.0103 -0.5400 0.2138
1.0270 0.9390 0.1556
1.0158 1.1690 0.1553
1.0299 0.9835 0.1556
1.0227 -0.4891 0.1726
1.0299 0.2110 0.1627
1.0352 -0.2018 0.1595
1.0328 0.1077 0.1611
1.0365 -0.3010 0.1208
1.0464 -0.4488 0.1515
1.0415 -0.3619 0.1245
1.0403 -0.8623 0.2204
1.0441 1.2634 0.2234
1.0462 0.0500 0.1452
1.0787 -0.3353 0.0989
1.0495 0.2625 0.1736
1.0712 0.9113 0.1792
1.0561 -0.2820 0.1076
1.0730 1.1497 0.2116
1.0672 -0.0924 0.1591
1.0666 0.0441 0.1592
1.0656 0.6487 0.1551
1.0896 -0.7082 0.1607
1.0699 -0.0186 0.1480
1.0941 -0.5041 0.1877
1.0867 -0.3091 0.0935
1.0864 -0.0471 0.1612
1.0799 0.6207 0.1262
1.0764 0.2996 0.2153
1.0860 -1.1328 0.1521
1.0816 -0.2786 0.1012
1.0811 -0.8291 0.1863
1.0833 1.2553 0.2549
1.0917 -0.3878 0.1312
1.0867 -1.0041 0.1947
1.0911 0.2328 0.2012
1.0899 0.8649 0.1988
1.0995 0.5265 0.1399
1.0939 -1.0910 0.1363
1.0940 -0.1247 0.1757
1.1089 -0.4079 0.1422
1.1168 0.5741 0.1123
1.1097 -0.2659 0.1153
1.1223 -0.3281 0.1156
1.1180 -1.0917 0.1264
1.1332 0.8446 0.2149
1.1259 -0.7571 0.1614
1.1252 0.6064 0.1191
1.1297 0.5394 0.1263
1.1406 -1.1834 0.1536
1.1318 -0.7094 0.1505
1.1328 -0.2533 0.1388
1.1356 -0.8305 0.1923
1.1361 -0.6888 0.1474
1.1441 0.5929 0.1209
1.1800 -1.1620 0.1240
1.1493 0.6121 0.1355
1.1692 -0.1946 0.2043
1.1622 -1.1174 0.1095
1.1591 0.4785 0.1907
1.1674 -0.5627 0.1688
1.1681 0.8225 0.2368
1.1721 -1.0877 0.1204
1.1699 -0.6692 0.1407
1.1831 0.1161 0.2284
1.1926 -0.4120 0.1585
1.1926 0.8439 0.2241
1.1886 -0.9818 0.1911
1.1963 -0.6096 0.1386
1.1966 0.5100 0.1843
1.2164 -1.1742 0.1450
1.2358 -1.0313 0.1550
1.2087 -0.6307 0.1415
1.2061 -1.0683 0.1244
1.2094 1.0014 0.2103
1.2185 -0.8645 0.2209
1.2187 -0.4146 0.1554
1.2221 -0.6115 0.1449
1.2261 -0.5917 0.1506
1.2302 -1.1189 0.1219
1.2320 0.1280 0.2561
1.2338 0.9801 0.1902
1.2517 -0.3437 0.1702
1.2464 1.0798 0.2031
1.2502 -1.1496 0.1418
1.2430 0.1643 0.2562
1.2685 -1.0621 0.1548
1.2529 0.3537 0.2637
1.2603 -0.5133 0.1710
1.2654 -0.4156 0.1536
1.2742 -0.2805 0.2178
1.2684 0.3116 0.2701
1.2674 -0.7993 0.2217
1.2858 -0.3742 0.1623
1.2917 0.1414 0.3116
1.2998 -0.4200 0.1581
1.2988 -0.8326 0.2229
1.2998 0.4383 0.2593
1.3075 1.0109 0.1451
1.3123 0.9263 0.1979
1.3195 -0.9957 0.1921
1.3261 -0.7394 0.2536
1.3459 0.9634 0.1696
1.3342 1.0753 0.1493
1.3334 -1.2105 0.2258
1.3335 -0.5433 0.2180
1.3503 -1.1908 0.2272
1.3400 0.9426 0.1853
1.3469 1.0899 0.1595
1.3602 1.1243 0.2016
1.3721 -0.9955 0.2289
1.3573 -0.9532 0.2109
1.3642 -0.4879 0.2303
1.3781 0.4499 0.3304
1.3889 1.0761 0.1741
1.3951 -1.2057 0.2853
1.3918 -0.3396 0.2539
1.4128 1.0599 0.1945
1.4013 -0.1884 0.3483
1.4102 0.4136 0.3706
1.4163 -0.9253 0.2598
1.4285 -0.8041 0.3163
1.4288 -0.1763 0.3869
