points 
 2 
 1 
Tumour[19065]CD6810NNCodensity
-1.2694 0.0179 0.2370
-1.2753 0.3915 0.2445
-1.2763 0.9064 0.3331
-1.2708 1.1960 0.5025
-1.2697 0.0606 0.2309
-1.2635 0.8848 0.3286
-1.2530 0.2462 0.2313
-1.2531 0.7568 0.3943
-1.2353 1.0791 0.3622
-1.2362 -1.1048 0.4212
-1.2336 -0.0073 0.2118
-1.2243 0.3152 0.2072
-1.2299 0.4211 0.2131
-1.2200 0.0471 0.2002
-1.2278 0.1501 0.2053
-1.2255 -1.2329 0.5340
-1.2131 0.2714 0.2118
-1.2034 1.1467 0.4056
-1.1879 -0.6431 0.3043
-1.1841 0.2091 0.2115
-1.1716 -0.3287 0.3815
-1.1755 0.9056 0.2827
-1.1602 -0.9214 0.2940
-1.1611 -0.5266 0.2996
-1.1602 0.8436 0.2995
-1.1550 0.4505 0.1752
-1.1483 -0.8898 0.2771
-1.1479 -0.1484 0.2641
-1.1469 0.4707 0.1858
-1.1308 -0.1022 0.2316
-1.1309 -0.0619 0.2118
-1.1251 -0.7970 0.2468
-1.1127 0.0479 0.2126
-1.1145 0.1883 0.2142
-1.1165 0.4438 0.1637
-1.1009 -0.1417 0.2637
-1.1127 0.4287 0.1624
-1.1049 -0.8410 0.2413
-1.0893 -1.1646 0.3822
-1.0764 -0.6761 0.2239
-1.0659 -0.6356 0.2040
-1.0566 -0.5133 0.2415
-1.0595 -0.3393 0.3350
-1.0608 0.4149 0.1691
-1.0514 0.0586 0.2331
-1.0485 -0.8951 0.2364
-1.0518 0.9160 0.3004
-1.0296 0.1095 0.2191
-1.0228 0.1745 0.2059
-1.0188 0.4120 0.1786
-1.0092 -0.6252 0.1786
-1.0127 0.4815 0.2108
-1.0119 0.6609 0.3625
-0.9879 0.2824 0.1913
-0.9719 -1.1208 0.3096
-0.9669 -0.6260 0.1635
-0.9631 -0.5309 0.1934
-0.9670 0.3867 0.1828
-0.9683 0.9139 0.2953
-0.9566 -0.8877 0.2233
-0.9530 0.1679 0.1810
-0.9496 -0.9231 0.2198
-0.9405 1.0504 0.3968
-0.9284 0.3396 0.1614
-0.9425 0.9609 0.3208
-0.9382 -1.0580 0.2573
-0.9222 -0.5934 0.1566
-0.9235 -0.0749 0.3057
-0.9092 -0.4060 0.2784
-0.9045 -0.6790 0.1637
-0.8938 0.1982 0.1509
-0.8874 0.2389 0.1416
-0.8919 0.2950 0.1392
-0.8809 -0.9698 0.2017
-0.8850 -0.7365 0.1937
-0.8847 -0.5769 0.1597
-0.8785 0.5676 0.2852
-0.8706 0.7735 0.2690
-0.8770 0.3133 0.1417
-0.8621 -0.5940 0.1600
-0.8607 0.0327 0.2387
-0.8609 0.1128 0.1787
-0.8545 -0.2756 0.3244
-0.8358 0.2005 0.1415
-0.8442 -0.8751 0.1812
-0.8458 -0.1962 0.3441
-0.8436 0.2982 0.1509
-0.8387 0.3628 0.1841
-0.8334 0.1605 0.1552
-0.8306 0.7511 0.2528
-0.8263 -0.5105 0.2095
-0.8235 -0.6320 0.1628
-0.8186 -0.8698 0.1780
-0.8164 -1.0383 0.2009
-0.8082 -0.6874 0.1552
-0.8147 -0.7368 0.1514
-0.7955 -0.9057 0.1958
-0.7947 0.0045 0.2704
-0.7747 0.7005 0.2310
-0.7657 -1.0905 0.1942
-0.7717 -0.7182 0.1470
-0.7696 0.1607 0.1793
-0.7688 0.1885 0.1785
-0.7628 0.3677 0.2433
-0.7674 -0.7911 0.1450
-0.7659 -1.1693 0.2549
-0.7659 0.5684 0.2607
-0.7581 0.4606 0.2719
-0.7635 -1.0582 0.1876
-0.7579 0.6408 0.2350
-0.7577 0.8365 0.2834
-0.7534 0.8751 0.2991
-0.7396 -0.7991 0.1482
-0.7356 -0.3406 0.2870
-0.7350 -0.4326 0.2403
-0.7165 -0.7353 0.1498
-0.7204 -0.3818 0.2646
-0.7196 -1.0794 0.1989
-0.7168 -0.5494 0.2132
-0.7130 -0.8156 0.1607
-0.6854 0.1756 0.2116
-0.6652 -0.6949 0.1967
-0.6798 -0.5597 0.2146
-0.6765 -1.1221 0.2280
-0.6681 -1.0639 0.2188
-0.6595 0.0842 0.2580
-0.6474 -0.7609 0.1853
-0.6188 -0.8176 0.2184
-0.6251 0.7471 0.2876
-0.6322 0.5712 0.2943
-0.6199 0.6436 0.2928
-0.6066 -0.5040 0.2027
-0.6037 0.1776 0.1855
-0.6081 -0.5794 0.1883
-0.5927 0.2381 0.1677
-0.5830 -0.0583 0.3705
-0.5780 1.0002 0.1987
-0.5770 -0.9768 0.2759
-0.5707 -1.2361 0.3225
-0.5150 -0.6762 0.1723
-0.5427 -0.5858 0.1772
-0.5573 0.2839 0.1467
-0.5496 0.9623 0.1763
-0.5390 0.2486 0.1284
-0.5294 -0.6475 0.1713
-0.5280 0.3136 0.1465
-0.5444 1.0603 0.1821
-0.5259 1.0908 0.1908
-0.5090 -0.5058 0.1953
-0.5072 0.1903 0.1261
-0.5034 0.9217 0.1657
-0.5026 -0.7694 0.2230
-0.5035 -0.4250 0.2562
-0.5019 1.0303 0.1462
-0.5032 -0.9204 0.2817
-0.4858 0.8351 0.1754
-0.4945 -1.0075 0.2820
-0.4889 0.3351 0.1475
-0.4881 0.9817 0.1421
-0.4873 0.2112 0.1162
-0.4774 -0.4624 0.2288
-0.4650 0.1719 0.1198
-0.4724 -0.5769 0.1837
-0.4641 0.1122 0.1685
-0.4691 0.2045 0.1116
-0.4620 0.3037 0.1240
-0.4617 -1.2177 0.2525
-0.4543 0.4983 0.1785
-0.4517 -0.7082 0.1794
-0.4436 0.1416 0.1373
-0.4358 -0.6859 0.1649
-0.4423 0.2997 0.1276
-0.4348 1.0706 0.1536
-0.4380 -1.1501 0.2181
-0.4043 -0.6640 0.1612
-0.4342 0.7855 0.1266
-0.4268 0.9864 0.1290
-0.4358 0.5431 0.1789
-0.4184 0.8407 0.1295
-0.4317 1.1947 0.1947
-0.4253 0.3644 0.1357
-0.4158 0.2538 0.1124
-0.4105 0.7130 0.1576
-0.4121 0.7609 0.1262
-0.4025 -0.3908 0.3051
-0.4113 0.2301 0.1125
-0.4068 0.8109 0.1210
-0.4119 0.9100 0.1305
-0.4048 -0.0485 0.2978
-0.4030 0.0276 0.2296
-0.3856 0.7307 0.1472
-0.4004 1.2066 0.1880
-0.3912 0.6855 0.1741
-0.3908 0.9501 0.1166
-0.3855 0.3985 0.1129
-0.3830 -1.2087 0.1896
-0.3827 -0.9417 0.2598
-0.3666 1.1061 0.1281
-0.3675 0.2178 0.1072
-0.3709 0.4860 0.1171
-0.3719 0.8751 0.1409
-0.3690 1.0047 0.1191
-0.3720 1.0683 0.1283
-0.3610 0.1389 0.1629
-0.3686 0.4456 0.1085
-0.3617 0.9667 0.1080
-0.3649 0.4030 0.0996
-0.3656 0.5878 0.1771
-0.3683 0.7899 0.1381
-0.3613 -1.1276 0.1770
-0.3628 0.3775 0.1080
-0.3639 0.5511 0.1517
-0.3624 0.2442 0.1006
-0.3562 0.9352 0.1161
-0.3580 1.1615 0.1403
-0.3583 0.5221 0.1316
-0.3518 1.1265 0.1281
-0.3489 -1.2044 0.1758
-0.3380 -0.6532 0.1512
-0.3412 1.2351 0.2174
-0.3407 0.4620 0.1101
-0.3399 0.2558 0.0956
-0.3345 0.2863 0.1012
-0.3290 0.9814 0.1157
-0.3328 -0.6123 0.1489
-0.3269 0.3326 0.1105
-0.3227 -0.5957 0.1536
-0.3222 0.3832 0.1074
-0.3060 0.4476 0.1261
-0.3175 -0.0231 0.2899
-0.3194 0.2187 0.1047
-0.3034 0.3063 0.1011
-0.3072 0.1715 0.1388
-0.3009 1.0669 0.1257
-0.2999 1.1042 0.1305
-0.3033 -1.1763 0.1556
-0.3025 -0.9065 0.1846
-0.2889 0.2409 0.1011
-0.2803 -0.8704 0.1589
-0.2865 -1.1286 0.1582
-0.2839 -0.6209 0.1322
-0.2800 0.9639 0.1306
-0.2799 -0.6403 0.1319
-0.2581 0.2695 0.1054
-0.2734 0.3126 0.1083
-0.2773 0.9932 0.1253
-0.2748 -1.1550 0.1503
-0.2762 0.4028 0.1387
-0.2636 -0.3752 0.3273
-0.2567 1.0860 0.1416
-0.2545 -0.8964 0.1488
-0.2562 -0.7946 0.1656
-0.2503 0.1950 0.1279
-0.2489 -0.5423 0.1915
-0.2593 0.0043 0.2952
-0.2336 -0.6384 0.1401
-0.2444 0.3267 0.1305
-0.2369 -0.7553 0.1671
-0.2313 -1.1607 0.1603
-0.2253 0.2476 0.1127
-0.2262 0.6787 0.3058
-0.2296 0.9802 0.1319
-0.2289 1.1045 0.1635
-0.2315 -1.1148 0.1695
-0.2137 0.9659 0.1379
-0.2153 -0.7197 0.1611
-0.2049 -0.2855 0.3620
-0.2088 0.5043 0.2563
-0.1989 1.0648 0.1430
-0.1994 -0.8307 0.1399
-0.2043 0.2066 0.1292
-0.1943 -0.9277 0.1455
-0.1933 -0.9613 0.1745
-0.1735 0.1966 0.1594
-0.1868 0.2552 0.1337
-0.1824 -0.8703 0.1326
-0.1802 -0.5992 0.1722
-0.1825 -0.6871 0.1770
-0.1782 0.9901 0.1312
-0.1647 -0.2398 0.3584
-0.1510 -0.8676 0.1355
-0.1459 1.0112 0.1317
-0.1418 -1.1332 0.1384
-0.1404 -1.1744 0.1377
-0.1324 0.2197 0.1918
-0.1260 -0.7843 0.1843
-0.1323 0.9189 0.1943
-0.1171 -0.5285 0.1989
-0.1132 -1.0727 0.1724
-0.1104 -0.5518 0.1862
-0.1054 1.0361 0.1412
-0.1045 1.0908 0.1544
-0.1040 -1.2249 0.1637
-0.1060 0.9634 0.1648
-0.0670 1.1356 0.1973
-0.0974 -0.9434 0.1686
-0.0936 -0.9021 0.1596
-0.0819 -1.1624 0.1215
-0.0904 -0.8566 0.1743
-0.0901 0.3446 0.2509
-0.0706 -1.1337 0.1275
-0.0770 -0.5217 0.2046
-0.0680 1.0515 0.1553
-0.0758 -1.2209 0.1575
-0.0639 -1.0937 0.1522
-0.0568 -1.1909 0.1357
-0.0507 1.1768 0.2327
-0.0519 -0.9751 0.1872
-0.0271 -0.6217 0.2203
-0.0274 0.4197 0.2405
-0.0326 0.7122 0.2174
-0.0262 -0.1014 0.3319
-0.0231 -0.6533 0.2416
-0.0239 -0.5226 0.2120
-0.0037 0.8532 0.2268
-0.0165 1.0600 0.1965
0.0063 -0.1859 0.3073
0.0158 -0.2500 0.3121
0.0214 0.0329 0.3263
0.0245 0.4308 0.2004
0.0298 -1.1903 0.1637
0.0315 -1.0533 0.1608
0.0359 -1.1137 0.1588
0.0373 0.5204 0.2037
0.0383 0.5501 0.2044
0.0443 0.7867 0.1481
0.0431 -0.9767 0.1649
0.0463 0.9826 0.2722
0.0512 0.6566 0.1531
0.0559 0.3497 0.2119
0.0677 0.6365 0.1602
0.0543 -0.3886 0.2990
0.0634 0.7077 0.1206
0.0658 1.2265 0.3165
0.0864 -1.1685 0.1384
0.0747 -0.9685 0.1543
0.0718 -0.5015 0.2501
0.0703 0.7645 0.1228
0.0875 1.2478 0.3448
0.0940 -1.0609 0.1392
0.0998 0.6913 0.1239
0.1012 0.7917 0.1230
0.0988 0.4101 0.1757
0.1061 -1.2155 0.1631
0.1015 -0.9719 0.1522
0.1332 -1.1814 0.1407
0.1236 -1.0947 0.1475
0.1139 0.1958 0.2759
0.1238 0.0062 0.2988
0.1240 0.7592 0.1122
0.1278 -1.2216 0.1716
0.1550 -1.1527 0.1434
0.1316 0.0351 0.3012
0.1282 0.6896 0.1373
0.1380 0.8200 0.1493
0.1296 -0.9788 0.1571
0.1356 0.5282 0.2005
0.1442 0.7375 0.1267
0.1389 -0.5749 0.2254
0.1397 0.0946 0.3066
0.1498 -1.0408 0.1639
0.1526 -0.2696 0.2933
0.1653 0.7987 0.1482
0.1542 0.4065 0.1719
0.1623 -0.6110 0.2259
0.1661 -0.9192 0.2299
0.1723 0.3235 0.1953
0.1751 0.3543 0.1856
0.1854 -0.2749 0.2931
0.2165 -0.6124 0.2141
0.2107 0.4123 0.1838
0.2030 0.5196 0.2018
0.2131 0.2376 0.2629
0.2186 0.8405 0.2136
0.2253 -1.1498 0.1880
0.2477 -0.5996 0.2036
0.2607 0.4686 0.1877
0.2852 0.9237 0.1821
0.2684 -0.1799 0.2686
0.2696 -1.1316 0.2191
0.2705 -0.9518 0.2546
0.2769 -0.5361 0.2287
0.2653 0.5745 0.1861
0.2775 -0.6494 0.2186
0.2856 1.1614 0.3247
0.2927 1.2160 0.3778
0.3042 -0.4849 0.2673
0.3024 -0.1576 0.2650
0.3096 0.3074 0.2737
0.3004 0.5987 0.1790
0.3103 0.9583 0.1644
0.3328 0.9425 0.1502
0.3208 -1.0989 0.2269
0.3294 -0.1211 0.2672
0.3381 0.4634 0.1890
0.3356 1.0313 0.1904
0.3455 -0.1863 0.2884
0.3468 -0.6925 0.2307
0.3471 0.6049 0.1739
0.3564 0.9735 0.1488
0.3609 -1.0605 0.2108
0.3650 0.5405 0.1503
0.3662 0.9449 0.1460
0.3757 0.5122 0.1602
0.3912 0.8779 0.1928
0.3843 -0.0929 0.2783
0.3923 0.5347 0.1600
0.3959 -1.0020 0.1850
0.4317 -0.7136 0.1687
0.4066 0.6838 0.2608
0.4260 0.5574 0.1914
0.4177 0.9440 0.1636
0.4240 -0.5608 0.2403
0.4243 -0.9128 0.1699
0.4374 -1.0673 0.1931
0.4454 0.1851 0.2055
0.4545 -0.9546 0.1457
0.4528 -0.9190 0.1446
0.4503 0.1134 0.1914
0.4617 -0.0405 0.2748
0.4683 0.1429 0.1711
0.4681 1.0560 0.2374
0.4694 0.4084 0.2970
0.4825 -1.2093 0.2032
0.4720 -0.7091 0.1376
0.4746 -0.4294 0.2854
0.4801 1.0035 0.1960
0.4899 -0.9323 0.1307
0.4821 -0.7537 0.1285
0.4866 0.1172 0.1642
0.4920 -1.1753 0.1731
0.4902 -0.7091 0.1304
0.4992 -0.7937 0.1339
0.4979 0.8263 0.2098
0.4998 -0.4619 0.2507
0.5047 -0.4894 0.2396
0.5056 -0.8865 0.1327
0.5200 -0.7641 0.1234
0.5203 0.2332 0.1885
0.5271 -1.1292 0.1477
0.5260 -0.9070 0.1281
0.5511 0.8683 0.1583
0.5314 0.0329 0.2248
0.5468 0.9821 0.1890
0.5588 -0.9433 0.1282
0.5558 -0.7727 0.1413
0.5524 -0.8236 0.1564
0.5578 -0.6956 0.1425
0.5576 0.9199 0.1526
0.5512 -0.6466 0.1675
0.5563 -1.1042 0.1519
0.5581 -1.0536 0.1595
0.5694 0.1805 0.1415
0.5764 0.1124 0.1575
0.5749 -1.2210 0.1747
0.5838 0.9056 0.1356
0.5855 -1.1922 0.1503
0.5850 0.7362 0.2036
0.5878 -0.3468 0.3033
0.5996 0.1673 0.1364
0.5936 -1.0474 0.1496
0.5928 -0.9624 0.1223
0.6025 -1.0054 0.1342
0.6025 0.2031 0.1530
0.6041 0.5755 0.2709
0.6057 -1.2113 0.1744
0.6120 -0.9454 0.1275
0.6090 -1.1843 0.1589
0.6087 0.7949 0.1680
0.6193 -0.6711 0.1782
0.6165 -0.6258 0.1843
0.6423 -0.5778 0.1847
0.6268 0.8977 0.1272
0.6397 -0.9465 0.1350
0.6389 0.2010 0.1678
0.6374 0.6483 0.2293
0.6435 0.8679 0.1310
0.6446 0.6881 0.2088
0.6458 1.2158 0.2719
0.6620 0.9040 0.1377
0.6626 0.1609 0.1706
0.6618 -0.7739 0.2286
0.6825 -0.5513 0.1824
0.6872 -0.9209 0.1751
0.6715 0.7263 0.1945
0.6793 -0.5196 0.1882
0.6888 -0.9597 0.1643
0.6841 0.0882 0.2187
0.6876 0.1216 0.2002
0.6890 0.9197 0.1613
0.6925 1.1908 0.2165
0.6900 -0.2296 0.3560
0.6924 1.0328 0.2274
0.6938 1.2473 0.2569
0.6941 -1.0828 0.2292
0.6978 0.8675 0.1554
0.6976 1.1246 0.2076
0.7135 0.5185 0.2723
0.7107 1.2002 0.2110
0.7147 -0.3877 0.2358
0.7169 0.3983 0.3229
0.7248 0.8099 0.1709
0.7268 -0.4806 0.1870
0.7409 -0.9000 0.2198
0.7359 -0.5223 0.1853
0.7602 0.5759 0.2654
0.7821 -0.6932 0.3052
0.7950 1.0041 0.1780
0.7950 0.8113 0.1463
0.8089 -0.5100 0.2050
0.8051 -0.2170 0.2908
0.8134 0.7841 0.1528
0.8150 1.1355 0.1894
0.8247 1.0458 0.1632
0.8390 -0.3796 0.1940
0.8469 0.8264 0.1323
0.8370 0.4277 0.2788
0.8372 0.9300 0.1534
0.8480 0.7515 0.1801
0.8583 -0.9483 0.2412
0.8557 0.4611 0.2652
0.8550 1.0617 0.1556
0.8630 -0.4368 0.1916
0.8592 0.1948 0.3807
0.8603 0.7800 0.1555
0.8750 -0.4796 0.2175
0.8620 -0.3445 0.1931
0.8673 0.8523 0.1348
0.8641 0.9691 0.1508
0.8706 -1.1970 0.4129
0.8752 0.8793 0.1398
0.8851 1.0876 0.1551
0.8762 -0.9714 0.2596
0.8771 1.2498 0.2053
0.9093 -0.8715 0.2447
0.8945 0.9131 0.1602
0.8998 1.2491 0.1947
0.9085 -0.3582 0.1759
0.9094 -0.2281 0.2215
0.9164 -0.9004 0.2515
0.9207 0.4773 0.2562
0.9214 1.1113 0.1584
0.9443 1.2294 0.1750
0.9296 0.9726 0.1875
0.9452 1.1443 0.1525
0.9435 -0.8334 0.2444
0.9435 -0.0224 0.3586
0.9475 1.1735 0.1477
0.9681 -0.3295 0.1554
0.9714 0.7061 0.2419
1.0042 -0.8018 0.2372
0.9836 1.1782 0.1742
1.0004 -0.2739 0.1402
1.0128 -0.6408 0.1780
1.0205 -0.3365 0.1276
1.0103 0.4627 0.2705
1.0166 -0.6625 0.1733
1.0270 -0.2217 0.1664
1.0266 -1.2007 0.4619
1.0285 -0.4200 0.1777
1.0272 0.4806 0.2714
1.0324 0.8070 0.1772
1.0461 1.2322 0.2409
1.0452 0.4073 0.3101
1.0487 -0.2512 0.1430
1.0482 0.7789 0.1693
1.0583 0.8456 0.1596
1.0529 -0.3238 0.1218
1.0548 -0.3784 0.1390
1.0497 0.6034 0.2803
1.0662 -0.6580 0.1363
1.0755 -0.6798 0.1484
1.0692 -0.6165 0.1298
1.0718 -0.2711 0.1427
1.0890 -0.1519 0.2126
1.0815 -0.4218 0.1607
1.0967 0.8774 0.1459
1.0966 -0.7567 0.2253
1.1012 -0.3203 0.1470
1.0922 0.1384 0.3929
1.1076 0.7398 0.1732
1.1047 -1.2326 0.5475
1.1074 0.0624 0.3386
1.1106 -0.5772 0.1210
1.1154 0.8408 0.1322
1.1214 -0.6228 0.1267
1.1374 0.8744 0.1337
1.1533 0.9199 0.1595
1.1387 -0.4305 0.1568
1.1320 0.0047 0.2945
1.1394 -0.1096 0.2304
1.1424 -0.5567 0.1084
1.1444 -1.0999 0.4742
1.1415 -0.5250 0.1178
1.1532 0.7407 0.1791
1.1517 1.1299 0.3211
1.1552 0.4258 0.3989
1.1787 -0.5155 0.1239
1.1719 -0.5718 0.1151
1.1763 0.8821 0.1428
1.1784 -0.6092 0.1408
1.1814 0.7605 0.1800
1.1898 -0.4903 0.1433
1.1807 -0.3757 0.1808
1.2041 1.2380 0.4201
1.1963 0.9454 0.1984
1.1974 -0.5389 0.1317
1.1963 -0.1403 0.2443
1.2078 -0.1100 0.2661
1.2004 -0.3544 0.2007
1.2089 0.7849 0.1906
1.2148 -0.2704 0.2405
1.2141 0.9316 0.2008
