points 
 2 
 1 
Tumour[19065]CD6810NNCodensity
-1.2945 -1.2113 0.2357
-1.2996 -1.0401 0.2861
-1.2980 -0.5450 0.1715
-1.2995 0.5219 0.1869
-1.2949 0.5676 0.1852
-1.2904 0.7706 0.2243
-1.2952 0.8756 0.2214
-1.2914 -0.5885 0.1803
-1.2921 -0.4961 0.1776
-1.2815 -0.3300 0.1255
-1.2836 -0.2857 0.1494
-1.2578 0.6816 0.1782
-1.2686 0.7424 0.2046
-1.2601 0.9242 0.1678
-1.2679 1.0303 0.1458
-1.2702 -1.2750 0.2311
-1.2623 -0.5753 0.1508
-1.2598 0.4106 0.1927
-1.2589 -0.3792 0.1258
-1.2647 1.1318 0.2113
-1.2533 -0.9301 0.2244
-1.2515 1.0061 0.1326
-1.2420 0.3783 0.1981
-1.2459 -0.2907 0.1169
-1.2487 -0.9729 0.2272
-1.2447 -0.4283 0.1509
-1.2372 -0.3480 0.0978
-1.2481 0.6029 0.1558
-1.2426 0.1363 0.2643
-1.2387 0.5482 0.1451
-1.2365 -1.1882 0.1912
-1.2318 -0.6043 0.1587
-1.2285 0.1755 0.2450
-1.2319 -0.5318 0.1426
-1.2330 0.7236 0.1924
-1.2300 -0.3139 0.0983
-1.2230 0.4649 0.1480
-1.2242 0.9550 0.1253
-1.2140 -0.2880 0.1203
-1.2167 0.9851 0.1097
-1.2268 1.1275 0.1811
-1.2166 -0.6429 0.1814
-1.2130 -0.7826 0.2070
-1.2120 1.1027 0.1534
-1.2066 -0.3591 0.1060
-1.1986 0.6189 0.1585
-1.2055 -1.2688 0.1816
-1.1993 0.5546 0.1426
-1.1867 -0.3599 0.1155
-1.1958 0.2537 0.2184
-1.1748 -1.2092 0.1746
-1.1904 1.0437 0.1183
-1.1821 -0.0238 0.2766
-1.1831 0.4426 0.1509
-1.1746 0.9894 0.1060
-1.1691 -1.1096 0.2265
-1.1608 -0.4628 0.1410
-1.1650 1.0117 0.1121
-1.1646 -1.2924 0.1889
-1.1531 -1.2518 0.1773
-1.1539 0.1682 0.1933
-1.1608 0.7863 0.2071
-1.1587 -0.8906 0.1456
-1.1565 -1.3305 0.2262
-1.1519 -0.5419 0.1431
-1.1508 -0.9038 0.1415
-1.1509 -0.2952 0.1637
-1.1437 0.3243 0.2034
-1.1432 0.4914 0.1525
-1.1424 -0.7101 0.1971
-1.1406 0.3992 0.1679
-1.1338 -0.8313 0.1476
-1.1375 -0.4324 0.1299
-1.1355 0.9292 0.1296
-1.1348 0.9772 0.1165
-1.1306 -0.3907 0.1330
-1.1177 -0.7272 0.1976
-1.1257 -0.7836 0.1683
-1.1232 0.4732 0.1529
-1.1272 0.5874 0.1544
-1.1299 1.0309 0.1368
-1.1177 0.9102 0.1427
-1.1179 -0.5358 0.1318
-1.1087 -0.9719 0.1704
-1.0877 -0.4323 0.1321
-1.0818 0.6110 0.1436
-1.0902 0.6528 0.1510
-1.0927 -0.8971 0.1520
-1.0936 -0.9884 0.1854
-1.0920 -0.8414 0.1578
-1.0874 -0.5241 0.1209
-1.0927 -0.3961 0.1471
-1.0880 1.1028 0.2154
-1.0822 -1.0938 0.2370
-1.0835 -0.5897 0.1685
-1.0855 -0.5468 0.1310
-1.0867 0.0761 0.1439
-1.0739 0.0273 0.1397
-1.0784 0.8977 0.1503
-1.0552 -0.4572 0.1382
-1.0733 -0.1708 0.2442
-1.0753 0.2467 0.2037
-1.0701 -0.9275 0.1751
-1.0568 0.1177 0.1324
-1.0626 0.1773 0.1687
-1.0542 0.7091 0.1491
-1.0554 0.7695 0.1512
-1.0461 0.5767 0.1446
-1.0608 0.8145 0.1532
-1.0532 0.9826 0.1597
-1.0539 0.8963 0.1524
-1.0370 0.3466 0.1701
-1.0415 0.6714 0.1486
-1.0347 0.0757 0.1064
-1.0416 -0.0710 0.1713
-1.0406 0.5150 0.1397
-1.0349 0.4378 0.1370
-1.0277 0.0054 0.1262
-1.0122 0.0486 0.1040
-1.0160 -0.4861 0.1537
-1.0214 -0.1488 0.2043
-1.0201 0.5363 0.1493
-1.0014 0.1023 0.1213
-1.0220 0.7263 0.1479
-0.9899 -1.1962 0.2090
-1.0106 0.4683 0.1416
-1.0001 -1.2419 0.2055
-1.0075 -0.5665 0.1598
-1.0033 -0.1169 0.1769
-1.0026 0.8060 0.1464
-0.9943 0.1995 0.1872
-0.9989 0.4420 0.1421
-0.9865 0.6159 0.1672
-0.9947 0.4066 0.1455
-0.9650 -0.5139 0.1523
-0.9917 -0.0081 0.1367
-0.9858 -1.3081 0.2379
-0.9753 -1.1686 0.2248
-0.9789 0.0604 0.1183
-0.9656 0.0914 0.1347
-0.9754 1.0305 0.1807
-0.9595 0.3732 0.1714
-0.9605 0.7952 0.1461
-0.9661 -0.6832 0.1938
-0.9647 0.9275 0.1738
-0.9462 0.3365 0.1879
-0.9360 -1.1947 0.2013
-0.9490 0.9711 0.1724
-0.9186 0.3126 0.2132
-0.9233 1.0262 0.1729
-0.9387 -0.6823 0.1701
-0.9286 -0.1169 0.1821
-0.9326 0.8162 0.1481
-0.9283 -0.5626 0.1477
-0.9190 1.0728 0.1914
-0.9270 -0.0082 0.1540
-0.9009 0.6968 0.1841
-0.9094 0.8393 0.1535
-0.8948 -1.2701 0.1880
-0.8967 -0.7996 0.1343
-0.8910 -0.2010 0.2484
-0.8904 0.1284 0.1668
-0.8846 -0.5654 0.1314
-0.8748 -0.5193 0.0989
-0.8839 0.1745 0.1796
-0.8860 0.5928 0.1696
-0.8857 1.0207 0.1683
-0.8811 -0.4841 0.1029
-0.8714 0.5644 0.1787
-0.8823 -0.7553 0.1142
-0.8805 0.0095 0.1679
-0.8683 0.5098 0.1971
-0.8570 0.8412 0.1658
-0.8712 -0.8306 0.1289
-0.8767 -0.4531 0.1144
-0.8741 -0.0810 0.1921
-0.8679 0.8080 0.1504
-0.8733 0.6124 0.1733
-0.8718 0.7206 0.1749
-0.8656 -0.7198 0.1183
-0.8611 -0.6767 0.1417
-0.8503 -0.5402 0.1027
-0.8585 0.1076 0.1672
-0.8576 -0.7856 0.1022
-0.8503 -0.7700 0.1021
-0.8448 -0.5033 0.0906
-0.8476 -0.0336 0.1852
-0.8379 0.5498 0.1890
-0.8435 -0.4603 0.0921
-0.8106 -0.8645 0.1387
-0.8238 -0.4738 0.0923
-0.8275 -0.6704 0.1469
-0.8240 -0.8122 0.1117
-0.8191 -0.4326 0.1092
-0.7941 -0.8354 0.1279
-0.8161 -1.3316 0.2389
-0.8103 1.1397 0.2291
-0.7996 -0.3953 0.1385
-0.8078 0.8019 0.1576
-0.8097 1.0546 0.1661
-0.8063 -1.2608 0.1930
-0.8020 -0.5936 0.1406
-0.7922 -0.5363 0.1207
-0.7886 -1.2437 0.2016
-0.7961 0.2110 0.1796
-0.7910 -0.7389 0.1292
-0.7971 -0.9197 0.1925
-0.7947 -0.4387 0.1166
-0.7919 -0.3234 0.1899
-0.7785 1.0588 0.1660
-0.7770 -0.2463 0.2180
-0.7704 0.0998 0.1885
-0.7847 0.1675 0.1747
-0.7673 -1.2017 0.2284
-0.7725 -1.1478 0.2615
-0.7745 -0.5566 0.1355
-0.7743 0.3932 0.2040
-0.7580 -1.3051 0.2478
-0.7665 -0.7325 0.1479
-0.7674 0.0344 0.1937
-0.7709 0.2125 0.1801
-0.7656 0.7438 0.1519
-0.7673 0.9589 0.1845
-0.7556 0.8934 0.1893
-0.7464 0.6895 0.1744
-0.7495 1.0720 0.1702
-0.7396 0.3732 0.1844
-0.7141 -0.5312 0.1351
-0.7369 -0.4415 0.1527
-0.7412 0.7549 0.1484
-0.7173 1.0498 0.1694
-0.7261 0.9073 0.1965
-0.7169 -0.8675 0.1312
-0.7278 -0.6359 0.1705
-0.7270 -0.2539 0.2112
-0.7271 -0.1122 0.2231
-0.7312 0.4703 0.1807
-0.7248 -0.0563 0.2118
-0.7199 0.2679 0.1793
-0.7134 -0.8394 0.1278
-0.7139 -0.3430 0.1875
-0.7202 0.5045 0.1843
-0.7076 -0.7363 0.1661
-0.7085 -0.0088 0.2136
-0.7033 0.8007 0.1540
-0.6883 0.2870 0.1747
-0.6828 0.6167 0.1937
-0.6896 -0.8834 0.1321
-0.6914 0.7664 0.1542
-0.6816 0.4270 0.1827
-0.6890 0.6837 0.1752
-0.6763 -0.4830 0.1503
-0.6791 -0.2121 0.2304
-0.6760 0.5413 0.1925
-0.6794 -0.8074 0.1223
-0.6726 -0.5688 0.1245
-0.6710 1.0063 0.1974
-0.6671 -0.7889 0.1319
-0.6538 0.3953 0.1845
-0.6533 -0.5519 0.1183
-0.6486 0.2868 0.1763
-0.6440 0.7979 0.1655
-0.6410 -0.8360 0.1057
-0.6358 1.1391 0.2587
-0.6332 -0.5593 0.1145
-0.6227 0.0376 0.2055
-0.6189 -0.6516 0.1746
-0.6173 -0.4370 0.1894
-0.6234 -0.2922 0.2450
-0.6211 -0.5434 0.1170
-0.6176 -0.9078 0.1277
-0.6158 1.0484 0.2332
-0.6159 -0.8718 0.1054
-0.6124 0.1621 0.1882
-0.6085 -1.0658 0.3074
-0.6030 -0.9836 0.2036
-0.5977 -0.8480 0.0975
-0.5833 -0.8961 0.1142
-0.5958 -0.6033 0.1324
-0.5852 0.5665 0.2133
-0.5943 0.6133 0.1946
-0.5832 -0.8126 0.1062
-0.5859 0.2954 0.1737
-0.5711 -0.5293 0.1289
-0.5746 -0.0969 0.2196
-0.5767 0.8166 0.1708
-0.5714 0.8518 0.1883
-0.5720 0.1822 0.1599
-0.5661 0.2295 0.1601
-0.5603 -1.2950 0.4116
-0.5532 -0.8260 0.1004
-0.5556 0.7838 0.1656
-0.5424 -0.3544 0.2264
-0.5428 -0.8583 0.1055
-0.5431 -0.5743 0.1230
-0.5364 0.0268 0.1692
-0.5355 -0.8103 0.1216
-0.5290 0.1444 0.1346
-0.5240 0.1029 0.1395
-0.5277 0.6042 0.1989
-0.5308 -0.7809 0.1451
-0.5162 -0.4783 0.1435
-0.5219 0.0551 0.1557
-0.5207 0.4058 0.2139
-0.5228 0.7563 0.1669
-0.5170 -0.5901 0.1293
-0.5141 -0.8783 0.1450
-0.5107 -0.0543 0.2029
-0.5117 0.3312 0.1699
-0.5151 0.7020 0.1730
-0.4937 -0.6865 0.1598
-0.5028 -0.5047 0.1287
-0.4979 0.7234 0.1730
-0.5028 1.1204 0.2390
-0.5031 -0.1218 0.2480
-0.4981 0.0881 0.1412
-0.4908 0.3687 0.1964
-0.4911 -0.6477 0.1418
-0.4718 -0.4372 0.1450
-0.4838 0.9421 0.1802
-0.4772 0.2108 0.1437
-0.4790 0.3317 0.1807
-0.4753 -0.5697 0.1365
-0.4710 -0.0676 0.2237
-0.4466 -0.4802 0.1297
-0.4647 0.2514 0.1599
-0.4641 -0.5556 0.1397
-0.4457 0.1929 0.1410
-0.4570 -0.7016 0.1633
-0.4563 0.6600 0.1851
-0.4493 0.9129 0.1525
-0.4442 0.8564 0.1483
-0.4433 0.1443 0.1366
-0.4452 1.1045 0.2122
-0.4366 -0.2403 0.2985
-0.4092 0.1069 0.1725
-0.4387 1.0671 0.1843
-0.4282 0.9478 0.1533
-0.4312 1.0187 0.1671
-0.4230 -0.6776 0.1510
-0.4209 0.1661 0.1478
-0.4183 -0.3793 0.1777
-0.4090 0.8539 0.1380
-0.4099 -0.4113 0.1533
-0.4061 -0.4549 0.1323
-0.4031 0.5237 0.1858
-0.4009 0.4920 0.1884
-0.3932 0.6512 0.1905
-0.3948 0.8839 0.1377
-0.3890 -0.6648 0.1527
-0.3821 0.5830 0.1863
-0.3781 0.8280 0.1460
-0.3735 1.0530 0.1750
-0.3586 -0.6462 0.1584
-0.3669 -0.4745 0.1429
-0.3629 0.4873 0.1670
-0.3610 -1.0859 0.3814
-0.3617 0.8012 0.1543
-0.3511 0.7682 0.1665
-0.3399 -0.6033 0.1556
-0.3357 -0.4476 0.1626
-0.3376 -0.9851 0.3883
-0.3335 -0.5594 0.1536
-0.3401 0.2256 0.1911
-0.3311 1.0612 0.1767
-0.3231 0.2935 0.1967
-0.3195 0.6958 0.1831
-0.3219 -0.7460 0.2375
-0.3183 -0.5131 0.1544
-0.3117 -1.2279 0.3701
-0.3173 0.4588 0.1503
-0.2957 0.7159 0.1793
-0.3072 0.9251 0.1925
-0.3049 0.0618 0.2749
-0.2953 -1.3084 0.4116
-0.2853 -0.0704 0.3136
-0.2788 0.3202 0.1671
-0.2731 0.5016 0.1265
-0.2715 0.8483 0.1973
-0.2710 0.3541 0.1617
-0.2648 -0.6511 0.1800
-0.2716 0.4365 0.1428
-0.2572 0.5296 0.1225
-0.2600 1.1238 0.2308
-0.2634 -0.5277 0.1584
-0.2583 0.9423 0.2122
-0.2635 1.0559 0.1989
-0.2567 0.3001 0.1596
-0.2343 0.4678 0.1267
-0.2516 0.1655 0.2313
-0.2427 1.0725 0.2001
-0.2372 -0.6466 0.1898
-0.2384 -0.5397 0.1621
-0.2334 0.6531 0.1325
-0.2232 0.5575 0.1030
-0.2188 0.6060 0.1052
-0.2160 -1.2647 0.3667
-0.1985 0.4347 0.1525
-0.2001 0.5046 0.1182
-0.2090 0.5900 0.0974
-0.1903 0.5581 0.1007
-0.1745 0.2515 0.1425
-0.1783 0.6386 0.1017
-0.1744 0.6702 0.1064
-0.1782 0.7145 0.1278
-0.1639 -0.5307 0.1819
-0.1629 -0.0856 0.2407
-0.1708 0.2927 0.1291
-0.1652 0.5908 0.0979
-0.1567 0.3938 0.1572
-0.1592 -1.2805 0.3848
-0.1591 -0.5703 0.1769
-0.1414 0.3041 0.1233
-0.1504 0.5448 0.1206
-0.1451 0.8385 0.1930
-0.1435 0.2274 0.1442
-0.1403 0.9281 0.2020
-0.1276 -1.1052 0.3631
-0.1354 0.3378 0.1360
-0.1393 0.7044 0.0971
-0.1357 -0.4625 0.2471
-0.1188 -0.1145 0.2290
-0.1388 -0.0648 0.2345
-0.1231 0.6128 0.1091
-0.1249 0.7316 0.1104
-0.1010 0.2365 0.1300
-0.1171 1.0522 0.2123
-0.1116 0.6482 0.1030
-0.1004 0.6789 0.1007
-0.1068 0.7056 0.0981
-0.0993 0.3035 0.1243
-0.1052 -0.5927 0.2029
-0.1042 0.8928 0.1900
-0.1073 1.1357 0.2673
-0.0892 0.5909 0.1182
-0.0945 1.1102 0.2463
-0.0903 -0.8974 0.3916
-0.0915 0.0766 0.2362
-0.0908 0.4197 0.1688
-0.0837 0.7503 0.1300
-0.0839 0.0329 0.2543
-0.0686 0.5521 0.1334
-0.0791 -0.6326 0.2271
-0.0786 0.4667 0.1794
-0.0640 0.7288 0.1250
-0.0611 0.2719 0.1385
-0.0584 0.9217 0.1622
-0.0536 -0.2198 0.2733
-0.0447 0.2308 0.1443
-0.0438 0.9808 0.1713
-0.0413 -0.1864 0.2513
-0.0347 0.1781 0.1522
-0.0445 0.6298 0.1266
-0.0264 0.5731 0.1215
-0.0106 0.7339 0.1419
-0.0303 -0.5090 0.2454
-0.0290 -0.2109 0.2728
-0.0265 0.3522 0.1545
-0.0114 -0.7700 0.2563
-0.0036 -1.1449 0.3570
0.0052 0.5704 0.1271
0.0078 0.1834 0.1406
0.0056 0.9316 0.1406
0.0084 -0.1843 0.2749
0.0157 0.4113 0.1703
0.0134 0.6206 0.1238
0.0182 0.3849 0.1565
0.0246 0.5518 0.1401
0.0395 0.8368 0.1266
0.0227 0.9695 0.1375
0.0309 0.1417 0.1478
0.0439 0.2477 0.1414
0.0322 -1.2134 0.3387
0.0419 0.7990 0.1174
0.0317 0.8678 0.1364
0.0344 -0.7804 0.2340
0.0406 -0.6389 0.2018
0.0387 0.3370 0.1330
0.0608 0.9173 0.1310
0.0577 0.6327 0.1359
0.0508 0.6984 0.1315
0.0426 0.7416 0.1208
0.0558 0.1506 0.1322
0.0583 0.5927 0.1325
0.0587 -0.5383 0.2542
0.0661 1.0102 0.1296
0.0822 0.2657 0.1253
0.0760 0.7915 0.1025
0.0798 0.3437 0.1278
0.0787 0.6997 0.1350
0.0874 -0.5990 0.2196
0.0839 0.1577 0.1253
0.0937 1.0307 0.1215
0.0932 0.3159 0.1197
0.1154 0.8578 0.1229
0.1027 -0.7064 0.1777
0.1007 1.1004 0.1465
0.1052 0.7741 0.0985
0.1013 0.9810 0.1233
0.1139 -0.0386 0.2339
0.1149 0.2567 0.1202
0.1100 0.8118 0.0935
0.1209 0.1282 0.1275
0.1228 0.9373 0.1403
0.1332 0.5430 0.1417
0.1312 1.0367 0.1237
0.1254 -0.9042 0.2323
0.1316 0.3691 0.1437
0.1232 0.7636 0.1030
0.1236 1.0920 0.1305
0.1384 0.1720 0.1326
0.1400 0.9654 0.1467
0.1391 0.2239 0.1258
0.1501 0.5071 0.1429
0.1474 0.8349 0.1134
0.1463 1.1388 0.1737
0.1433 0.0941 0.1236
0.1436 -0.7750 0.1835
0.1589 0.0679 0.1228
0.1452 0.2765 0.1191
0.1453 0.5681 0.1402
0.1490 -0.7097 0.1675
0.1613 -0.6595 0.1781
0.1590 0.4510 0.1453
0.1513 1.0840 0.1312
0.1582 0.7721 0.0990
0.1806 0.3522 0.1391
0.1705 0.8112 0.1067
0.1772 -0.9805 0.2082
0.1748 0.0862 0.1163
0.1953 0.5331 0.1190
0.1764 0.6654 0.1414
0.2122 -0.0189 0.1772
0.1826 0.7876 0.1054
0.1904 0.0188 0.1412
0.1947 0.6409 0.1348
0.1998 0.7178 0.1098
0.1827 1.1432 0.1959
0.1880 -1.2906 0.2311
0.1891 -0.8944 0.1952
0.1983 0.2781 0.1260
0.1986 0.3791 0.1467
0.2091 0.4773 0.1206
0.2074 -0.7159 0.1609
0.2138 -0.4332 0.3521
0.2165 0.2352 0.1283
0.2188 0.7600 0.1187
0.2162 0.0289 0.1423
0.2266 -1.1220 0.1935
0.2211 -1.0453 0.1934
0.2194 -0.9290 0.1780
0.2191 0.0686 0.1308
0.2415 0.1227 0.1589
0.2289 0.1755 0.1543
0.2212 0.5699 0.1247
0.2263 0.6802 0.1171
0.2559 -1.1437 0.1772
0.2284 -0.8393 0.1876
0.2320 0.2553 0.1276
0.2332 -1.3075 0.2118
0.2385 0.4248 0.1337
0.2457 -1.2276 0.1673
0.2569 -1.0214 0.1803
0.2420 0.7283 0.1175
0.2654 -1.2947 0.1879
0.2602 0.7086 0.1214
0.2597 -0.7360 0.1647
0.2557 0.8699 0.2061
0.2649 -0.6607 0.1938
0.2597 0.5761 0.1295
0.2581 1.0795 0.2291
0.2597 0.4896 0.1051
0.2706 0.4607 0.1121
0.2616 0.3103 0.1329
0.2802 -0.1804 0.3430
0.2814 0.5365 0.1135
0.2842 -1.2464 0.1638
0.2835 0.6103 0.1315
0.2949 0.6881 0.1303
0.2917 0.3032 0.1417
0.2904 0.4853 0.1007
0.3077 -0.7615 0.1701
0.2984 0.2491 0.1549
0.3133 -1.1041 0.1787
0.3077 -0.6420 0.2152
0.3043 -0.4574 0.3308
0.3314 -1.1612 0.1915
0.3207 0.4758 0.0981
0.3307 0.4508 0.1072
0.3307 -1.2797 0.1957
0.3243 0.3301 0.1539
0.3310 0.6421 0.1185
0.3331 -0.8523 0.1763
0.3486 -0.7533 0.1683
0.3355 -0.0506 0.2113
0.3677 0.3978 0.1254
0.3461 0.5410 0.1163
0.3460 -0.9540 0.1669
0.3512 -0.9102 0.1679
0.3520 0.9138 0.2724
0.3572 0.6724 0.1219
0.3587 -0.5074 0.3167
0.3591 0.0581 0.1859
0.3582 0.3560 0.1448
0.3615 0.4958 0.0986
0.3662 -0.9711 0.1617
0.3726 0.6190 0.1015
0.3703 0.8933 0.2730
0.3721 1.1358 0.2149
0.3766 0.4499 0.1027
0.3752 0.5351 0.1107
0.3820 0.0357 0.1799
0.3853 0.1958 0.2150
0.3906 0.5539 0.1110
0.3873 0.6600 0.1146
0.3948 -1.0740 0.1966
0.3935 -0.0794 0.2280
0.3999 0.4442 0.1036
0.3974 0.6318 0.1047
0.4098 1.0880 0.1741
0.4126 -0.7269 0.1722
0.4099 0.0294 0.1726
0.4092 -1.3449 0.2542
0.4096 0.0961 0.1806
0.4156 0.6566 0.1214
0.4129 -1.0224 0.1703
0.4312 0.3528 0.1418
0.4232 0.4837 0.0950
0.4230 0.5995 0.1156
0.4177 1.0177 0.1980
0.4306 -0.8454 0.1258
0.4340 -0.8078 0.1199
0.4424 -0.7579 0.1364
0.4396 -0.3283 0.2952
0.4386 0.4490 0.0959
0.4466 -0.9309 0.1262
0.4476 0.2691 0.1770
0.4399 1.1305 0.1630
0.4495 0.5403 0.1212
0.4504 1.1016 0.1478
0.4554 0.4836 0.0916
0.4593 -0.8496 0.1095
0.4619 0.3631 0.1407
0.4674 -0.9507 0.1310
0.4785 0.4045 0.1188
0.4769 0.5132 0.1149
0.4856 -0.8375 0.1021
0.4868 -0.8039 0.1037
0.4804 0.4381 0.0996
0.4884 -0.9389 0.1209
0.4857 1.1164 0.1397
0.4828 -1.2355 0.1861
0.4835 -0.3744 0.2787
0.4828 -0.0650 0.2195
0.4897 0.6328 0.1491
0.4863 0.7953 0.2431
0.4885 0.1918 0.1566
0.4889 0.4730 0.0964
0.4971 -1.3222 0.2018
0.4931 -0.9037 0.1043
0.5021 -0.7735 0.1208
0.5104 -1.0779 0.1614
0.5041 1.0921 0.1407
0.5121 -0.2624 0.2713
0.5072 0.0693 0.1621
0.5143 0.4630 0.1154
0.5173 -1.1694 0.1635
0.5226 -0.9188 0.1162
0.5249 0.1791 0.1470
0.5318 -0.7986 0.1090
0.5230 0.0357 0.1719
0.5248 0.6237 0.1684
0.5244 -0.1668 0.2627
0.5265 0.6527 0.1683
0.5272 -1.0988 0.1598
0.5322 -1.1910 0.1528
0.5388 0.2311 0.1338
0.5467 1.1032 0.1352
0.5388 -0.8693 0.1091
0.5400 0.3257 0.1361
0.5457 -1.0152 0.1454
0.5479 0.9637 0.2188
0.5513 -1.3175 0.1871
0.5447 0.1279 0.1499
0.5668 0.2671 0.1249
0.5604 0.2077 0.1407
0.5722 -0.8112 0.1089
0.5590 0.0808 0.1655
0.5682 0.7428 0.1557
0.5666 -0.8816 0.1222
0.5798 -0.7614 0.1424
0.5627 0.4589 0.1470
0.5634 0.8822 0.2251
0.5744 -1.2181 0.1575
0.5894 -0.9815 0.1422
0.5716 1.1392 0.1423
0.5765 -1.2826 0.1705
0.5724 -1.1111 0.1523
0.5734 0.3392 0.1328
0.5777 0.3179 0.1256
0.5909 0.3816 0.1373
0.5983 -0.5010 0.2693
0.5981 -0.8473 0.1258
0.6059 -0.8049 0.1290
0.5948 -0.3886 0.2515
0.5955 -0.0163 0.1863
0.5978 -1.3375 0.2217
0.5993 0.9960 0.1762
0.6060 -1.0334 0.1360
0.6135 0.7447 0.1320
0.6097 1.0758 0.1176
0.6091 1.1236 0.1240
0.6149 0.4197 0.1614
0.6360 0.2970 0.1341
0.6201 0.6832 0.1270
0.6271 -0.9694 0.1501
0.6215 0.1000 0.1900
0.6359 0.7726 0.1329
0.6266 -0.7083 0.1973
0.6342 -0.2723 0.2483
0.6371 1.0937 0.1091
0.6404 0.2452 0.1479
0.6434 -1.1925 0.1800
0.6635 0.2597 0.1555
0.6489 0.4220 0.1832
0.6474 0.6906 0.1254
0.6485 -0.8553 0.1740
0.6470 0.7361 0.1237
0.6516 0.6179 0.1543
0.6526 -1.0009 0.1433
0.6612 -0.3059 0.2604
0.6565 1.0415 0.1248
0.6495 1.1421 0.1334
0.6688 0.6693 0.1416
0.6694 -1.1095 0.1759
0.6629 -0.0742 0.1246
0.6681 1.0863 0.1093
0.6681 -1.0194 0.1411
0.6677 -0.6037 0.2154
0.6708 0.7931 0.1436
0.6696 -0.6315 0.2154
0.6770 0.5398 0.1586
0.6788 -0.5833 0.2153
0.6847 0.5953 0.1396
0.6828 0.8468 0.1900
0.6835 -0.0949 0.1069
0.6972 0.2809 0.1667
0.7094 1.0883 0.1135
0.6989 0.0235 0.1742
0.7039 -0.1329 0.1103
0.7032 -0.1110 0.0955
0.7069 -0.0028 0.1492
0.7222 -1.0591 0.1608
0.7120 -0.0736 0.0936
0.7148 1.0382 0.1238
0.7235 -0.1139 0.0875
0.7209 -1.2426 0.1947
0.7260 -0.4150 0.2335
0.7284 0.5311 0.1278
0.7341 0.8174 0.1753
0.7394 1.1171 0.1263
0.7405 -1.1966 0.1708
0.7389 1.0071 0.1496
0.7503 -0.1058 0.0860
0.7636 0.5421 0.1067
0.7492 -0.4463 0.2200
0.7563 1.1415 0.1458
0.7567 0.5757 0.1053
0.7583 1.0438 0.1210
0.7606 -0.9405 0.2001
0.7630 -0.0856 0.0904
0.7683 0.7959 0.1674
0.7853 0.6491 0.1299
0.7645 -1.1947 0.1677
0.7675 -1.0442 0.1735
0.7696 -1.0001 0.1778
0.7653 0.5004 0.1419
0.7711 0.3011 0.1775
0.7850 -0.7226 0.2700
0.7763 -0.0266 0.1344
0.7767 0.5828 0.1015
0.7852 0.3513 0.1776
0.7946 -0.6337 0.2356
0.8080 -1.2424 0.1739
0.7883 -0.1088 0.0968
0.7913 0.3185 0.1665
0.7975 0.7012 0.1288
0.7985 1.0365 0.1282
0.7984 0.1229 0.2100
0.7930 0.1530 0.2199
0.8127 -0.8875 0.2230
0.8094 -0.5477 0.2056
0.8116 -0.0920 0.1003
0.8030 0.7425 0.1313
0.8092 -0.1215 0.0987
0.8071 0.5559 0.0997
0.8091 0.5924 0.1043
0.8067 1.1241 0.1304
0.8104 -1.1010 0.1819
0.8211 0.0418 0.1706
0.8229 0.0930 0.1882
0.8161 1.0820 0.1180
0.8230 -1.1724 0.1769
0.8242 -0.1834 0.1476
0.8403 0.6889 0.1117
0.8337 0.7366 0.1176
0.8375 -0.0805 0.1045
0.8552 -0.4736 0.1714
0.8598 -0.4229 0.1917
0.8493 0.6115 0.1209
0.8692 0.6673 0.1219
0.8441 -0.1712 0.1301
0.8443 0.3810 0.1581
0.8534 1.0646 0.1130
0.8533 0.5631 0.1273
0.8607 0.5360 0.1468
0.8597 0.9849 0.1423
0.8716 0.7405 0.1203
0.8591 1.1347 0.1395
0.8614 -1.3037 0.1933
0.8722 -0.1044 0.1003
0.8728 -0.0237 0.1200
0.8778 0.3644 0.1322
0.8945 -0.4406 0.1835
0.8936 1.0516 0.1144
0.9010 -1.3105 0.1846
0.9031 0.8164 0.1585
0.8902 0.8893 0.1641
0.9048 0.9215 0.1531
0.8961 0.9990 0.1298
0.9074 -0.9467 0.1575
0.8951 -0.4812 0.1757
0.9012 -0.1076 0.0962
0.9080 -1.0382 0.1739
0.9042 0.7088 0.1332
0.8981 1.0854 0.1169
0.9095 -1.2284 0.1564
0.9044 -0.0760 0.0863
0.9229 -0.0376 0.0851
0.9059 0.2402 0.1598
0.9063 0.7894 0.1543
0.9090 -0.8330 0.1526
0.9065 0.3189 0.1098
0.9113 1.1230 0.1379
0.9274 -1.1283 0.1589
0.9286 -0.9045 0.1330
0.9221 -0.5160 0.1876
0.9188 -0.2444 0.1913
0.9174 0.3417 0.1062
0.9306 -0.1370 0.1045
0.9377 0.9830 0.1395
0.9238 -0.1841 0.1310
0.9257 0.3082 0.1067
0.9291 -0.0805 0.0851
0.9340 -0.0064 0.0882
0.9377 -1.2721 0.1515
0.9372 -0.0597 0.0877
0.9358 0.0272 0.1120
0.9421 -0.6304 0.2085
0.9429 0.0103 0.0983
0.9368 0.2258 0.1560
0.9470 0.6103 0.1492
0.9413 0.6791 0.1513
0.9506 0.3670 0.1173
0.9543 1.0407 0.1267
0.9514 -0.8801 0.1180
0.9576 1.1186 0.1482
0.9746 -0.9470 0.1315
0.9663 -0.1275 0.1101
0.9591 0.1912 0.1749
0.9558 -1.3398 0.1822
0.9659 0.1366 0.1687
0.9655 0.3497 0.1120
0.9678 -0.4393 0.1883
0.9752 -0.1698 0.1336
0.9818 0.8798 0.1605
0.9855 -1.0998 0.1317
0.9764 -0.8384 0.1156
0.9772 -0.7808 0.1273
0.9745 -0.6435 0.1897
0.9687 -0.0521 0.1015
0.9676 0.5961 0.1549
0.9868 -1.0402 0.1350
0.9757 0.0140 0.1056
0.9730 0.3195 0.1105
0.9818 0.8548 0.1755
0.9789 -0.9048 0.1245
0.9790 0.1075 0.1516
0.9841 -1.1670 0.1239
1.0057 1.0752 0.1468
0.9941 -1.1969 0.1201
0.9911 -1.0188 0.1380
0.9915 -0.8010 0.1219
0.9967 -0.7543 0.1325
1.0028 0.5842 0.1754
0.9992 -1.1486 0.1224
1.0000 -0.8550 0.1272
1.0013 0.3214 0.1362
1.0071 -0.0028 0.1164
1.0074 0.9097 0.1695
1.0028 0.0869 0.1427
1.0255 0.3606 0.1717
1.0081 1.0183 0.1500
1.0101 -1.2258 0.1155
1.0214 -1.0603 0.1408
1.0221 -0.6963 0.1442
1.0156 -0.9922 0.1517
1.0141 -0.1546 0.1432
1.0371 -1.2289 0.1088
1.0221 -0.7408 0.1359
1.0372 0.6698 0.1776
1.0356 -0.2994 0.1959
1.0491 -0.0366 0.1413
1.0434 0.9588 0.1758
1.0448 1.1407 0.1997
1.0512 -1.2882 0.1091
1.0718 -1.2609 0.0993
1.0507 0.6507 0.1831
1.0586 -1.3451 0.1325
1.0604 -0.1740 0.1798
1.0544 1.0486 0.1626
1.0869 -1.3118 0.0932
1.0578 -0.7175 0.1431
1.0632 -0.6332 0.1850
1.0602 -0.4071 0.1726
1.0607 -0.3309 0.1945
1.0594 0.0329 0.1425
1.0832 -1.2290 0.0999
1.0628 -0.2455 0.1973
1.0661 -0.0916 0.1638
1.0646 0.5933 0.2079
1.0685 -1.1638 0.1175
1.0825 -0.3897 0.1712
1.0856 -1.3379 0.1092
1.1156 -0.4962 0.1516
1.1004 -0.4667 0.1517
1.0895 -0.0306 0.1661
1.0989 0.0555 0.1621
1.0965 -1.1645 0.1035
1.1131 -1.2726 0.0903
1.1006 -1.0825 0.1332
1.1169 -0.8608 0.2082
1.1155 0.6779 0.2653
1.1369 -1.3443 0.1064
1.1249 0.1946 0.2371
1.1326 -1.2144 0.0921
1.1267 -1.1597 0.0873
1.1297 -0.4297 0.1642
1.1323 1.0648 0.1987
1.1323 -1.0973 0.1110
1.1377 -1.3221 0.0910
1.1339 -0.8146 0.1906
1.1425 0.1695 0.2325
1.1453 -1.2517 0.0906
1.1468 -0.6837 0.1872
1.1513 -1.2895 0.0873
1.1426 -1.1816 0.0853
1.1426 0.0665 0.1894
1.1549 0.3973 0.3069
1.1460 -0.7510 0.1820
1.1509 -1.0816 0.1316
1.1554 -1.1490 0.0877
1.1611 -1.1182 0.1018
1.1662 -0.7135 0.1991
1.1533 -0.5633 0.1739
1.1508 0.4431 0.3121
1.1564 1.1181 0.2470
1.1604 -0.5082 0.1589
1.1807 -1.3096 0.1046
1.1647 0.9375 0.2761
1.1804 -1.2666 0.0996
1.1788 1.0625 0.2477
1.1836 -1.1705 0.1024
1.1851 -0.5415 0.1802
1.1827 -1.1945 0.0983
1.1811 0.1093 0.2376
1.1882 -1.2340 0.1050
1.1853 -0.9026 0.2836
1.1932 -0.5183 0.1838
1.1935 -1.3418 0.1381
