points 
 2 
 1 
Tumour[19065]CD6810NNCodensity
-1.3785 -0.9429 0.1841
-1.3903 -0.6329 0.3435
-1.3881 -0.2274 0.2705
-1.3883 0.4156 0.1863
-1.3807 1.2565 0.5659
-1.3727 0.2826 0.1349
-1.3730 0.3158 0.1391
-1.3665 -0.7637 0.2645
-1.3685 0.2596 0.1366
-1.3622 0.4079 0.1645
-1.3695 0.6226 0.2899
-1.3611 0.3838 0.1506
-1.3571 0.5434 0.2217
-1.3545 -0.9395 0.1586
-1.3259 0.1951 0.1498
-1.3336 -1.0368 0.1857
-1.3369 -0.9691 0.1399
-1.3432 -0.2854 0.2079
-1.3365 -0.6098 0.3149
-1.3281 -0.7116 0.2618
-1.3296 0.2386 0.1227
-1.3287 1.1739 0.4674
-1.3223 -0.2386 0.1884
-1.3255 0.0606 0.2947
-1.3081 -0.3217 0.2024
-1.3177 0.2826 0.1201
-1.3145 0.5435 0.2026
-1.2946 -0.2226 0.1817
-1.3044 0.2676 0.1203
-1.2879 0.4229 0.1573
-1.2779 0.2359 0.1246
-1.2838 -0.9143 0.1432
-1.2825 -1.0135 0.1419
-1.2732 -0.9691 0.1171
-1.2735 -0.5340 0.3145
-1.2729 -0.2594 0.1672
-1.2707 -0.1774 0.2226
-1.2675 0.3764 0.1584
-1.2644 -0.7445 0.2572
-1.2614 0.1832 0.1565
-1.2440 -0.9539 0.1272
-1.2430 -0.9844 0.1282
-1.2417 -0.8972 0.1636
-1.2456 1.2102 0.3980
-1.2337 0.4731 0.1509
-1.2347 0.3869 0.1593
-1.2291 0.6033 0.1913
-1.2287 0.6899 0.2439
-1.2181 0.0312 0.3204
-1.2041 0.1847 0.1683
-1.2073 0.8560 0.2429
-1.1945 0.4993 0.1288
-1.1696 -0.9935 0.1335
-1.1917 0.2310 0.1477
-1.1797 -0.3740 0.2098
-1.1807 0.2573 0.1525
-1.1633 -0.8206 0.2287
-1.1742 0.4106 0.1364
-1.1628 0.2898 0.1691
-1.1502 -0.2463 0.1980
-1.1534 0.4576 0.1050
-1.1631 0.5801 0.1610
-1.1512 -0.6041 0.3013
-1.1484 -0.3730 0.2190
-1.1543 -0.3193 0.1854
-1.1530 0.7953 0.1863
-1.1438 -1.0299 0.1384
-1.1439 0.5169 0.1087
-1.1472 0.5516 0.1321
-1.1405 -0.9630 0.1323
-1.1334 0.2425 0.1741
-1.1395 0.4250 0.1168
-1.1195 -0.2813 0.2027
-1.1076 -1.0269 0.1222
-1.1231 0.5029 0.1006
-1.1166 0.7724 0.1739
-1.0971 -0.9501 0.1320
-1.1057 -0.3499 0.2287
-1.1054 0.9361 0.1679
-1.0858 0.4298 0.1181
-1.1016 0.4664 0.1010
-1.0958 0.8906 0.1605
-1.0921 0.4888 0.1084
-1.0831 -1.0492 0.1377
-1.0877 -0.9672 0.1183
-1.0752 0.3934 0.1558
-1.0863 0.9921 0.1793
-1.0770 0.7701 0.1752
-1.0812 1.0300 0.2057
-1.0743 0.6962 0.2211
-1.0718 0.9600 0.1508
-1.0644 -1.0056 0.1129
-1.0712 0.2435 0.1940
-1.0636 -0.7072 0.2217
-1.0612 -0.1704 0.2883
-1.0700 0.8373 0.1533
-1.0581 -0.8461 0.1659
-1.0503 0.4953 0.1458
-1.0491 -0.7673 0.1772
-1.0282 0.7901 0.1755
-1.0276 -0.9852 0.1217
-1.0108 0.2611 0.2150
-1.0257 -0.0661 0.3106
-1.0130 -0.7947 0.1395
-1.0136 1.2231 0.1885
-1.0152 1.3948 0.2226
-1.0009 0.9149 0.1335
-1.0076 -0.6073 0.2231
-1.0059 1.4115 0.2282
-0.9982 -1.0251 0.1374
-0.9995 -0.5173 0.2687
-0.9928 0.4266 0.2047
-0.9850 1.1287 0.2036
-0.9892 -0.8988 0.1202
-0.9855 0.8589 0.1450
-0.9812 -0.9858 0.1219
-0.9740 -0.8603 0.1085
-0.9819 0.9894 0.1596
-0.9853 1.2857 0.1647
-0.9739 -0.9173 0.1165
-0.9821 0.2748 0.2332
-0.9740 1.2395 0.1528
-0.9604 0.9396 0.1274
-0.9542 -0.8417 0.1062
-0.9547 1.1543 0.1791
-0.9552 1.2638 0.1492
-0.9486 0.2799 0.2618
-0.9456 -0.8132 0.1087
-0.9432 -1.0293 0.1415
-0.9407 0.9205 0.1193
-0.9394 -0.9100 0.1072
-0.9422 0.0472 0.3173
-0.9283 -0.9456 0.1230
-0.9314 0.5303 0.2917
-0.9286 0.8859 0.1192
-0.9307 -0.7382 0.1478
-0.9252 0.6813 0.2716
-0.9237 -0.8284 0.1067
-0.9147 -0.7873 0.1104
-0.9181 -0.6321 0.1821
-0.9095 -1.0350 0.1432
-0.9130 0.9120 0.1203
-0.9072 1.0389 0.2149
-0.9001 -0.1839 0.2794
-0.8988 1.2815 0.1554
-0.8972 -0.7591 0.1277
-0.8865 0.8592 0.1300
-0.8964 1.3428 0.1504
-0.8896 -0.9034 0.1206
-0.8910 1.3943 0.1637
-0.8896 -1.0326 0.1419
-0.8806 -0.6052 0.1830
-0.8881 -0.5666 0.1938
-0.8792 -0.5269 0.2066
-0.8731 1.1778 0.1720
-0.8741 0.8920 0.1276
-0.8672 -0.8967 0.1244
-0.8681 -0.1409 0.2420
-0.8720 1.3978 0.1676
-0.8712 1.2390 0.1652
-0.8486 -0.7710 0.1214
-0.8522 -0.8701 0.1237
-0.8573 -0.8147 0.1106
-0.8505 -0.0401 0.2182
-0.8351 0.8471 0.1416
-0.8479 1.4025 0.1781
-0.8378 -0.6515 0.1785
-0.8402 0.7368 0.2169
-0.8341 -1.0290 0.1381
-0.8334 -0.0145 0.2194
-0.8272 0.8167 0.1567
-0.8232 1.3822 0.1680
-0.8147 1.1915 0.1811
-0.8132 -1.0182 0.1416
-0.8128 -0.8455 0.1307
-0.8025 -0.7677 0.1210
-0.8113 -0.3959 0.2474
-0.8095 -0.1110 0.2379
-0.8010 1.1382 0.1707
-0.8035 -1.0513 0.1494
-0.7954 0.8791 0.1591
-0.7922 -0.8012 0.1258
-0.7922 -0.9325 0.1737
-0.7716 -1.0561 0.1552
-0.7758 0.9550 0.1953
-0.7666 -0.0451 0.2214
-0.7744 -0.3147 0.2937
-0.7798 0.1960 0.2897
-0.7587 -0.7601 0.1270
-0.7429 -1.0331 0.1525
-0.7598 -0.6877 0.1437
-0.7572 0.7341 0.2382
-0.7534 1.1165 0.1573
-0.7416 -0.7332 0.1356
-0.7451 0.8520 0.1869
-0.7440 0.9879 0.1959
-0.7382 -0.5485 0.1351
-0.7274 -0.5747 0.1371
-0.7305 -0.4620 0.1376
-0.7345 1.1182 0.1539
-0.7356 1.3887 0.1756
-0.7230 -0.7599 0.1538
-0.7261 -0.4985 0.1211
-0.7221 0.2865 0.2985
-0.7308 1.0516 0.1629
-0.7251 0.4576 0.2597
-0.7230 -0.0174 0.2119
-0.7190 1.2900 0.1683
-0.7190 -0.6841 0.1574
-0.7044 -0.4293 0.1517
-0.7113 -0.6180 0.1557
-0.6993 1.3176 0.1467
-0.7091 -0.5513 0.1213
-0.7097 0.0897 0.1958
-0.7080 0.4824 0.2413
-0.7022 1.1088 0.1495
-0.6945 1.3755 0.1524
-0.6797 1.2504 0.1631
-0.6710 -1.0630 0.1626
-0.6774 -0.5279 0.1155
-0.6774 0.1160 0.1772
-0.6771 0.7524 0.2477
-0.6729 1.1334 0.1526
-0.6674 -1.0233 0.1500
-0.6672 1.3821 0.1494
-0.6523 0.5241 0.2055
-0.6488 -0.5060 0.1168
-0.6520 -0.4477 0.1300
-0.6393 -0.9479 0.1674
-0.6443 0.1040 0.1531
-0.6291 -1.0625 0.1512
-0.6382 -0.4810 0.1160
-0.6360 0.1714 0.1862
-0.6172 1.4064 0.1787
-0.6207 1.0182 0.1416
-0.6340 0.4030 0.2467
-0.6353 1.2404 0.1499
-0.6225 0.5832 0.2179
-0.6167 0.9049 0.1589
-0.6162 -0.9891 0.1285
-0.6193 0.8759 0.1744
-0.6083 1.2971 0.1423
-0.6027 0.9840 0.1291
-0.6038 -0.4436 0.1472
-0.5952 1.0415 0.1303
-0.5964 0.0504 0.1417
-0.5719 -0.5314 0.1499
-0.5972 1.1054 0.1420
-0.5817 -0.0467 0.2110
-0.5808 0.9298 0.1380
-0.5846 1.1944 0.1664
-0.5824 0.0799 0.1307
-0.5827 1.0716 0.1312
-0.5796 0.5028 0.1805
-0.5786 1.2749 0.1608
-0.5762 1.3326 0.1629
-0.5793 1.3910 0.1839
-0.5688 -0.8347 0.1433
-0.5663 -1.0332 0.1243
-0.5737 -0.9645 0.1235
-0.5690 -0.4924 0.1326
-0.5739 1.0000 0.1234
-0.5752 1.1667 0.1685
-0.5589 -0.9329 0.1258
-0.5651 -0.8082 0.1409
-0.5559 -0.7486 0.1602
-0.5645 0.5449 0.1899
-0.5579 0.7704 0.2643
-0.5611 0.8999 0.1598
-0.5477 -1.0649 0.1396
-0.5400 0.0428 0.1452
-0.5446 0.0911 0.1424
-0.5484 -0.6907 0.1982
-0.5481 -0.0006 0.1660
-0.5520 0.5034 0.1874
-0.5360 -0.8074 0.1264
-0.5120 -0.9544 0.1091
-0.5232 0.1250 0.1626
-0.5331 0.1588 0.1771
-0.5086 -1.0613 0.1296
-0.5286 -0.9975 0.1131
-0.5264 -0.7818 0.1286
-0.5196 -0.2022 0.1716
-0.5197 0.9391 0.1564
-0.5107 -0.9174 0.1154
-0.5137 -0.5040 0.1369
-0.5059 -0.4771 0.1351
-0.5080 1.0683 0.1520
-0.4955 -0.8634 0.1331
-0.4944 -0.2130 0.1448
-0.4995 1.0435 0.1450
-0.4783 -1.0517 0.1202
-0.4846 -0.7912 0.1308
-0.4912 0.6270 0.2322
-0.4807 0.2265 0.2632
-0.4744 -0.0370 0.1730
-0.4683 -0.9383 0.1046
-0.4595 1.0291 0.1654
-0.4545 -0.9801 0.1103
-0.4465 -0.1796 0.1183
-0.4670 -0.4794 0.1348
-0.4648 -0.2557 0.1515
-0.4648 -0.2244 0.1260
-0.4695 0.4836 0.2082
-0.4586 -0.5158 0.1433
-0.4520 -0.6508 0.1671
-0.4547 -0.5598 0.1531
-0.4530 -0.4079 0.1725
-0.4517 1.3922 0.2695
-0.4494 -1.0811 0.1349
-0.4489 0.9917 0.1593
-0.4500 1.2884 0.2119
-0.4314 -1.0478 0.1125
-0.4381 -0.9189 0.1126
-0.4344 -0.9505 0.1101
-0.4384 -0.1184 0.1467
-0.4132 -0.7151 0.1332
-0.4232 -0.6273 0.1624
-0.4194 -0.8087 0.1241
-0.4145 -0.2756 0.1700
-0.4069 -0.0075 0.1879
-0.4091 -0.7579 0.1221
-0.4075 -0.0570 0.1589
-0.4172 0.8767 0.1928
-0.4169 1.2455 0.2299
-0.4122 -0.2081 0.1224
-0.3954 -1.0673 0.1108
-0.4067 -0.1781 0.1261
-0.4077 -0.4226 0.1629
-0.3961 0.5119 0.1906
-0.3997 0.8941 0.1723
-0.3928 -0.9273 0.1258
-0.3947 -0.6413 0.1606
-0.3901 -0.1183 0.1432
-0.3877 -0.9707 0.1149
-0.3858 -0.8538 0.1272
-0.3844 -0.7801 0.1135
-0.3909 0.4109 0.2363
-0.3887 1.0031 0.1790
-0.3769 -1.0307 0.0967
-0.3674 -0.7221 0.1421
-0.3803 0.2332 0.2786
-0.3818 1.2087 0.2434
-0.3773 1.2478 0.2526
-0.3781 -0.4019 0.1871
-0.3726 -0.0183 0.1829
-0.3780 0.5782 0.1759
-0.3559 -1.0650 0.1046
-0.3573 -1.0165 0.0966
-0.3652 -0.4509 0.1718
-0.3653 0.5239 0.1831
-0.3694 0.6524 0.1917
-0.3691 0.9324 0.1502
-0.3413 -0.8710 0.1378
-0.3600 -0.5549 0.1677
-0.3562 -0.7864 0.1205
-0.3508 -0.8059 0.1231
-0.3291 -0.1736 0.1530
-0.3356 -1.0421 0.0931
-0.3370 0.6240 0.1617
-0.3253 -1.0129 0.0977
-0.3271 -0.5147 0.1802
-0.3246 0.3299 0.2319
-0.2912 -0.2259 0.1528
-0.3063 -1.0647 0.1087
-0.3066 0.6669 0.1774
-0.3118 0.9139 0.1298
-0.2990 -0.8712 0.1504
-0.2951 -0.1024 0.1529
-0.2869 0.4707 0.2086
-0.2716 0.8774 0.1353
-0.2853 0.9010 0.1225
-0.2865 1.0902 0.1729
-0.2733 -1.0383 0.1076
-0.2645 -0.1833 0.1260
-0.2769 1.1210 0.1977
-0.2742 -0.9963 0.1109
-0.2691 -0.6140 0.1676
-0.2759 -0.5810 0.1680
-0.2493 0.6572 0.1578
-0.2703 0.9187 0.1131
-0.2660 0.9849 0.1209
-0.2658 1.0483 0.1379
-0.2704 -0.0438 0.1567
-0.2645 -0.9546 0.1338
-0.2519 0.3486 0.2306
-0.2549 0.2649 0.2794
-0.2524 -0.8876 0.1647
-0.2453 -1.0276 0.1147
-0.2464 -0.3229 0.1826
-0.2375 -0.0551 0.1277
-0.2474 1.0100 0.1242
-0.2439 0.9622 0.1128
-0.2418 -0.2391 0.1346
-0.2440 0.5884 0.1509
-0.2304 0.9927 0.1240
-0.2333 -0.3807 0.1901
-0.2240 -1.0506 0.1408
-0.2096 -0.8709 0.1762
-0.2177 -0.2098 0.1216
-0.2292 0.6166 0.1469
-0.2279 0.8426 0.1772
-0.2099 -0.6907 0.1707
-0.2228 -0.6237 0.1594
-0.2231 -0.3217 0.1788
-0.2216 -0.7379 0.1851
-0.2138 0.5941 0.1531
-0.2197 -0.5161 0.1465
-0.2188 0.2885 0.2806
-0.2107 -0.9560 0.1418
-0.2139 -0.1672 0.1145
-0.2101 -0.1216 0.1164
-0.2094 0.4472 0.2355
-0.2039 -0.4290 0.1662
-0.2079 -0.0772 0.1106
-0.1773 -1.0027 0.1463
-0.1917 -0.5211 0.1451
-0.1883 -0.1910 0.1162
-0.1937 1.0691 0.1504
-0.1847 -0.0213 0.1233
-0.1742 -0.0831 0.1062
-0.1837 0.8944 0.1563
-0.1755 0.5942 0.1661
-0.1718 -0.6709 0.1645
-0.1580 -0.1683 0.1101
-0.1704 -0.7464 0.1816
-0.1679 0.9193 0.1592
-0.1692 -0.4797 0.1601
-0.1465 -0.0168 0.1248
-0.1590 -0.0558 0.1009
-0.1228 -0.2014 0.1171
-0.1563 1.0639 0.1691
-0.1518 -0.5028 0.1608
-0.1544 0.7174 0.2186
-0.1359 0.5984 0.1846
-0.1129 -1.0091 0.1320
-0.1368 -0.5301 0.1672
-0.1245 1.3658 0.3870
-0.1212 -0.7833 0.1809
-0.1094 -0.1551 0.1039
-0.1131 -0.0608 0.1084
-0.1082 1.0450 0.1973
-0.1059 -0.8585 0.1699
-0.0928 -0.0128 0.1566
-0.1175 0.9843 0.1805
-0.1011 -0.1100 0.1083
-0.1081 -0.9176 0.1548
-0.1095 -0.6287 0.1842
-0.1037 -0.3768 0.2229
-0.0785 -1.0570 0.1423
-0.0896 -0.0693 0.1200
-0.0911 0.7788 0.2532
-0.0944 0.4137 0.2972
-0.0881 -0.9700 0.1236
-0.0819 -0.1895 0.1239
-0.0836 -1.0788 0.1687
-0.0626 -0.2483 0.1780
-0.0797 -0.1379 0.1141
-0.0768 -0.1666 0.1157
-0.0667 1.1388 0.2253
-0.0565 -1.0065 0.1103
-0.0529 1.2648 0.2657
-0.0629 0.5814 0.2182
-0.0494 -1.0314 0.1182
-0.0571 -0.6307 0.1900
-0.0585 0.9004 0.2373
-0.0303 0.6512 0.2063
-0.0278 -0.9532 0.1171
-0.0290 -0.9210 0.1314
-0.0326 -0.8085 0.1518
-0.0219 -0.3321 0.2552
-0.0287 1.3303 0.3064
-0.0071 1.3118 0.2873
-0.0151 -0.7459 0.1521
-0.0040 -0.7132 0.1510
-0.0002 -0.9736 0.1112
-0.0081 -0.8276 0.1445
-0.0046 -0.6038 0.1988
0.0419 -1.0245 0.1369
0.0255 -0.9897 0.1163
0.0138 -0.8265 0.1439
0.0318 0.6542 0.1894
0.0449 1.1746 0.2496
0.0383 1.0916 0.2336
0.0416 -0.9139 0.1245
0.0379 0.5618 0.1840
0.0408 -0.6983 0.1553
0.0487 1.0347 0.2376
0.0564 -0.8749 0.1307
0.0557 -0.4562 0.2903
0.0667 -0.9865 0.1197
0.0665 0.8390 0.2039
0.0592 1.1169 0.2472
0.0607 -0.7053 0.1530
0.0845 0.6694 0.1764
0.0713 -0.2895 0.2697
0.0757 -0.6762 0.1693
0.0822 0.8046 0.1988
0.0779 0.4475 0.1908
0.0824 -0.5076 0.2869
0.0947 -0.9250 0.1118
0.0806 0.2240 0.2927
0.0881 0.0321 0.2669
0.0892 0.4134 0.2007
0.0995 0.5494 0.1545
0.0882 0.8637 0.2103
0.1150 0.6183 0.1485
0.1010 -1.0471 0.1712
0.1078 -0.8044 0.1283
0.1170 -0.9684 0.1210
0.1088 0.8540 0.2118
0.1204 -0.8737 0.1088
0.1205 -0.1625 0.2570
0.1296 -0.0881 0.2626
0.1286 0.7901 0.1967
0.1491 -0.9487 0.1106
0.1416 -0.9126 0.1001
0.1293 -0.8014 0.1149
0.1335 0.2712 0.2606
0.1411 -0.8450 0.1064
0.1457 0.5611 0.1391
0.1476 0.1507 0.2308
0.1503 0.6389 0.1551
0.1525 0.4400 0.1472
0.1558 0.9785 0.2794
0.1643 0.1160 0.2170
0.1675 -0.7872 0.0990
0.1679 -0.7495 0.1136
0.1831 -0.9061 0.1049
0.1830 -0.9367 0.1101
0.1787 -0.6927 0.1528
0.1860 0.4489 0.1394
0.1806 -0.8401 0.1041
0.1841 0.4962 0.1334
0.1890 0.5166 0.1288
0.1896 0.5949 0.1350
0.1921 0.0998 0.2129
0.1981 -0.1927 0.2325
0.2017 1.3601 0.3233
0.2192 -1.0648 0.1784
0.2075 -1.0198 0.1411
0.2159 -0.8228 0.1024
0.2176 -0.7238 0.1175
0.2147 -0.2689 0.2409
0.2174 -0.8994 0.1200
0.2137 -0.7885 0.0933
0.2139 0.3955 0.1730
0.2179 0.6984 0.1777
0.2329 -1.0326 0.1513
0.2254 -0.7687 0.0989
0.2234 -0.1651 0.2278
0.2277 0.0442 0.2176
0.2355 1.3269 0.2904
0.2408 -0.9568 0.1402
0.2359 -0.4976 0.2167
0.2508 -0.7359 0.1167
0.2457 0.5858 0.1225
0.2653 -0.8453 0.1337
0.2528 -0.8073 0.1143
0.2724 -0.6720 0.1484
0.2592 0.4207 0.1464
0.2642 0.5028 0.1261
0.2710 0.0158 0.2272
0.2619 0.7147 0.1727
0.2642 1.1878 0.2732
0.2705 0.5495 0.1152
0.2734 0.5864 0.1135
0.2800 0.6494 0.1255
0.2971 -1.0135 0.1602
0.3251 -0.7133 0.1416
0.3066 -0.5798 0.1596
0.2943 1.2010 0.2588
0.2992 -0.5454 0.1675
0.3082 -1.0350 0.1736
0.3197 -0.4781 0.1457
0.3052 0.6106 0.1089
0.3104 1.2331 0.2399
0.3283 -0.7582 0.1532
0.3088 -0.0552 0.2100
0.3147 0.1921 0.2152
0.3056 0.4231 0.1254
0.3131 -0.5224 0.1580
0.3131 -0.3592 0.1468
0.3265 0.5090 0.1016
0.3176 0.7997 0.2194
0.3217 -0.3196 0.1648
0.3201 0.4836 0.1012
0.3191 1.1165 0.2997
0.3376 -0.8524 0.1670
0.3331 -0.6665 0.1372
0.3316 -0.3812 0.1206
0.3277 0.5691 0.1121
0.3418 0.6651 0.1192
0.3398 0.6978 0.1423
0.3425 0.9118 0.2458
0.3433 -0.4096 0.1143
0.3466 0.4500 0.0920
0.3529 0.4895 0.0928
0.3603 0.6092 0.1097
0.3572 0.1864 0.1727
0.3654 -0.8782 0.1725
0.3687 -0.1657 0.1485
0.3718 0.1411 0.1569
0.3792 0.6342 0.1076
0.3717 -0.3694 0.1063
0.3729 -0.9907 0.1832
0.3696 -0.6626 0.1272
0.3696 -0.1284 0.1486
0.3950 0.4802 0.1036
0.3979 0.6001 0.1239
0.3777 0.4541 0.0904
0.3728 0.4165 0.1072
0.3980 0.3819 0.1347
0.3830 0.5268 0.1197
0.3923 -1.0545 0.2002
0.3809 -0.4179 0.1050
0.3941 0.2126 0.1657
0.4057 0.6579 0.1173
0.3897 -0.6803 0.1267
0.3941 1.3979 0.2435
0.3991 0.4293 0.1090
0.3983 0.8264 0.1968
0.4075 -0.6105 0.1112
0.3986 -0.4000 0.1009
0.4080 0.0481 0.1398
0.4152 -0.8496 0.1700
0.4042 0.3294 0.1721
0.4069 -0.9146 0.1790
0.4106 -0.4494 0.1112
0.4129 0.0022 0.1447
0.4179 0.1458 0.1387
0.4148 1.4118 0.2479
0.4140 -0.2079 0.1129
0.4389 -0.2907 0.1362
0.4279 -0.4712 0.1177
0.4365 -0.5905 0.1095
0.4304 -0.5610 0.1251
0.4372 -0.5079 0.1310
0.4312 -0.0883 0.1259
0.4390 0.0655 0.1157
0.4352 -0.3392 0.1289
0.4389 -0.2127 0.1001
0.4335 -0.1848 0.0963
0.4572 0.0957 0.1131
0.4335 0.9075 0.1642
0.4522 -0.0499 0.1313
0.4396 0.2706 0.1821
0.4485 -0.1315 0.1060
0.4483 0.6795 0.1375
0.4499 -0.6569 0.1030
0.4466 -0.6290 0.0959
0.4463 -0.3923 0.1169
0.4486 0.8760 0.1618
0.4450 1.2912 0.1961
0.4513 0.6441 0.1400
0.4760 -0.2886 0.1423
0.4606 -0.1693 0.0896
0.4736 -0.1003 0.1163
0.4676 0.7045 0.1493
0.4597 -0.3544 0.1286
0.4686 -0.4570 0.1193
0.4735 -0.2127 0.0992
0.4671 0.3293 0.1870
0.4773 0.0440 0.1081
0.4672 -0.8098 0.1630
0.4715 -0.6452 0.1055
0.4711 -0.6113 0.1099
0.4668 0.4564 0.1646
0.4785 0.9545 0.1497
0.4855 0.1587 0.1481
0.4702 0.9952 0.1734
0.5031 1.2845 0.1991
0.4812 -1.0604 0.1850
0.4777 -0.7272 0.1505
0.4937 -1.0268 0.1653
0.4896 -0.4987 0.1316
0.4751 1.3413 0.1911
0.4896 0.0025 0.1259
0.4913 -0.1697 0.0996
0.4986 1.3700 0.2124
0.4978 -0.9170 0.1694
0.5060 -0.2128 0.1141
0.4957 -0.0565 0.1375
0.5018 0.0891 0.1052
0.5000 0.9263 0.1381
0.5107 -1.0671 0.1899
0.5375 -0.8831 0.1424
0.5151 -0.6470 0.1317
0.5180 -0.1443 0.1230
0.5171 0.8196 0.1445
0.5168 1.2145 0.2271
0.5237 0.7629 0.1173
0.5307 -0.4441 0.1400
0.5353 -0.8191 0.1272
0.5348 -0.7916 0.1254
0.5257 0.0437 0.1244
0.5222 0.0993 0.1153
0.5387 0.6711 0.1306
0.5450 0.2488 0.2147
0.5350 0.4375 0.2093
0.5388 1.0308 0.1499
0.5399 1.2779 0.2131
0.5409 -0.3956 0.1634
0.5577 0.8230 0.1293
0.5420 0.1360 0.1501
0.5389 0.9796 0.1421
0.5463 -0.7469 0.1239
0.5662 -0.8986 0.1365
0.5483 -1.0461 0.1837
0.5615 0.7526 0.0940
0.5588 1.0868 0.1738
0.5542 -0.4985 0.1650
0.5653 0.7745 0.1004
0.5673 0.0608 0.1453
0.5648 0.7307 0.0983
0.5727 -0.4641 0.1653
0.5664 0.5873 0.1245
0.5701 -0.6428 0.1505
0.5753 -0.2172 0.1457
0.5758 0.9049 0.1332
0.5819 -0.7399 0.1110
0.5841 0.6040 0.1000
0.5901 0.6675 0.1058
0.5871 -1.0125 0.1764
0.5860 -0.1801 0.1518
0.5911 1.0937 0.1727
0.6062 -0.7038 0.1146
0.6119 0.2533 0.2048
0.5934 0.7394 0.0959
0.5936 0.9146 0.1305
0.5978 -0.7671 0.1005
0.5991 -0.2075 0.1554
0.6013 0.6374 0.0937
0.6064 0.7539 0.1012
0.6099 -0.9687 0.1699
0.6151 0.9752 0.1375
0.6036 1.4113 0.2997
0.6074 -0.8809 0.1216
0.6158 -0.6466 0.1340
0.6106 0.5989 0.0909
0.6332 0.9031 0.1300
0.6237 0.6652 0.1130
0.6220 -0.8097 0.1092
0.6203 1.0739 0.1557
0.6236 -0.8319 0.1110
0.6296 -0.7414 0.0991
0.6387 0.5724 0.1048
0.6299 0.6089 0.0902
0.6296 0.4738 0.1479
0.6457 -0.7155 0.1045
0.6365 0.4291 0.1336
0.6359 0.7678 0.1301
0.6422 1.0538 0.1453
0.6514 -0.8493 0.1179
0.6454 -0.5461 0.1768
0.6496 0.5265 0.1347
0.6516 -0.3966 0.1612
0.6504 0.0855 0.1125
0.6546 0.3491 0.1357
0.6693 -0.5924 0.1529
0.6755 0.7400 0.1540
0.6591 0.8822 0.1400
0.6602 -0.2074 0.1609
0.6769 -0.6265 0.1384
0.6667 0.6126 0.1079
0.6663 0.9354 0.1230
0.6832 0.3951 0.1032
0.6656 -0.2924 0.1858
0.6646 0.4496 0.1257
0.6660 -0.9036 0.1452
0.6675 -0.7890 0.1059
0.6704 0.0395 0.1013
0.6696 0.1249 0.1203
0.6735 -0.0535 0.1382
0.6895 0.3254 0.1359
0.6997 1.0443 0.1486
0.6869 0.0767 0.0836
0.7007 0.5726 0.1421
0.6880 -0.8736 0.1411
0.6851 -0.7505 0.1033
0.6968 -0.6694 0.1283
0.6979 0.4330 0.1153
0.6942 -0.3736 0.1542
0.6931 -0.0260 0.1237
0.6913 0.0419 0.0912
0.6950 0.0145 0.1069
0.6987 0.1222 0.1045
0.6964 -0.1248 0.1165
0.7007 0.9353 0.1297
0.7063 0.2182 0.1592
0.7146 0.6186 0.1359
0.7127 -0.7611 0.1137
0.7056 -0.7318 0.1085
0.7083 -0.4566 0.1578
0.7095 -0.3995 0.1500
0.7185 0.0754 0.0856
0.7079 0.3306 0.1350
0.7082 0.9879 0.1316
0.7088 1.2317 0.2744
0.7360 0.0417 0.1086
0.7228 0.3523 0.1249
0.7256 0.3965 0.1108
0.7399 -0.0762 0.1091
0.7343 0.1113 0.0990
0.7383 0.8794 0.1394
0.7265 -0.1381 0.0964
0.7299 -0.0918 0.0997
0.7519 0.6883 0.1346
0.7325 -0.3734 0.1442
0.7400 0.1887 0.1290
0.7367 0.9997 0.1312
0.7376 -0.4918 0.1631
0.7473 -0.7512 0.1194
0.7423 -0.1685 0.1054
0.7460 0.4344 0.1361
0.7591 0.6388 0.1347
0.7672 0.8584 0.1296
0.7550 1.0218 0.1312
0.7585 -0.1457 0.0856
0.7619 -0.6268 0.1190
0.7637 -0.1116 0.0891
0.7610 0.0963 0.1087
0.7588 0.7864 0.1246
0.7702 -0.9196 0.1514
0.7795 0.7167 0.1210
0.7787 -1.0068 0.2164
0.7719 -0.6799 0.1231
0.7658 -0.3763 0.1526
0.7718 -1.0799 0.3014
0.7695 -0.5993 0.1237
0.7817 -0.1722 0.1094
0.7757 0.1691 0.1192
0.7765 0.8084 0.1173
0.7775 -0.5542 0.1382
0.7897 1.3177 0.2929
0.7809 -0.7795 0.1414
0.7949 0.4360 0.1714
0.7847 -0.8744 0.1402
0.7994 -0.6151 0.1198
0.7963 0.1153 0.1226
0.7888 -0.2788 0.1640
0.7883 -0.1418 0.0951
0.7931 0.2198 0.1620
0.7980 -0.9453 0.1622
0.8025 0.6584 0.1180
0.8026 -0.6841 0.1256
0.8067 0.8060 0.1125
0.8032 0.7680 0.1121
0.8015 1.1124 0.1866
0.8228 1.2062 0.2450
0.8213 -0.7570 0.1473
0.8149 0.4937 0.1853
0.8179 0.9730 0.1204
0.8137 0.8722 0.1293
0.8132 0.1924 0.1435
0.8178 -0.0958 0.1346
0.8245 -0.5598 0.1375
0.8200 -0.5172 0.1380
0.8188 -0.8869 0.1337
0.8335 0.1018 0.1489
0.8296 0.9276 0.1268
0.8221 1.0208 0.1169
0.8342 -0.1589 0.1240
0.8391 0.5811 0.1413
0.8302 0.7271 0.1148
0.8364 0.6283 0.1206
0.8510 -0.3181 0.1162
0.8367 1.0114 0.1148
0.8557 -0.8808 0.1270
0.8463 -0.6684 0.1247
0.8553 -0.3593 0.1263
0.8513 0.7786 0.1205
0.8445 -0.4691 0.1427
0.8554 0.6853 0.1181
0.8453 1.0480 0.1323
0.8470 1.3658 0.3346
0.8549 -0.8340 0.1274
0.8567 0.9065 0.1283
0.8613 -0.2156 0.1180
0.8589 1.2624 0.2654
0.8775 -0.0206 0.2078
0.8686 -0.2886 0.1006
0.8683 -0.2580 0.1043
0.8785 0.6596 0.1232
0.8690 1.0274 0.1309
0.8727 -0.4604 0.1266
0.8735 0.3866 0.2408
0.8813 -0.6630 0.1248
0.8795 -0.8591 0.1229
0.8805 0.1097 0.1534
0.8788 0.5803 0.1408
0.8958 0.7571 0.1414
0.8982 -0.2947 0.0989
0.8978 0.9379 0.1322
0.9136 -0.3379 0.1170
0.8888 -0.3820 0.1202
0.9006 0.8002 0.1534
0.8987 -0.1661 0.1399
0.9093 0.8688 0.1492
0.8953 0.5614 0.1584
0.9064 -0.4594 0.1160
0.9084 -0.3948 0.1242
0.9036 0.0177 0.1870
0.9034 -0.7103 0.1202
0.9137 -0.6282 0.1261
0.9016 0.6821 0.1383
0.9078 0.9098 0.1436
0.9080 -0.2431 0.0946
0.9114 0.2003 0.1634
0.9130 1.4114 0.4203
0.9170 -0.1922 0.1180
0.9192 1.0337 0.1558
0.9237 -0.5561 0.1282
0.9231 -0.8642 0.1238
0.9200 -0.5242 0.1251
0.9261 -0.8011 0.1120
0.9260 -0.7263 0.1172
0.9310 -0.6837 0.1179
0.9369 0.1695 0.1430
0.9431 0.5331 0.1954
0.9331 -0.2471 0.1004
0.9290 -0.7515 0.1156
0.9426 0.1200 0.1444
0.9424 -0.5848 0.1182
0.9532 -0.4919 0.1183
0.9646 -0.4340 0.1266
0.9457 -0.2710 0.1089
0.9542 -0.8408 0.1181
0.9604 -0.8073 0.1079
0.9630 -0.9110 0.1699
0.9708 -0.2432 0.1135
0.9674 -0.9822 0.2133
0.9737 0.6664 0.2092
0.9767 0.1525 0.1268
0.9721 -0.4700 0.1227
0.9830 -0.6316 0.1129
0.9975 0.1975 0.1185
0.9873 0.9536 0.1860
0.9973 -0.5881 0.1066
0.9923 -0.0086 0.1598
0.9899 -0.1811 0.1392
0.9936 -0.7793 0.1018
1.0019 0.3622 0.1578
1.0022 1.0466 0.2044
0.9973 0.0567 0.1428
1.0196 -0.6071 0.1005
1.0099 -0.5467 0.1163
1.0106 -0.3735 0.1463
1.0098 1.0039 0.2013
1.0070 1.1711 0.2982
1.0095 -0.7333 0.1069
1.0236 -0.4432 0.1258
1.0146 0.2747 0.1345
1.0098 -0.8025 0.1190
1.0313 -0.5662 0.1091
1.0196 -0.3227 0.1419
1.0265 0.3155 0.1346
1.0243 -0.6705 0.1079
1.0227 0.4269 0.1728
1.0308 -0.2169 0.1285
1.0390 -1.0624 0.2723
1.0254 -0.7597 0.1117
1.0298 -0.7051 0.1102
1.0286 -0.2684 0.1243
1.0280 0.1729 0.1141
1.0384 -1.0315 0.2453
1.0310 0.0178 0.1328
1.0445 0.3456 0.1387
1.0511 -0.6289 0.1038
1.0513 0.2208 0.1276
1.0380 0.4975 0.2210
1.0521 -0.0789 0.1810
1.0561 -0.4966 0.1224
1.0634 -0.2417 0.1410
1.0462 0.1828 0.1162
1.0488 0.2531 0.1320
1.0587 -0.1801 0.1647
1.0591 -0.7543 0.1344
1.0605 -0.3629 0.1575
1.0632 0.0843 0.1247
1.0607 0.4723 0.2130
1.0709 -1.0467 0.2755
1.0870 -0.5177 0.1363
1.0721 -0.4378 0.1431
1.0645 0.0367 0.1240
1.0697 -0.6740 0.1218
1.0851 -0.6448 0.1315
1.0827 -1.0763 0.3173
1.0897 0.0042 0.1414
1.0764 0.1209 0.1330
1.0815 0.8686 0.3105
1.0933 -0.5657 0.1375
1.0875 0.3405 0.1573
1.0913 0.3625 0.1627
1.0911 -0.2790 0.1682
1.0965 0.1420 0.1490
1.0989 -0.4649 0.1551
1.1023 -0.0684 0.1970
1.1027 0.0396 0.1438
1.1019 1.0706 0.3163
