points 
 2 
 1 
Tumour[19065]CD6810NNCodensity
-1.3268 -0.8587 0.1642
-1.3339 -0.6663 0.2661
-1.3385 -0.1659 0.3046
-1.3403 0.3649 0.2364
-1.3230 0.6555 0.4454
-1.3311 1.0053 0.1299
-1.3398 1.2387 0.2286
-1.3378 1.3228 0.2868
-1.3172 0.9762 0.1186
-1.3123 1.0340 0.1182
-1.3162 1.0820 0.1434
-1.2991 -0.7096 0.1990
-1.3022 -0.1467 0.2644
-1.2747 0.9900 0.0949
-1.2917 -0.8823 0.1341
-1.2833 0.1761 0.2825
-1.2881 1.1104 0.1375
-1.2902 -0.8475 0.1203
-1.2892 0.4052 0.1807
-1.2658 1.0308 0.1057
-1.2660 1.2010 0.1536
-1.2760 0.9527 0.1011
-1.2780 -1.0188 0.2504
-1.2689 -0.7962 0.1259
-1.2729 0.3853 0.1594
-1.2663 0.9153 0.1314
-1.2666 -0.6549 0.2426
-1.2629 -0.4670 0.3826
-1.2604 0.9349 0.1105
-1.2501 1.1442 0.1238
-1.2560 -0.8428 0.1004
-1.2618 -0.2772 0.2627
-1.2312 -0.9054 0.1263
-1.2585 0.1654 0.2793
-1.2553 0.2315 0.2294
-1.2447 0.4096 0.1482
-1.2414 -0.7950 0.1197
-1.2265 0.9924 0.1018
-1.2269 1.0536 0.1088
-1.2335 -0.2811 0.2549
-1.2325 1.1867 0.1284
-1.2112 0.9617 0.1069
-1.2092 -0.8576 0.0947
-1.2191 -0.2508 0.2332
-1.2150 -0.1582 0.2118
-1.2163 0.4166 0.1444
-1.2102 1.0975 0.1073
-1.2028 -0.8236 0.0924
-1.1991 1.0406 0.1032
-1.2073 1.2031 0.1313
-1.2050 0.3395 0.1526
-1.1945 -0.8891 0.1013
-1.1951 0.3823 0.1372
-1.1944 0.9238 0.1267
-1.1966 1.3196 0.2211
-1.1823 1.0862 0.1000
-1.1850 -1.0521 0.2306
-1.1880 0.0528 0.2709
-1.1799 -0.0902 0.2302
-1.1774 1.1304 0.1108
-1.1750 1.2360 0.1555
-1.1793 1.3531 0.2682
-1.1564 0.9566 0.1119
-1.1738 -0.7913 0.1092
-1.1542 -0.9114 0.1141
-1.1659 -0.8173 0.0900
-1.1626 -0.8792 0.0932
-1.1484 0.3519 0.1500
-1.1617 1.0240 0.1072
-1.1540 0.4645 0.2012
-1.1492 -0.8353 0.0858
-1.1444 1.1104 0.1100
-1.1481 -0.7017 0.1861
-1.1450 1.1439 0.1204
-1.1370 -1.0011 0.1630
-1.1273 -0.8828 0.1033
-1.1319 -0.1633 0.2277
-1.1290 1.0546 0.1041
-1.1250 1.0155 0.1032
-1.1299 -0.8190 0.0892
-1.1262 1.2011 0.1589
-1.1224 0.9168 0.1315
-1.1202 -0.9579 0.1320
-1.0907 0.4027 0.1765
-1.1215 0.3038 0.1805
-1.1154 0.9556 0.1121
-1.0912 1.0926 0.1180
-1.1049 -0.8103 0.0932
-1.0975 0.2737 0.1916
-1.0817 1.0425 0.1083
-1.0873 -0.7880 0.1045
-1.0901 0.6828 0.2808
-1.0844 0.9988 0.1059
-1.0810 0.9233 0.1370
-1.0839 0.8561 0.1968
-1.0766 -0.8625 0.1148
-1.0705 -0.0557 0.1914
-1.0698 -0.9857 0.1458
-1.0686 -0.7586 0.1274
-1.0633 -0.8353 0.1112
-1.0572 -0.6376 0.1634
-1.0437 -0.9189 0.1229
-1.0594 1.0049 0.1178
-1.0526 -0.7164 0.1432
-1.0508 0.0344 0.1523
-1.0486 1.1029 0.1228
-1.0507 -0.1660 0.2552
-1.0399 0.3844 0.1984
-1.0402 -0.9501 0.1298
-1.0421 -0.0206 0.1686
-1.0314 0.6412 0.2721
-1.0434 1.1396 0.1236
-1.0383 -1.0016 0.1556
-1.0329 -0.7957 0.1222
-1.0176 1.0036 0.1368
-1.0357 0.0790 0.1457
-1.0244 -0.5622 0.1557
-1.0264 -0.6309 0.1492
-1.0070 -0.0083 0.1527
-1.0166 0.2230 0.1755
-1.0157 1.1481 0.1354
-1.0059 -0.5384 0.1528
-1.0055 0.6711 0.2545
-1.0073 0.7517 0.2165
-1.0023 -0.5710 0.1401
-0.9991 0.1040 0.1259
-1.0032 1.1706 0.1522
-1.0014 0.4043 0.2176
-0.9981 1.1299 0.1463
-0.9953 0.2420 0.1768
-0.9787 -0.9172 0.1342
-0.9892 -0.8844 0.1208
-0.9712 -1.1111 0.2251
-0.9675 -0.8643 0.1268
-0.9776 -0.6976 0.1562
-0.9719 0.1320 0.1129
-0.9804 0.9559 0.1439
-0.9722 1.2058 0.1866
-0.9740 -0.7453 0.1451
-0.9660 -0.4932 0.1701
-0.9707 0.0512 0.1220
-0.9711 0.2583 0.1775
-0.9624 -1.0542 0.1693
-0.9697 0.8796 0.1893
-0.9621 -0.7966 0.1358
-0.9615 0.7541 0.2238
-0.9583 0.9883 0.1594
-0.9515 -0.8999 0.1352
-0.9491 0.0056 0.1599
-0.9412 0.1419 0.1030
-0.9443 -0.2337 0.2602
-0.9443 -0.5945 0.1456
-0.9413 0.0822 0.1099
-0.9444 0.9478 0.1619
-0.9376 1.2811 0.2576
-0.9185 -1.0497 0.1676
-0.9264 0.1166 0.0948
-0.9218 0.7100 0.2540
-0.9213 -0.7763 0.1483
-0.9240 -0.5826 0.1539
-0.9169 -0.9990 0.1652
-0.9099 0.9527 0.1756
-0.9132 0.1555 0.1035
-0.9076 -0.8228 0.1359
-0.9039 -0.4548 0.1912
-0.9012 -0.3786 0.2053
-0.8965 0.4371 0.2240
-0.8899 -0.3238 0.1974
-0.8934 -0.4895 0.1849
-0.8863 0.1621 0.1067
-0.8918 0.1260 0.0959
-0.8550 -1.0448 0.1762
-0.8809 0.3846 0.1985
-0.8641 0.2042 0.1283
-0.8753 -0.6975 0.1969
-0.8725 -1.0756 0.1883
-0.8720 0.3199 0.1622
-0.8678 -0.3509 0.1929
-0.8678 -0.6117 0.1998
-0.8610 0.0614 0.1352
-0.8586 1.1283 0.2648
-0.8600 1.3142 0.3331
-0.8596 -0.8446 0.1628
-0.8534 -0.9007 0.1796
-0.8462 0.2388 0.1349
-0.8490 0.2786 0.1435
-0.8423 -0.8596 0.1775
-0.8501 0.1339 0.1045
-0.8380 0.0723 0.1321
-0.8180 0.1008 0.1250
-0.8259 0.5457 0.2249
-0.8227 -0.3091 0.1844
-0.8172 0.9776 0.2003
-0.8127 0.5134 0.2037
-0.7959 0.1352 0.1338
-0.7985 0.8343 0.2102
-0.8032 0.9135 0.1794
-0.7908 -1.0475 0.1953
-0.7985 0.3300 0.1670
-0.7863 -0.1980 0.1568
-0.7934 0.2889 0.1491
-0.7903 0.2340 0.1456
-0.7860 -0.2621 0.1636
-0.7548 0.5432 0.1718
-0.7682 1.2789 0.3829
-0.7625 -1.0200 0.1886
-0.7733 0.9075 0.1703
-0.7641 -0.2291 0.1414
-0.7648 0.1413 0.1670
-0.7543 -0.6395 0.2139
-0.7546 -0.2032 0.1323
-0.7421 0.9129 0.1648
-0.7469 0.8403 0.1832
-0.7420 -0.1534 0.1415
-0.7216 -0.0451 0.2146
-0.7287 -0.6083 0.2280
-0.7213 0.4538 0.1575
-0.7266 1.0718 0.2968
-0.7171 -0.7092 0.1996
-0.7081 0.2581 0.1838
-0.7070 -0.1512 0.1310
-0.7140 0.5767 0.1740
-0.7098 -0.8905 0.1778
-0.6883 0.3707 0.1567
-0.7003 -0.9995 0.1604
-0.6517 0.9231 0.1608
-0.6899 0.4511 0.1401
-0.6734 0.8091 0.1782
-0.6891 -0.8830 0.1750
-0.6866 0.5359 0.1504
-0.6835 -0.9675 0.1428
-0.6814 -0.4271 0.2597
-0.6831 -0.2317 0.1446
-0.6701 -0.7474 0.1840
-0.6775 -0.1269 0.1369
-0.6771 0.2566 0.2017
-0.6751 -0.9500 0.1424
-0.6621 -0.6412 0.2156
-0.6648 -0.0377 0.1897
-0.6590 -0.6847 0.1890
-0.6443 0.4089 0.1354
-0.6515 -0.1769 0.1314
-0.6448 -0.3380 0.2086
-0.6469 -0.8428 0.1818
-0.6367 -0.2529 0.1673
-0.6378 0.4391 0.1296
-0.6349 0.5715 0.1702
-0.6332 0.6176 0.1841
-0.6204 0.3237 0.1878
-0.6281 0.8710 0.1402
-0.6266 0.4801 0.1399
-0.6140 -0.1196 0.1441
-0.6063 -1.1192 0.2148
-0.6044 -0.1626 0.1444
-0.6159 0.3693 0.1592
-0.6076 -0.9938 0.1381
-0.6059 -0.4437 0.2176
-0.5986 0.8942 0.1346
-0.5938 0.6952 0.1635
-0.5956 -0.2726 0.1860
-0.5979 0.9353 0.1600
-0.5917 -0.9672 0.1403
-0.5921 -0.7742 0.1741
-0.5862 0.7873 0.1278
-0.5546 0.5347 0.1725
-0.5823 0.4479 0.1631
-0.5852 0.7472 0.1390
-0.5522 -1.0710 0.1428
-0.5825 -0.9933 0.1302
-0.5751 -0.0320 0.1813
-0.5630 -0.8009 0.1717
-0.5580 0.9365 0.1658
-0.5623 -0.1276 0.1652
-0.5628 0.9040 0.1421
-0.5614 0.7750 0.1229
-0.5573 0.8036 0.1263
-0.5444 -0.4637 0.2034
-0.5513 -0.4417 0.1918
-0.5474 -1.0472 0.1284
-0.5435 0.6970 0.1460
-0.5365 -0.0518 0.1696
-0.5335 -1.1178 0.1852
-0.5109 -0.7905 0.1514
-0.5199 -0.6173 0.2616
-0.5071 -0.9682 0.1183
-0.5068 0.8060 0.1278
-0.4998 -0.7672 0.1509
-0.5117 -0.1634 0.1953
-0.5059 -0.3583 0.1587
-0.5024 0.6205 0.1520
-0.4891 0.6572 0.1525
-0.4896 -0.9907 0.1148
-0.4944 -0.9391 0.1282
-0.4850 0.7901 0.1236
-0.4905 -1.0275 0.1277
-0.4775 -0.2888 0.1509
-0.4677 -0.0147 0.1981
-0.4865 0.0156 0.2061
-0.4855 0.5878 0.1646
-0.4824 -0.7900 0.1420
-0.4771 0.9730 0.2422
-0.4745 -0.4003 0.1701
-0.4764 0.5137 0.1695
-0.4728 0.6276 0.1570
-0.4662 0.4039 0.1787
-0.4467 0.8226 0.1685
-0.4650 -0.3258 0.1475
-0.4580 0.7752 0.1360
-0.4555 1.1571 0.3302
-0.4419 -0.9417 0.1222
-0.4494 -0.3583 0.1573
-0.4501 0.3134 0.2274
-0.4321 -0.7522 0.1587
-0.4431 -0.8518 0.1454
-0.4412 -1.0021 0.1158
-0.4418 -0.0373 0.2070
-0.4354 0.7181 0.1563
-0.4319 -0.8979 0.1347
-0.4322 -0.2719 0.1328
-0.4168 0.7607 0.1665
-0.4278 0.3303 0.2087
-0.4193 -0.9700 0.1200
-0.4226 -0.7192 0.1750
-0.4128 -0.2322 0.1287
-0.4145 0.1125 0.2111
-0.4131 -1.1192 0.1604
-0.4100 0.4383 0.1442
-0.3990 -0.6866 0.2021
-0.3944 0.0917 0.2064
-0.3993 0.4615 0.1398
-0.4021 -1.0863 0.1273
-0.3761 -0.8489 0.1455
-0.3974 0.4905 0.1462
-0.3980 1.2447 0.3270
-0.3892 -1.0499 0.1094
-0.3886 1.0434 0.2782
-0.3834 -0.2915 0.1343
-0.3814 -0.4985 0.2478
-0.3842 -0.2019 0.1249
-0.3762 -0.1724 0.1412
-0.3720 -1.0233 0.1126
-0.3689 0.1728 0.2043
-0.3621 -0.8743 0.1385
-0.3587 0.1400 0.2061
-0.3603 0.4623 0.1375
-0.3434 -0.9990 0.1275
-0.3566 -1.1143 0.1344
-0.3552 0.6158 0.2097
-0.3537 -0.2069 0.1149
-0.3452 0.3776 0.1844
-0.3407 -0.6568 0.2137
-0.3489 -0.2509 0.1208
-0.3400 0.2086 0.2053
-0.3357 -1.0404 0.1103
-0.3398 0.5182 0.1585
-0.3308 -1.0869 0.1136
-0.3289 -0.8951 0.1446
-0.3275 -0.8591 0.1652
-0.3186 -0.3072 0.1652
-0.3099 -0.2074 0.1269
-0.3194 1.1030 0.2252
-0.3187 0.7160 0.2390
-0.2958 -0.9264 0.1501
-0.2965 -1.0513 0.1171
-0.3045 -0.1617 0.1478
-0.2944 0.4955 0.1624
-0.2971 -0.5263 0.2028
-0.2940 0.2204 0.2250
-0.2802 -0.6041 0.1940
-0.2736 -0.1464 0.1680
-0.2795 1.1086 0.2027
-0.2802 -1.1019 0.1551
-0.2765 -0.4494 0.1941
-0.2617 0.4607 0.1762
-0.2582 -0.3360 0.1948
-0.2584 -0.9805 0.1219
-0.2441 0.4409 0.1909
-0.2505 0.7994 0.2977
-0.2397 -0.2579 0.1584
-0.2390 0.6044 0.2313
-0.2364 -1.0491 0.1284
-0.2333 -0.9820 0.1196
-0.2342 1.1446 0.1636
-0.2186 -1.0096 0.1216
-0.2283 -0.4941 0.1680
-0.2125 -0.2306 0.1559
-0.2220 -0.7561 0.2022
-0.2259 1.0986 0.1871
-0.2137 -0.6204 0.1653
-0.2005 1.2271 0.1410
-0.2024 -0.9925 0.1234
-0.2139 -0.7248 0.1831
-0.1926 -0.1990 0.1484
-0.2130 0.1254 0.2665
-0.1954 1.2610 0.1363
-0.1885 0.9418 0.2364
-0.1795 -0.4057 0.1758
-0.1765 1.1394 0.1505
-0.1766 -1.0065 0.1370
-0.1733 1.3523 0.1682
-0.1714 -0.6430 0.1457
-0.1644 -0.8999 0.1650
-0.1670 -0.4410 0.1644
-0.1620 -0.6659 0.1479
-0.1560 -0.4715 0.1555
-0.1388 -0.9394 0.1415
-0.1540 -0.1886 0.1492
-0.1478 0.2305 0.2269
-0.1500 0.9531 0.2093
-0.1520 0.5043 0.2023
-0.1357 0.2974 0.2151
-0.1503 0.3953 0.1895
-0.1505 1.2172 0.1087
-0.1397 1.3172 0.1146
-0.1451 -0.5837 0.1360
-0.1399 -0.1206 0.1598
-0.1019 1.2145 0.1187
-0.1359 -0.7339 0.1577
-0.1388 -0.5000 0.1494
-0.1203 1.3485 0.1545
-0.1280 -0.0913 0.1725
-0.1265 1.1657 0.1394
-0.1319 1.2897 0.0966
-0.1234 -0.2139 0.1634
-0.1266 0.3471 0.1916
-0.1290 0.6186 0.2673
-0.1188 -0.8354 0.1620
-0.1245 0.8872 0.2393
-0.1226 1.2775 0.0959
-0.1192 -0.0748 0.1847
-0.1051 0.5641 0.2283
-0.1123 0.1688 0.2239
-0.0932 1.1617 0.1576
-0.1061 -0.5773 0.1292
-0.1130 1.2514 0.1020
-0.0909 -0.9401 0.1308
-0.0953 1.2745 0.1166
-0.0911 -0.6063 0.1334
-0.0939 0.9656 0.1871
-0.0867 -0.7822 0.1663
-0.0769 -0.5591 0.1326
-0.0831 -0.1661 0.1552
-0.0812 -0.3389 0.1953
-0.0686 -1.0160 0.1617
-0.0709 -0.8289 0.1548
-0.0688 -0.7403 0.1626
-0.0759 0.9783 0.1832
-0.0636 -0.9131 0.1238
-0.0598 0.3968 0.1664
-0.0460 -0.5714 0.1404
-0.0510 -0.9743 0.1176
-0.0490 -0.4055 0.1654
-0.0511 -0.3812 0.1730
-0.0330 -0.4467 0.1687
-0.0408 0.4387 0.1716
-0.0322 -0.0221 0.2234
-0.0235 0.4587 0.1863
-0.0216 -0.9741 0.1141
-0.0228 0.9825 0.1791
-0.0173 -0.7380 0.1820
-0.0133 -0.5922 0.1568
-0.0132 -0.3214 0.2061
-0.0138 -0.0831 0.2018
-0.0160 0.1798 0.1573
-0.0027 -0.6675 0.1788
0.0036 -0.5350 0.1593
-0.0116 -0.2010 0.2045
-0.0125 0.4070 0.1632
-0.0023 -0.8983 0.1178
-0.0055 0.1992 0.1507
0.0002 0.3635 0.1668
0.0001 -0.9631 0.1119
0.0040 -0.1853 0.2155
0.0086 1.0357 0.1767
0.0148 -0.9413 0.1111
0.0105 0.6283 0.1877
0.0130 1.1892 0.1917
0.0213 -0.8878 0.1280
0.0215 0.1312 0.1578
0.0142 0.9496 0.1942
0.0237 -0.9191 0.1152
0.0456 0.6096 0.1536
0.0303 0.0276 0.2378
0.0510 0.2173 0.1317
0.0485 -0.7150 0.1955
0.0459 0.1275 0.1586
0.0481 0.7592 0.1962
0.0499 1.2876 0.2088
0.0588 0.1833 0.1304
0.0657 -0.4739 0.1488
0.0607 -0.4415 0.1569
0.0646 0.6597 0.1380
0.0748 0.2960 0.1465
0.0658 1.0370 0.1691
0.0758 1.1097 0.1741
0.0879 0.3459 0.1366
0.0798 1.1498 0.1646
0.0840 0.1851 0.1380
0.0893 1.1933 0.1635
0.0909 1.3200 0.2220
0.0978 -0.5653 0.1547
0.0954 0.2671 0.1507
0.1042 0.6417 0.1219
0.0991 0.7321 0.1553
0.1036 -0.8356 0.1500
0.1052 -0.9191 0.1589
0.1071 0.3863 0.1305
0.1088 -1.0936 0.3016
0.1146 0.7014 0.1463
0.1067 1.0583 0.1743
0.1180 -0.8756 0.1518
0.1160 -0.4835 0.1341
0.1133 0.5334 0.1321
0.1236 -0.5764 0.1533
0.1172 -0.4047 0.1603
0.1243 0.2982 0.1561
0.1284 0.9630 0.1792
0.1299 0.4189 0.1193
0.1290 0.6263 0.1198
0.1349 0.8346 0.1887
0.1331 -0.4228 0.1450
0.1421 0.5434 0.1120
0.1479 0.5782 0.1094
0.1367 -0.8044 0.1370
0.1389 0.3883 0.1221
0.1475 0.6078 0.1175
0.1398 0.8051 0.1890
0.1523 0.5045 0.1114
0.1582 -0.8387 0.1473
0.1566 -0.5674 0.1435
0.1586 0.4746 0.1098
0.1549 1.3277 0.2122
0.1608 0.4278 0.1144
0.1556 1.1884 0.1607
0.1586 -0.7763 0.1237
0.1596 -0.7028 0.1297
0.1685 1.2410 0.1599
0.1634 -0.5073 0.1367
0.1610 0.8982 0.1911
0.1734 0.1408 0.2477
0.1719 0.9716 0.1872
0.1814 -1.0144 0.2575
0.1884 -0.6124 0.1423
0.1837 -0.3130 0.1880
0.1942 0.5317 0.1214
0.1887 0.7761 0.2004
0.1774 -0.7058 0.1163
0.1845 0.4118 0.1334
0.1882 1.2183 0.1531
0.1977 0.9804 0.1943
0.2060 -0.7651 0.1143
0.2095 -0.7161 0.1112
0.2032 -0.6779 0.1206
0.2040 0.4603 0.1336
0.2123 -0.5072 0.1356
0.2168 -0.3772 0.1295
0.2239 0.5642 0.1453
0.2190 0.6253 0.1588
0.2319 -0.7657 0.1187
0.2317 -0.4543 0.1244
0.2305 -0.4111 0.1226
0.2334 -0.6347 0.1372
0.2351 -0.3336 0.1431
0.2544 1.2121 0.1383
0.2481 0.2820 0.2246
0.2665 1.3305 0.2024
0.2741 -0.7162 0.1185
0.2600 -0.4711 0.1236
0.2628 1.1575 0.1622
0.2674 -0.3555 0.1246
0.2659 -0.1859 0.1674
0.2662 1.1846 0.1410
0.2786 -0.7988 0.1261
0.2949 0.2930 0.2364
0.2823 -0.8475 0.1620
0.2744 -0.5260 0.1414
0.2866 -0.5834 0.1461
0.2811 -0.2371 0.1580
0.2847 0.6349 0.1935
0.2846 0.9287 0.2157
0.2877 -1.0128 0.2308
0.2906 -0.2086 0.1492
0.3027 -0.5093 0.1340
0.2930 -0.4047 0.1167
0.3101 1.2903 0.1583
0.2939 -0.0940 0.1797
0.3033 0.7397 0.2147
0.3027 1.2073 0.1308
0.3086 -0.6534 0.1145
0.3082 -0.1267 0.1605
0.3077 -0.7742 0.1135
0.3153 -0.4122 0.1225
0.3142 -0.7296 0.1053
0.3145 -0.1459 0.1518
0.3216 -0.3678 0.1214
0.3217 0.0273 0.2483
0.3194 1.0164 0.2095
0.3274 -0.6682 0.1057
0.3352 -0.0104 0.2237
0.3277 0.6804 0.1976
0.3299 -0.9515 0.1985
0.3415 -0.7614 0.1028
0.3342 0.2468 0.2349
0.3389 0.3741 0.2552
0.3429 -0.9897 0.2019
0.3495 -0.3269 0.1199
0.3433 -0.6370 0.1133
0.3543 -0.1656 0.1515
0.3509 1.1671 0.1385
0.3515 -0.9317 0.1954
0.3567 -0.8495 0.1581
0.3555 -0.6880 0.0946
0.3581 0.9636 0.1777
0.3669 -0.2780 0.1282
0.3631 0.9869 0.1783
0.3830 1.1930 0.1271
0.3610 1.2572 0.1358
0.3706 -0.7024 0.0962
0.3657 -0.5038 0.1524
0.3663 -0.4691 0.1436
0.3750 -0.7828 0.1150
0.3889 -0.3407 0.0995
0.3848 0.7296 0.1932
0.3816 1.2294 0.1251
0.3784 0.5417 0.2754
0.3944 -0.7611 0.1074
0.3881 -0.5884 0.1391
0.3822 -0.4125 0.1209
0.3949 0.0273 0.2205
0.3907 1.3502 0.2110
0.3903 -0.2805 0.1217
0.3942 -0.6497 0.1034
0.3976 -0.7347 0.0953
0.4089 -0.2650 0.1290
0.3996 1.3037 0.1682
0.4134 0.7781 0.1907
0.4187 1.1490 0.1355
0.4157 0.6761 0.2064
0.4139 -0.3903 0.1127
0.4251 0.8463 0.1809
0.4170 -0.3630 0.1051
0.4379 -0.7421 0.1169
0.4169 0.1865 0.1931
0.4211 -0.6693 0.0987
0.4269 -1.1061 0.2098
0.4309 -0.3421 0.1050
0.4417 0.2130 0.1831
0.4388 0.1807 0.1772
0.4482 -0.6860 0.0972
0.4466 -0.1511 0.1870
0.4441 1.2195 0.1270
0.4442 -1.0866 0.1910
0.4441 -1.0540 0.1837
0.4546 -0.7143 0.1086
0.4547 -0.6345 0.0951
0.4574 1.1873 0.1194
0.4583 -0.3597 0.1244
0.4570 0.9472 0.1345
0.4621 1.0619 0.1499
0.4627 -0.6098 0.1006
0.4581 -0.5361 0.1289
0.4622 -0.2840 0.1226
0.4595 0.9115 0.1378
0.4736 1.1330 0.1271
0.4695 -0.5663 0.1092
0.4640 -0.4403 0.1503
0.4676 0.9742 0.1291
0.4779 0.0803 0.1642
0.5007 1.2202 0.1320
0.4948 -0.5128 0.1248
0.4887 -1.1137 0.2139
0.4948 -0.6461 0.0842
0.4982 0.3728 0.2397
0.4908 0.8238 0.1782
0.5035 0.9936 0.1207
0.4924 -0.2142 0.1276
0.4925 0.7279 0.2154
0.4984 0.9278 0.1235
0.4981 0.3240 0.2137
0.5094 0.4407 0.2877
0.5189 1.0907 0.1341
0.5027 -0.6119 0.0900
0.5078 1.1482 0.1234
0.5152 0.0460 0.1586
0.5222 1.0370 0.1320
0.5146 -0.6797 0.1000
0.5137 -0.6549 0.0878
0.5151 -0.5552 0.1041
0.5090 -0.2430 0.1079
0.5201 -1.0585 0.1894
0.5162 -0.0918 0.1807
0.5160 0.4152 0.2711
0.5262 1.2721 0.1348
0.5240 -0.0539 0.1886
0.5315 -0.2989 0.1222
0.5318 -0.2644 0.1020
0.5306 1.1869 0.1267
0.5354 -0.6370 0.0953
0.5315 0.1073 0.1354
0.5372 -1.0798 0.1892
0.5422 -0.6841 0.1143
0.5454 0.8906 0.1574
0.5506 1.3188 0.1237
0.5451 1.3722 0.1610
0.5362 0.1941 0.1492
0.5431 -0.4086 0.1599
0.5452 -0.2400 0.0958
0.5510 -0.5595 0.1049
0.5598 0.1524 0.1407
0.5664 0.0181 0.1604
0.5601 0.0790 0.1406
0.5643 0.2036 0.1569
0.5550 1.0339 0.1417
0.5743 -0.5324 0.1105
0.5653 -0.2525 0.0975
0.5586 -0.1534 0.1348
0.5623 1.2800 0.1225
0.5608 0.9713 0.1367
0.5656 -0.4772 0.1214
0.5720 -0.1307 0.1517
0.5663 0.6950 0.2349
0.5836 -0.1990 0.1085
0.5649 0.9071 0.1616
0.5756 1.3333 0.1190
0.5730 -0.5996 0.1065
0.5766 -0.2771 0.1111
0.5789 -0.5077 0.1134
0.5848 1.3636 0.1357
0.5847 0.1316 0.1433
0.6024 1.2974 0.1198
0.6081 -0.5881 0.1141
0.5958 -0.7643 0.1621
0.5961 -0.4606 0.1229
0.5908 1.1572 0.1387
0.6167 -1.0061 0.1902
0.6107 -0.6416 0.1114
0.6023 -0.3942 0.1554
0.6031 1.1270 0.1469
0.6101 -0.6975 0.1323
0.6158 0.2407 0.1741
0.6140 1.3685 0.1457
0.6211 0.6277 0.1992
0.6133 1.1921 0.1277
0.6234 -0.2176 0.1238
0.6271 -0.8690 0.1831
0.6265 -0.3360 0.1622
0.6236 1.0196 0.1766
0.6291 -0.1907 0.1319
0.6293 1.2161 0.1206
0.6346 -0.6191 0.1143
0.6416 -0.6743 0.1273
0.6402 -0.8504 0.1680
0.6467 -0.7935 0.1412
0.6484 -0.4848 0.1082
0.6534 0.0509 0.1633
0.6527 -0.2362 0.1495
0.6649 -1.0790 0.1772
0.6626 -0.9378 0.1775
0.6802 -0.5450 0.1145
0.6678 -0.4659 0.1133
0.6691 1.2421 0.1250
0.6788 -0.3337 0.1882
0.6725 0.7285 0.2259
0.6748 -1.0037 0.1633
0.6762 -0.6188 0.1093
0.6807 -0.4917 0.1082
0.6752 0.0098 0.1725
0.6796 1.1884 0.1372
0.6969 0.1241 0.1869
0.6802 0.2400 0.1678
0.6848 0.6041 0.1458
0.6858 1.2729 0.1337
0.6836 0.0295 0.1686
0.6859 -0.7243 0.1213
0.6876 0.2097 0.1645
0.6814 1.0743 0.1644
0.6913 1.2372 0.1295
0.6901 -0.5146 0.1124
0.6941 -0.1222 0.2112
0.6967 -1.0492 0.1483
0.7143 0.2576 0.1791
0.6996 0.6292 0.1294
0.6927 1.3537 0.1676
0.7023 -0.7896 0.1279
0.7079 -0.5924 0.1013
0.7123 1.0729 0.1620
0.7114 -0.7485 0.1144
0.7152 -0.4708 0.1214
0.7207 -0.4164 0.1507
0.7199 -0.0293 0.1947
0.7258 0.6289 0.1154
0.7367 -0.7282 0.1081
0.7374 -0.6595 0.0986
0.7433 -1.1191 0.1827
0.7403 0.5942 0.1168
0.7445 -0.7527 0.1109
0.7393 -0.6254 0.0806
0.7455 -0.6069 0.0795
0.7449 1.0868 0.1580
0.7528 1.2609 0.1573
0.7525 -1.0941 0.1549
0.7499 -0.8667 0.1606
0.7517 -0.5411 0.1266
0.7661 0.5836 0.1211
0.7569 0.6209 0.1064
0.7571 -0.6340 0.0764
0.7574 0.2543 0.1943
0.7612 1.3661 0.1877
0.7629 -0.9888 0.1360
0.7651 0.3364 0.2320
0.7673 1.1386 0.1523
0.7778 -0.8833 0.1465
0.7692 -0.6062 0.0799
0.7859 -0.7384 0.1099
0.7868 1.2594 0.1789
0.7867 -0.4342 0.1615
0.7817 -0.6380 0.0846
0.7947 -0.6842 0.1079
0.7907 1.3725 0.2090
0.7933 -0.7848 0.1219
0.7910 0.1655 0.2183
0.7907 0.6299 0.1073
0.7894 1.0748 0.1835
0.7926 -1.0183 0.1158
0.7969 -1.0446 0.1221
0.7997 -0.6001 0.1014
0.8049 -0.4142 0.1712
0.8003 -0.2994 0.2257
0.8010 0.0443 0.2014
0.8004 -0.9466 0.1227
0.8074 0.0125 0.2084
0.8087 1.1097 0.1747
0.8146 -0.6272 0.1043
0.8167 0.5938 0.1262
0.8502 -0.7766 0.1247
0.8271 -0.9920 0.1048
0.8278 -0.2001 0.2741
0.8371 0.0428 0.2271
0.8308 1.3645 0.2311
0.8352 -0.4941 0.1465
0.8355 -0.3275 0.2152
0.8334 0.3484 0.2237
0.8334 0.6217 0.1194
0.8357 -0.8537 0.1253
0.8404 -0.7299 0.1150
0.8492 -0.5332 0.1370
0.8431 0.6817 0.1351
0.8429 1.1392 0.1862
0.8489 -0.7070 0.1199
0.8521 -1.0314 0.1111
0.8490 -0.9430 0.1131
0.8507 -0.8080 0.1346
0.8583 -0.8966 0.1169
0.8678 -1.0568 0.1235
0.8678 0.6714 0.1308
0.8691 -0.9825 0.1123
0.8784 0.6477 0.1370
0.8757 -0.1490 0.2949
0.8845 -0.9083 0.1176
0.8919 -1.1132 0.1757
0.8965 -1.0449 0.1225
0.8864 -0.6091 0.1166
0.8862 0.7163 0.1459
0.9069 -0.7227 0.1161
0.8942 -0.6734 0.1225
0.8967 -0.5653 0.1198
0.9088 -0.5178 0.1211
0.9090 -0.8886 0.1251
0.9122 -0.4619 0.1379
0.9293 -0.6086 0.1063
0.9193 0.3926 0.1962
0.9342 0.7070 0.1381
0.9426 -1.0629 0.1314
0.9303 -0.9534 0.1291
0.9241 -0.4789 0.1302
0.9288 0.3005 0.2184
0.9451 -0.7730 0.1200
0.9358 0.8623 0.1936
0.9441 0.7628 0.1463
0.9440 -0.6351 0.1040
0.9424 0.4095 0.1916
0.9460 0.8008 0.1604
0.9410 0.9260 0.2352
0.9490 -0.5897 0.1110
0.9610 0.4752 0.2122
0.9538 1.1834 0.2072
0.9513 -0.7390 0.1076
0.9486 0.3754 0.1822
0.9502 1.0605 0.2258
0.9568 -0.8257 0.1342
0.9562 0.1409 0.2279
0.9601 -0.8025 0.1293
0.9607 1.1516 0.2079
0.9697 -0.9847 0.1320
0.9657 -0.8915 0.1349
0.9650 -0.7051 0.1039
0.9643 -0.6143 0.1058
0.9651 -0.4790 0.1355
0.9678 0.9687 0.2513
0.9719 -0.3715 0.1508
0.9777 -0.3385 0.1633
0.9815 0.8463 0.1747
0.9748 1.3622 0.2912
0.9990 -0.9940 0.1346
0.9946 -0.4608 0.1394
0.9907 0.7013 0.1460
0.9887 -1.0369 0.1315
0.9849 -0.7282 0.1060
0.9917 -0.6739 0.1055
1.0005 0.6252 0.1654
0.9991 1.1323 0.2286
1.0045 1.2341 0.2295
1.0091 -0.6938 0.1045
1.0050 -1.0986 0.1715
1.0028 1.2916 0.2534
1.0095 -0.4260 0.1457
1.0113 0.7622 0.1458
1.0130 -0.5829 0.1265
1.0148 0.5929 0.1686
1.0212 -0.2761 0.1497
1.0205 -1.0158 0.1314
1.0240 -0.8880 0.1295
1.0169 -0.3081 0.1442
1.0400 -0.3970 0.1537
1.0465 -0.6097 0.1128
1.0387 0.1959 0.1293
1.0473 -0.8056 0.1146
1.0436 -0.6380 0.0997
1.0538 -0.2811 0.1402
1.0650 0.3024 0.1252
1.0508 0.5589 0.1549
1.0542 0.7047 0.1265
1.0596 -0.5212 0.1596
1.0532 -0.8963 0.1259
1.0548 -0.8555 0.1084
1.0649 -0.6774 0.0907
1.0582 0.1329 0.1380
1.0591 -0.7277 0.1029
1.0633 -0.2080 0.1729
1.0696 -0.7530 0.1059
1.0628 0.1704 0.1190
1.0744 0.2429 0.1083
1.0682 0.3556 0.1334
1.0690 0.0814 0.1775
1.0769 -0.8582 0.1051
1.0747 0.2110 0.1041
1.0861 -0.7787 0.1071
1.0803 -0.0440 0.2669
1.0821 -1.0495 0.1281
1.0833 -0.8157 0.1058
1.0870 -0.6426 0.0963
1.0815 -0.1051 0.2444
1.0937 0.7276 0.1216
1.0834 -0.1688 0.2018
1.0863 0.3694 0.1282
1.1033 -0.5923 0.1226
1.0941 -0.2378 0.1632
1.0945 0.6461 0.1161
1.0970 0.8045 0.1406
1.0934 -0.6925 0.0887
1.0923 -0.6693 0.0889
1.0902 0.4320 0.1521
1.0948 0.6816 0.1155
1.1059 0.0489 0.2144
1.1005 0.1840 0.1146
1.1073 0.2642 0.1102
1.1014 0.5053 0.1570
1.1093 0.2964 0.1095
1.1142 0.8347 0.1618
1.1301 -0.7395 0.1191
1.1114 -0.9919 0.1299
1.1116 1.2770 0.3567
1.1124 -1.0554 0.1353
1.1244 0.1692 0.1376
1.1142 0.5482 0.1473
1.1202 -0.8870 0.1346
1.1357 -0.7043 0.1165
1.1401 -0.5174 0.2009
1.1241 -0.3476 0.1812
1.1207 0.7802 0.1355
1.1347 -0.5601 0.1611
1.1250 0.4777 0.1605
1.1241 0.6641 0.1227
1.1391 0.8321 0.1726
1.1294 -0.9341 0.1522
1.1351 0.3228 0.1217
1.1370 0.6259 0.1354
1.1285 0.6988 0.1280
1.1302 -1.0025 0.1359
1.1392 -0.8273 0.1420
1.1322 -0.6605 0.1161
1.1363 -0.2880 0.1821
1.1376 0.5852 0.1447
1.1369 -1.0391 0.1461
1.1332 0.4121 0.1475
1.1395 0.2626 0.1295
1.1460 -1.0770 0.1790
1.1436 -0.3837 0.2129
1.1503 0.3656 0.1411
1.1496 0.8746 0.2270
