points 
 2 
 1 
Tumour[19065]FoxP310NNCodensity
-1.4297 -0.6419 1.1543
-1.3298 -0.4120 0.9686
-1.2824 -0.7219 1.0568
-1.2269 -0.3512 0.8770
-1.0495 -0.3059 0.7869
-0.7293 -0.5412 0.7734
-0.6593 -0.6158 0.8349
-0.6314 -0.2779 0.6821
-0.6132 -0.2127 0.6758
-0.4015 0.1843 0.5714
-0.3822 0.0016 0.5317
-0.3064 -0.4597 0.7338
-0.2178 0.2087 0.3786
-0.1666 0.2131 0.3440
-0.1380 -0.0952 0.4502
-0.1274 0.2143 0.3161
-0.0689 -0.0786 0.4010
-0.0364 -0.7719 1.0455
0.0041 0.2153 0.2464
0.0066 0.0386 0.2636
0.0460 0.1512 0.2155
0.0504 0.2233 0.2434
0.0998 0.0654 0.2228
0.1022 0.3176 0.3037
0.1203 0.1650 0.2115
0.1524 -0.6603 0.9444
0.1510 0.0687 0.2327
0.1559 0.0035 0.2891
0.1957 0.0693 0.2620
0.2455 0.4654 0.3919
0.2526 0.3710 0.3091
0.2627 0.2430 0.2885
0.2973 0.3461 0.2970
0.3544 0.2382 0.2951
0.4347 0.0231 0.2560
0.4583 0.6401 0.5075
0.4657 0.3891 0.3330
0.4744 -0.0388 0.2939
0.4844 0.0128 0.2422
0.4910 0.2914 0.2960
0.4959 0.1376 0.2204
0.5275 0.1320 0.2194
0.5363 0.0186 0.2447
0.5486 -0.0077 0.2761
0.5538 0.7579 0.6999
0.5624 -0.5198 0.8421
0.5623 0.3007 0.3425
0.5655 0.5660 0.4917
0.5693 -0.4908 0.8093
0.5694 0.1302 0.2455
