points 
 2 
 1 
Tumour[19065]CD6810NNCodensity
-1.0315 -0.9006 0.1875
-1.0193 -0.7043 0.1430
-1.0181 -0.6685 0.1519
-1.0327 -0.0266 0.3914
-1.0363 0.0090 0.4100
-1.0362 0.8454 0.2875
-1.0208 -0.7750 0.1434
-1.0112 -0.6401 0.1518
-1.0206 0.7025 0.2204
-1.0140 -0.5258 0.1741
-1.0095 -0.4845 0.1992
-1.0053 -0.3070 0.3253
-0.9915 -0.8849 0.1442
-0.9923 -0.7612 0.1213
-0.9964 -0.8137 0.1273
-0.9913 -0.5901 0.1504
-0.9913 0.3994 0.2106
-0.9857 0.3687 0.2190
-0.9849 0.6555 0.1790
-0.9805 0.2886 0.2906
-0.9712 -0.5533 0.1500
-0.9713 -1.0427 0.2045
-0.9699 -0.6525 0.1533
-0.9725 0.4459 0.1962
-0.9536 -0.7552 0.1157
-0.9646 0.7456 0.1818
-0.9629 -1.0232 0.1759
-0.9628 -0.5263 0.1555
-0.9636 0.2328 0.3300
-0.9484 -0.9970 0.1479
-0.9535 0.3789 0.2054
-0.9371 -0.8177 0.1067
-0.9392 0.8848 0.2583
-0.9303 -0.9487 0.1221
-0.9393 -0.8965 0.1168
-0.9356 -0.4332 0.2113
-0.9368 0.5701 0.1666
-0.9280 -0.7850 0.1045
-0.9121 -0.7522 0.1204
-0.9266 0.5357 0.1705
-0.9302 0.4631 0.1896
-0.9227 0.6414 0.1492
-0.9083 -0.8256 0.1057
-0.9155 0.7460 0.1783
-0.9099 -0.8897 0.1052
-0.9063 0.7261 0.1801
-0.8934 -0.2070 0.2464
-0.8914 -0.9274 0.1091
-0.8892 0.5636 0.1740
-0.8757 -0.8809 0.1061
-0.8882 -0.1323 0.2372
-0.8868 0.8863 0.2566
-0.8735 -0.9644 0.1268
-0.8761 -0.8211 0.1055
-0.8688 0.8401 0.2252
-0.8704 -0.5463 0.1926
-0.8719 0.6337 0.1670
-0.8375 0.5930 0.1986
-0.8577 -0.7332 0.1511
-0.8560 -0.4499 0.2265
-0.8199 -0.8302 0.1329
-0.8512 -1.1903 0.3537
-0.8462 -0.2506 0.2374
-0.8380 -0.8572 0.1198
-0.8445 -0.7666 0.1326
-0.8300 -0.9721 0.1606
-0.8284 -0.9353 0.1383
-0.8153 -0.5371 0.2341
-0.8154 -0.1144 0.1959
-0.8080 -0.2580 0.2457
-0.7904 -0.1502 0.1854
-0.7897 -0.4794 0.2689
-0.7709 -0.7334 0.1720
-0.7785 -0.1092 0.1900
-0.7696 -0.8470 0.1605
-0.7657 0.8139 0.2377
-0.7471 0.3328 0.3510
-0.7434 -0.0046 0.2060
-0.7361 0.6769 0.2335
-0.7196 0.7505 0.2229
-0.7164 -0.8117 0.1355
-0.7185 -1.0100 0.2676
-0.7128 -1.2035 0.4077
-0.7110 -0.6488 0.2065
-0.7006 -0.7371 0.1397
-0.7030 0.0291 0.1840
-0.6968 0.1481 0.2311
-0.6892 -0.0528 0.1739
-0.6595 -0.7576 0.1289
-0.6658 -0.8079 0.1208
-0.6592 0.9385 0.2979
-0.6593 -1.1555 0.3674
-0.6484 -0.7767 0.1288
-0.6577 -0.1521 0.1995
-0.6553 -0.8286 0.1225
-0.6555 0.7774 0.1906
-0.6527 -0.6466 0.1946
-0.6338 -0.6907 0.1706
-0.6356 -0.8834 0.1511
-0.6346 -0.1223 0.1944
-0.6262 -0.0567 0.1797
-0.6349 0.1043 0.1708
-0.6297 0.6207 0.1817
-0.6280 0.3256 0.2929
-0.6249 -0.8380 0.1332
-0.6259 0.0208 0.1642
-0.6193 0.1380 0.1818
-0.6165 -0.9186 0.1805
-0.6114 -0.2732 0.2311
-0.6090 0.0720 0.1611
-0.5873 -0.3026 0.2188
-0.5988 0.7559 0.1697
-0.5960 -0.1738 0.2111
-0.5926 0.8098 0.1886
-0.5897 0.5571 0.1732
-0.5882 0.6529 0.1564
-0.5821 0.5902 0.1577
-0.5790 0.2510 0.2453
-0.5771 -0.5690 0.1900
-0.5748 0.5300 0.1836
-0.5622 0.8206 0.1886
-0.5563 0.0851 0.1854
-0.5543 1.0672 0.3525
-0.5516 -0.2858 0.2016
-0.5522 0.4386 0.2480
-0.5514 -0.8872 0.1782
-0.5442 -0.5400 0.1769
-0.5421 1.0867 0.3658
-0.5387 0.7123 0.1489
-0.5269 -0.9172 0.1914
-0.5232 -0.7316 0.1642
-0.5254 0.6099 0.1492
-0.5185 0.2265 0.2349
-0.5104 -0.4204 0.1827
-0.5098 -0.5853 0.1333
-0.5087 -0.0390 0.2489
-0.4838 -0.3904 0.1592
-0.5059 0.0746 0.2135
-0.5067 0.7062 0.1405
-0.5000 -0.6826 0.1322
-0.4928 -0.6120 0.1241
-0.4889 -0.7304 0.1422
-0.4791 -0.9836 0.2375
-0.4849 0.6821 0.1373
-0.4782 -1.0359 0.2777
-0.4635 -0.6619 0.1172
-0.4732 0.5512 0.1920
-0.4664 0.8816 0.2428
-0.4655 -0.5961 0.1153
-0.4634 0.4709 0.2104
-0.4582 -0.7307 0.1316
-0.4578 0.8523 0.2101
-0.4570 -0.8095 0.1894
-0.4521 0.7185 0.1224
-0.4567 1.1041 0.3698
-0.4465 -0.2277 0.2283
-0.4440 -0.5487 0.1188
-0.4284 -0.3191 0.1487
-0.4442 -0.3698 0.1328
-0.4369 0.6821 0.1212
-0.4373 -0.4634 0.1304
-0.4290 0.2005 0.2388
-0.4213 -0.6521 0.1149
-0.4087 0.7158 0.1084
-0.4181 -0.9185 0.2060
-0.4205 -0.5364 0.1172
-0.4125 -0.3803 0.1195
-0.4084 -0.4592 0.1284
-0.4034 0.1710 0.2234
-0.3990 0.7638 0.1304
-0.3972 -0.4978 0.1275
-0.3861 -0.6630 0.1222
-0.3903 -0.6042 0.1224
-0.3939 -0.5502 0.1244
-0.3924 0.6131 0.1561
-0.3894 -0.7345 0.1376
-0.3695 -1.1218 0.3661
-0.3694 -0.3283 0.1277
-0.3699 0.4005 0.1908
-0.3705 0.7717 0.1390
-0.3606 0.6689 0.1211
-0.3570 -0.6567 0.1367
-0.3612 -0.3495 0.1210
-0.3615 0.7251 0.1150
-0.3580 0.6920 0.1141
-0.3575 -0.6919 0.1298
-0.3521 -0.2896 0.1574
-0.3486 0.4438 0.1565
-0.3452 0.4734 0.1569
-0.3522 -0.4321 0.1342
-0.3462 -0.1012 0.1772
-0.3406 -0.7547 0.1318
-0.3376 -0.3967 0.1323
-0.3335 0.4093 0.1694
-0.3322 -0.0767 0.1557
-0.3214 0.0974 0.1737
-0.3204 0.7465 0.1304
-0.3290 0.6172 0.1246
-0.3253 -0.8562 0.1186
-0.3273 -0.5423 0.1550
-0.3201 1.1596 0.3840
-0.3106 -0.8185 0.1060
-0.3173 -0.4078 0.1424
-0.3194 0.3608 0.2102
-0.3161 -0.8834 0.1190
-0.3123 0.1211 0.1627
-0.3041 0.5786 0.1303
-0.2992 -0.0767 0.1306
-0.3024 -0.2744 0.1764
-0.2965 -0.0448 0.1378
-0.2923 0.0138 0.1509
-0.2876 0.5252 0.1469
-0.2838 0.6161 0.1154
-0.2872 -0.7384 0.1320
-0.2661 0.6620 0.1187
-0.2745 -0.9183 0.1198
-0.2870 -0.8607 0.0985
-0.2921 -0.8273 0.1011
-0.2794 -0.9710 0.1788
-0.2823 -0.7769 0.1162
-0.2617 -0.1343 0.1233
-0.2795 0.1876 0.1481
-0.2658 0.5726 0.1376
-0.2678 0.8908 0.1711
-0.2669 0.4494 0.1683
-0.2698 0.9254 0.2123
-0.2662 -0.8291 0.1068
-0.2608 -0.5578 0.1676
-0.2595 0.1177 0.1385
-0.2297 -0.2393 0.1332
-0.2500 0.6885 0.1164
-0.2411 -0.9271 0.1277
-0.2488 0.7757 0.1121
-0.2541 0.8095 0.1150
-0.2507 -0.7318 0.1393
-0.2425 -0.5093 0.1450
-0.2393 0.6056 0.1230
-0.2432 0.8510 0.1321
-0.2414 -0.4126 0.1494
-0.2440 -0.1485 0.1131
-0.2275 -0.2155 0.1131
-0.2339 -0.5418 0.1464
-0.2333 0.8109 0.1145
-0.2228 -0.4324 0.1332
-0.2134 -0.9049 0.1266
-0.2290 -0.1661 0.1016
-0.2306 0.0080 0.1336
-0.2279 0.7437 0.1134
-0.2224 -0.0368 0.1422
-0.2242 0.1518 0.1206
-0.2212 0.2023 0.1125
-0.2105 0.0389 0.1235
-0.2012 -0.8714 0.1204
-0.2049 -0.1254 0.1222
-0.2184 0.6815 0.1129
-0.2147 0.8355 0.1337
-0.2069 -0.1971 0.0956
-0.2104 0.4538 0.2054
-0.2038 0.1830 0.1027
-0.2074 0.7689 0.1166
-0.1869 -0.7298 0.1393
-0.1970 0.2424 0.1224
-0.1960 -0.6603 0.1522
-0.1788 -0.5914 0.1285
-0.1916 -0.4367 0.1171
-0.1906 0.2069 0.0988
-0.1772 0.0531 0.1214
-0.1880 -0.8211 0.1255
-0.1829 -0.6896 0.1525
-0.1872 0.6824 0.1257
-0.1723 -0.1980 0.0996
-0.1759 0.0202 0.1343
-0.1783 0.6544 0.1363
-0.1630 -0.9235 0.1687
-0.1701 -0.1627 0.1078
-0.1546 0.2015 0.1000
-0.1686 1.1793 0.3129
-0.1634 -0.8082 0.1173
-0.1601 0.0800 0.1198
-0.1538 -0.4379 0.1017
-0.1212 0.2479 0.1231
-0.1428 -0.8231 0.1146
-0.1387 -0.4947 0.1133
-0.1418 -0.5719 0.1139
-0.1463 0.9611 0.2621
-0.1440 -0.5945 0.1166
-0.1441 -0.4698 0.1022
-0.1282 0.3295 0.1431
-0.1371 -0.7703 0.1173
-0.1357 -0.1851 0.1120
-0.1399 0.1725 0.1059
-0.1401 0.2741 0.1301
-0.1340 -0.2436 0.1278
-0.1380 0.1042 0.1170
-0.1370 -0.4448 0.0964
-0.1136 0.0484 0.1333
-0.1333 0.7186 0.1733
-0.1190 -0.6019 0.1224
-0.1260 -0.3896 0.1316
-0.1244 0.5387 0.1749
-0.1215 0.1653 0.1113
-0.1191 -0.3136 0.1736
-0.1111 -0.5061 0.1162
-0.1036 -0.1948 0.1144
-0.0975 -0.8278 0.1251
-0.0755 0.2850 0.1220
-0.0861 -0.5973 0.1318
-0.0973 0.5300 0.1660
-0.0904 0.3403 0.1183
-0.0910 0.5962 0.1637
-0.0878 -1.2836 0.5071
-0.0857 0.1223 0.1209
-0.0767 0.1622 0.1385
-0.0880 0.6197 0.1642
-0.0812 1.1972 0.2968
-0.0721 0.4025 0.1301
-0.0812 1.1606 0.2641
-0.0808 -0.8033 0.1269
-0.0844 -0.7797 0.1252
-0.0817 -0.4221 0.1194
-0.0586 -0.2145 0.1070
-0.0789 0.4840 0.1582
-0.0754 -0.4954 0.1309
-0.0762 -0.1685 0.1296
-0.0706 1.0852 0.2464
-0.0723 -0.5802 0.1328
-0.0639 -0.2642 0.1311
-0.0706 0.4294 0.1424
-0.0627 -0.7226 0.1682
-0.0683 -0.4039 0.1384
-0.0558 0.3550 0.1058
-0.0441 0.0577 0.1573
-0.0557 0.0992 0.1406
-0.0568 -1.2881 0.5194
-0.0449 -0.8057 0.1653
-0.0299 0.2741 0.1283
-0.0259 -0.2565 0.1277
-0.0145 -0.2146 0.1088
-0.0352 1.0479 0.2500
-0.0156 -0.0401 0.1846
-0.0251 0.3414 0.1008
-0.0215 -0.4324 0.1678
-0.0100 -0.1777 0.1145
-0.0196 1.1406 0.2653
-0.0204 0.8040 0.2630
-0.0138 0.6716 0.1997
-0.0090 0.0162 0.1934
-0.0096 0.3697 0.1079
0.0055 0.2563 0.1368
-0.0000 -0.5819 0.1661
0.0141 -0.1283 0.1311
0.0275 -0.0805 0.1594
0.0049 0.3321 0.1035
-0.0012 0.6398 0.2000
0.0233 0.3984 0.1235
0.0197 0.9740 0.2769
0.0165 -0.6670 0.1948
0.0182 0.5069 0.1574
0.0267 -0.2326 0.1351
0.0256 -0.2035 0.1226
0.0232 0.4851 0.1420
0.0318 0.4655 0.1348
0.0302 0.8028 0.2410
0.0337 -0.6732 0.2060
0.0346 0.3281 0.1105
0.0417 -0.5167 0.1927
0.0574 -0.1149 0.1426
0.0544 -1.2747 0.5871
0.0675 0.2135 0.1859
0.0593 0.3230 0.1261
0.0601 -0.5628 0.1946
0.0627 -0.3290 0.2013
0.0722 -0.1433 0.1415
0.0656 0.2607 0.1488
0.0654 0.6871 0.2084
0.0679 -1.1849 0.5320
0.0776 0.4985 0.1620
0.0801 -0.3718 0.2150
0.0830 0.3974 0.1347
0.0869 -0.4075 0.2140
0.1320 0.2625 0.1748
0.1161 0.4194 0.1553
0.1356 0.9353 0.2917
0.1342 0.5141 0.2007
0.1405 -0.5454 0.2347
0.1373 0.3891 0.1721
0.1473 -0.0887 0.1409
0.1418 0.0829 0.1531
0.1419 0.6615 0.1897
0.1473 -0.7648 0.3198
0.1515 1.1376 0.3966
0.1593 -0.1339 0.1619
0.1539 -0.0251 0.1323
0.1595 0.0205 0.1192
0.1647 0.8113 0.2225
0.1679 0.0816 0.1319
0.1723 0.7599 0.1979
0.1796 0.7306 0.1864
0.1889 0.0302 0.1030
0.1905 -0.1157 0.1466
0.1968 0.1951 0.1925
0.2122 0.0592 0.1121
0.2023 -0.7920 0.3879
0.2041 -0.0256 0.1088
0.2009 0.8953 0.3056
0.2153 0.1295 0.1618
0.2080 -0.4160 0.2358
0.2173 0.0207 0.1055
0.2291 -0.0681 0.1156
0.2207 0.3223 0.1504
0.2255 0.6551 0.1521
0.2493 -0.0323 0.1079
0.2365 -0.5305 0.2261
0.2404 0.2867 0.1514
0.2338 0.6192 0.1467
0.2488 -0.0961 0.1255
0.2453 0.3137 0.1446
0.2489 0.6478 0.1447
0.2582 0.3772 0.1821
0.2694 0.0267 0.1200
0.2700 0.6072 0.1463
0.2715 0.3269 0.1544
0.2890 -0.4786 0.2167
0.3002 -0.0313 0.1178
0.2804 0.5809 0.1597
0.2933 0.0915 0.1726
0.3010 0.2642 0.1738
0.2975 0.5775 0.1669
0.2975 -0.4423 0.2189
0.3091 -0.0779 0.1254
0.3142 -0.0519 0.1203
0.3161 0.0302 0.1494
0.3284 -0.5790 0.2883
0.3295 -0.5434 0.2663
0.3250 -0.1372 0.1541
0.3339 0.5420 0.2007
0.3377 0.3855 0.2168
0.3532 -0.2474 0.2461
0.3783 -0.0897 0.1466
0.3631 -0.3836 0.2544
0.3666 0.2350 0.1966
0.3665 0.6639 0.2452
0.3884 -0.1531 0.1788
0.3942 -0.3445 0.2675
0.4147 -0.1181 0.1762
0.4182 -0.0598 0.1711
0.4138 0.0723 0.1728
0.4171 0.2026 0.1542
0.4489 0.1361 0.1354
0.4338 0.4889 0.2876
0.4660 0.2429 0.1209
0.4653 1.1775 0.3030
0.4764 0.1003 0.1190
0.4903 0.2456 0.1088
0.5040 0.3860 0.2343
0.5033 0.0737 0.1156
0.4944 0.1267 0.1156
0.4953 0.2647 0.1192
0.4900 1.0792 0.2326
0.5054 -0.0039 0.1757
0.4950 1.0491 0.2290
0.5059 0.0326 0.1411
0.5052 0.1732 0.1120
0.5121 -0.2621 0.2708
0.5153 0.2546 0.1052
0.5244 0.2363 0.0961
0.5297 0.1330 0.1144
0.5485 0.2249 0.0970
0.5652 -0.1266 0.2384
0.5471 0.8622 0.2883
0.5462 1.1299 0.2063
0.5488 0.8244 0.3273
0.5563 -0.2678 0.2913
0.5539 0.9240 0.2434
0.5673 0.1784 0.1052
0.5631 0.8854 0.2644
0.5650 1.0419 0.2063
0.5770 0.0599 0.1288
0.5741 0.0845 0.1215
0.5826 0.3911 0.2616
0.5907 0.2041 0.0967
0.6159 0.0715 0.1298
0.6055 0.2435 0.1151
0.6181 0.1473 0.1235
0.6167 0.1935 0.1082
0.6169 1.1960 0.2383
0.6293 -0.1093 0.1974
0.6316 0.2210 0.1206
0.6354 1.0840 0.2110
0.6503 0.0488 0.1200
0.6499 0.2320 0.1451
0.6653 0.0979 0.1346
0.6583 1.1909 0.2428
0.6687 -0.0001 0.1262
0.6896 -0.1960 0.1942
0.6951 1.0358 0.2598
0.7042 0.0013 0.1037
0.7084 1.1977 0.2497
0.7329 -0.1356 0.1320
0.7140 -0.0841 0.1306
0.7228 0.0295 0.0986
0.7169 0.0749 0.1220
0.7282 -0.0061 0.1021
0.7398 -0.0304 0.1113
0.7682 -0.1997 0.1510
0.7533 0.0604 0.1244
0.7610 -0.0971 0.1239
0.7637 -0.0285 0.1212
0.7878 -0.3273 0.1722
0.7787 -0.1569 0.1269
0.7819 0.0724 0.1591
0.8114 -0.1039 0.1391
0.8115 -0.1618 0.1388
0.8108 1.0475 0.2246
0.8266 -0.3140 0.1369
0.8216 0.8861 0.2468
0.8289 -0.3473 0.1316
0.8409 1.1465 0.2046
0.8528 -0.2325 0.1506
0.8445 0.8915 0.2270
0.8527 -0.3691 0.1204
0.8575 -0.1600 0.1585
0.8698 1.1887 0.2360
0.8748 -0.0141 0.2089
0.8836 -0.4326 0.1329
0.8819 -0.3926 0.1118
0.8873 0.8835 0.2140
0.8896 1.1587 0.2180
0.8944 0.9081 0.2065
0.8992 -0.3147 0.1167
0.8975 -0.2723 0.1339
0.9017 1.1092 0.2033
0.9029 0.1049 0.2662
0.9130 -0.4347 0.1184
0.9105 0.9483 0.2070
0.9180 -0.3548 0.1113
0.9153 1.0555 0.2025
0.9307 -0.2532 0.1520
0.9382 -0.4550 0.1322
0.9378 -0.0956 0.2304
0.9619 -0.3755 0.1041
0.9502 1.1289 0.2399
0.9579 -0.4053 0.1021
0.9595 -0.3036 0.1231
0.9641 0.7834 0.2364
0.9716 0.0536 0.2713
0.9942 -0.3949 0.1082
0.9919 -0.3692 0.1106
0.9957 -0.2695 0.1533
1.0167 -0.4350 0.1238
1.0055 0.0406 0.2815
1.0056 0.7275 0.2636
1.0351 -0.5247 0.1566
1.0394 -0.3447 0.1327
1.0448 -0.0603 0.2779
1.0533 -0.4503 0.1293
1.0702 -0.5450 0.1451
1.0589 0.4896 0.3618
1.0708 -0.3391 0.1562
1.0678 0.8925 0.2801
1.0730 0.3268 0.4128
1.0780 -0.2724 0.2047
1.0873 -0.4401 0.1275
1.0834 0.4228 0.4041
1.0855 0.7824 0.2545
1.1001 0.5079 0.3473
1.0953 0.7397 0.2641
1.1173 -0.5463 0.1251
1.1058 -0.5075 0.1026
1.1106 0.6267 0.3035
1.1101 -0.1523 0.2849
1.1274 -0.4777 0.1007
1.1232 0.7725 0.2852
1.1355 -0.4408 0.1289
1.1546 -0.5157 0.1058
1.1582 -0.4751 0.1111
1.1597 1.1395 0.3030
1.1849 -0.4849 0.1221
1.1849 -0.5625 0.1416
1.1856 1.0666 0.2768
1.2163 0.0585 0.3702
1.2164 -0.0531 0.3185
1.2307 -0.5490 0.1481
1.2418 1.1011 0.2888
1.2479 -0.2576 0.2717
1.2572 -0.4160 0.2045
1.2638 -0.5919 0.2023
1.2780 0.9970 0.3051
1.2907 -0.5405 0.1786
1.2994 1.0398 0.3131
1.3069 -0.2543 0.2591
1.2983 0.1759 0.4110
1.3004 1.1462 0.3585
1.3073 -0.5009 0.1808
1.3156 -0.1720 0.2598
1.3152 1.0998 0.3414
1.3634 0.3072 0.4380
1.3654 -0.4634 0.2482
1.3767 -0.4056 0.2767
1.3804 -0.1698 0.2674
1.4029 0.2780 0.4619
1.4408 -0.0401 0.3706
1.4437 -0.2060 0.2966
1.4493 -0.1805 0.3079
1.4516 0.3865 0.5462
