points 
 2 
 1 
Tumour[19065]CD810NNCodensity
-1.2722 0.1609 0.1747
-1.2740 0.2836 0.1768
-1.2501 0.0231 0.2888
-1.2439 0.1540 0.1642
-1.2461 0.2336 0.1337
-1.2360 0.0900 0.2251
-1.2278 0.1938 0.1373
-1.2077 0.2744 0.1282
-1.2024 0.3064 0.1465
-1.2013 0.2338 0.1227
-1.1787 0.3184 0.1542
-1.1393 0.2318 0.1449
-1.1047 0.2583 0.1438
-1.0990 -0.0404 0.3491
-1.0845 0.3042 0.1475
-1.0582 0.4096 0.2171
-1.0601 -0.0241 0.3510
-1.0607 0.2659 0.1519
-1.0514 0.0281 0.3146
-1.0382 0.2781 0.1464
-1.0036 0.2963 0.1425
-0.9721 0.3342 0.1432
-0.9741 0.3667 0.1545
-0.9647 0.3877 0.1747
-0.9560 0.1917 0.2356
-0.9001 0.3151 0.1670
-0.8900 0.2678 0.1841
-0.8628 0.3668 0.2057
-0.8132 0.2690 0.2387
-0.7576 0.2843 0.2787
-0.7400 0.4363 0.3577
-0.6903 0.0944 0.3914
-0.6556 0.0148 0.4044
-0.5811 0.2885 0.3995
-0.5608 -0.1219 0.3734
-0.4471 -0.0188 0.2573
-0.4397 0.1880 0.3357
-0.4133 -0.0838 0.2472
-0.4022 0.0852 0.2911
-0.3738 -0.0531 0.2279
-0.3525 -0.1638 0.2803
-0.3265 0.2999 0.2710
-0.3129 -0.1230 0.2526
-0.3146 -0.0302 0.2367
-0.3211 0.4486 0.3630
-0.3099 0.3193 0.2702
-0.2945 0.3553 0.2740
-0.2359 0.0687 0.3092
-0.2208 0.1579 0.3148
-0.1984 0.3355 0.2494
-0.1965 -0.1300 0.2863
-0.1520 0.3680 0.2481
-0.1528 -0.2388 0.3807
-0.0714 -0.0126 0.3385
-0.0441 0.3487 0.2108
-0.0540 0.3940 0.2125
-0.0317 0.4407 0.2299
-0.0216 0.1582 0.3627
-0.0094 -0.1733 0.3975
-0.0082 -0.1181 0.3691
0.0164 0.4486 0.2332
0.0585 0.3842 0.2024
0.0660 0.3501 0.2060
0.1138 0.3876 0.2294
0.1269 0.3609 0.2335
0.1332 -0.1095 0.4118
0.1855 0.1405 0.3127
0.1941 0.2431 0.2749
0.2457 0.2010 0.2870
0.2905 0.1792 0.2867
0.3381 -0.0597 0.3146
0.3447 0.4378 0.4244
0.3521 0.0862 0.2476
0.3718 0.0133 0.2561
0.3933 -0.3366 0.5029
0.4189 -0.0355 0.2942
0.4211 0.0687 0.2571
0.4432 0.4218 0.4537
0.4842 0.0424 0.2784
0.5216 -0.5432 0.5184
0.5897 0.0147 0.3069
0.5972 -0.2178 0.3463
0.6059 -0.2681 0.3380
0.6378 0.3730 0.2936
0.6664 -0.9648 0.6953
0.6753 0.1092 0.2795
0.6774 0.2218 0.2644
0.6954 -0.3665 0.2695
0.7122 0.2130 0.2514
0.7021 0.4022 0.2711
0.7291 0.1128 0.2816
0.7351 -0.3344 0.2435
0.7431 -0.1667 0.3480
0.7510 0.0705 0.3077
0.7574 -0.9693 0.6548
0.7687 0.4060 0.2625
0.7579 0.4550 0.3088
0.7638 -0.4875 0.2954
0.7817 -0.3015 0.2477
0.7891 0.3841 0.2536
0.8204 0.3599 0.2643
0.8351 -0.4923 0.2691
0.8430 -0.9781 0.6627
0.8526 0.1072 0.3650
0.8594 -0.3971 0.1964
0.8725 -1.9138 1.4426
0.8988 -0.9935 0.7048
0.9007 -0.3742 0.1803
0.9169 -0.6501 0.4748
0.9371 -0.3778 0.1886
0.9484 -2.0362 1.5759
0.9621 -0.3650 0.2024
0.9712 -0.3125 0.2180
0.9702 -0.2841 0.2380
0.9753 0.3634 0.4019
0.9979 -0.3323 0.2355
1.1265 -0.1393 0.4723
1.1652 -0.0195 0.5861
1.1644 0.3789 0.5892
1.1706 -1.9262 1.4919
1.2044 -1.9292 1.5185
1.2149 0.3480 0.6429
