points 
 2 
 1 
Tumour[19065]CD6810NNCodensity
-1.3629 -1.1941 0.5895
-1.3635 -0.9245 0.4557
-1.3597 -0.2394 0.2416
-1.3619 -0.0103 0.3198
-1.3551 0.1466 0.2062
-1.3549 0.2683 0.1670
-1.3584 0.3048 0.1799
-1.3618 0.3324 0.2035
-1.3603 0.7690 0.3040
-1.3637 0.9604 0.3449
-1.3390 0.7488 0.2814
-1.3148 0.1240 0.2033
-1.3257 0.1718 0.1746
-1.3273 -0.6093 0.2979
-1.3234 -0.3299 0.2355
-1.3203 0.2173 0.1542
-1.3038 0.7736 0.2571
-1.3090 -0.2242 0.1872
-1.2996 0.3009 0.1622
-1.2986 -0.2631 0.1928
-1.2956 0.4283 0.2500
-1.2913 1.0308 0.3332
-1.2949 1.1976 0.4775
-1.2915 0.9952 0.3128
-1.2785 -0.3195 0.2115
-1.2859 0.2698 0.1551
-1.2650 -0.4431 0.2542
-1.2421 0.6958 0.2116
-1.2354 -0.4858 0.2444
-1.2222 -0.1645 0.1553
-1.2309 -0.7675 0.2288
-1.2298 -0.1166 0.1743
-1.2222 1.1835 0.4248
-1.2107 -0.0893 0.1807
-1.2009 0.1678 0.1621
-1.2025 0.7716 0.2266
-1.1944 -0.5697 0.2110
-1.1914 -0.2079 0.1658
-1.1988 0.3155 0.2115
-1.1921 0.5610 0.2001
-1.1907 -0.6407 0.1888
-1.1797 0.1385 0.1494
-1.1906 -0.1307 0.1585
-1.1658 -0.7344 0.1707
-1.1890 0.5211 0.2086
-1.1767 -0.5982 0.2038
-1.1729 -0.1663 0.1587
-1.1735 0.2454 0.1878
-1.1752 -0.7606 0.1794
-1.1616 -0.6772 0.1731
-1.1583 0.0891 0.1375
-1.1703 0.5140 0.1987
-1.1547 -0.8150 0.1988
-1.1662 0.2103 0.1702
-1.1629 -0.4303 0.2867
-1.1403 0.6953 0.1832
-1.1309 -0.8700 0.2263
-1.1173 0.0881 0.1211
-1.1400 0.6456 0.1617
-1.1352 0.1135 0.1272
-1.1184 0.4470 0.2045
-1.1176 -0.1871 0.1926
-1.1204 0.9026 0.3173
-1.1145 0.6804 0.1725
-1.1120 0.0203 0.1244
-1.1142 -0.0207 0.1518
-1.0940 -1.1598 0.2566
-1.0998 0.3785 0.2376
-1.0872 0.9332 0.3293
-1.0842 -1.0078 0.2575
-1.0788 0.6741 0.1809
-1.0784 0.0193 0.1144
-1.0788 0.0996 0.1211
-1.0722 0.5958 0.1575
-1.0661 0.1230 0.1391
-1.0496 -0.2171 0.2119
-1.0656 -0.0346 0.1480
-1.0564 0.0021 0.1207
-1.0423 0.6132 0.1669
-1.0480 -0.6566 0.2205
-1.0399 -1.1205 0.1817
-1.0406 0.2202 0.1852
-1.0310 -0.7639 0.1928
-1.0350 -0.7190 0.2008
-1.0299 -0.8230 0.2044
-1.0319 0.5057 0.1633
-1.0282 -1.1870 0.2111
-1.0160 0.0199 0.1296
-1.0094 0.5604 0.1729
-1.0016 -1.1421 0.1633
-1.0057 0.0611 0.1224
-0.9934 0.5200 0.1754
-1.0038 -0.0825 0.1982
-0.9886 1.2954 0.3874
-1.0084 0.1084 0.1321
-0.9935 -1.0871 0.1632
-0.9907 -0.8772 0.2264
-0.9870 -0.2851 0.1920
-0.9852 0.4880 0.1769
-0.9843 0.4447 0.1902
-0.9666 -0.9284 0.2388
-0.9489 0.1675 0.1438
-0.9640 1.2655 0.3468
-0.9750 -0.3293 0.2018
-0.9650 0.2003 0.1469
-0.9600 0.0567 0.1319
-0.9573 0.3077 0.1733
-0.9478 -0.3561 0.2079
-0.9519 -0.1361 0.2405
-0.9525 -1.1325 0.1523
-0.9490 -0.6979 0.2362
-0.9532 0.2307 0.1472
-0.9435 0.2792 0.1584
-0.9362 0.7239 0.2362
-0.9437 0.8594 0.2511
-0.9385 -1.1064 0.1481
-0.9422 -0.2457 0.1853
-0.9326 0.3494 0.1986
-0.9223 0.0504 0.1491
-0.9278 0.1197 0.1339
-0.9255 0.0927 0.1320
-0.9139 -0.3397 0.1962
-0.9111 -0.2721 0.1860
-0.8854 1.2455 0.2713
-0.9013 0.7168 0.2234
-0.8878 -0.5957 0.2710
-0.8938 0.9143 0.2667
-0.8913 -0.4730 0.2595
-0.8828 -1.1054 0.1480
-0.8792 0.8769 0.2438
-0.8650 0.9098 0.2639
-0.8623 0.2999 0.1786
-0.8620 -1.0971 0.1490
-0.8601 -0.8971 0.2152
-0.8619 0.0263 0.2079
-0.8488 0.4825 0.1802
-0.8563 -0.5418 0.2763
-0.8490 0.1584 0.1707
-0.8567 0.2431 0.1619
-0.8473 -0.8106 0.2415
-0.8546 0.6250 0.1991
-0.8463 -1.0468 0.1565
-0.8338 -0.7163 0.2369
-0.8366 1.1545 0.2067
-0.8303 -1.0663 0.1537
-0.8125 0.1880 0.1819
-0.8157 1.1784 0.2001
-0.8145 0.5163 0.1570
-0.8204 -0.9701 0.1730
-0.8111 -0.2285 0.2464
-0.7905 0.7381 0.1943
-0.7992 1.0998 0.1859
-0.8161 -1.1882 0.2248
-0.8026 0.4802 0.1507
-0.7951 0.6977 0.1761
-0.7597 0.2085 0.1815
-0.7906 0.5041 0.1467
-0.7685 0.6555 0.1706
-0.7703 -0.9647 0.1812
-0.7733 0.4047 0.1501
-0.7795 -1.0718 0.1726
-0.7757 -0.0462 0.2751
-0.7672 0.3054 0.1585
-0.7678 0.5672 0.1552
-0.7619 -0.9389 0.1947
-0.7564 -0.3703 0.1999
-0.7556 1.1182 0.1548
-0.7471 -0.2285 0.2558
-0.7410 -1.1888 0.2405
-0.7413 0.4089 0.1446
-0.7345 0.1230 0.1901
-0.7340 0.7120 0.1833
-0.7313 -0.6947 0.2105
-0.7282 -0.3819 0.1777
-0.7209 0.3384 0.1363
-0.7220 0.3735 0.1391
-0.7254 1.1151 0.1492
-0.7195 1.0657 0.1528
-0.7167 -0.7706 0.2143
-0.7207 -0.4493 0.1716
-0.7084 0.7777 0.2187
-0.7113 -0.3971 0.1650
-0.7106 -0.9316 0.2231
-0.7017 0.5221 0.1733
-0.7021 1.2483 0.2764
-0.7004 1.0819 0.1525
-0.6974 -0.6600 0.2210
-0.6880 0.5649 0.1804
-0.6874 -0.7147 0.2164
-0.6818 0.2845 0.1510
-0.6841 0.6188 0.1858
-0.6789 0.3270 0.1441
-0.6811 0.4125 0.1679
-0.6681 0.0277 0.1912
-0.6744 0.0969 0.1617
-0.6698 -0.4497 0.1474
-0.6664 -0.5976 0.2282
-0.6597 1.0656 0.1677
-0.6599 1.0051 0.1691
-0.6423 0.2858 0.1671
-0.6559 -0.2116 0.2606
-0.6575 -1.0760 0.2389
-0.6550 0.0445 0.1735
-0.6400 0.0753 0.1537
-0.6467 -0.7536 0.2237
-0.6422 -0.4271 0.1428
-0.6415 0.2187 0.1694
-0.6449 -1.1042 0.2517
-0.6350 1.0296 0.1695
-0.6283 -0.4969 0.1817
-0.6252 -1.1677 0.3065
-0.6198 -0.1346 0.2510
-0.6251 -0.4633 0.1577
-0.6186 0.7705 0.2118
-0.6192 0.8104 0.1852
-0.6201 0.9404 0.1594
-0.5971 0.6071 0.2042
-0.5972 0.1639 0.1633
-0.5990 0.1974 0.1764
-0.5857 -0.3510 0.1713
-0.5710 0.1240 0.1502
-0.5738 -0.8794 0.2505
-0.5734 0.8893 0.1380
-0.5665 0.9447 0.1486
-0.5622 0.4190 0.1637
-0.5597 0.5983 0.2044
-0.5607 -0.9013 0.2540
-0.5294 0.8429 0.1594
-0.5362 0.8724 0.1459
-0.5446 0.9004 0.1414
-0.5380 0.0830 0.1414
-0.5359 0.4993 0.1723
-0.5415 0.9307 0.1537
-0.5379 -0.4159 0.1693
-0.5256 0.5834 0.2061
-0.5301 0.3934 0.1573
-0.5212 -0.3848 0.1538
-0.5089 0.0285 0.1281
-0.5075 0.0602 0.1317
-0.5231 0.4264 0.1586
-0.5187 1.2832 0.3742
-0.5170 -0.3059 0.1517
-0.5105 -0.8183 0.2571
-0.5051 -0.2593 0.1744
-0.5075 0.4480 0.1617
-0.5059 -0.3444 0.1435
-0.5070 -0.0079 0.1332
-0.5015 -0.0686 0.1474
-0.5039 -0.0301 0.1337
-0.5006 0.3628 0.1781
-0.4922 -0.2884 0.1518
-0.4877 -0.1017 0.1582
-0.4868 0.3866 0.1696
-0.4776 0.1198 0.1561
-0.4546 0.0663 0.1471
-0.4679 -1.0298 0.2729
-0.4728 -0.5629 0.2404
-0.4637 -0.6814 0.2216
-0.4672 -0.6536 0.2252
-0.4724 -0.1339 0.1744
-0.4606 0.7872 0.2153
-0.4513 -0.2975 0.1600
-0.4403 0.0002 0.1529
-0.4513 1.2891 0.4013
-0.4404 -0.8342 0.2613
-0.4450 0.6010 0.2165
-0.4249 0.2912 0.2159
-0.4270 -0.3967 0.1894
-0.4184 0.1905 0.1803
-0.4049 0.7015 0.1786
-0.4198 -0.1730 0.1979
-0.4164 -0.1023 0.1814
-0.4131 -0.9920 0.2594
-0.4068 -0.6388 0.1896
-0.3960 0.1677 0.1723
-0.3961 1.2333 0.3743
-0.3884 0.7422 0.1928
-0.3729 -1.0354 0.2468
-0.3815 0.2363 0.2040
-0.3766 -1.1506 0.2978
-0.3664 0.1263 0.1745
-0.3554 0.6792 0.1507
-0.3595 -0.4944 0.2410
-0.3574 -0.3175 0.2056
-0.3585 0.4808 0.2326
-0.3530 -0.6245 0.1794
-0.3412 1.1957 0.3687
-0.3464 0.7078 0.1606
-0.3375 -0.3627 0.2327
-0.3379 -0.6831 0.1928
-0.3274 0.0060 0.2162
-0.3341 0.4511 0.2440
-0.3119 -0.7544 0.2154
-0.3200 0.0371 0.2084
-0.3124 0.1133 0.2005
-0.2932 -0.1826 0.2008
-0.3122 0.2755 0.2439
-0.3042 0.6088 0.1544
-0.3027 0.6537 0.1492
-0.2901 -0.2480 0.2001
-0.2827 -1.0624 0.2073
-0.2871 -0.5941 0.1981
-0.2876 0.6936 0.1761
-0.2728 -0.5375 0.2362
-0.2657 -0.0733 0.2308
-0.2699 0.6007 0.1548
-0.2617 0.5643 0.1583
-0.2523 -0.2380 0.1786
-0.2552 -1.1959 0.2586
-0.2547 -0.8664 0.1873
-0.2498 -0.8894 0.1787
-0.2460 -0.6900 0.1964
-0.2288 0.5452 0.1716
-0.2405 1.0965 0.3301
-0.2311 -0.9135 0.1652
-0.2332 -0.8177 0.1898
-0.2132 -0.9348 0.1612
-0.2022 0.1398 0.2117
-0.2023 0.5296 0.1825
-0.1930 -1.0549 0.1689
-0.2016 -1.0127 0.1690
-0.1938 -0.6126 0.2228
-0.1859 -0.2041 0.1501
-0.1831 -1.0880 0.1652
-0.1835 0.4967 0.1950
-0.1600 -1.1406 0.1687
-0.1600 -0.1802 0.1613
-0.1732 -0.6981 0.2107
-0.1679 -0.1381 0.1862
-0.1626 0.3307 0.2003
-0.1658 1.1194 0.2777
-0.1659 1.1808 0.2771
-0.1400 -0.2238 0.1498
-0.1475 0.2636 0.1650
-0.1424 -0.2692 0.1564
-0.1199 -1.1838 0.1931
-0.1358 -0.8549 0.1691
-0.1249 -0.9767 0.1761
-0.1361 -0.0468 0.2445
-0.1212 0.9048 0.3450
-0.1299 0.9778 0.3252
-0.1163 -1.0804 0.1577
-0.1200 -0.4481 0.2345
-0.1163 -0.2685 0.1645
-0.1196 0.1697 0.1238
-0.1054 0.2930 0.1512
-0.1179 0.4256 0.1945
-0.1158 0.4468 0.1994
-0.1089 0.2449 0.1343
-0.1019 -0.2947 0.1755
-0.1024 -0.7139 0.1734
-0.0916 0.1258 0.0958
-0.0907 0.7654 0.3404
-0.0911 -0.8978 0.1461
-0.0710 -0.5361 0.2398
-0.0777 -0.3149 0.1930
-0.0823 0.1709 0.1019
-0.0624 -0.7800 0.1268
-0.0855 0.1009 0.1004
-0.0704 0.2508 0.1315
-0.0685 -0.4976 0.2391
-0.0752 0.8191 0.3538
-0.0706 -1.1843 0.1979
-0.0627 0.1154 0.0837
-0.0652 0.1436 0.0838
-0.0378 0.0320 0.1375
-0.0612 -0.8714 0.1214
-0.0580 -0.8133 0.1221
-0.0611 -0.4315 0.2176
-0.0486 0.0770 0.1021
-0.0502 -0.7425 0.1362
-0.0528 -1.1165 0.1590
-0.0448 0.3376 0.1654
-0.0403 0.1881 0.1183
-0.0396 -0.9218 0.1206
-0.0094 -0.7395 0.1340
-0.0227 0.0907 0.1016
-0.0303 -1.1322 0.1657
-0.0241 0.1480 0.1036
-0.0265 0.4964 0.2681
-0.0206 1.2244 0.1853
-0.0194 -0.8063 0.1230
-0.0151 -0.9677 0.1166
-0.0063 -0.8650 0.1167
0.0041 -1.0820 0.1458
-0.0054 -0.7061 0.1506
0.0012 0.1105 0.1196
0.0008 -1.0019 0.1194
-0.0029 0.2650 0.1558
-0.0018 0.3993 0.2059
0.0197 -0.9013 0.1179
0.0019 1.1847 0.1651
0.0066 1.2253 0.1712
0.0166 0.0254 0.1510
0.0166 -0.8443 0.1308
0.0120 -0.6691 0.1822
0.0141 1.1603 0.1673
0.0087 1.2600 0.1958
0.0182 -0.9685 0.1106
0.0161 -0.0043 0.1643
0.0230 0.3202 0.1814
0.0270 -0.9445 0.1090
0.0363 -1.0146 0.1193
0.0409 -0.3496 0.2733
0.0324 -0.1506 0.2422
0.0341 0.2395 0.1843
0.0417 -0.4564 0.2563
0.0502 -0.9957 0.1225
0.0577 -1.0794 0.1409
0.0578 -0.1738 0.2471
0.0593 0.7920 0.3194
0.0941 -1.0802 0.1367
0.0990 -0.7058 0.1802
0.0845 -0.8764 0.1800
0.0862 1.1006 0.1791
0.0807 1.2195 0.1600
0.1057 -0.7383 0.1781
0.0896 -0.0504 0.1519
0.1001 -1.1727 0.1821
0.1028 1.1949 0.1656
0.1108 -0.0112 0.1580
0.1069 1.0661 0.1836
0.1171 -0.6058 0.2434
0.1229 -0.0809 0.1491
0.1248 -0.0323 0.1431
0.1326 -1.0861 0.1227
0.1209 0.3778 0.2434
0.1399 0.9777 0.2002
0.1481 -0.5198 0.2903
0.1534 0.3483 0.2541
0.1505 1.1057 0.1563
0.1672 -1.0874 0.1080
0.1563 -0.7148 0.2004
0.1694 -0.7846 0.1895
0.1735 0.9908 0.1804
0.1717 1.2681 0.1631
0.1717 -1.1243 0.1175
0.1906 -1.1687 0.1667
0.1928 -0.0308 0.1312
0.1944 1.2976 0.1730
0.1900 -1.0866 0.1049
0.1949 0.9063 0.1908
0.2046 -1.0031 0.1204
0.1968 -0.0764 0.1205
0.2111 -0.9691 0.1342
0.2203 -0.1579 0.1244
0.2154 1.2479 0.1250
0.2143 -1.0662 0.1091
0.2146 -1.1182 0.1282
0.2117 0.1103 0.2775
0.2116 1.1078 0.1224
0.2218 -0.0549 0.1205
0.2285 0.3164 0.2935
0.2258 1.1285 0.1104
0.2381 -0.0897 0.1052
0.2356 -1.0349 0.1050
0.2270 0.8880 0.1739
0.2518 -0.2187 0.1108
0.2411 1.1800 0.1019
0.2547 -1.0057 0.1016
0.2370 0.8594 0.1725
0.2436 1.2308 0.1044
0.2497 -0.8582 0.1609
0.2534 -0.7857 0.1668
0.2599 -0.9780 0.1086
0.2529 0.7737 0.1853
0.2505 1.0573 0.1178
0.2515 -0.0645 0.1102
0.2505 1.2043 0.1002
0.2656 -0.2664 0.1287
0.2546 1.1435 0.0993
0.2593 -0.1638 0.0989
0.2595 -0.3950 0.1563
0.2693 -0.3179 0.1345
0.2621 -0.1878 0.0967
0.2676 0.4065 0.2714
0.2675 1.0956 0.0945
0.2766 -0.9561 0.1196
0.2704 0.0424 0.1905
0.2773 0.8682 0.1569
0.2790 -0.1013 0.1000
0.2798 1.0459 0.1143
0.2809 -0.1923 0.0936
0.2809 -0.7992 0.1651
0.2823 0.7472 0.1856
0.2823 1.2291 0.1004
0.2895 -0.9163 0.1470
0.2998 -0.8657 0.1644
0.3076 -0.7201 0.1833
0.3043 -1.0508 0.1497
0.2999 -0.2612 0.1204
0.2978 1.1660 0.1001
0.3035 1.0759 0.0924
0.3002 -1.0100 0.1266
0.3079 -0.3628 0.1055
0.3016 -0.2105 0.1037
0.3052 -0.1512 0.1037
0.3044 1.2726 0.1107
0.3114 1.1042 0.0900
0.3103 0.4785 0.2760
0.3093 1.2226 0.1051
0.3125 -0.0942 0.0980
0.3148 1.0038 0.1249
0.3222 -0.4335 0.1058
0.3136 -0.7694 0.1805
0.3153 -0.6281 0.1530
0.3400 -0.3976 0.0941
0.3262 -0.0663 0.0976
0.3238 1.2896 0.1173
0.3243 1.1330 0.0931
0.3303 -0.5192 0.1113
0.3260 0.7830 0.1383
0.3328 -0.3449 0.0943
0.3400 -0.4848 0.0994
0.3371 0.9640 0.1400
0.3396 1.0498 0.1111
0.3450 -0.4520 0.0963
0.3554 -0.6587 0.1594
0.3421 -0.5727 0.1052
0.3348 -0.1014 0.1012
0.3499 1.1103 0.0910
0.3488 1.1614 0.1042
0.3480 -0.5978 0.1135
0.3517 -0.3254 0.0930
0.3610 -0.0659 0.0957
0.3545 1.2939 0.1116
0.3521 -0.3721 0.0874
0.3553 0.0114 0.1300
0.3657 1.2458 0.1024
0.3738 -0.6016 0.1185
0.3819 -0.4192 0.0973
0.3647 -0.1842 0.1395
0.3643 -0.0198 0.1017
0.3737 1.0789 0.1145
0.3641 -0.4965 0.0921
0.3652 -0.3106 0.0998
0.3718 0.5564 0.2501
0.3678 0.7812 0.1300
0.3663 0.9077 0.1508
0.3650 0.9639 0.1436
0.3791 1.1431 0.1096
0.3767 -0.0429 0.0946
0.3768 -0.5506 0.0984
0.3818 1.2843 0.1010
0.3859 -0.0895 0.1149
0.3834 0.8588 0.1458
0.3939 -0.4521 0.0967
0.3787 0.8009 0.1280
0.3989 -0.3398 0.0995
0.3871 0.9775 0.1541
0.3968 -1.1865 0.2604
0.3907 -0.5057 0.0958
0.3935 -0.2977 0.1139
0.3919 -0.0090 0.1079
0.3898 1.2564 0.0975
0.3968 0.8240 0.1412
0.4001 1.1854 0.1238
0.3993 -0.3748 0.0970
0.3933 -0.1902 0.1551
0.4023 -1.0221 0.1900
0.4146 -0.9309 0.2123
0.4095 -0.5632 0.1222
0.4161 0.0275 0.1288
0.4092 1.1088 0.1352
0.4166 -0.2631 0.1334
0.4154 0.7524 0.1503
0.4291 -0.4967 0.1107
0.4247 0.1179 0.1609
0.4218 0.1646 0.1838
0.4243 1.2857 0.1044
0.4234 -1.0342 0.1934
0.4310 -0.4027 0.0921
0.4338 0.2386 0.2148
0.4336 0.4087 0.2397
0.4397 0.4403 0.2382
0.4388 0.7588 0.1614
0.4476 1.2315 0.1017
0.4428 0.3183 0.2386
0.4504 -0.4584 0.0973
0.4487 0.5701 0.2346
0.4476 -1.1766 0.2380
0.4597 -0.3815 0.0980
0.4482 0.2949 0.2286
0.4493 1.2949 0.1226
0.4604 -0.4113 0.0896
0.4665 0.0693 0.1326
0.4547 0.6953 0.1944
0.4582 1.2641 0.1069
0.4693 -0.2929 0.1329
0.4568 -0.0406 0.1368
0.4711 0.0319 0.1324
0.4815 1.1993 0.1249
0.4851 -0.4895 0.1224
0.4725 -0.2325 0.1667
0.4660 -0.0774 0.1507
0.4628 0.6464 0.2165
0.4776 -1.1547 0.2164
0.4756 -0.7301 0.2089
0.4763 -0.3578 0.1052
0.4726 1.2379 0.1113
0.4919 -0.4514 0.0954
0.4878 -0.4179 0.0901
0.4816 0.1681 0.1751
0.4953 -1.0121 0.2141
0.4919 -0.8419 0.2633
0.5163 0.5636 0.2688
0.4987 -0.6124 0.1766
0.5169 -0.3269 0.1283
0.5126 0.1020 0.1385
0.5343 -1.1777 0.2431
0.5243 -0.4274 0.1003
0.5229 1.1208 0.1636
0.5436 1.1682 0.1508
0.5221 1.1923 0.1404
0.5237 -0.6710 0.1794
0.5354 -1.0141 0.2188
0.5496 -0.4620 0.1115
0.5362 -0.1565 0.1713
0.5409 -0.7028 0.1864
0.5386 -0.3610 0.1118
0.5341 0.0362 0.1348
0.5483 -0.6414 0.1738
0.5421 -0.0622 0.1369
0.5450 0.1019 0.1566
0.5485 -0.1170 0.1572
0.5642 -0.0894 0.1482
0.5754 1.1351 0.1590
0.5599 -0.4188 0.1046
0.5558 0.0287 0.1411
0.5775 -0.6673 0.1736
0.5686 -0.2797 0.1683
0.5709 -0.1237 0.1693
0.5868 -0.8706 0.2717
0.5784 -0.3716 0.1101
0.5852 0.7977 0.2511
0.5859 -0.4940 0.1295
0.5883 0.0200 0.1526
0.6047 -0.4050 0.1049
0.6225 0.9327 0.1482
0.5987 1.0488 0.1461
0.6112 -0.5023 0.1284
0.6258 -1.0553 0.2072
0.6112 -0.3500 0.1170
0.6093 0.7575 0.2645
0.6189 1.1154 0.1614
0.6288 -0.4476 0.1211
0.6228 0.9877 0.1204
0.6299 -1.1464 0.2497
0.6258 1.0156 0.1243
0.6265 0.2333 0.2319
0.6349 -0.3438 0.1331
0.6406 0.2668 0.2620
0.6407 0.9777 0.1114
0.6565 -0.4248 0.1339
0.6646 -0.5295 0.1184
0.6605 -0.5468 0.1212
0.6654 0.8987 0.1586
0.6780 0.9966 0.1133
0.6679 -0.7303 0.2349
0.6652 -0.3695 0.1511
0.6670 0.2300 0.2398
0.6756 1.0460 0.1411
0.6818 -1.0416 0.2078
0.6772 0.0721 0.1810
0.6723 0.0254 0.1673
0.6783 0.1756 0.2124
0.6822 1.1775 0.2141
0.6786 -0.6276 0.1576
0.6918 -0.5410 0.1137
0.6950 0.0464 0.1750
0.6955 0.7319 0.2788
0.7116 0.5447 0.2792
0.7070 -0.5837 0.1233
0.7004 -0.0662 0.1666
0.7131 -1.0176 0.2156
0.7072 0.9438 0.1212
0.7098 -0.5548 0.1143
0.7163 0.9609 0.1176
0.7337 -0.9667 0.2336
0.7284 -1.0493 0.2207
0.7333 -0.8896 0.2518
0.7358 0.4985 0.2717
0.7401 1.2795 0.1911
0.7339 -0.0007 0.1635
0.7586 0.9430 0.1178
0.7616 -0.1800 0.1410
0.7485 -0.1484 0.1289
0.7646 -0.5871 0.1336
0.7564 -0.4695 0.1801
0.7627 1.0218 0.1631
0.7636 1.2934 0.1819
0.7819 0.4438 0.2656
0.7646 -0.5066 0.1625
0.7676 -0.0561 0.1321
0.7801 0.5006 0.2575
0.7798 0.9677 0.1219
0.7702 -0.1026 0.1022
0.7779 0.8603 0.1333
0.7844 1.2794 0.1593
0.7854 -0.6315 0.1351
0.7909 -0.1422 0.1002
0.7952 -0.0944 0.0987
0.7909 1.1691 0.2031
0.8040 -0.2905 0.2435
0.8015 -0.6861 0.1389
0.8035 1.2608 0.1478
0.8048 -0.2452 0.1897
0.8080 0.8606 0.1073
0.8114 -0.6628 0.1381
0.8134 0.5090 0.2521
0.8134 0.9162 0.0913
0.8131 -0.6275 0.1471
0.8225 -0.7070 0.1402
0.8182 1.2433 0.1507
0.8198 0.1430 0.2842
0.8210 -0.1126 0.0961
0.8244 0.8889 0.0848
0.8326 0.9398 0.1040
0.8331 1.2778 0.1564
0.8374 -0.0940 0.1145
0.8561 -0.7959 0.1485
0.8430 -0.1505 0.1157
0.8524 0.8417 0.1036
0.8488 -0.7319 0.1398
0.8451 0.0471 0.2327
0.8480 0.9049 0.0859
0.8500 -0.1205 0.1141
0.8506 0.6185 0.2679
0.8593 0.9227 0.1007
0.8754 0.8636 0.1007
0.8639 -1.1432 0.2528
0.8642 -0.7540 0.1407
0.8758 0.7810 0.1452
0.8804 -0.8564 0.1338
0.8897 -1.1632 0.2404
0.8905 0.8983 0.1156
0.8952 0.8195 0.1240
0.9076 1.2872 0.2015
0.9119 0.7583 0.1585
0.9100 -0.9059 0.1230
0.9115 -0.8581 0.1107
0.9198 -0.8212 0.1165
0.9233 -1.0921 0.2069
0.9144 -0.1586 0.1479
0.9391 0.7797 0.1480
0.9379 -0.0094 0.2289
0.9297 -1.1856 0.2204
0.9377 -0.9325 0.1193
0.9341 -0.1817 0.1460
0.9357 1.1507 0.2415
0.9364 0.3453 0.3005
0.9438 -0.7347 0.1507
0.9546 -0.5889 0.1982
0.9597 -0.8656 0.1011
0.9575 -0.2095 0.1369
0.9586 1.1737 0.2351
0.9688 1.2780 0.2350
0.9630 -0.9461 0.1135
0.9612 -0.9105 0.1045
0.9756 0.7446 0.1599
0.9745 -0.8171 0.1074
0.9823 0.4640 0.2640
0.9921 -0.2733 0.1329
0.9844 -0.2298 0.1260
0.9872 -0.1047 0.1654
0.9954 0.7077 0.1703
0.9894 -0.3073 0.1416
0.9974 -0.8434 0.1010
1.0147 1.0193 0.2071
1.0033 -0.9938 0.1292
1.0025 -0.9648 0.1104
0.9992 -0.7982 0.1051
1.0073 -0.7220 0.1247
1.0103 -0.3776 0.1807
1.0021 -0.3226 0.1446
1.0258 -0.8718 0.1033
1.0082 -0.4188 0.1949
1.0056 0.3994 0.2707
1.0216 -0.8068 0.1033
1.0401 -0.9393 0.1082
1.0370 -0.1767 0.1388
1.0416 0.6907 0.1672
1.0312 -0.6170 0.1164
1.0346 -1.0018 0.1325
1.0273 -0.6887 0.1218
1.0328 -0.6417 0.1138
1.0346 -0.2082 0.1395
1.0327 0.6314 0.1685
1.0469 -0.8952 0.1100
1.0360 -0.7405 0.1233
1.0392 -0.5514 0.1466
1.0316 -0.0190 0.2187
1.0391 -1.1506 0.1584
1.0545 0.3439 0.2913
1.0690 -0.9800 0.1266
1.0507 -0.4036 0.1949
1.0447 0.8193 0.1866
1.0523 -1.1906 0.1862
1.0475 -1.1299 0.1528
1.0507 -0.2779 0.1574
1.0571 -0.7763 0.1269
1.0653 -0.6389 0.1194
1.0789 1.0125 0.1881
1.0623 -0.0869 0.1657
1.0586 0.6303 0.1612
1.0656 -0.5512 0.1490
1.0601 0.8439 0.2019
1.0797 -0.8331 0.1251
1.0788 -0.5989 0.1316
1.0807 -0.5159 0.1803
1.0785 -0.8749 0.1220
1.0765 -0.6677 0.1321
1.0953 -0.1375 0.1659
1.0729 0.9753 0.1853
1.0742 1.0329 0.1865
1.0784 -1.1891 0.1955
1.1070 -0.9958 0.1525
1.1021 -0.8968 0.1430
1.0900 -0.1198 0.1641
1.1024 0.2616 0.3463
1.1010 0.5954 0.1785
1.0990 1.0716 0.1948
1.0965 1.2322 0.2515
1.1018 0.5627 0.1980
1.1036 -1.0904 0.1519
1.1096 0.1214 0.3495
1.1147 0.6251 0.1820
1.1046 -1.1270 0.1634
1.1130 0.8001 0.2270
1.1200 0.8857 0.2262
1.1163 -0.0827 0.2103
1.1159 1.0359 0.2038
1.1197 0.2958 0.3386
1.1237 1.2358 0.2706
1.1247 0.5775 0.2067
1.1295 -1.0577 0.1766
1.1291 1.2085 0.2566
