points 
 2 
 1 
Tumour[19065]CD810NNCodensity
-1.2220 -0.9802 0.3233
-1.2273 -0.8777 0.2459
-1.2317 -0.8295 0.2422
-1.2315 0.5438 0.1937
-1.2311 0.5695 0.1934
-1.1899 1.3027 0.5640
-1.1869 0.5102 0.1759
-1.1919 1.3899 0.6416
-1.1882 -0.3863 0.3207
-1.1889 -0.7664 0.2174
-1.1798 -0.8526 0.2065
-1.1836 -0.4284 0.3310
-1.1853 0.5400 0.1584
-1.1756 0.4232 0.2812
-1.1559 -0.7521 0.1989
-1.1371 0.4857 0.2008
-1.1333 -0.7957 0.1922
-1.1289 -0.1396 0.2306
-1.1223 0.6219 0.1377
-1.1179 0.5908 0.1459
-1.1130 -0.0931 0.2213
-1.1090 0.7448 0.1549
-1.1096 -0.3022 0.2583
-1.0983 0.6685 0.1129
-1.0996 0.6516 0.1170
-1.0954 -0.7294 0.1916
-1.0889 0.7741 0.1649
-1.0752 0.7023 0.1167
-1.0797 0.6416 0.1198
-1.0719 -1.0055 0.2743
-1.0660 -0.0986 0.1770
-1.0362 -0.1972 0.1857
-1.0478 -0.0166 0.2239
-1.0477 0.6686 0.1209
-1.0366 -0.4978 0.2356
-1.0258 -0.1008 0.1592
-1.0146 0.7138 0.1352
-1.0221 -0.5458 0.2121
-1.0231 -0.3376 0.2295
-1.0161 1.3923 0.5137
-1.0143 -0.4896 0.2305
-1.0155 -0.9989 0.2236
-1.0089 0.7991 0.1472
-1.0090 -0.3213 0.2271
-1.0095 -0.6795 0.1452
-1.0040 1.3388 0.4682
-1.0032 -0.6827 0.1406
-1.0029 -0.6766 0.1417
-0.9984 0.9332 0.1811
-0.9895 -0.8459 0.1669
-0.9848 0.7695 0.1502
-0.9822 0.8333 0.1367
-0.9838 0.8862 0.1445
-0.9777 -0.8782 0.1588
-0.9819 -0.1053 0.1642
-0.9738 1.0283 0.2297
-0.9738 0.6815 0.1785
-0.9699 -0.7557 0.1349
-0.9593 -0.2132 0.2014
-0.9586 0.1653 0.2916
-0.9549 -0.8383 0.1369
-0.9541 -0.1509 0.1845
-0.9346 -0.7622 0.1293
-0.9441 0.8503 0.1226
-0.9414 -0.6017 0.1757
-0.9348 -1.0013 0.1755
-0.9276 -0.7171 0.1208
-0.9274 0.0779 0.2288
-0.9194 -0.8599 0.1368
-0.9179 0.5824 0.2878
-0.9156 0.8478 0.1298
-0.9103 -0.9763 0.1564
-0.9125 0.8956 0.1301
-0.9071 -0.0586 0.1948
-0.9034 -0.6704 0.1441
-0.8969 -0.8885 0.1402
-0.8934 -0.7272 0.1274
-0.8958 1.0183 0.1930
-0.8891 -0.3293 0.2346
-0.8854 -0.0635 0.1997
-0.8871 -0.5071 0.2097
-0.8720 -0.9601 0.1548
-0.8759 0.8650 0.1533
-0.8802 0.9007 0.1488
-0.8784 1.0905 0.2755
-0.8717 -0.8596 0.1471
-0.8721 -0.7490 0.1307
-0.8680 -0.5642 0.2004
-0.8644 0.9566 0.1777
-0.8584 0.2200 0.2382
-0.8558 -1.0346 0.1867
-0.8542 -0.3911 0.2304
-0.8506 -0.2428 0.2523
-0.8401 1.0684 0.2681
-0.8427 0.1257 0.2002
-0.8390 -0.7502 0.1393
-0.8292 0.0202 0.1966
-0.8186 -0.6662 0.1666
-0.8187 -1.0546 0.2156
-0.8185 -1.0300 0.1954
-0.8179 0.1137 0.1958
-0.8076 -0.4038 0.2315
-0.8014 -0.0674 0.2105
-0.7943 -0.8703 0.1836
-0.7931 -0.8311 0.1664
-0.7956 0.6298 0.3205
-0.7854 -0.7492 0.1500
-0.7778 -0.5652 0.1761
-0.7801 0.7857 0.2653
-0.7752 0.1931 0.2043
-0.7681 0.3275 0.2527
-0.7484 -0.7985 0.1739
-0.7612 0.0733 0.2057
-0.7591 -0.4528 0.2251
-0.7511 -0.1510 0.2638
-0.7430 -0.5689 0.1629
-0.7318 -0.0468 0.2232
-0.7363 0.7494 0.3248
-0.7255 -1.0548 0.2974
-0.7300 -0.6975 0.1466
-0.7289 -0.6025 0.1450
-0.7153 0.2781 0.1930
-0.7013 -0.6749 0.1382
-0.6992 -0.6411 0.1321
-0.7008 0.4454 0.2587
-0.6950 -0.3246 0.2802
-0.6845 0.5421 0.3247
-0.6750 -0.0649 0.2345
-0.6785 -0.7535 0.1894
-0.6777 0.1691 0.1745
-0.6528 1.1996 0.2579
-0.6445 -0.6138 0.1427
-0.6443 0.3039 0.1571
-0.6473 1.2314 0.2233
-0.6366 -0.6813 0.1519
-0.6400 -0.5866 0.1549
-0.6331 1.3977 0.2367
-0.6273 0.1822 0.1331
-0.6265 0.0711 0.1758
-0.6048 1.2783 0.1618
-0.6081 0.2800 0.1308
-0.5938 -0.4772 0.2129
-0.6020 0.1809 0.1201
-0.6001 0.3670 0.1567
-0.5960 0.2499 0.1284
-0.5904 0.1218 0.1298
-0.5861 -0.9083 0.2935
-0.5887 0.4279 0.1961
-0.5861 1.2349 0.1881
-0.5750 -0.6464 0.1645
-0.5791 0.2749 0.1302
-0.5677 0.3587 0.1415
-0.5734 1.2934 0.1478
-0.5684 1.3282 0.1473
-0.5665 0.1185 0.1322
-0.5607 -0.6231 0.1633
-0.5576 -0.2700 0.2155
-0.5516 -0.4701 0.1920
-0.5497 0.1561 0.1335
-0.5498 0.0992 0.1468
-0.5471 -0.0863 0.2020
-0.5424 -0.0116 0.1939
-0.5405 -0.3240 0.2119
-0.5383 0.1989 0.1383
-0.5265 1.4016 0.1871
-0.5281 -0.5207 0.1718
-0.5218 -0.1449 0.1905
-0.5232 -0.8598 0.2241
-0.5178 0.2760 0.1639
-0.5202 -0.2504 0.1788
-0.5083 -0.4412 0.1925
-0.5099 1.3197 0.1574
-0.5118 0.0045 0.1967
-0.5033 0.4079 0.1877
-0.4938 -0.6678 0.1371
-0.4907 0.3955 0.1851
-0.4855 1.3395 0.1733
-0.4734 -0.6948 0.1268
-0.4734 -0.1786 0.1616
-0.4697 0.3360 0.1870
-0.4770 1.3830 0.1956
-0.4716 -0.8748 0.1862
-0.4633 -0.5634 0.1724
-0.4555 1.4076 0.2393
-0.4388 -0.0552 0.1816
-0.4453 -0.7054 0.1175
-0.4503 -0.2828 0.1410
-0.4382 -0.7643 0.1414
-0.4394 -0.5447 0.1836
-0.4348 -0.6583 0.1232
-0.4348 -0.4389 0.1990
-0.4272 -0.9978 0.2339
-0.4234 -0.7194 0.1151
-0.4290 -0.1382 0.1573
-0.4258 -0.8825 0.1636
-0.4163 -0.6417 0.1354
-0.4168 -0.7520 0.1313
-0.4034 -0.0922 0.1749
-0.3990 -0.3650 0.1656
-0.3953 -0.2634 0.0919
-0.3870 -0.2969 0.1061
-0.3904 -0.2373 0.0878
-0.3833 0.3616 0.2772
-0.3696 -0.2761 0.0882
-0.3789 -0.2231 0.0882
-0.3742 -0.2204 0.0878
-0.3680 -0.8564 0.1494
-0.3647 -0.8175 0.1485
-0.3609 -0.2335 0.0784
-0.3609 -0.6378 0.1701
-0.3561 -0.9744 0.1750
-0.3437 -0.0285 0.1890
-0.3395 -0.9168 0.1442
-0.3418 -0.7392 0.1607
-0.3202 -0.2467 0.0855
-0.3385 0.2541 0.3217
-0.3354 -0.4052 0.1946
-0.3264 -0.1160 0.1670
-0.3224 -0.8470 0.1551
-0.3146 -0.2057 0.1036
-0.3098 -0.2920 0.1126
-0.3042 -0.9405 0.1510
-0.3011 -0.3739 0.1676
-0.2960 -0.2588 0.0981
-0.2904 -0.1553 0.1541
-0.2871 -0.0091 0.2061
-0.2933 0.0099 0.2097
-0.2820 -0.9519 0.1574
-0.2861 -0.7062 0.1971
-0.2847 -0.2213 0.1062
-0.2673 -0.2745 0.1122
-0.2681 0.0490 0.2345
-0.2605 -0.5999 0.2545
-0.2561 -0.9832 0.1868
-0.2477 -0.8079 0.1811
-0.2446 -0.6205 0.2539
-0.2356 -0.3357 0.1512
-0.2245 -0.2375 0.1391
-0.2055 -0.8956 0.1479
-0.1998 -0.8588 0.1551
-0.2021 -0.2783 0.1414
-0.1934 0.1274 0.2126
-0.1845 -0.3978 0.2036
-0.1649 0.1185 0.1983
-0.1633 -0.9091 0.1614
-0.1432 0.1821 0.1699
-0.1408 -0.3114 0.1569
-0.1369 -0.2798 0.1660
-0.1414 0.4473 0.3668
-0.1370 -0.8473 0.1707
-0.1400 -0.8442 0.1705
-0.1185 -0.9638 0.2056
-0.1142 0.2087 0.1509
-0.1075 -0.7768 0.2162
-0.1038 -0.3596 0.1757
-0.1011 -1.0289 0.2650
-0.1036 1.0189 0.5019
-0.0971 -0.3094 0.1720
-0.0965 0.2033 0.1382
-0.0853 0.7588 0.3136
-0.0807 -0.6338 0.3164
-0.0391 -1.0571 0.3182
-0.0426 0.1883 0.1202
-0.0432 0.2185 0.1253
-0.0375 -0.1086 0.3554
-0.0352 0.0706 0.1957
-0.0270 0.6384 0.2938
-0.0243 0.4115 0.2395
-0.0159 0.2036 0.1193
-0.0145 0.1032 0.1573
-0.0138 -0.7948 0.2725
-0.0079 -0.3210 0.2184
-0.0022 0.3969 0.2167
-0.0049 0.2254 0.1312
0.0014 0.8861 0.2807
0.0080 -0.3942 0.2122
0.0116 0.1762 0.1264
0.0155 0.8133 0.2287
0.0204 0.6082 0.2632
0.0322 -0.3688 0.2217
0.0298 0.0997 0.1569
0.0357 -0.7223 0.3020
0.0331 -0.4184 0.2154
0.0436 0.2966 0.1810
0.0558 0.8135 0.2133
0.0700 0.2184 0.1746
0.0847 0.1274 0.1748
0.0811 0.7224 0.2143
0.0952 0.0542 0.2095
0.0882 -0.5550 0.2112
0.0916 0.3647 0.1603
0.1112 0.4925 0.1615
0.1127 -0.9597 0.3012
0.1168 0.3880 0.1477
0.1307 -0.9723 0.3015
0.1378 0.8065 0.1845
0.1394 0.0459 0.2299
0.1375 -0.5202 0.1735
0.1390 0.8524 0.2014
0.1425 0.3909 0.1425
0.1482 0.4628 0.1409
0.1492 0.5000 0.1411
0.1545 -0.4621 0.2059
0.1560 -0.5168 0.1670
0.1565 0.3417 0.1432
0.1562 0.7457 0.1928
0.1674 0.5122 0.1397
0.1708 0.5990 0.1858
0.1880 -1.0613 0.3406
0.1976 0.5718 0.1610
0.1930 -0.5922 0.1478
0.2011 0.2815 0.1387
0.1958 1.2951 0.7696
0.2050 0.3606 0.1472
0.2022 -0.6215 0.1615
0.2014 0.5271 0.1405
0.2093 0.0393 0.2239
0.2082 0.2442 0.1441
0.2260 -0.5809 0.1465
0.2232 -0.6617 0.1929
0.2246 -0.5626 0.1443
0.2320 0.2158 0.1530
0.2371 0.3247 0.1442
0.2469 0.6988 0.2174
0.2457 0.9618 0.3441
0.2518 -1.0523 0.3210
0.2550 0.2196 0.1510
0.2534 0.2791 0.1381
0.2676 -1.0050 0.2826
0.2680 -0.0943 0.2638
0.2613 0.8103 0.2050
0.2664 0.8086 0.2082
0.2657 0.8147 0.2096
0.2755 0.5281 0.1502
0.2840 0.0861 0.2193
0.2829 0.4235 0.1722
0.2906 -0.7184 0.2092
0.3001 0.1675 0.2019
0.3044 -0.0941 0.2427
0.3083 -0.5560 0.1727
0.3142 0.5455 0.1504
0.3175 -0.4877 0.2016
0.3148 0.2547 0.1855
0.3182 -0.0011 0.2040
0.3199 0.4508 0.1482
0.3191 0.4887 0.1351
0.3271 -0.8597 0.2114
0.3324 -0.8050 0.1876
0.3483 -0.5030 0.1947
0.3482 -0.0326 0.2055
0.3525 0.6648 0.2186
0.3582 -0.6574 0.2206
0.3591 0.5023 0.1292
0.3677 -0.3833 0.2757
0.3653 -0.8117 0.1814
0.3838 0.4782 0.1396
0.3858 0.5960 0.1732
0.3876 -0.7664 0.1896
0.3907 0.3788 0.2195
0.4091 0.6552 0.1984
0.4115 0.0220 0.2362
0.4119 -0.5554 0.1854
0.4161 0.5423 0.1652
0.4158 -0.8885 0.2209
0.4199 -0.8538 0.2118
0.4308 0.4680 0.1835
0.4399 -0.5382 0.1788
0.4459 -0.7858 0.2223
0.4451 -0.0047 0.2472
0.4786 -0.1086 0.2421
0.4874 -0.1912 0.2631
0.4979 -0.2421 0.2492
0.4947 0.7114 0.2093
0.4945 0.7521 0.2373
0.4994 -0.1309 0.2545
0.5007 0.7691 0.2580
0.5040 -0.5144 0.1865
0.5096 -0.3430 0.2234
0.5092 -0.4404 0.2064
0.5254 -1.0299 0.2621
0.5272 0.5750 0.2219
0.5314 -0.6103 0.2345
0.5398 -1.0255 0.2578
0.5455 -0.5712 0.2144
0.5462 0.6355 0.2087
0.5547 -1.0569 0.2764
0.5565 -0.5454 0.2079
0.5599 -1.0308 0.2570
0.5613 0.6620 0.2196
0.5711 -0.4045 0.1947
0.5791 0.2766 0.4077
0.5868 -1.0518 0.2715
0.6351 -0.3335 0.1666
0.6479 -0.3690 0.1609
0.6614 0.3880 0.2717
0.6625 -0.3431 0.1571
0.6673 0.5249 0.2104
0.6626 -0.2884 0.1919
0.6916 0.5463 0.2019
0.6915 -0.3453 0.1595
0.6949 -0.1395 0.3471
0.7179 -0.6915 0.1393
0.7315 -0.7193 0.1286
0.7278 -0.5791 0.1643
0.7335 0.5207 0.1684
0.7371 -0.3860 0.1640
0.7441 -0.4850 0.1698
0.7429 -0.6742 0.1190
0.7540 1.3973 0.1999
0.7496 -0.6738 0.1155
0.7562 -0.5444 0.1619
0.7580 0.3859 0.2208
0.7711 0.4643 0.1693
0.7719 -0.5201 0.1595
0.7765 -0.9766 0.2225
0.7753 -0.6725 0.1145
0.7702 0.7376 0.2412
0.7739 -0.8760 0.2049
0.7826 0.5752 0.1506
0.7823 -0.8485 0.1887
0.7850 -0.7274 0.0982
0.7903 -0.3494 0.1948
0.7832 0.7547 0.2527
0.7904 1.3902 0.1519
0.7919 0.6103 0.1545
0.7972 -0.9917 0.2047
0.7955 0.4459 0.1773
0.8045 -0.4983 0.1542
0.8105 -0.4015 0.1679
0.8093 -0.7479 0.1071
0.8233 1.3670 0.1204
0.8216 1.4256 0.1619
0.8321 -0.5476 0.1714
0.8153 -0.7475 0.1085
0.8359 -0.7338 0.1168
0.8369 0.6138 0.1471
0.8372 0.6828 0.1856
0.8380 1.3150 0.1240
0.8369 -0.7715 0.1394
0.8429 1.3412 0.1150
0.8552 -1.0403 0.1804
0.8567 0.5802 0.1410
0.8567 1.2992 0.1247
0.8622 -0.6954 0.1362
0.8680 0.5440 0.1479
0.8660 1.2243 0.1764
0.8711 0.2808 0.1864
0.8702 -0.9570 0.1709
0.8881 -0.6223 0.2004
0.8758 -0.3858 0.1890
0.8741 0.3993 0.1810
0.8771 0.4975 0.1662
0.8810 0.6291 0.1728
0.8766 1.4299 0.1718
0.8835 0.8323 0.3342
0.8858 1.1509 0.1957
0.8916 -0.4607 0.1678
0.8981 0.2518 0.1819
0.9061 1.2655 0.1396
0.9031 1.3262 0.1226
0.9060 1.3651 0.1347
0.9117 -0.6634 0.1936
0.9198 -1.0513 0.1592
0.9174 0.3373 0.1582
0.9149 0.9492 0.3388
0.9174 0.5033 0.1929
0.9223 -0.9989 0.1371
0.9273 -0.4226 0.1965
0.9273 -1.0267 0.1406
0.9300 -0.4530 0.1905
0.9395 0.3571 0.1638
0.9456 1.3027 0.1364
0.9488 0.2818 0.1445
0.9514 0.2900 0.1433
0.9605 1.0956 0.1741
0.9659 -0.8830 0.1339
0.9706 0.1993 0.2016
0.9752 1.0984 0.1693
0.9871 -1.0522 0.1695
0.9897 -1.0145 0.1439
0.9800 1.1321 0.1417
0.9847 -0.8747 0.1192
0.9845 1.1616 0.1338
0.9901 -0.9742 0.1329
0.9981 -0.8283 0.1285
0.9963 -0.4635 0.2605
0.9971 0.0775 0.3103
0.9979 -0.8980 0.1187
1.0035 1.3296 0.1455
1.0012 1.2256 0.1410
1.0169 0.4037 0.2408
1.0092 1.2557 0.1348
1.0186 -0.8498 0.1110
1.0229 1.1267 0.1578
1.0237 -0.0272 0.3665
1.0282 -0.9386 0.1299
1.0329 1.2549 0.1319
1.0354 -0.7952 0.1479
1.0327 0.2762 0.2031
1.0405 0.1846 0.2404
1.0486 -0.1332 0.4420
1.0463 1.3390 0.1372
1.0520 -0.6555 0.2685
1.0527 -0.8896 0.1291
1.0722 1.1774 0.1653
1.0730 -0.7920 0.1669
1.0805 -0.8093 0.1632
1.0818 1.3148 0.1187
1.0878 -0.9757 0.1629
1.0911 0.6786 0.4373
1.0935 1.3955 0.1330
1.1123 1.3052 0.1126
1.1107 1.4163 0.1359
1.1298 1.3267 0.1097
1.1282 1.2433 0.1419
1.1265 -0.9661 0.1922
1.1330 1.4291 0.1365
1.1415 1.2628 0.1276
1.1464 -1.0594 0.2571
1.1549 -1.0192 0.2365
1.1657 1.3508 0.1130
1.1728 -0.5954 0.3354
1.1760 -0.5523 0.3525
1.1730 1.4299 0.1227
1.1880 1.3345 0.1085
1.2010 1.2981 0.1084
1.2027 1.4153 0.1186
1.2026 0.2158 0.3026
1.2141 -0.0331 0.3490
1.2119 0.2338 0.3200
1.2224 1.2745 0.1218
1.2246 0.0634 0.2919
1.2240 1.3778 0.1146
1.2382 -0.5485 0.4227
1.2429 1.3989 0.1324
1.2474 1.3036 0.1285
1.2482 1.4260 0.1562
1.2580 0.1169 0.3139
1.2578 1.2757 0.1464
1.2616 0.0339 0.3325
1.2617 1.2162 0.2047
