points 
 2 
 1 
Tumour[19065]FoxP310NNCodensity
-1.2867 -0.5385 0.7023
-1.1723 -0.4921 0.5599
-1.0841 -0.6598 0.4934
-1.0799 1.0420 0.5751
-1.0356 0.8562 0.3917
-1.0382 0.9226 0.4374
-1.0367 0.5230 0.2560
-1.0313 0.5422 0.2432
-1.0301 0.5011 0.2734
-1.0135 0.6199 0.2410
-0.9987 0.6855 0.2807
-0.9969 0.5789 0.2327
-0.9907 1.0190 0.5144
-0.9851 -0.2753 0.4977
-0.9831 0.6159 0.2438
-0.9739 0.4976 0.2767
-0.9421 0.0246 0.4553
-0.9370 0.2934 0.4143
-0.9261 -0.4169 0.4267
-0.9070 -0.1837 0.4731
-0.8731 -0.6435 0.3414
-0.8653 0.1118 0.3484
-0.8481 -0.8493 0.2545
-0.7916 -0.3443 0.4532
-0.7857 -0.6238 0.3286
-0.7779 -0.9066 0.1988
-0.7695 -1.0793 0.1383
-0.7664 -1.1336 0.1378
-0.7662 -0.8006 0.1814
-0.7657 -1.1573 0.1593
-0.7630 -0.7044 0.2398
-0.7588 0.1462 0.2327
-0.7371 -1.1048 0.0998
-0.7351 -0.7664 0.1923
-0.7309 -1.0800 0.1033
-0.7294 0.1209 0.2126
-0.7239 -0.9279 0.1802
-0.7163 -1.0988 0.0929
-0.7045 -1.1201 0.1018
-0.7036 -0.8400 0.1612
-0.6979 -0.8695 0.1636
-0.6969 0.8439 0.4518
-0.6914 -0.9196 0.1746
-0.6897 -1.0606 0.1182
-0.6733 1.0647 0.5979
-0.6654 0.1886 0.1384
-0.6508 0.3157 0.2127
-0.6578 -0.3404 0.4538
-0.6579 -1.0963 0.1171
-0.6549 0.2907 0.1877
-0.6525 0.1546 0.1296
-0.6468 -0.7861 0.2238
-0.6396 -1.0605 0.1306
-0.6355 0.6573 0.3812
-0.6193 -0.9537 0.2040
-0.6204 0.1905 0.1075
-0.6157 -1.1169 0.1514
-0.6165 0.6614 0.3690
-0.5950 0.1745 0.0909
-0.5936 0.6450 0.3613
-0.5909 0.3318 0.2245
-0.5890 0.2161 0.1172
-0.5865 0.1990 0.1011
-0.5864 -1.0175 0.1923
-0.5764 -1.1101 0.1829
-0.5770 0.1254 0.1075
-0.5694 0.6111 0.3685
-0.5663 0.1427 0.0963
-0.5506 0.1256 0.1049
-0.5472 -0.1488 0.4332
-0.5274 0.1277 0.1136
-0.5259 0.1912 0.1278
-0.5019 0.0790 0.1743
-0.4957 -0.8493 0.3570
-0.4862 -1.1224 0.3050
-0.4738 0.1340 0.1609
-0.4739 0.4330 0.3802
-0.4248 -0.3545 0.3271
-0.4210 0.9184 0.4465
-0.4172 -0.6058 0.3832
-0.4062 0.8966 0.4387
-0.3843 -0.6133 0.3987
-0.3831 -0.3696 0.3163
-0.3788 -0.5308 0.3677
-0.3733 0.1133 0.1981
-0.3587 -0.3885 0.3210
-0.3491 0.8227 0.4320
-0.3474 0.0783 0.1980
-0.3308 -0.4212 0.3404
-0.3300 0.2707 0.3177
-0.3276 -0.1491 0.3265
-0.3075 0.1868 0.2461
-0.2846 0.1019 0.1979
-0.2751 0.0816 0.1963
-0.2658 -0.0382 0.2331
-0.2540 -0.0685 0.2609
-0.2549 0.0631 0.2096
-0.2307 -0.0809 0.2895
-0.2238 -1.0420 0.3973
-0.1938 -1.0122 0.3921
-0.1872 -0.9507 0.4123
-0.1586 -0.9714 0.4083
-0.1403 1.0696 0.5094
-0.1098 0.9068 0.3599
-0.0792 0.8548 0.3405
-0.0701 0.8373 0.3390
-0.0233 -1.0542 0.3928
-0.0222 0.7379 0.3317
-0.0016 -0.4532 0.3099
0.0080 -1.0664 0.3976
0.0181 -0.4233 0.2704
0.0229 -0.3690 0.2391
0.0278 -0.3365 0.2330
0.0300 0.5958 0.2405
0.0532 1.0002 0.4831
0.0560 0.5770 0.2045
0.0957 0.4909 0.1505
0.0964 0.4296 0.2037
0.1155 0.1456 0.5100
0.1199 -0.1902 0.2359
0.1236 0.5094 0.1230
0.1199 -0.3036 0.2056
0.1210 0.7612 0.3475
0.1310 -0.2363 0.2119
0.1358 -1.1731 0.5340
0.1415 -0.4494 0.2599
0.1462 -0.1811 0.2422
0.1493 0.4956 0.1130
0.1578 -0.1593 0.2687
0.1684 -0.2365 0.2274
0.1685 0.5516 0.1149
0.1857 0.5558 0.1121
0.1942 0.4740 0.1143
0.1994 -0.6746 0.3341
0.2047 0.4840 0.1046
0.2042 0.5432 0.1018
0.2064 -0.6407 0.3222
0.2058 -0.4570 0.2975
0.2124 0.5646 0.1212
0.2266 -0.8181 0.3802
0.2409 -0.5542 0.3401
0.2431 -0.7891 0.3774
0.2510 0.4600 0.1069
0.2521 -0.8277 0.3907
0.2631 0.4101 0.1231
0.2671 -0.0267 0.4739
0.2613 0.5156 0.1075
0.2707 0.4975 0.1100
0.2719 0.3929 0.1368
0.2847 0.4714 0.1136
0.2957 -1.0360 0.5389
0.3121 0.4036 0.1303
0.3133 0.5657 0.1720
0.3167 0.3897 0.1437
0.3412 0.5406 0.1739
0.3659 1.0336 0.7345
0.3752 0.4349 0.1599
0.4015 0.4027 0.1940
0.4421 0.4951 0.2077
0.4810 0.5059 0.2076
0.5390 0.6656 0.2356
0.5614 0.5003 0.1598
0.5649 0.6293 0.1823
0.5975 0.5082 0.1354
0.5959 0.6078 0.1525
0.6039 0.4362 0.1552
0.6428 0.5174 0.1152
0.6533 0.4916 0.1075
0.6603 0.5684 0.1313
0.6617 0.6573 0.1726
0.6687 0.5977 0.1422
0.6691 0.4018 0.1618
0.6671 0.4815 0.1080
0.6682 -0.3645 0.7550
0.7004 0.4191 0.1483
0.7019 0.4878 0.1276
0.7139 0.6327 0.1777
0.7176 0.4601 0.1432
0.7212 -0.5968 0.6679
0.7417 0.6699 0.2056
0.7574 -0.8963 0.4865
0.7564 0.7581 0.2829
0.7818 0.2110 0.2726
0.7881 0.3491 0.1878
0.8067 0.2409 0.2271
0.8084 0.2566 0.2118
0.8113 0.2892 0.1933
0.8229 0.4059 0.1841
0.8276 -1.0708 0.4238
0.8321 1.1972 0.8398
0.8486 0.6015 0.2118
0.8615 0.7334 0.2766
0.8794 0.4820 0.1445
0.8970 0.4721 0.1293
0.9096 0.4221 0.1311
0.9132 0.5842 0.1832
0.9210 0.3843 0.1470
0.9180 0.5326 0.1374
0.9275 -0.2245 0.6990
0.9398 0.8407 0.4008
0.9502 0.5005 0.1244
0.9599 -0.9442 0.2735
0.9578 0.3247 0.2041
0.9689 0.5722 0.1851
0.9800 0.4237 0.1218
0.9846 0.4437 0.1226
0.9851 0.4721 0.1302
0.9886 -0.7792 0.3594
0.9865 -1.1992 0.4044
1.0090 0.3916 0.1435
1.0127 0.8614 0.4769
1.0392 0.1573 0.3600
1.0449 -0.9981 0.2421
1.0457 -1.0249 0.2488
1.0533 0.1393 0.3869
1.0588 -0.9844 0.2420
1.0589 0.4069 0.1773
1.0638 -1.2285 0.4369
1.0708 -0.8230 0.3134
1.0863 -0.3062 0.7803
1.0946 0.3860 0.2186
1.1052 -0.8455 0.3111
1.1100 -0.8677 0.3012
1.1265 -1.1289 0.3549
1.1749 0.3201 0.3381
