points 
 2 
 1 
Tumour[19065]CD810NNCodensity
-1.1062 -1.0415 0.6441
-1.1069 0.1610 0.1581
-1.0997 0.2246 0.1342
-1.1045 0.3477 0.1475
-1.1037 0.3770 0.1479
-1.1086 0.4269 0.1424
-1.1074 0.4797 0.1338
-1.1057 0.5268 0.1332
-1.0950 0.6029 0.1437
-1.1065 0.7741 0.1367
-1.1052 0.8228 0.1234
-1.1041 0.8700 0.1293
-1.1005 0.9396 0.1217
-1.1035 0.9594 0.1169
-1.1007 1.0013 0.1044
-1.1088 1.0337 0.1121
-1.1053 1.0861 0.1322
-1.0995 0.1219 0.1773
-1.0914 0.6723 0.1515
-1.0810 0.8022 0.1073
-1.0889 0.1748 0.1358
-1.0814 0.2563 0.1261
-1.0884 0.5073 0.1186
-1.0838 0.5539 0.1236
-1.0738 0.9665 0.1018
-1.0810 0.0102 0.2651
-1.0677 1.0200 0.0916
-1.0607 1.0928 0.1042
-1.0572 0.3854 0.1309
-1.0617 0.8366 0.1003
-1.0646 0.6329 0.1305
-1.0652 0.7306 0.1302
-1.0469 0.8948 0.1114
-1.0591 0.2108 0.1185
-1.0521 0.2770 0.1187
-1.0622 1.0571 0.0857
-1.0461 0.7876 0.1008
-1.0312 0.4364 0.1360
-1.0203 0.9764 0.1047
-1.0343 0.5394 0.1164
-1.0336 1.0847 0.0912
-1.0363 -1.0941 0.6107
-1.0392 0.0034 0.2599
-1.0108 1.0634 0.0823
-1.0364 0.3285 0.1234
-1.0092 0.9335 0.1076
-1.0208 0.8641 0.1021
-1.0293 1.0362 0.0838
-1.0242 0.2841 0.1171
-1.0276 0.4747 0.1229
-1.0124 0.8068 0.0973
-1.0165 -1.3517 0.7831
-1.0202 -0.7877 0.6517
-1.0132 0.6148 0.1153
-1.0040 0.2157 0.1239
-1.0122 1.0219 0.0911
-1.0010 0.6519 0.0975
-1.0020 0.7225 0.1076
-0.9962 1.0977 0.1031
-0.9823 0.3490 0.1201
-0.9866 0.7659 0.1042
-0.9881 0.8945 0.1021
-0.9934 0.6884 0.0980
-1.0012 -1.3882 0.8194
-0.9919 0.1502 0.1545
-0.9841 0.8538 0.0997
-0.9886 0.4964 0.1160
-0.9887 0.5332 0.1146
-0.9832 0.7968 0.0963
-0.9641 0.8220 0.0978
-0.9814 1.0138 0.1018
-0.9767 0.6678 0.0836
-0.9772 0.9523 0.1090
-0.9692 1.0725 0.1001
-0.9741 -1.3246 0.7449
-0.9669 0.5773 0.1161
-0.9612 0.1593 0.1553
-0.9262 0.5476 0.1159
-0.9637 -0.9140 0.5720
-0.9657 0.0560 0.2218
-0.9436 0.9275 0.1181
-0.9355 0.9915 0.1217
-0.9525 1.1012 0.1263
-0.9601 0.2876 0.1180
-0.9552 0.2638 0.1216
-0.9540 0.3839 0.1271
-0.9552 0.6766 0.0806
-0.9421 0.7455 0.1056
-0.9341 0.6104 0.1038
-0.9486 0.6496 0.0832
-0.9354 0.8814 0.1139
-0.9407 0.3450 0.1099
-0.9399 0.4834 0.1167
-0.9370 0.2187 0.1302
-0.9220 1.0535 0.1163
-0.9151 0.8224 0.1167
-0.8997 0.3052 0.1177
-0.9132 0.7814 0.1199
-0.8829 1.0859 0.1358
-0.9225 0.4990 0.1080
-0.9237 0.6482 0.0902
-0.9153 0.7130 0.1006
-0.9166 0.6733 0.0892
-0.9056 0.3644 0.1106
-0.9079 0.3978 0.1168
-0.8700 0.6320 0.1123
-0.9027 0.2076 0.1371
-0.8933 0.4812 0.1077
-0.8874 0.8880 0.1299
-0.8673 0.9859 0.1343
-0.8735 0.5501 0.1250
-0.8887 0.7118 0.1073
-0.8808 -0.6655 0.6130
-0.8578 0.4444 0.1120
-0.8658 0.3605 0.1121
-0.8350 0.4124 0.1160
-0.8698 1.0288 0.1214
-0.8459 -0.0386 0.2207
-0.8602 0.4794 0.1068
-0.8589 0.1099 0.1703
-0.8484 0.8600 0.1249
-0.8554 0.2573 0.1263
-0.8545 0.2931 0.1265
-0.8321 0.4991 0.1150
-0.8381 0.7187 0.1236
-0.8182 0.7804 0.1222
-0.8362 0.8186 0.1229
-0.8189 0.9315 0.1407
-0.7949 1.0065 0.1178
-0.8404 0.6200 0.1142
-0.8292 0.6851 0.1143
-0.7966 0.5247 0.1169
-0.8380 1.0482 0.1134
-0.8200 0.1785 0.1189
-0.8215 0.2109 0.1152
-0.8017 0.3748 0.1234
-0.8047 0.3389 0.1152
-0.8143 0.8780 0.1315
-0.8099 0.6158 0.1018
-0.8043 1.0546 0.1088
-0.7973 1.0964 0.1365
-0.7896 0.4491 0.1304
-0.7834 0.5907 0.0992
-0.7852 0.2008 0.1062
-0.7791 0.8384 0.1230
-0.7984 -0.0050 0.1563
-0.7887 0.0827 0.1308
-0.7881 0.6382 0.0955
-0.7897 0.1247 0.1213
-0.7832 0.3058 0.1029
-0.7802 0.7634 0.1055
-0.7785 0.2325 0.1024
-0.7640 0.6876 0.1049
-0.7766 1.0658 0.1148
-0.7677 0.9549 0.1360
-0.7605 -0.0082 0.1404
-0.7561 0.3263 0.1073
-0.7648 0.5525 0.1013
-0.7551 0.6257 0.0962
-0.7418 0.0423 0.1154
-0.7552 0.0773 0.1168
-0.7531 0.2403 0.1026
-0.7326 0.4262 0.1479
-0.7540 0.6545 0.1003
-0.7562 0.7259 0.1042
-0.7464 1.0850 0.1283
-0.7588 0.2764 0.0985
-0.7220 0.9495 0.1284
-0.7515 0.7585 0.1026
-0.7412 0.5201 0.1073
-0.7408 0.1440 0.1215
-0.7405 0.1751 0.1167
-0.7375 0.8101 0.1109
-0.7316 0.2959 0.1000
-0.7131 0.8760 0.1311
-0.7275 1.0342 0.1168
-0.7015 0.6788 0.1070
-0.7182 0.5624 0.0944
-0.7020 0.7753 0.1053
-0.7127 1.0045 0.1217
-0.7108 0.7472 0.0998
-0.7186 0.5336 0.0982
-0.7170 0.6086 0.1044
-0.7122 0.0101 0.1243
-0.7102 0.3295 0.1113
-0.7007 -0.0503 0.1671
-0.6607 1.0854 0.1228
-0.6953 0.2643 0.1112
-0.6722 0.3938 0.1159
-0.6933 0.5313 0.1016
-0.6764 1.0354 0.1184
-0.6770 0.2141 0.1185
-0.6705 0.5140 0.1154
-0.6837 0.0956 0.1252
-0.6703 0.3615 0.1134
-0.6806 0.7123 0.1090
-0.6674 0.9058 0.1217
-0.6776 0.0477 0.1271
-0.6825 0.8452 0.1206
-0.6723 0.9466 0.1237
-0.6692 0.1670 0.1226
-0.6636 0.3253 0.1057
-0.6637 0.4646 0.1210
-0.6678 0.0770 0.1275
-0.6525 0.2480 0.1155
-0.6677 0.5933 0.1009
-0.6654 0.8009 0.1186
-0.6603 0.6329 0.1017
-0.6448 0.7188 0.1146
-0.6579 -0.5845 0.4992
-0.6311 0.4075 0.1032
-0.6281 0.8148 0.1225
-0.6270 0.1676 0.1182
-0.6406 0.6906 0.1108
-0.6225 0.9684 0.1277
-0.6429 -0.6858 0.5259
-0.6391 -0.0499 0.1666
-0.6363 1.0608 0.1074
-0.6354 0.5785 0.1043
-0.6125 0.8739 0.1087
-0.6263 -0.1698 0.2032
-0.6239 0.4644 0.1150
-0.5852 0.7261 0.1386
-0.6190 0.2916 0.1032
-0.6089 0.3216 0.0945
-0.6198 0.6309 0.1010
-0.6192 0.6002 0.1023
-0.6165 0.9150 0.1136
-0.6013 0.1927 0.1072
-0.6155 1.1027 0.1269
-0.6066 0.4279 0.1018
-0.6140 1.0468 0.1046
-0.6081 0.0324 0.1542
-0.5863 1.0710 0.1052
-0.6014 -0.0755 0.1523
-0.6044 0.2295 0.1140
-0.5994 0.3557 0.0924
-0.5975 0.6570 0.1136
-0.6001 -0.1818 0.1926
-0.5839 0.6003 0.1128
-0.5857 0.3342 0.0905
-0.5788 0.3764 0.0954
-0.5655 0.4120 0.0976
-0.5623 0.9191 0.1109
-0.5827 0.8089 0.1145
-0.5691 0.9702 0.1245
-0.5800 0.1493 0.1127
-0.5778 0.3036 0.1008
-0.5576 1.0461 0.1104
-0.5764 -0.3197 0.2572
-0.5798 0.8392 0.1036
-0.5735 1.1014 0.1230
-0.5712 -0.1478 0.1686
-0.5713 0.0663 0.1539
-0.5213 0.6579 0.1403
-0.5674 0.4667 0.1059
-0.5638 0.5628 0.1266
-0.5641 0.1996 0.1048
-0.5584 0.8764 0.0969
-0.5391 0.3026 0.1099
-0.5485 0.4959 0.1085
-0.5244 0.8017 0.1169
-0.5284 0.3670 0.0960
-0.5324 1.0028 0.1271
-0.5356 0.8527 0.0963
-0.5230 0.9089 0.1171
-0.5271 0.1852 0.0963
-0.5278 -0.1093 0.1509
-0.5289 -0.0087 0.1479
-0.5313 0.1370 0.1032
-0.5382 0.4672 0.1012
-0.5194 0.4349 0.0998
-0.5204 -0.7416 0.5111
-0.5239 1.0967 0.1341
-0.5192 -0.3004 0.1986
-0.5176 -0.0447 0.1379
-0.5170 0.5371 0.1078
-0.5135 0.2243 0.1143
-0.5164 0.7490 0.1387
-0.5121 0.1169 0.1213
-0.4904 0.9900 0.1293
-0.5033 0.1559 0.0967
-0.4843 0.8772 0.1188
-0.4906 0.5032 0.1031
-0.5059 0.3803 0.0962
-0.5024 0.8482 0.1070
-0.5041 0.3309 0.1028
-0.4834 1.0501 0.1161
-0.4960 -0.0594 0.1439
-0.4926 0.6195 0.1312
-0.4864 0.1977 0.0992
-0.4845 0.3007 0.1044
-0.4849 0.4332 0.1055
-0.4911 0.7380 0.1422
-0.4858 -0.0307 0.1493
-0.4833 0.3723 0.0983
-0.4785 0.5653 0.1088
-0.4790 0.1291 0.1241
-0.4532 0.8434 0.1323
-0.4678 -0.2678 0.1516
-0.4771 -0.2369 0.1623
-0.4618 0.7072 0.1348
-0.4706 0.5233 0.1051
-0.4606 1.0868 0.1316
-0.4522 0.5426 0.1035
-0.4543 0.2558 0.0929
-0.4403 0.6610 0.1256
-0.4506 0.2973 0.1018
-0.4432 1.0334 0.1134
-0.4449 0.2084 0.1028
-0.4500 0.3966 0.0924
-0.4338 0.9800 0.1383
-0.4330 0.4198 0.0882
-0.4241 -0.0810 0.1745
-0.4282 0.2590 0.0913
-0.4249 0.6134 0.1217
-0.4185 0.1783 0.1296
-0.4230 0.2914 0.1020
-0.4225 0.8817 0.1480
-0.4233 0.2222 0.1028
-0.4014 0.7963 0.1492
-0.4143 1.0981 0.1238
-0.4153 -0.1771 0.1548
-0.4128 1.0385 0.1108
-0.4126 -0.2162 0.1288
-0.4107 0.5207 0.1142
-0.4072 -0.0066 0.1558
-0.4102 0.5457 0.1104
-0.4115 0.4003 0.0861
-0.3994 0.6795 0.1213
-0.4048 0.4003 0.0879
-0.3943 -0.3688 0.2007
-0.3936 -0.3029 0.1373
-0.3909 0.2968 0.1209
-0.3914 0.4293 0.0908
-0.3923 -0.8356 0.4496
-0.3928 0.4514 0.0998
-0.3872 -0.2620 0.1202
-0.3840 0.4009 0.0965
-0.3691 1.0797 0.1106
-0.3805 0.5806 0.1198
-0.3642 0.2691 0.1242
-0.3711 0.6647 0.1104
-0.3495 0.4355 0.0982
-0.3714 -0.2904 0.1269
-0.3711 0.8924 0.1645
-0.3683 1.0176 0.1158
-0.3646 0.0547 0.1175
-0.3625 0.7158 0.1153
-0.3410 -0.2434 0.1138
-0.3461 0.5243 0.1111
-0.3560 0.7782 0.1370
-0.3584 0.9677 0.1408
-0.3599 1.1029 0.1298
-0.3494 0.0024 0.1287
-0.3486 0.0853 0.1085
-0.3221 0.6183 0.1175
-0.3309 0.6541 0.1086
-0.3474 -0.1962 0.1186
-0.3419 0.0288 0.1086
-0.3379 0.1062 0.1134
-0.3402 0.1644 0.1415
-0.3279 0.7743 0.1267
-0.3155 0.4848 0.0919
-0.3282 1.0711 0.1293
-0.3299 1.0946 0.1420
-0.3202 0.5485 0.1091
-0.3218 -0.1750 0.1197
-0.3125 0.0640 0.0980
-0.3136 0.7083 0.1051
-0.3010 0.2302 0.1358
-0.3224 1.0000 0.1412
-0.3045 0.4102 0.1144
-0.3023 0.6761 0.0997
-0.3093 0.8120 0.1525
-0.3075 0.1436 0.1322
-0.3094 0.2789 0.1446
-0.3063 0.4630 0.0886
-0.3025 -0.3238 0.1385
-0.2932 -0.2294 0.1074
-0.2933 0.5510 0.1076
-0.2697 -0.0575 0.1496
-0.2866 0.0255 0.1080
-0.2818 0.7284 0.1114
-0.2815 -0.1960 0.0977
-0.2851 0.4629 0.0826
-0.2722 0.6566 0.1007
-0.2901 0.9598 0.1941
-0.2811 0.4820 0.0844
-0.2751 0.0915 0.1154
-0.2731 -1.1391 0.4608
-0.2678 -0.3234 0.1292
-0.2741 0.2763 0.1432
-0.2667 0.4295 0.0939
-0.2678 0.5644 0.1187
-0.2591 -0.1718 0.0982
-0.2593 -0.1351 0.1128
-0.2549 0.0490 0.1087
-0.2494 -0.0055 0.1216
-0.2537 0.4719 0.0846
-0.2552 -0.2265 0.1030
-0.2423 0.2611 0.1304
-0.2474 -0.5350 0.2103
-0.2454 -0.2849 0.1030
-0.2397 0.5358 0.1164
-0.2310 0.6864 0.1030
-0.2378 0.7319 0.1171
-0.2409 -1.2047 0.4868
-0.2165 0.4599 0.0944
-0.2338 0.7773 0.1401
-0.2366 -0.1384 0.1045
-0.2191 -0.2462 0.1036
-0.2218 -0.1059 0.1153
-0.2356 0.1804 0.1442
-0.2240 -0.3318 0.1090
-0.2203 -0.2957 0.1005
-0.2104 -0.2101 0.1014
-0.2187 0.6241 0.1212
-0.2298 0.6548 0.1068
-0.2278 0.4975 0.1043
-0.2184 0.0413 0.1074
-0.1964 0.4290 0.1066
-0.2212 0.4071 0.1190
-0.2141 0.2575 0.1237
-0.2040 -0.4992 0.1437
-0.2035 0.1004 0.1221
-0.2031 0.6490 0.1175
-0.1963 -0.7475 0.2026
-0.1980 -0.4015 0.1181
-0.1881 -0.1547 0.0996
-0.1922 0.0315 0.1146
-0.1885 0.1255 0.1311
-0.1814 0.8035 0.1820
-0.1862 -0.4277 0.1084
-0.1734 -0.2583 0.1058
-0.1748 -0.1839 0.1062
-0.1849 -0.0015 0.1181
-0.1611 0.2500 0.1088
-0.1660 0.6916 0.1268
-0.1730 -0.7243 0.1652
-0.1713 -0.3372 0.0925
-0.1622 -0.1171 0.1129
-0.1739 0.7585 0.1437
-0.1667 -0.0877 0.1187
-0.1649 -0.0339 0.1151
-0.1693 0.1050 0.1315
-0.1345 0.4109 0.1267
-0.1593 0.3049 0.1081
-0.1665 0.4612 0.1163
-0.1469 -0.5593 0.1372
-0.1549 -0.4494 0.0904
-0.1570 -0.3585 0.0893
-0.1612 -0.3058 0.0962
-0.1526 0.1767 0.1406
-0.1492 -0.9829 0.2836
-0.1486 0.2753 0.0972
-0.1492 0.3308 0.1230
-0.1460 0.4395 0.1201
-0.1497 -0.1844 0.1079
-0.1512 -0.4860 0.1040
-0.1464 -0.3798 0.0884
-0.1312 -0.7550 0.1574
-0.1386 0.6458 0.1493
-0.1418 -0.8873 0.2356
-0.1330 0.2976 0.1039
-0.1286 -0.6526 0.1192
-0.1342 -0.5932 0.1353
-0.1323 -0.4280 0.0822
-0.1227 -0.3068 0.1030
-0.1275 -0.2428 0.1150
-0.1261 -0.0276 0.1107
-0.1205 -0.3324 0.1006
-0.1001 0.4433 0.1486
-0.1171 0.7293 0.1635
-0.1133 -0.4492 0.0817
-0.1007 -0.0612 0.1127
-0.1107 -0.6387 0.1105
-0.1065 -0.4052 0.0869
-0.1044 -0.1465 0.1264
-0.1074 0.2665 0.1064
-0.1059 -0.3693 0.0974
-0.0949 -0.0154 0.1160
-0.1022 -0.4711 0.0840
-0.1037 -0.2495 0.1294
-0.1008 0.0172 0.1292
-0.0859 0.3024 0.1235
-0.0862 -0.7250 0.1327
-0.0862 0.2460 0.1188
-0.0996 1.0201 0.3972
-0.0877 -0.4404 0.0841
-0.0923 0.1202 0.1340
-0.0861 -0.5322 0.1117
-0.0855 -0.6486 0.1021
-0.0849 -0.5009 0.0954
-0.0821 -0.1860 0.1384
-0.0793 -1.0605 0.2749
-0.0833 -0.6818 0.1091
-0.0765 0.6355 0.1908
-0.0663 -0.6645 0.1022
-0.0585 -0.1085 0.1384
-0.0725 0.1631 0.1219
-0.0627 0.4199 0.1691
-0.0624 -0.4124 0.0971
-0.0641 -0.5065 0.1008
-0.0569 -0.0631 0.1247
-0.0554 0.1062 0.1196
-0.0383 0.6722 0.2032
-0.0493 -0.5412 0.1216
-0.0356 0.2322 0.1218
-0.0402 -0.4410 0.1026
-0.0333 0.0028 0.1092
-0.0380 0.1372 0.1133
-0.0411 -0.9077 0.1715
-0.0323 -0.7899 0.1733
-0.0262 -0.6131 0.1116
-0.0292 -0.3848 0.1100
-0.0225 -0.6461 0.1053
-0.0210 0.4196 0.1956
-0.0085 0.1883 0.1205
-0.0155 -0.9106 0.1648
-0.0106 -0.9450 0.1786
-0.0136 0.1607 0.1177
-0.0111 -0.1789 0.1532
-0.0083 0.7047 0.2057
-0.0061 0.8737 0.2900
-0.0071 -0.4698 0.1162
-0.0056 0.0159 0.1014
-0.0095 0.0453 0.0956
0.0082 -0.5775 0.1286
0.0019 -0.3689 0.1154
0.0014 -0.2796 0.1498
-0.0001 0.2549 0.1220
0.0059 -0.6289 0.1121
0.0041 -0.0309 0.1241
0.0093 0.1034 0.1071
0.0105 0.0687 0.0947
0.0261 -0.9418 0.1790
0.0207 -0.7980 0.1614
0.0128 -0.3976 0.1051
0.0284 -0.1152 0.1645
0.0295 -0.7248 0.1352
0.0246 -0.6873 0.1224
0.0216 -0.4906 0.1219
0.0226 0.0360 0.0882
0.0221 0.3037 0.1334
0.0411 -0.6443 0.1199
0.0335 0.2701 0.1134
0.0709 -0.4757 0.1189
0.0356 -0.4072 0.1081
0.0345 -0.2092 0.1463
0.0431 0.0407 0.0925
0.0532 -0.2969 0.1276
0.0576 -0.2438 0.1352
0.0515 -0.3579 0.1200
0.0559 0.0642 0.0972
0.0617 -0.8437 0.1565
0.0575 -0.7066 0.1275
0.0572 0.3049 0.1209
0.0632 -1.1445 0.3121
0.0631 -0.0553 0.1421
0.0603 0.3526 0.1568
0.0649 -1.1209 0.2961
0.0708 -0.5315 0.1297
0.0641 -0.4471 0.1206
0.0627 0.6665 0.1896
0.0677 0.2215 0.1169
0.0769 -0.2204 0.1420
0.0772 -1.3635 0.5334
0.0831 -0.3393 0.1320
0.0897 0.0312 0.1080
0.0812 -0.9072 0.1562
0.0844 0.8123 0.1878
0.0908 -0.6146 0.1402
0.0838 0.1123 0.1303
0.0830 0.1974 0.1203
0.0970 0.2114 0.1181
0.1003 -0.5517 0.1295
0.1038 0.2951 0.1260
0.1216 -0.7740 0.1368
0.1023 -0.0315 0.1287
0.1096 0.0078 0.1193
0.1083 0.1613 0.1221
0.1138 -0.7294 0.1290
0.1192 -0.2901 0.1428
0.1246 0.0247 0.1244
0.1208 0.7916 0.1556
0.1264 -0.8215 0.1357
0.1295 -0.1704 0.1624
0.1290 0.4653 0.2814
0.1312 -0.5086 0.1206
0.1358 -0.4127 0.1476
0.1352 0.3409 0.1766
0.1390 0.6787 0.1421
0.1368 0.7503 0.1285
0.1454 -0.7203 0.1293
0.1449 0.1727 0.1260
0.1394 0.7867 0.1498
0.1410 -0.8999 0.1384
0.1510 0.7058 0.1259
0.1498 -0.6778 0.1206
0.1498 0.2843 0.1552
0.1612 0.6549 0.1486
0.1542 -0.4694 0.1326
0.1742 -0.3308 0.1332
0.1721 -0.6214 0.1055
0.1657 -0.0857 0.1412
0.1678 0.1241 0.1352
0.1844 -0.4816 0.1335
0.1784 -0.8986 0.1235
0.1743 -0.6716 0.1175
0.1719 -0.5687 0.1150
0.1762 -0.5501 0.1178
0.1872 -0.0650 0.1344
0.1734 0.0937 0.1406
0.1786 -0.8564 0.1188
0.1860 -0.1830 0.1490
0.1925 -0.0184 0.1430
0.1792 0.2033 0.1548
0.1838 -1.2646 0.3874
0.1957 -0.7874 0.1325
0.2028 -0.6505 0.1113
0.1912 -0.6075 0.1020
0.2017 -1.0225 0.1627
0.2002 -0.3004 0.1241
0.2014 -0.2370 0.1327
0.1994 0.7656 0.1462
0.2039 -0.9090 0.1218
0.2126 -0.9710 0.1266
0.2186 -0.8214 0.1282
0.2169 -0.1393 0.1388
0.2147 0.7373 0.1361
0.2291 -0.4001 0.1210
0.2317 -0.3675 0.1155
0.2279 -0.2731 0.1245
0.2336 0.6534 0.1298
0.2424 -0.9001 0.1233
0.2392 -0.8033 0.1347
0.2416 -0.4283 0.1209
0.2476 -0.2980 0.1186
0.2462 -0.5662 0.1289
0.2392 0.0832 0.1833
0.2427 0.1090 0.1895
0.2493 -0.6369 0.1311
0.2497 -0.6047 0.1256
0.2539 -0.1098 0.1341
0.2474 -0.0389 0.1546
0.2530 -0.3847 0.1150
0.2545 -0.2230 0.1297
0.2581 0.6371 0.1430
0.2586 0.6749 0.1299
0.2600 -0.9847 0.1146
0.2598 -0.9564 0.1135
0.2661 -0.0623 0.1454
0.2619 -0.7307 0.1372
0.2662 -0.4878 0.1411
0.2666 -1.0406 0.1361
0.2972 -0.7478 0.1355
0.2797 0.6921 0.1493
0.2986 -1.0308 0.1262
0.2907 -1.0941 0.1864
0.2996 -0.7841 0.1353
0.2957 -0.3338 0.1228
0.2902 0.4534 0.3124
0.2939 0.6144 0.1835
0.3006 -0.1945 0.1333
0.3076 -0.9694 0.1123
0.3049 -0.4336 0.1220
0.3133 -0.8886 0.1150
0.3165 -0.1647 0.1189
0.3155 -0.4064 0.1218
0.3204 -0.4915 0.1328
0.3251 -0.3100 0.1283
0.3282 -0.2323 0.1322
0.3262 -0.7211 0.1363
0.3224 -0.5637 0.1444
0.3288 -0.9134 0.1030
0.3357 -0.1021 0.1269
0.3437 -0.9408 0.1065
0.3557 -0.3744 0.1297
0.3446 0.6334 0.2237
0.3481 0.3777 0.3763
0.3491 -0.7084 0.1398
0.3487 -0.8619 0.1203
0.3588 -1.0279 0.1287
0.3612 -0.3195 0.1237
0.3638 -0.1688 0.1043
0.3568 -0.1158 0.1196
0.3638 -0.8900 0.1082
0.3657 -0.5702 0.1292
0.3877 -0.4091 0.1417
0.3755 -0.9187 0.1123
0.3869 -0.9837 0.1241
0.3829 -0.4902 0.1155
0.3812 -0.2813 0.1246
0.3785 -0.1364 0.1093
0.3986 -0.5286 0.0998
0.3932 -1.0441 0.1383
0.3961 -0.8484 0.1284
0.3961 -0.6973 0.1487
0.3967 -0.7776 0.1476
0.3962 -0.4691 0.1267
0.4129 -0.1630 0.1198
0.4089 -0.1216 0.1364
0.4186 -0.2627 0.1250
0.4149 -0.2147 0.1207
0.4259 -0.7166 0.1640
0.4181 -0.5694 0.1082
0.4184 -0.6426 0.1429
0.4225 -0.2898 0.1272
0.4260 -0.5078 0.1070
0.4487 -0.2053 0.1281
0.4362 -1.0414 0.1209
0.4389 -1.0149 0.1233
0.4450 -0.8510 0.1556
0.4508 -0.5775 0.1140
0.4445 -0.5352 0.1033
0.4556 -0.3676 0.1625
0.4573 -1.0856 0.1269
0.4623 -0.8615 0.1612
0.4728 -0.5491 0.1131
0.4766 -0.6486 0.1614
0.4843 -0.3247 0.1547
0.5048 -0.4482 0.1528
0.5095 -1.0938 0.1137
0.5100 -0.9718 0.1535
0.5084 0.5890 0.3805
0.5127 -1.0422 0.0972
0.5153 -1.1152 0.1341
0.5201 -0.4967 0.1214
0.5166 -0.2045 0.1437
0.5151 -0.2550 0.1361
0.5359 -0.2838 0.1556
0.5465 -1.0449 0.1063
0.5245 -1.0267 0.1019
0.5289 -1.0218 0.1063
0.5316 -0.1682 0.1698
0.5421 -1.1200 0.1440
0.5377 -0.5264 0.1157
0.5425 -0.5810 0.1303
0.5494 -0.8541 0.1770
0.5575 -0.4721 0.1370
0.5608 -0.1448 0.2109
0.5652 -0.2877 0.1809
0.5653 -0.8387 0.1682
0.5653 -0.5165 0.1136
0.5810 -0.5853 0.1343
0.5908 -0.8060 0.1540
0.6017 -1.0284 0.1484
0.5900 0.3736 0.4606
0.5969 0.3510 0.4775
0.5968 0.5064 0.4318
0.5988 -0.6374 0.1680
0.6203 -0.4644 0.1582
0.6239 -0.5696 0.1303
0.6355 -0.8089 0.1246
0.6389 -1.0682 0.1661
0.6401 -0.5197 0.1333
0.6665 -0.8128 0.1130
0.6783 -0.5883 0.1337
0.6609 -0.7221 0.1337
0.6683 -0.7490 0.1227
0.6883 -0.6883 0.1263
0.6887 -0.8500 0.1167
0.6850 -0.5142 0.1464
0.6810 -0.2478 0.2437
0.6758 1.0370 0.2247
0.6946 -0.8742 0.1225
0.6946 -1.0554 0.1553
0.7030 -0.7366 0.1179
0.6985 1.0653 0.2123
0.6994 -1.2730 0.2434
0.7118 -1.0150 0.1656
0.7110 -0.2439 0.2606
0.7195 -0.7987 0.1161
0.7255 -0.6679 0.1171
0.7332 -0.8789 0.1063
0.7364 -0.8302 0.1063
0.7285 -0.5219 0.1551
0.7274 -0.6028 0.1256
0.7305 -1.1706 0.1617
0.7321 -0.4294 0.1832
0.7313 1.0377 0.1717
0.7278 1.0405 0.1739
0.7375 1.0817 0.2076
0.7359 -1.0875 0.1397
0.7476 -1.1215 0.1431
0.7468 -0.6404 0.1177
0.7497 0.8737 0.2540
0.7638 0.9685 0.1783
0.7600 1.0072 0.1684
0.7704 -0.7235 0.1223
0.7587 -1.2535 0.1756
0.7669 -1.0557 0.1417
0.7725 -0.9112 0.1130
0.7663 -0.5874 0.1307
0.7830 -0.6766 0.1178
0.7756 -1.1374 0.1406
0.7715 -0.8796 0.0996
0.8051 -0.8159 0.1204
0.7896 -0.4178 0.1579
0.7940 -0.8571 0.1015
0.7871 -0.7605 0.1262
0.8298 -0.7088 0.1313
0.8041 -0.6218 0.1297
0.8129 -0.9802 0.1385
0.8045 0.7533 0.3095
0.8050 -0.8882 0.1001
0.8081 -1.2422 0.1520
0.8148 -0.4080 0.1520
0.8167 -0.3140 0.1764
0.8238 0.7035 0.3635
0.8339 -0.2813 0.1982
0.8347 -1.2129 0.1414
0.8300 -0.5638 0.1680
0.8364 -0.3977 0.1581
0.8376 -1.0002 0.1408
0.8409 -0.9293 0.1101
0.8523 -0.8366 0.1157
0.8374 -0.4389 0.1624
0.8458 -1.2673 0.1778
0.8447 -0.7481 0.1306
0.8519 -1.0753 0.1401
0.8438 -0.9101 0.1086
0.8546 -1.1520 0.1376
0.8527 -0.6600 0.1527
0.8671 -1.1980 0.1484
0.8662 -0.5253 0.2000
0.8782 -0.3478 0.1794
0.8795 0.9168 0.1891
0.8920 0.9406 0.1906
0.9002 -0.7596 0.1368
0.8905 -1.0907 0.1429
0.8940 -0.8814 0.1063
0.8942 -0.8452 0.1107
0.8972 -1.1365 0.1478
0.8971 -0.9647 0.1231
0.9227 -0.7905 0.1205
0.9070 0.2965 0.4118
0.9290 -1.0507 0.1451
0.9169 -0.9445 0.1187
0.9212 -0.2618 0.1961
0.9195 0.8867 0.1989
0.9212 -0.8467 0.1103
0.9384 -1.0773 0.1506
0.9448 -0.8622 0.1200
0.9377 0.3016 0.3869
0.9420 -0.9367 0.1228
0.9407 0.9144 0.1983
0.9482 1.0763 0.2693
0.9554 -1.3528 0.2123
0.9558 -0.6872 0.2124
0.9617 -1.2831 0.1657
0.9684 0.8545 0.2345
0.9699 -0.8120 0.1358
0.9861 -0.2821 0.1514
0.9771 -0.9770 0.1508
0.9915 -1.2508 0.1702
0.9835 -0.7728 0.1617
0.9944 0.8800 0.2261
0.9926 -1.2863 0.1632
1.0020 -1.3189 0.1782
0.9987 -0.9444 0.1553
1.0049 1.0855 0.2570
1.0196 -0.2480 0.1232
1.0252 -1.1315 0.1841
1.0363 -1.0699 0.1776
1.0334 0.4456 0.4029
1.0487 -0.8489 0.1683
1.0481 -0.2600 0.1049
1.0484 -0.3264 0.1523
1.0495 -1.3551 0.2006
1.0559 -0.2189 0.1289
1.0795 -1.1272 0.1914
1.0880 -0.8779 0.1418
1.0626 -0.2512 0.1055
1.0736 -1.2111 0.1902
1.0697 -0.3036 0.1282
1.0712 0.4137 0.3754
1.0863 -0.9553 0.1381
1.0969 -0.2419 0.1149
1.0923 1.1028 0.2535
1.0959 1.0124 0.2301
1.1075 -1.0505 0.1681
1.1204 -0.9466 0.1130
1.1224 1.0804 0.2349
1.1149 0.1646 0.2722
1.1293 -0.8735 0.1223
1.1290 -0.2671 0.1337
1.1339 0.2309 0.2796
1.1329 -1.3136 0.1875
1.1402 -0.9189 0.1016
1.1423 0.7139 0.2635
1.1431 -0.2340 0.1380
1.1463 0.0674 0.2280
1.1517 -0.9420 0.1018
1.1651 -1.0203 0.1355
1.1674 -0.9058 0.1031
1.1666 1.0788 0.2373
1.1754 -1.1900 0.1985
1.1708 -0.7690 0.2061
1.1830 -0.1539 0.1822
1.1770 0.2032 0.2493
1.1696 0.8606 0.1864
1.1783 0.0865 0.2070
1.1931 -1.3322 0.1797
1.1889 0.7938 0.1586
1.1847 0.8674 0.1794
1.1944 -0.9675 0.1050
1.1983 -1.2524 0.1795
1.1950 -0.0630 0.2100
1.2155 -0.9242 0.1010
1.2034 -0.2325 0.1838
1.2006 0.3670 0.3739
1.2153 -1.1108 0.1651
1.2134 -0.8363 0.1344
1.2117 0.0248 0.1984
1.2099 -0.8638 0.1213
1.2135 -1.3884 0.2209
1.2159 -1.0311 0.1223
1.2229 -1.3291 0.1740
1.2339 -0.1906 0.1787
1.2301 -1.0529 0.1256
1.2385 -0.0920 0.1818
1.2420 1.0597 0.2376
1.2386 -0.9624 0.1020
1.2382 0.8392 0.1372
1.2582 -1.0509 0.1247
1.2580 -0.8650 0.1095
1.2576 -0.9293 0.0897
1.2547 0.8075 0.1269
1.2554 0.7625 0.1465
1.2753 0.7824 0.1356
1.2636 -0.9643 0.0975
1.2778 1.1030 0.2803
1.2817 -0.8009 0.1541
1.2857 0.8682 0.1508
1.2931 -1.1767 0.1717
1.2966 -0.9313 0.0833
1.2965 -0.8764 0.1054
1.2939 -0.7551 0.2113
1.2945 -1.2420 0.1723
1.2983 -0.9589 0.0923
1.3069 -1.0372 0.1382
1.3003 0.0522 0.1520
1.3034 -1.3884 0.2439
1.3015 -0.9106 0.0858
1.3304 -0.1897 0.1662
1.3170 0.0879 0.1522
1.3130 -0.0970 0.1517
1.3178 -1.3066 0.1889
1.3164 0.7877 0.1519
1.3205 -1.0793 0.1616
1.3281 -0.8546 0.1323
1.3274 0.9563 0.1941
1.3413 -0.9600 0.1137
1.3451 -0.1207 0.1480
1.3432 -0.9185 0.1043
1.3373 0.0178 0.1385
1.3451 -1.1392 0.1850
1.3536 0.1137 0.1668
1.3462 0.7262 0.2266
1.3607 -0.2599 0.2471
1.3594 -1.2521 0.2051
1.3625 -0.9361 0.1266
1.3650 0.9370 0.1944
1.3679 -0.0467 0.1569
1.3710 0.2064 0.2778
1.3738 0.9763 0.2261
1.3787 -0.1465 0.1663
1.3721 -0.0696 0.1569
1.3817 -0.1912 0.1893
1.3771 0.0330 0.1449
1.3763 0.8951 0.1825
1.3837 0.0663 0.1516
1.3829 0.8429 0.1865
1.3842 -1.2031 0.2249
1.3861 0.0956 0.1661
