points 
 2 
 1 
Tumour[19065]CD810NNCodensity
-1.3570 0.3745 0.2778
-1.3573 1.2034 0.2040
-1.3480 0.9798 0.1724
-1.3429 -1.2698 0.7998
-1.3427 1.1660 0.1599
-1.3386 0.4879 0.3194
-1.3387 1.0819 0.1340
-1.3270 -0.5008 0.3989
-1.3368 1.0625 0.1305
-1.3232 -0.6572 0.3319
-1.3329 1.0579 0.1299
-1.3187 0.5184 0.3279
-1.2908 1.0410 0.1368
-1.3057 0.9723 0.1482
-1.2978 1.1251 0.1321
-1.2976 -0.8294 0.3641
-1.3006 0.2612 0.2412
-1.2952 1.1917 0.1623
-1.2953 0.9949 0.1380
-1.2930 0.3137 0.2176
-1.2548 -0.9883 0.4512
-1.2509 0.8887 0.1876
-1.2650 1.1773 0.1571
-1.2286 0.9210 0.1565
-1.2342 -0.7320 0.2687
-1.2318 -0.5576 0.2663
-1.2236 0.2482 0.1784
-1.2224 -0.0014 0.3483
-1.2257 1.1638 0.1712
-1.1821 0.8869 0.1632
-1.2047 0.4864 0.2630
-1.2052 -0.9213 0.3807
-1.2028 0.3045 0.1604
-1.2006 0.7186 0.3150
-1.1838 0.9469 0.1514
-1.1847 1.0305 0.1908
-1.1748 0.3098 0.1534
-1.1658 -0.7275 0.2349
-1.1681 0.7179 0.3020
-1.1614 -1.2438 0.6540
-1.1573 0.2426 0.1540
-1.1440 0.3670 0.1855
-1.1657 1.1437 0.2080
-1.1413 0.9322 0.1398
-1.1507 1.1085 0.2082
-1.1185 0.3187 0.1548
-1.1045 0.9165 0.1259
-1.0973 -0.5306 0.1909
-1.1030 0.1147 0.1957
-1.1067 0.2421 0.1414
-1.0956 -0.6982 0.1681
-1.1054 -0.5814 0.1614
-1.0927 -0.0245 0.2015
-1.0868 -0.5907 0.1486
-1.0904 0.4239 0.2249
-1.0812 0.1970 0.1435
-1.0683 -0.0982 0.2118
-1.0710 0.2299 0.1334
-1.0747 0.8949 0.1168
-1.0670 0.8956 0.1160
-1.0599 0.4878 0.2854
-1.0537 -0.6817 0.1330
-1.0455 -0.5753 0.1447
-1.0542 0.5820 0.3518
-1.0527 0.9098 0.1141
-1.0470 -0.4877 0.2087
-1.0462 1.0797 0.2276
-1.0321 0.1077 0.1514
-1.0332 -0.6619 0.1186
-1.0234 0.0651 0.1402
-1.0230 0.2575 0.1302
-1.0189 -0.1234 0.1803
-0.9964 -0.5926 0.1481
-1.0178 -0.0718 0.1635
-1.0195 0.8536 0.1336
-1.0186 0.8933 0.1129
-1.0102 -0.2426 0.1653
-1.0117 -0.2815 0.1788
-1.0108 0.8919 0.1140
-1.0069 -0.6931 0.1119
-1.0046 0.2279 0.1258
-0.9995 0.3283 0.1963
-0.9997 -0.2673 0.1597
-0.9966 1.0061 0.1771
-0.9976 1.0810 0.2362
-0.9913 -0.3254 0.1966
-0.9951 0.2692 0.1426
-0.9934 0.0517 0.1233
-0.9762 -0.6872 0.1024
-0.9749 0.0699 0.1174
-0.9886 0.1896 0.1299
-0.9897 -0.7030 0.1106
-0.9708 -0.8327 0.1562
-0.9741 -0.0010 0.1265
-0.9560 0.0280 0.1138
-0.9607 0.9772 0.1676
-0.9504 -0.2293 0.1308
-0.9481 -0.7072 0.1095
-0.9479 -0.6163 0.1415
-0.9513 -0.0457 0.1432
-0.9398 0.1883 0.1309
-0.9420 0.8304 0.1600
-0.9370 -0.6598 0.1113
-0.9186 -0.0539 0.1392
-0.9260 0.1024 0.1247
-0.9330 0.9155 0.1466
-0.9271 -0.4375 0.1993
-0.9337 -0.2077 0.1289
-0.9257 0.8365 0.1602
-0.9246 -0.7716 0.1134
-0.9120 0.2134 0.1477
-0.9164 0.1557 0.1297
-0.9188 -0.8042 0.0987
-0.9140 -0.8110 0.0962
-0.8946 -0.5170 0.1422
-0.9077 0.0729 0.1195
-0.9060 -0.4699 0.1652
-0.9005 -0.6983 0.1077
-0.9010 -0.1789 0.1306
-0.8978 -0.8320 0.0959
-0.8776 -0.7840 0.1051
-0.8621 -0.0210 0.1201
-0.8943 0.1741 0.1393
-0.8873 0.0295 0.1188
-0.8856 -0.6852 0.1123
-0.8578 -0.1593 0.1365
-0.8816 1.1712 0.3166
-0.8807 0.7988 0.2053
-0.8851 -0.8568 0.1033
-0.8441 -0.0829 0.1370
-0.8801 -0.8637 0.1063
-0.8727 -0.5418 0.1346
-0.8705 -0.4425 0.1699
-0.8728 -0.2161 0.1102
-0.8635 0.9404 0.1819
-0.8619 0.8965 0.1790
-0.8541 0.0182 0.1183
-0.8628 1.0039 0.2089
-0.8604 -0.9455 0.1497
-0.8536 -0.8533 0.1085
-0.8478 -0.2235 0.1148
-0.8532 -0.6729 0.1172
-0.8564 -0.2600 0.1116
-0.8553 -0.2520 0.1087
-0.8497 -0.7402 0.1109
-0.8398 -0.2829 0.1325
-0.8460 0.0764 0.1389
-0.8272 -0.6954 0.1057
-0.8295 -0.1164 0.1531
-0.8240 -0.9391 0.1257
-0.8304 -0.5744 0.1166
-0.8248 -0.0448 0.1359
-0.8103 -0.9005 0.1117
-0.8255 -0.5705 0.1149
-0.8119 -0.3193 0.1572
-0.8122 0.1929 0.1954
-0.8086 -0.0186 0.1428
-0.8158 0.0773 0.1599
-0.8098 -0.7611 0.1143
-0.8161 -0.5630 0.1135
-0.7938 -0.9544 0.1232
-0.7985 -0.6547 0.1124
-0.7996 0.3510 0.2957
-0.7921 -0.5018 0.1344
-0.7921 -0.8303 0.1143
-0.7993 0.7158 0.1903
-0.7982 1.1329 0.2808
-0.7821 -0.7198 0.1052
-0.7971 0.6379 0.1941
-0.7729 -1.0180 0.1402
-0.7823 -0.7695 0.1082
-0.7838 -0.6118 0.1163
-0.7843 -0.3125 0.1532
-0.7740 -0.4686 0.1528
-0.7722 0.6502 0.1661
-0.7597 -0.6893 0.1067
-0.7581 0.9655 0.2148
-0.7492 -0.9445 0.1160
-0.7591 0.2016 0.2449
-0.7574 -0.8978 0.1105
-0.7442 -0.4960 0.1372
-0.7432 -1.0514 0.1306
-0.7420 -0.8699 0.1009
-0.7459 -0.8162 0.0908
-0.7405 -0.6427 0.1265
-0.7374 -0.5783 0.1394
-0.7350 0.6456 0.1439
-0.7393 0.7991 0.1832
-0.7338 -0.6952 0.1112
-0.7151 -1.1107 0.1284
-0.7195 -1.0208 0.1098
-0.7336 -0.7901 0.0914
-0.7229 -0.8179 0.0841
-0.7143 -0.4178 0.1495
-0.7210 -0.2379 0.2068
-0.7076 0.7070 0.1514
-0.7141 0.9600 0.2175
-0.7121 -0.8009 0.0854
-0.7119 1.1329 0.2513
-0.7022 -0.7262 0.1111
-0.7028 0.3849 0.2470
-0.6997 -0.9773 0.1063
-0.6941 -0.8602 0.1014
-0.6982 -0.7484 0.1045
-0.6968 -0.3397 0.1644
-0.7010 0.7453 0.1512
-0.6933 -1.1357 0.1290
-0.6932 -0.9198 0.1225
-0.6914 -0.8440 0.0950
-0.6948 -0.3140 0.1768
-0.6927 0.9191 0.2029
-0.6905 -0.4591 0.1400
-0.6864 0.5810 0.1582
-0.6890 0.5582 0.1743
-0.6799 -1.0254 0.0952
-0.6816 0.8672 0.1711
-0.6689 -1.0009 0.0928
-0.6776 -0.5502 0.1695
-0.6804 0.7764 0.1438
-0.6670 0.5996 0.1520
-0.6627 -0.6843 0.1484
-0.6568 -1.1605 0.1282
-0.6625 -1.0985 0.1026
-0.6666 -0.7888 0.0971
-0.6548 -1.1403 0.1136
-0.6461 -0.9421 0.1291
-0.6515 -1.0399 0.0887
-0.6523 -0.5044 0.1592
-0.6540 -0.3785 0.1653
-0.6431 -0.8091 0.1202
-0.6353 -1.0033 0.0903
-0.6382 -0.7806 0.1258
-0.6375 0.3883 0.2138
-0.6330 1.1768 0.2599
-0.6312 0.5871 0.1687
-0.6291 -1.0961 0.0999
-0.6282 -0.3914 0.1726
-0.6239 0.6160 0.1677
-0.6265 0.7771 0.1317
-0.6158 -0.6752 0.1841
-0.6181 0.1720 0.2782
-0.6195 0.3984 0.2021
-0.6123 1.0812 0.2018
-0.6092 -1.2782 0.1997
-0.6107 -1.0614 0.0885
-0.6071 -1.0315 0.0876
-0.6089 -0.9969 0.0954
-0.6113 -0.0427 0.3112
-0.6106 -0.4756 0.1782
-0.6052 0.8487 0.1551
-0.5844 0.8028 0.1304
-0.5965 0.7447 0.1400
-0.5894 -1.1698 0.1183
-0.5841 0.4526 0.1796
-0.5803 -1.0626 0.0908
-0.5711 -1.0991 0.0981
-0.5654 -0.9749 0.1353
-0.5720 0.7352 0.1520
-0.5700 -1.2413 0.1387
-0.5643 1.1034 0.2029
-0.5562 1.1276 0.2189
-0.5568 -1.1858 0.1056
-0.5493 -1.1403 0.0992
-0.5593 0.4130 0.1859
-0.5535 -1.0260 0.1007
-0.5419 -1.0805 0.0928
-0.5460 0.1780 0.2448
-0.5448 -0.4689 0.2387
-0.5431 0.4427 0.1799
-0.5362 0.7784 0.1381
-0.5165 -1.1156 0.0991
-0.5359 0.8598 0.1796
-0.5227 1.0908 0.2076
-0.5194 -1.2295 0.1114
-0.5218 -1.1887 0.0930
-0.5262 -0.8763 0.1520
-0.5215 -0.7584 0.2070
-0.5232 0.1469 0.2140
-0.5214 0.5446 0.2093
-0.5226 -1.0421 0.1027
-0.5155 -0.6498 0.2859
-0.4908 -1.1468 0.1027
-0.4939 -1.1996 0.1016
-0.5084 0.7801 0.1481
-0.5016 0.0757 0.1885
-0.5020 1.0654 0.2095
-0.4909 -1.0980 0.1013
-0.4878 -0.8511 0.1135
-0.4830 -1.0412 0.1086
-0.4899 0.0116 0.1830
-0.4836 0.5742 0.2132
-0.4766 1.0221 0.2129
-0.4781 -1.2329 0.1147
-0.4644 -1.0047 0.1251
-0.4404 -1.2753 0.1466
-0.4692 -0.9153 0.1081
-0.4555 -1.0769 0.1109
-0.4552 -1.1965 0.1184
-0.4607 -0.8483 0.0948
-0.4613 -0.1446 0.2695
-0.4529 0.3889 0.2355
-0.4520 0.7190 0.1582
-0.4480 -0.0224 0.1724
-0.4460 0.0909 0.1770
-0.4415 0.2097 0.2246
-0.4430 0.8247 0.1578
-0.4324 -1.1227 0.1302
-0.4398 -0.8931 0.0726
-0.4108 -1.0038 0.1160
-0.4296 0.4386 0.2346
-0.4308 -0.8718 0.0660
-0.4165 -1.0361 0.1166
-0.4188 -0.9002 0.0720
-0.4277 -0.8648 0.0679
-0.4230 -0.0388 0.1747
-0.4181 0.6932 0.1356
-0.4180 -0.8601 0.0721
-0.4092 -0.4813 0.2723
-0.4106 -0.0021 0.1651
-0.3971 0.8655 0.1428
-0.3957 -1.2830 0.1518
-0.3999 -1.2515 0.1339
-0.4028 0.6336 0.1326
-0.4016 -0.1686 0.2644
-0.3906 0.6576 0.1188
-0.3998 0.9575 0.1774
-0.3736 -1.0361 0.1265
-0.3958 -0.9106 0.0802
-0.3864 -0.9765 0.1079
-0.3914 -0.8833 0.0759
-0.3843 0.2916 0.2468
-0.3729 -0.3454 0.2729
-0.3703 -0.0128 0.1890
-0.3733 0.8713 0.1345
-0.3668 -1.1241 0.1280
-0.3714 -0.8405 0.1213
-0.3665 0.8045 0.1507
-0.3644 -1.1867 0.1224
-0.3686 -0.9089 0.0934
-0.3660 0.6697 0.1167
-0.3592 0.9709 0.1851
-0.3598 -0.9461 0.1036
-0.3548 0.6223 0.1327
-0.3645 0.7139 0.1277
-0.3612 0.9003 0.1402
-0.3594 0.8539 0.1359
-0.3521 0.1125 0.1806
-0.3463 -1.2153 0.1178
-0.3406 0.6565 0.1251
-0.3214 -1.2639 0.1225
-0.3295 -1.0106 0.1196
-0.3347 0.1586 0.1933
-0.3366 -1.1504 0.1190
-0.3183 -1.1251 0.1191
-0.3211 0.5483 0.1820
-0.3220 -0.9405 0.1224
-0.3133 0.0705 0.1895
-0.2999 0.7193 0.1454
-0.2937 -1.1849 0.1126
-0.3058 -1.0842 0.1235
-0.2964 0.1386 0.1962
-0.3069 -0.4874 0.2146
-0.2695 -1.0500 0.1341
-0.3001 1.1435 0.2839
-0.2902 -0.9465 0.1469
-0.2940 0.3092 0.2158
-0.2986 1.0283 0.2214
-0.2687 -0.9998 0.1490
-0.2860 -0.5391 0.2399
-0.2879 0.5498 0.1843
-0.2771 -1.2859 0.1329
-0.2749 -1.2251 0.1062
-0.2757 -0.4243 0.1923
-0.2748 -1.2591 0.1121
-0.2763 -0.2683 0.2653
-0.2716 0.5191 0.2042
-0.2654 0.8099 0.1639
-0.2695 0.8891 0.1675
-0.2263 -1.1960 0.1068
-0.2477 -0.4664 0.1952
-0.2485 0.7605 0.1560
-0.2499 0.7306 0.1473
-0.2458 -1.1355 0.1092
-0.2295 -1.2768 0.1328
-0.2216 -1.2399 0.1133
-0.2403 0.1266 0.2141
-0.2383 -0.2061 0.3032
-0.2366 -1.0909 0.1182
-0.2158 -1.1567 0.1037
-0.2273 -0.4462 0.1984
-0.2255 0.3364 0.1568
-0.2287 0.4729 0.1916
-0.2180 -0.3624 0.2186
-0.2257 0.2928 0.1731
-0.2184 1.1375 0.2395
-0.2112 0.4325 0.1787
-0.2109 -0.0960 0.3167
-0.2058 0.8909 0.1452
-0.2039 0.6724 0.1593
-0.1959 -1.1170 0.0988
-0.1814 -1.1526 0.0971
-0.1817 0.9527 0.1525
-0.1845 -1.0846 0.1129
-0.1927 0.3071 0.1499
-0.1787 0.1411 0.2274
-0.1808 0.7120 0.1340
-0.1745 -0.5710 0.2686
-0.1749 0.8804 0.1376
-0.1737 -1.2322 0.1213
-0.1469 -1.1808 0.1016
-0.1679 0.9968 0.1679
-0.1591 0.6990 0.1387
-0.1571 1.0678 0.1812
-0.1514 -0.6415 0.3150
-0.1576 0.4085 0.1545
-0.1557 0.9010 0.1420
-0.1582 1.1252 0.2225
-0.1117 -1.2131 0.1061
-0.1403 -1.0529 0.1332
-0.1411 0.9230 0.1541
-0.1389 -1.1395 0.0914
-0.1333 -1.1096 0.0921
-0.1438 0.2967 0.1535
-0.1382 0.6798 0.1473
-0.1349 1.0732 0.1920
-0.1276 0.7535 0.1499
-0.1290 0.4074 0.1602
-0.1312 0.3139 0.1490
-0.1264 0.7905 0.1634
-0.1199 0.0944 0.2482
-0.1202 -1.2407 0.1261
-0.1176 -0.3491 0.2928
-0.1075 0.8494 0.1709
-0.1026 -1.1594 0.0899
-0.0989 -1.1210 0.0875
-0.0949 -1.0861 0.1048
-0.1004 0.2753 0.1814
-0.0927 0.4876 0.1779
-0.0823 -0.9980 0.1941
-0.0831 0.6559 0.1564
-0.0601 -1.1827 0.0912
-0.0732 -1.1421 0.0889
-0.0689 0.4219 0.1816
-0.0598 -1.0912 0.1142
-0.0538 1.0756 0.2452
-0.0530 0.2389 0.2110
-0.0616 -1.2317 0.1053
-0.0543 -0.3918 0.3369
-0.0482 -0.8689 0.2814
-0.0435 -1.1411 0.1008
-0.0360 -1.2201 0.0989
-0.0346 0.0311 0.2049
-0.0406 0.5234 0.1490
-0.0395 0.5467 0.1383
-0.0303 -1.2557 0.1210
-0.0168 -1.1760 0.1039
-0.0329 -0.0791 0.2238
-0.0274 0.6932 0.1266
-0.0247 0.7562 0.1481
-0.0242 0.6456 0.1101
0.0033 0.1850 0.1864
-0.0065 -0.6024 0.2582
-0.0133 -0.0892 0.2172
-0.0020 -1.2058 0.0977
0.0043 -1.0754 0.1780
0.0040 0.0435 0.1812
0.0065 0.7974 0.1651
0.0193 -0.6829 0.2176
0.0058 -0.1236 0.2421
0.0019 0.4331 0.2219
0.0131 0.7098 0.1152
0.0072 0.5891 0.0884
0.0066 0.5938 0.0869
0.0095 0.5923 0.0863
0.0213 -0.9280 0.2500
0.0203 -0.8829 0.2599
0.0177 0.7478 0.1348
0.0164 0.5912 0.0879
0.0375 -1.2595 0.0926
0.0365 -1.2031 0.1013
0.0381 0.9132 0.2434
0.0342 0.6428 0.0880
0.0530 -0.6568 0.2107
0.0543 0.6615 0.1021
0.0583 0.1136 0.1528
0.0596 0.6336 0.0926
0.0658 -1.2095 0.0899
0.0636 -0.8893 0.2670
0.0619 0.6875 0.1186
0.0607 0.8623 0.2035
0.0707 1.0919 0.2417
0.0680 -1.2857 0.0794
0.0649 0.1622 0.1533
0.0670 -1.2489 0.0680
0.0775 -1.2711 0.0630
0.0834 -0.6791 0.1987
0.0865 0.1831 0.1573
0.0913 -1.2527 0.0590
0.0920 -1.2026 0.0907
0.0918 0.6123 0.1175
0.0918 0.0172 0.1505
0.0926 0.2169 0.1762
0.0992 -1.2871 0.0687
0.0953 0.0316 0.1474
0.1070 -0.7147 0.2005
0.1100 0.7824 0.1734
0.1157 0.0085 0.1559
0.1097 -1.2582 0.0560
0.1161 -0.0182 0.1688
0.1245 -1.2864 0.0747
0.1201 0.6177 0.1345
0.1161 -1.2584 0.0575
0.1259 0.1285 0.1527
0.1299 -1.2482 0.0649
0.1343 -1.2187 0.0827
0.1266 -0.6242 0.2410
0.1354 1.1023 0.1827
0.1367 1.0193 0.1817
0.1413 0.2064 0.1802
0.1465 0.5391 0.1762
0.1488 -0.6954 0.2233
0.1512 -0.0635 0.1783
0.1533 0.7020 0.1703
0.1590 -1.2686 0.0914
0.1548 -1.1860 0.1218
0.1632 -0.3648 0.2978
0.1706 -1.2437 0.1005
0.1749 0.5672 0.1569
0.1719 0.7942 0.1912
0.1808 1.0353 0.1472
0.1879 0.8465 0.1872
0.1878 0.9445 0.1738
0.1809 0.5368 0.1763
0.1971 1.1860 0.1853
0.2051 -0.7419 0.2781
0.2065 -0.1661 0.1761
0.2128 -0.1947 0.1803
0.2067 -0.1367 0.1738
0.2272 1.1619 0.1473
0.2110 0.1396 0.2047
0.2196 -1.1737 0.1666
0.2176 0.0649 0.2043
0.2187 0.8496 0.1830
0.2219 0.2696 0.2696
0.2277 0.6590 0.1542
0.2255 1.0650 0.1329
0.2313 0.6354 0.1525
0.2413 -0.1743 0.1722
0.2416 -0.0666 0.1913
0.2497 1.1159 0.1259
0.2462 -0.2616 0.1910
0.2623 -0.9337 0.3660
0.2498 0.9423 0.1601
0.2617 -0.3219 0.2055
0.2605 1.0280 0.1253
0.2592 1.1742 0.1474
0.2662 -1.1806 0.1793
0.2638 0.5138 0.1753
0.2618 0.9906 0.1387
0.2828 0.7458 0.1629
0.2734 1.0373 0.1259
0.2838 -0.3394 0.2117
0.2857 -0.0467 0.2278
0.3032 -1.1536 0.1820
0.2919 1.1804 0.1536
0.2992 0.6170 0.1092
0.3158 0.6476 0.0991
0.3134 0.6952 0.1118
0.3149 -0.5433 0.3173
0.3149 1.0729 0.1312
0.3167 0.1351 0.2360
0.3205 1.1553 0.1517
0.3335 -1.1219 0.1926
0.3288 0.5499 0.1205
0.3382 0.5973 0.1029
0.3323 0.7116 0.1131
0.3345 0.5696 0.1090
0.3391 1.0843 0.1379
0.3364 0.6493 0.0973
0.3381 0.8477 0.1470
0.3430 0.8832 0.1424
0.3509 -0.3745 0.2142
0.3452 0.4318 0.1953
0.3510 0.9368 0.1362
0.3609 -1.1814 0.2137
0.3556 -0.4098 0.2294
0.3585 -0.1954 0.2451
0.3665 0.6365 0.1099
0.3608 0.7726 0.1310
0.3662 0.0815 0.2394
0.3766 0.6673 0.1198
0.3929 -1.0761 0.2096
0.3688 0.8316 0.1359
0.3768 0.5377 0.1175
0.3794 0.9726 0.1160
0.3735 1.0099 0.1162
0.3818 0.7289 0.1319
0.3916 -1.1089 0.1969
0.3895 -0.6306 0.2907
0.3891 0.2001 0.2042
0.3917 0.5054 0.1207
0.4017 0.7838 0.1498
0.4133 0.8557 0.1297
0.3983 0.3291 0.2149
0.4043 0.9550 0.1049
0.4085 1.1821 0.1667
0.4092 0.2279 0.1963
0.4060 1.0322 0.1101
0.4154 1.0632 0.1242
0.4159 0.5516 0.1224
0.4277 0.5278 0.1123
0.4340 0.9798 0.1014
0.4449 0.8929 0.1213
0.4348 -1.1017 0.2044
0.4407 1.0741 0.1314
0.4446 -0.7920 0.2880
0.4395 0.4575 0.1328
0.4530 0.4887 0.1112
0.4443 0.9426 0.1043
0.4534 -0.2793 0.1802
0.4563 1.0249 0.1181
0.4622 1.1941 0.1519
0.4590 0.0517 0.2449
0.4639 -0.3979 0.1911
0.4634 -0.3102 0.1691
0.4732 0.9180 0.1172
0.4818 1.1944 0.1513
0.4852 0.9687 0.1241
0.4864 1.1570 0.1258
0.4842 -0.7704 0.2434
0.4923 -0.5352 0.2208
0.4870 0.2654 0.1542
0.4848 0.8872 0.1416
0.4948 1.1055 0.1300
0.4988 0.3592 0.1569
0.5001 0.1544 0.1673
0.5000 0.4075 0.1394
0.5018 0.5420 0.1283
0.4980 0.4999 0.1047
0.5034 0.4997 0.1060
0.5114 -0.2124 0.2250
0.5183 1.1545 0.1336
0.5154 0.2295 0.1327
0.5241 -1.0176 0.2255
0.5308 -0.4695 0.1967
0.5278 -0.3446 0.1575
0.5282 -0.0005 0.2642
0.5360 1.0878 0.1471
0.5284 -0.2779 0.1679
0.5333 -0.2851 0.1646
0.5358 -0.6403 0.2049
0.5351 0.1968 0.1300
0.5349 0.4273 0.1358
0.5384 0.5316 0.1313
0.5454 0.3201 0.1378
0.5541 1.1864 0.1714
0.5468 0.1464 0.1544
0.5660 0.2631 0.1197
0.5548 1.0062 0.1630
0.5618 -1.1075 0.1886
0.5592 -0.8394 0.2308
0.5580 0.4778 0.1295
0.5586 0.3645 0.1495
0.5598 0.9048 0.1581
0.5581 -1.2615 0.3078
0.5604 -0.6348 0.1923
0.5692 -0.9578 0.2381
0.5632 0.7444 0.2271
0.5681 -0.6381 0.1893
0.5984 -1.1303 0.1650
0.5943 0.2150 0.1252
0.5785 1.0466 0.1788
0.5853 -0.3655 0.1698
0.5889 -0.4793 0.1779
0.6025 0.2476 0.1255
0.6148 0.8674 0.1516
0.5984 -0.7827 0.2011
0.6050 0.5167 0.1350
0.6129 -1.1074 0.1522
0.6234 0.1822 0.1436
0.6207 -0.5097 0.1853
0.6202 -0.3711 0.1815
0.6181 0.2815 0.1343
0.6252 0.5958 0.1761
0.6348 0.9103 0.1449
0.6386 0.0890 0.1554
0.6345 0.9865 0.1725
0.6449 1.1609 0.2290
0.6577 -1.1277 0.1494
0.6441 0.1259 0.1440
0.6424 0.5086 0.1241
0.6471 0.7666 0.1488
0.6517 0.9272 0.1500
0.6472 0.3087 0.1475
0.6532 -0.0425 0.2489
0.6636 0.4540 0.1242
0.6683 0.4955 0.1194
0.6613 -0.7263 0.1622
0.6613 -0.7037 0.1638
0.6656 0.3695 0.1470
0.6677 -0.8957 0.2239
0.6653 -0.4479 0.1767
0.6657 0.7357 0.1414
0.6669 0.8134 0.1396
0.6817 0.9039 0.1557
0.6762 -1.0517 0.1580
0.6781 -0.5522 0.2146
0.6784 -0.2331 0.2456
0.6786 0.7900 0.1355
0.6930 -1.0937 0.1458
0.6873 -1.0206 0.1825
0.6867 0.3961 0.1311
0.6878 0.5543 0.1273
0.6955 -0.4027 0.1992
0.6953 0.0571 0.1398
0.6962 0.0920 0.1244
0.7010 0.4547 0.1122
0.7018 0.7227 0.1261
0.7105 -1.1444 0.1600
0.7019 -0.6851 0.1672
0.7075 -0.8353 0.1873
0.7119 -1.1741 0.1850
0.7151 0.6130 0.1308
0.7247 0.0560 0.1375
0.7222 0.1446 0.1303
0.7201 0.3005 0.1676
0.7312 0.4736 0.1166
0.7225 1.0898 0.2295
0.7453 0.1191 0.1240
0.7310 0.5388 0.1338
0.7299 0.7233 0.1168
0.7302 0.8803 0.1763
0.7401 -0.7436 0.1392
0.7423 0.6430 0.1198
0.7495 0.4180 0.1058
0.7455 0.5846 0.1284
0.7451 -0.7754 0.1501
0.7585 0.3785 0.1136
0.7511 -0.4490 0.1874
0.7514 1.0417 0.2143
0.7647 0.6835 0.1060
0.7582 -0.1843 0.2445
0.7619 0.0370 0.1668
0.7569 -0.7318 0.1425
0.7704 -1.0168 0.2089
0.7699 0.1667 0.1371
0.7775 0.6370 0.1199
0.7741 0.7498 0.1041
0.8104 -0.4850 0.1584
0.7792 0.1842 0.1392
0.7824 1.1842 0.2618
0.7826 0.4330 0.0974
0.7801 0.4371 0.0993
0.7950 0.3351 0.1223
0.7881 -0.2118 0.2472
0.7995 -0.1674 0.2201
0.8024 0.3959 0.0964
0.7917 0.7715 0.1140
0.7971 0.6704 0.1129
0.7982 -0.8281 0.1972
0.8016 -0.6580 0.1804
0.8327 0.3559 0.1071
0.8212 -1.1695 0.2235
0.8320 -0.5592 0.1383
0.8127 0.7194 0.0933
0.8190 0.7398 0.0939
0.8158 0.2387 0.1363
0.8172 0.5800 0.1402
0.8215 1.0116 0.1630
0.8306 -0.7300 0.1668
0.8312 -0.4582 0.1659
0.8212 0.1564 0.1374
0.8347 -1.1337 0.2122
0.8273 0.2784 0.1302
0.8303 0.4758 0.1303
0.8357 0.0372 0.1759
0.8519 -0.5191 0.1244
0.8421 0.3817 0.1046
0.8305 0.7592 0.1055
0.8415 -0.1863 0.2296
0.8477 0.8944 0.1427
0.8397 0.4298 0.1149
0.8432 0.9282 0.1276
0.8434 0.9517 0.1227
0.8471 1.1696 0.2203
0.8506 0.5486 0.1534
0.8487 0.7103 0.1104
0.8486 0.1639 0.1395
0.8511 0.7762 0.1205
0.8537 0.5272 0.1570
0.8602 0.3186 0.1118
0.8614 -1.0254 0.2360
0.8626 -1.0889 0.2190
0.8709 -0.0451 0.1942
0.8942 0.3479 0.1130
0.8858 -0.0265 0.1823
0.8875 -0.5598 0.1109
0.8744 -0.5023 0.1226
0.8859 0.9131 0.1164
0.8889 0.9393 0.1045
0.8885 0.6579 0.1392
0.8945 0.2687 0.1094
0.8835 1.0029 0.1214
0.8990 -0.5890 0.1110
0.9072 -0.6306 0.1295
0.8947 0.2285 0.1165
0.8921 0.6356 0.1469
0.9034 1.1257 0.1504
0.8989 -0.7238 0.1676
0.9101 0.1183 0.1267
0.9049 0.4132 0.1248
0.9062 -0.8283 0.1834
0.9163 -0.5675 0.1082
0.9128 0.2944 0.1122
0.9169 1.0338 0.1231
0.9173 0.2039 0.1228
0.9265 0.0746 0.1240
0.9318 -0.6572 0.1408
0.9183 0.7492 0.1191
0.9473 0.3683 0.1210
0.9298 0.9346 0.1197
0.9419 -0.1096 0.2223
0.9475 0.3064 0.1226
0.9268 0.8260 0.1646
0.9375 0.5980 0.1504
0.9358 0.2369 0.1212
0.9463 -0.5739 0.1149
0.9356 -0.4483 0.1355
0.9464 0.7629 0.1358
0.9692 -0.5292 0.1135
0.9479 0.9495 0.1212
0.9452 1.0458 0.1052
0.9438 -0.8457 0.1824
0.9454 -0.7328 0.1575
0.9453 0.4172 0.1170
0.9524 0.4538 0.1111
0.9459 0.7149 0.1228
0.9569 0.9871 0.1136
0.9491 1.0691 0.1027
0.9584 -0.8245 0.1677
0.9712 -0.0964 0.2201
0.9550 0.0558 0.1202
0.9575 1.1273 0.1118
0.9598 0.7369 0.1318
0.9692 -1.0005 0.2606
0.9634 0.1838 0.1178
0.9783 -0.4727 0.0993
0.9686 0.1074 0.0916
0.9727 0.1487 0.1075
0.9775 0.4751 0.1075
0.9803 -1.2830 0.2981
0.9738 0.6883 0.1289
0.9748 -0.3376 0.2193
0.9730 0.5182 0.1285
0.9830 -0.4369 0.1112
0.9792 0.0800 0.0940
0.9997 0.4187 0.1074
0.9763 1.1053 0.0960
0.9794 -1.2423 0.2629
1.0016 0.3512 0.1229
0.9833 -0.6412 0.1437
0.9960 0.1334 0.0991
0.9906 -0.5031 0.0969
0.9860 0.0623 0.1057
0.9919 0.4990 0.1153
1.0093 0.6167 0.1429
0.9915 1.0782 0.0988
1.0061 0.6613 0.1468
1.0024 -0.4040 0.1313
1.0025 0.9984 0.1241
1.0091 -0.8201 0.1697
1.0145 0.4738 0.1095
1.0113 1.1581 0.1295
1.0147 -1.0436 0.2793
1.0130 -0.4842 0.0924
1.0117 1.1280 0.1034
1.0157 1.0576 0.1114
1.0244 0.2145 0.1205
1.0337 0.5896 0.1432
1.0274 -0.7674 0.1614
1.0289 -0.5669 0.1322
1.0345 1.1401 0.1215
1.0285 -0.4487 0.1052
1.0361 0.2678 0.1112
1.0319 0.3066 0.1120
1.0434 0.4449 0.1206
1.0356 0.0919 0.0979
1.0398 0.1461 0.1010
1.0357 -0.4800 0.1032
1.0336 0.9554 0.1622
1.0417 0.3987 0.1189
1.0464 -0.6934 0.1756
1.0400 0.5651 0.1408
1.0498 -0.6073 0.1582
1.0530 -0.5262 0.1227
1.0657 0.2031 0.1118
1.0516 -0.7661 0.1792
1.0514 -0.0497 0.2117
1.0527 0.2902 0.1057
1.0684 0.3406 0.1049
1.0554 0.1064 0.0973
1.0639 0.2629 0.1042
1.0655 0.0772 0.1155
1.0825 0.1438 0.1028
1.0703 0.8088 0.2408
1.0772 1.0200 0.1514
1.0693 1.0908 0.1295
1.1082 0.4008 0.1229
1.0954 -1.2168 0.2654
1.0902 1.0985 0.1509
1.1002 -0.4075 0.1726
1.1035 -1.1887 0.2626
1.1171 -0.5051 0.1690
1.1108 0.4556 0.1468
1.1012 0.5710 0.1872
1.1080 -0.8482 0.2556
1.1038 0.3618 0.1173
1.1110 -0.1589 0.2898
1.1117 0.0038 0.2085
1.1071 0.2212 0.1239
1.1056 0.9813 0.1937
1.1173 -0.6268 0.2193
1.1100 -0.4327 0.1675
1.1106 0.1165 0.1288
1.1105 0.1474 0.1204
1.1265 0.2389 0.1415
1.1165 -0.2795 0.2757
1.1210 -1.2658 0.3259
1.1214 -1.2030 0.2797
1.1284 -0.9729 0.3271
1.1253 -0.1896 0.2962
1.1193 0.3204 0.1255
1.1238 0.8605 0.2817
1.1311 0.3703 0.1363
1.1378 0.4743 0.1772
