points 
 2 
 1 
Tumour[19065]CD6810NNCodensity
-1.2489 -1.1798 0.2253
-1.2458 0.9289 0.2660
-1.2386 0.8837 0.2991
-1.2454 -0.8359 0.2776
-1.2454 1.1395 0.2316
-1.2409 -1.0848 0.2552
-1.2288 -1.2094 0.2140
-1.2354 -0.6466 0.2389
-1.2112 1.2163 0.2446
-1.2151 -0.7997 0.2255
-1.2096 -0.7598 0.2088
-1.2078 -0.4601 0.3372
-1.2086 0.9559 0.2302
-1.2077 1.0754 0.2221
-1.1941 1.2639 0.2776
-1.2061 0.9307 0.2394
-1.1840 -1.1928 0.1647
-1.1964 0.6223 0.4337
-1.1845 1.1415 0.2062
-1.1835 -0.5378 0.2573
-1.1825 -0.8030 0.2132
-1.1643 -0.1218 0.4695
-1.1615 -0.6058 0.2158
-1.1519 -1.1426 0.1452
-1.1525 -0.6587 0.1965
-1.1330 1.1373 0.2189
-1.1313 -1.1735 0.1350
-1.1449 1.2134 0.2257
-1.1357 -0.7388 0.2013
-1.1310 0.1212 0.3710
-1.1316 -0.0298 0.4166
-1.1122 1.2727 0.2721
-1.1108 0.1975 0.3711
-1.0954 -1.1983 0.1407
-1.0805 -1.1310 0.1271
-1.0666 0.9091 0.2459
-1.0558 -1.1498 0.1254
-1.0577 -1.1022 0.1455
-1.0599 -0.8888 0.2456
-1.0478 -1.1841 0.1368
-1.0491 -0.5896 0.2243
-1.0328 -1.1066 0.1501
-1.0362 0.9210 0.2433
-1.0246 -0.7411 0.2368
-1.0315 -0.5873 0.2289
-1.0236 0.0766 0.3018
-1.0041 -0.9227 0.2169
-1.0113 -0.4573 0.2166
-0.9917 -1.0149 0.2092
-0.9948 -0.9423 0.2098
-1.0008 0.6078 0.2241
-0.9931 0.7078 0.2195
-0.9928 -1.1881 0.1746
-0.9930 0.9562 0.2342
-0.9648 0.6981 0.1970
-0.9759 0.5625 0.2383
-0.9678 -0.4873 0.2135
-0.9695 -0.3516 0.2076
-0.9736 0.6470 0.1979
-0.9710 0.9505 0.2215
-0.9719 1.0796 0.2690
-0.9617 -0.7629 0.2328
-0.9362 -0.6997 0.2444
-0.9392 -0.4171 0.1887
-0.9431 -0.3871 0.1856
-0.9310 0.1673 0.2502
-0.9260 -1.2092 0.2184
-0.9164 0.2463 0.2663
-0.9159 1.2655 0.3301
-0.9137 0.7712 0.2002
-0.9157 -0.2992 0.2048
-0.9172 0.5407 0.2442
-0.8888 -0.3601 0.1812
-0.9023 -0.1516 0.2952
-0.8933 -0.9553 0.2044
-0.8794 0.2530 0.2632
-0.8876 0.7640 0.1860
-0.8845 1.2006 0.2775
-0.8808 0.0839 0.2835
-0.8758 0.4880 0.2863
-0.8684 -0.9251 0.1929
-0.8537 -0.8805 0.1965
-0.8648 0.9492 0.1746
-0.8632 -0.4223 0.2088
-0.8563 -1.2087 0.2589
-0.8539 -0.6784 0.2731
-0.8308 -1.1333 0.2431
-0.8293 1.0197 0.1556
-0.8396 0.1816 0.2417
-0.8276 -0.7780 0.2296
-0.8283 1.2788 0.3321
-0.8248 -0.9083 0.2018
-0.8232 -0.8126 0.2169
-0.8254 0.2837 0.2778
-0.8215 0.7659 0.1827
-0.8176 1.1430 0.2226
-0.8198 0.6753 0.2218
-0.8143 0.8540 0.1645
-0.8046 -1.2045 0.2873
-0.8089 0.9952 0.1371
-0.8046 -0.2536 0.1614
-0.7909 -0.2791 0.1651
-0.7846 0.7987 0.1789
-0.7857 0.0690 0.2848
-0.7695 1.0325 0.1420
-0.7831 0.5798 0.2787
-0.7787 1.0002 0.1307
-0.7486 -0.2126 0.1457
-0.7795 -0.5420 0.3363
-0.7672 -0.1706 0.1749
-0.7681 0.8686 0.1663
-0.7757 0.9270 0.1462
-0.7583 0.9756 0.1383
-0.7606 -0.2543 0.1547
-0.7430 1.0861 0.1718
-0.7414 0.8313 0.1985
-0.7389 -1.0552 0.2459
-0.7332 -0.9925 0.2294
-0.7268 0.4134 0.3652
-0.7190 -0.2222 0.1418
-0.7170 -0.3132 0.1983
-0.7133 -1.0864 0.2605
-0.7020 1.0430 0.1766
-0.6849 -0.1795 0.1541
-0.7018 0.6538 0.3020
-0.6614 -0.8752 0.1906
-0.6518 -0.3909 0.3117
-0.6511 1.1516 0.1717
-0.6503 -0.0720 0.2050
-0.6471 0.0842 0.2171
-0.6414 -0.1363 0.1630
-0.6404 0.1867 0.2467
-0.6263 -0.7923 0.1667
-0.6365 0.1118 0.2109
-0.6176 1.1505 0.1632
-0.6271 -0.9384 0.1899
-0.6217 -0.1794 0.1716
-0.6133 1.1778 0.1774
-0.6093 -0.7478 0.1910
-0.6035 0.1981 0.2596
-0.6098 1.1216 0.1680
-0.6045 -0.1319 0.1565
-0.5847 -0.8822 0.1316
-0.5925 0.8950 0.2308
-0.5751 0.8709 0.2387
-0.5828 1.1584 0.1717
-0.5814 -0.7797 0.1480
-0.5766 0.0499 0.2022
-0.5746 1.0099 0.2492
-0.5591 -0.5750 0.2928
-0.5579 1.1948 0.1986
-0.5578 -0.8960 0.1339
-0.5659 0.0840 0.1973
-0.5460 -0.8537 0.1191
-0.5418 -1.1717 0.1735
-0.5351 -0.1017 0.1368
-0.5498 0.8108 0.2656
-0.5445 -0.8211 0.1189
-0.5377 0.5779 0.3766
-0.5300 -1.1205 0.1541
-0.5248 -0.1300 0.1350
-0.5189 -1.0264 0.1897
-0.5081 -0.8520 0.1319
-0.5072 -0.9930 0.1849
-0.5122 -0.9088 0.1505
-0.5092 -0.6443 0.2147
-0.5052 0.8107 0.2614
-0.4997 -1.1360 0.1298
-0.4934 -0.0729 0.1161
-0.4982 1.2585 0.2575
-0.5007 -0.7836 0.1473
-0.4938 0.1344 0.2323
-0.4861 -1.2023 0.1543
-0.4851 -1.1675 0.1271
-0.4777 -0.1427 0.1287
-0.4659 0.8697 0.2536
-0.4776 -0.1120 0.1052
-0.4595 -0.0503 0.1147
-0.4619 -1.0239 0.1888
-0.4527 -0.8084 0.1713
-0.4622 -0.4768 0.2814
-0.4539 -1.1751 0.1277
-0.4529 -0.7394 0.1683
-0.4290 -1.1516 0.1319
-0.4399 -0.0794 0.0962
-0.4319 -0.7001 0.1892
-0.4279 -0.0482 0.1106
-0.4313 0.0794 0.2133
-0.4129 -0.6717 0.1997
-0.4178 -0.1139 0.1076
-0.4108 -1.2094 0.1664
-0.4091 1.1174 0.2215
-0.4112 -0.2262 0.2142
-0.3915 -1.1205 0.1465
-0.3971 -0.6425 0.2084
-0.3983 -0.0671 0.1115
-0.3913 0.6224 0.3012
-0.3748 -0.0975 0.1320
-0.3755 -0.1294 0.1389
-0.3920 1.1472 0.1999
-0.3847 0.0075 0.1719
-0.3696 0.6920 0.2734
-0.3633 0.3099 0.2700
-0.3577 -1.0929 0.1564
-0.3624 -0.4487 0.2211
-0.3471 -0.5003 0.2006
-0.3484 1.1797 0.1701
-0.3421 0.9597 0.2623
-0.3447 -0.9282 0.2767
-0.3483 -0.2118 0.2233
-0.3383 0.0939 0.2709
-0.3400 0.5083 0.2861
-0.3174 -0.5730 0.2125
-0.3333 1.2108 0.1748
-0.3291 -1.0581 0.1810
-0.3268 1.0187 0.2299
-0.3157 0.4444 0.2406
-0.3115 -1.1011 0.1540
-0.3147 -0.3907 0.2241
-0.3116 0.7583 0.2550
-0.2990 0.7936 0.2492
-0.2794 1.1928 0.1400
-0.2927 -1.2112 0.1927
-0.2890 -1.1565 0.1528
-0.2876 0.3101 0.1863
-0.2896 1.0548 0.1935
-0.2658 -0.5838 0.2315
-0.2579 -1.1143 0.1588
-0.2645 0.2901 0.1649
-0.2619 0.8121 0.2663
-0.2403 1.1092 0.1663
-0.2463 1.2395 0.1496
-0.2358 1.1776 0.1328
-0.2339 -0.5114 0.1926
-0.2406 1.1426 0.1437
-0.2367 0.3117 0.1520
-0.2323 -0.0304 0.2327
-0.2302 -0.4261 0.1899
-0.2265 0.2890 0.1424
-0.2293 0.8440 0.2887
-0.2140 -1.1937 0.1962
-0.2201 0.4924 0.2362
-0.2131 -0.4668 0.1900
-0.1997 -0.2342 0.2598
-0.2028 1.2695 0.1556
-0.2060 -1.1386 0.1582
-0.2006 -0.3921 0.2059
-0.1879 0.3274 0.1434
-0.1955 -0.9662 0.2426
-0.1742 0.1805 0.1770
-0.1873 -0.0693 0.2090
-0.1721 -0.2203 0.2537
-0.1791 0.4369 0.1972
-0.1777 1.1440 0.1492
-0.1739 1.2278 0.1296
-0.1728 -0.3803 0.2167
-0.1540 1.2779 0.1640
-0.1452 -0.0653 0.1909
-0.1368 0.3066 0.1333
-0.1444 0.2106 0.1504
-0.1397 -1.0514 0.1561
-0.1297 -1.0766 0.1486
-0.1352 0.2303 0.1430
-0.1379 0.4835 0.1994
-0.1245 -1.1327 0.1734
-0.1206 1.2240 0.1514
-0.1281 0.0799 0.2035
-0.1245 1.2802 0.1833
-0.1164 0.6648 0.2478
-0.1175 -0.0995 0.1905
-0.1222 0.2830 0.1363
-0.1008 1.1377 0.1956
-0.1044 -1.0911 0.1611
-0.1074 -1.0628 0.1572
-0.1052 1.1672 0.1748
-0.0988 0.1802 0.1680
-0.0974 -0.6080 0.2902
-0.0989 0.3296 0.1416
-0.0949 0.5537 0.1934
-0.0815 -0.0543 0.1861
-0.0764 0.5949 0.1914
-0.0814 0.0122 0.1971
-0.0747 0.1203 0.1955
-0.0722 -0.8673 0.1942
-0.0718 0.3934 0.1512
-0.0633 -1.0400 0.1865
-0.0529 0.3772 0.1565
-0.0388 -0.1490 0.2416
-0.0497 0.3303 0.1664
-0.0471 -0.9258 0.1936
-0.0397 -0.3851 0.2717
-0.0448 1.0045 0.3149
-0.0385 0.4245 0.1697
-0.0226 -0.8521 0.1343
-0.0221 -0.4605 0.2851
-0.0181 0.6369 0.1756
-0.0176 0.7211 0.1979
-0.0067 0.1367 0.2254
-0.0050 0.5693 0.1755
0.0158 -0.6806 0.1871
0.0072 -0.6470 0.2130
0.0207 0.4523 0.1924
0.0091 -0.8309 0.1140
0.0190 -0.7969 0.1310
0.0319 -0.7400 0.1587
0.0220 0.7587 0.1923
0.0288 -0.0059 0.2122
0.0263 -0.8517 0.1048
0.0411 0.4915 0.1981
0.0396 -0.0936 0.2536
0.0463 0.5480 0.1879
0.0492 0.8069 0.2015
0.0478 -0.3866 0.3054
0.0531 1.0725 0.2871
0.0587 -0.8732 0.1074
0.0618 0.6482 0.1878
0.0636 -0.8225 0.1078
0.0699 0.7423 0.1761
0.0628 -1.0506 0.2418
0.0720 -0.6702 0.1674
0.0794 -1.2007 0.2715
0.0764 -0.8802 0.1149
0.0790 1.0875 0.2819
0.0919 -0.2932 0.3093
0.0955 -0.8933 0.1349
0.0951 -0.8586 0.1145
0.1153 -0.6715 0.1497
0.1060 0.8258 0.1845
0.1040 0.2518 0.2674
0.1077 0.0456 0.1345
0.1269 0.0382 0.1247
0.1327 -1.2046 0.2758
0.1298 -1.0930 0.2088
0.1263 0.1832 0.1957
0.1352 0.0827 0.1084
0.1432 -1.1587 0.2322
0.1414 -0.8150 0.1386
0.1457 -0.3331 0.3162
0.1532 0.0684 0.1006
0.1508 0.9483 0.2140
0.1557 0.7008 0.2016
0.1632 0.0958 0.1028
0.1570 0.7746 0.1841
0.1607 0.3425 0.2711
0.1610 -0.7452 0.1415
0.1681 -0.6180 0.1525
0.1737 -0.7035 0.1264
0.1778 0.0576 0.1047
0.1734 0.4802 0.1929
0.1762 0.6083 0.1748
0.1815 0.8656 0.1658
0.1880 0.5777 0.1684
0.1893 -0.8323 0.1481
0.1912 0.1023 0.1121
0.2050 -1.0926 0.1994
0.2013 -0.2851 0.3564
0.1981 0.0392 0.1233
0.2101 -0.7208 0.1258
0.2098 -0.9245 0.2029
0.2019 0.5578 0.1693
0.2068 1.1360 0.2145
0.2066 -1.0628 0.1995
0.2166 0.8620 0.1566
0.2120 -0.6673 0.1139
0.2106 -0.6301 0.1240
0.2143 0.0963 0.1269
0.2179 -0.8472 0.1691
0.2222 -0.7943 0.1527
0.2249 0.5825 0.1627
0.2331 -0.5714 0.1558
0.2332 -0.0757 0.2780
0.2451 0.9571 0.1762
0.2538 1.1174 0.1815
0.2499 -0.6491 0.1163
0.2470 0.8694 0.1549
0.2539 -0.7274 0.1389
0.2545 0.4126 0.2296
0.2637 0.4352 0.2155
0.2692 1.1701 0.1650
0.2686 0.9471 0.1671
0.2783 -1.0471 0.2220
0.2885 0.6094 0.1774
0.2752 -0.5192 0.1823
0.2789 0.9185 0.1569
0.2842 0.4654 0.2160
0.2822 1.2459 0.2134
0.2859 -1.0109 0.2232
0.2946 0.0941 0.1858
0.2849 0.7718 0.1961
0.2958 -0.6325 0.1290
0.2902 -0.6669 0.1299
0.3128 0.1783 0.1677
0.2994 0.6744 0.1817
0.3279 -0.5889 0.1345
0.3204 -0.4961 0.1898
0.3265 1.1161 0.1453
0.3258 1.1707 0.1365
0.3328 0.2235 0.1743
0.3299 0.9544 0.1895
0.3487 0.1606 0.1544
0.3366 0.6449 0.1931
0.3406 0.7395 0.2040
0.3562 -0.7496 0.2029
0.3531 1.1386 0.1380
0.3584 -0.6591 0.1541
0.3613 -0.5245 0.1617
0.3580 1.1027 0.1546
0.3701 -1.0113 0.2340
0.3765 -0.6043 0.1485
0.3658 0.2973 0.2147
0.3660 0.8250 0.2232
0.3902 0.6386 0.2276
0.3919 1.1796 0.1473
0.3964 0.1890 0.1370
0.3971 0.1568 0.1512
0.4078 0.9666 0.2200
0.4349 1.0433 0.2030
0.4169 -0.5703 0.1630
0.4259 1.1770 0.1590
0.4187 1.2517 0.2065
0.4239 -0.7684 0.2152
0.4207 0.1800 0.1453
0.4308 -0.9301 0.2145
0.4375 -1.0894 0.2234
0.4340 -0.4611 0.2042
0.4644 0.7232 0.1915
0.4536 -0.6517 0.1757
0.4599 0.2057 0.1545
0.4700 1.2053 0.1871
0.4734 -0.5484 0.2028
0.4737 -0.4044 0.1997
0.4820 -1.2017 0.2448
0.4741 -0.3797 0.1990
0.4851 -0.6899 0.1899
0.4830 0.2280 0.1497
0.4865 -0.9578 0.1652
0.4886 -0.2429 0.2676
0.5008 0.3345 0.1700
0.4951 1.0841 0.1943
0.4950 -0.3199 0.2035
0.4971 0.4391 0.2761
0.5237 -0.8842 0.1477
0.5118 0.3008 0.1513
0.5127 -0.8178 0.1937
0.5132 -0.6904 0.2088
0.5125 0.2657 0.1462
0.5327 0.8117 0.1652
0.5286 0.7344 0.1417
0.5375 -0.9379 0.1328
0.5339 -1.0501 0.1519
0.5568 0.7138 0.1287
0.5367 -1.1119 0.1475
0.5370 0.8953 0.2001
0.5371 0.9398 0.2037
0.5483 0.7457 0.1294
0.5482 -1.1604 0.1600
0.5552 0.3088 0.1608
0.5508 1.2467 0.2129
0.5702 -0.9087 0.1252
0.5576 -0.3428 0.1696
0.5746 -0.9832 0.1296
0.5810 -0.2792 0.2015
0.5800 -1.1794 0.1659
0.5822 -1.0698 0.1334
0.5872 1.1646 0.1606
0.5868 -1.0036 0.1327
0.5880 0.6786 0.1409
0.5855 1.0444 0.1858
0.5837 1.1153 0.1592
0.6026 -0.6123 0.2645
0.5910 0.2719 0.1851
0.6023 -0.9231 0.1319
0.5978 -0.8489 0.1413
0.6020 0.2528 0.2051
0.5960 0.7153 0.1253
0.5983 -0.4097 0.1588
0.6073 0.8244 0.1694
0.6020 1.1213 0.1542
0.6135 -1.0584 0.1338
0.6095 0.8646 0.1821
0.6176 -0.4564 0.1829
0.6173 0.3844 0.2350
0.6269 0.7117 0.1374
0.6220 -1.1618 0.1563
0.6372 0.9223 0.1990
0.6295 0.5760 0.2296
0.6323 -0.8848 0.1411
0.6407 -0.4896 0.2100
0.6396 0.6784 0.1486
0.6625 -0.8462 0.1500
0.6468 -1.1357 0.1451
0.6476 1.1344 0.1618
0.6519 -0.8179 0.1502
0.6488 -0.4243 0.1752
0.6565 -0.1596 0.2568
0.6575 -0.0968 0.3095
0.6550 1.1871 0.1745
0.6700 -1.0183 0.1556
0.6606 -0.3638 0.1755
0.6676 0.4872 0.2985
0.6758 -0.2498 0.2287
0.6818 1.2507 0.2288
0.6796 -0.3945 0.1794
0.6836 -0.0819 0.3243
0.6845 1.0150 0.2132
0.6894 -1.0865 0.1424
0.7052 -1.1256 0.1667
0.7054 -0.8105 0.1522
0.6985 0.7009 0.1729
0.7066 0.9368 0.2292
0.6984 1.2798 0.2625
0.7251 -1.0448 0.1388
0.7125 1.0910 0.2126
0.7139 -0.7321 0.1863
0.7260 -0.7693 0.1614
0.7409 0.7686 0.2023
0.7373 0.6127 0.2430
0.7427 -0.7507 0.1739
0.7587 -1.0523 0.1386
0.7561 0.7906 0.2190
0.7739 -0.7426 0.1868
0.7748 -0.9325 0.1619
0.7812 -0.2520 0.2546
0.7839 -0.9504 0.1434
0.7905 -1.0192 0.1228
0.7864 -0.9839 0.1212
0.7973 -0.4204 0.2908
0.7955 0.7675 0.2414
0.8104 -0.9949 0.1227
0.8323 -0.1942 0.2570
0.8420 -0.9787 0.1361
0.8593 0.9303 0.2029
0.8727 1.1091 0.2030
0.8576 0.9864 0.1988
0.8646 -0.8167 0.1686
0.8734 1.2110 0.2092
0.8722 0.4680 0.3005
0.8793 -1.0223 0.1706
0.8792 1.1716 0.2015
0.8823 0.9446 0.1880
0.8933 -0.7930 0.1631
0.8991 0.4477 0.2789
0.8979 -0.8325 0.1426
0.9006 1.0661 0.1978
0.9105 1.2221 0.1835
0.9126 -0.1371 0.2951
0.9346 -0.9245 0.1636
0.9224 -0.3104 0.2222
0.9234 0.2978 0.2625
0.9329 0.9636 0.1700
0.9321 -1.0290 0.2178
0.9375 -0.8380 0.1245
0.9586 0.1226 0.3596
0.9445 -0.8040 0.1412
0.9495 0.7700 0.2667
0.9506 0.8734 0.1846
0.9492 -0.2188 0.2140
0.9562 0.4282 0.2446
0.9638 -0.2590 0.1962
0.9611 0.1750 0.3258
0.9713 -0.8685 0.1256
0.9736 1.2235 0.1630
0.9796 -0.8804 0.1344
0.9821 0.9222 0.1715
0.9937 1.1313 0.2013
1.0241 -0.8839 0.1547
1.0051 0.3576 0.2153
1.0065 1.2786 0.1929
1.0176 -0.8342 0.1508
1.0189 -0.3134 0.2110
1.0263 -0.4034 0.2719
1.0292 0.8465 0.1984
1.0316 0.9982 0.2201
1.0334 1.2760 0.1956
1.0493 0.4268 0.2440
1.0455 0.6341 0.3286
1.0623 -0.3125 0.2258
1.0454 1.2174 0.1798
1.0568 0.9267 0.1878
1.0762 -0.2852 0.2285
1.0673 -1.0372 0.2932
1.0689 1.1988 0.1962
1.1002 -0.8277 0.1731
1.0790 0.3186 0.2279
1.0907 0.3556 0.2385
1.1012 0.8688 0.2079
1.1116 0.2931 0.2462
1.1065 -0.2359 0.2601
1.1086 1.2760 0.2432
1.1364 -0.8611 0.1760
1.1139 0.8059 0.2522
1.1204 0.0342 0.3514
1.1289 -0.0669 0.3411
1.1367 0.6348 0.3537
1.1343 -0.9407 0.2302
1.1552 -0.8180 0.1700
1.1552 -0.5021 0.3468
1.1722 -0.7150 0.2128
1.1797 -0.7445 0.1964
1.1834 0.9257 0.2294
1.1884 1.0155 0.2264
1.1851 1.0487 0.2283
1.1917 0.9950 0.2268
1.2160 -0.7665 0.2092
1.2084 -0.6590 0.2622
1.2234 -0.8566 0.2304
1.2113 0.6232 0.4132
1.2135 1.1089 0.2599
1.2150 0.2654 0.3482
1.2181 -0.0437 0.4135
1.2125 -0.5561 0.3562
1.2143 0.1496 0.3551
1.2233 1.2014 0.2987
