points 
 2 
 1 
Tumour[19065]FoxP310NNCodensity
-1.2389 -0.3427 0.7253
-1.2236 -0.4635 0.7748
-1.1155 0.5890 0.5338
-1.1123 0.8075 0.4695
-1.1151 1.0210 0.6360
-1.0669 0.2242 0.6292
-1.0474 0.8251 0.4134
-0.9901 -0.4261 0.5723
-0.9920 0.5467 0.4672
-0.9523 -0.3737 0.5244
-0.9255 -0.2846 0.4741
-0.9099 0.7115 0.3397
-0.9037 0.0615 0.4148
-0.8820 0.0360 0.3892
-0.8786 -0.0110 0.3897
-0.8333 0.9633 0.4344
-0.8270 -0.8317 0.7230
-0.8159 0.7380 0.3061
-0.7610 0.7845 0.2830
-0.7268 0.5397 0.4388
-0.7056 -0.0823 0.3175
-0.7072 0.7468 0.2642
-0.6925 0.7837 0.2631
-0.6611 0.1957 0.4334
-0.6475 -0.0894 0.2970
-0.6429 -0.8820 0.5597
-0.6431 0.2030 0.4451
-0.6277 -0.1143 0.3045
-0.5909 0.7730 0.2598
-0.5887 0.8374 0.2743
-0.5692 -0.0676 0.2658
-0.5408 -0.4256 0.4948
-0.5309 0.6983 0.3082
-0.5181 -0.0170 0.2637
-0.4622 -0.0509 0.2663
-0.4615 0.8155 0.2829
-0.4543 -0.8344 0.4390
-0.4523 -0.5883 0.5115
-0.4512 -0.0632 0.2669
-0.4448 0.9144 0.3282
-0.4405 -0.3650 0.4260
-0.4208 -0.6787 0.4974
-0.4168 0.8172 0.3018
-0.4043 -0.8685 0.4327
-0.3754 -0.1525 0.3129
-0.3677 0.0480 0.4000
-0.3682 -1.1236 0.4838
-0.3484 1.0865 0.5515
-0.3455 -1.0264 0.4301
-0.3352 -1.0746 0.4384
-0.3319 0.7505 0.3746
-0.2918 0.3925 0.5464
-0.2740 -0.2395 0.3957
-0.2729 -0.2275 0.3910
-0.2640 0.9217 0.4358
-0.2177 0.4059 0.5368
-0.1590 0.4019 0.5400
-0.1190 0.7727 0.5321
-0.0990 -1.0005 0.4048
-0.0624 0.5710 0.5424
-0.0530 -0.3352 0.4836
-0.0261 -0.0440 0.5039
-0.0127 -1.2625 0.3617
-0.0024 -1.2812 0.3801
-0.0056 -1.0047 0.3525
0.0053 -1.2212 0.3292
0.0055 -1.1296 0.3116
0.0303 -1.2285 0.3291
0.0298 -0.3542 0.4847
0.0378 -0.3128 0.4526
0.1147 0.1193 0.5157
0.1824 -0.8989 0.4358
0.1869 0.3999 0.5828
0.1939 -1.0592 0.3615
0.1987 -0.9279 0.4107
0.2169 0.0294 0.4174
0.2555 -0.2106 0.3452
0.2593 -0.9225 0.4555
0.3170 0.4370 0.5697
0.3136 1.1525 1.0166
0.3232 -1.2821 0.5169
0.3221 -0.1802 0.2944
0.3400 -0.1218 0.2953
0.3615 -0.1472 0.2797
0.3722 0.0503 0.4060
0.4461 -1.1939 0.5066
0.4493 -0.2300 0.2924
0.4674 -0.3432 0.3644
0.4965 -0.3329 0.3589
0.5123 -0.3558 0.3886
0.5292 0.6853 0.5076
0.5464 -0.0403 0.3545
0.5567 0.5708 0.4424
0.5849 0.3828 0.4819
0.6237 -0.6907 0.6914
0.6376 -1.1718 0.5772
0.6481 -1.1318 0.5655
0.6506 -0.0406 0.3614
0.6590 0.4415 0.4094
0.6924 -1.1449 0.6087
0.7062 -0.0055 0.3862
0.7333 0.6780 0.3558
0.7495 -0.0441 0.3776
0.7845 -0.1171 0.3799
0.8288 0.9062 0.3349
0.8368 0.5008 0.3343
0.8422 0.5346 0.3192
0.8437 0.8519 0.3023
0.8899 -0.1528 0.4376
0.8956 1.0902 0.4861
0.9030 0.7499 0.2668
0.9041 0.5240 0.3227
0.9168 -0.1353 0.4559
0.9314 -0.6401 0.7146
0.9361 0.5135 0.3400
0.9428 0.7744 0.2632
0.9458 0.7899 0.2650
0.9699 -0.9320 0.8084
0.9844 0.8176 0.2858
0.9898 0.9589 0.3419
1.0541 1.0681 0.4949
1.0517 0.0889 0.6178
1.1084 -0.6312 0.8287
1.1252 0.4742 0.5112
1.1288 -0.3192 0.7070
1.1550 0.7086 0.4577
