points 
 2 
 1 
Tumour[19065]FoxP310NNCodensity
-1.0572 0.0644 0.4400
-1.0378 0.7461 0.4870
-1.0122 0.1434 0.3395
-0.9593 0.0125 0.4226
-0.9567 0.1356 0.2984
-0.9151 1.4785 0.8421
-0.8894 -0.4536 0.5910
-0.8885 0.3794 0.2010
-0.8752 0.5363 0.2482
-0.8606 0.7377 0.3219
-0.8573 0.8638 0.4065
-0.8531 0.6318 0.2669
-0.8417 0.1473 0.2803
-0.8249 0.4428 0.1622
-0.8096 0.2308 0.2119
-0.8090 0.4179 0.1432
-0.8081 0.4518 0.1657
-0.7985 0.3616 0.1320
-0.7987 1.5225 0.7553
-0.7964 0.2492 0.1974
-0.7980 0.3269 0.1428
-0.7877 0.9739 0.4561
-0.7879 0.2812 0.1736
-0.7673 0.3902 0.1466
-0.7639 0.6456 0.2564
-0.7460 0.3998 0.1706
-0.7356 0.6496 0.2690
-0.7114 0.6069 0.2608
-0.6853 -0.8679 0.2944
-0.6787 1.0785 0.5404
-0.6770 -0.4889 0.3445
-0.6421 -0.2226 0.4661
-0.6271 -0.8039 0.1889
-0.6141 -0.7428 0.1756
-0.6101 -0.7991 0.1767
-0.6079 -0.6362 0.1857
-0.6073 -0.7078 0.1647
-0.6035 1.1031 0.5515
-0.5980 -0.2831 0.4151
-0.5874 0.5908 0.3801
-0.5910 1.4466 0.5558
-0.5613 -0.6145 0.1752
-0.5604 -0.1794 0.4322
-0.5442 -0.6694 0.1506
-0.5406 -0.6214 0.1690
-0.5252 1.0059 0.5758
-0.5200 -0.6448 0.1624
-0.5203 -0.8761 0.2261
-0.5171 -0.8593 0.2119
-0.5088 -0.4593 0.3054
-0.5113 0.0546 0.4961
-0.4952 -0.7960 0.1860
-0.4712 -0.7801 0.1984
-0.4470 -0.6372 0.1975
-0.4295 0.1401 0.5236
-0.3992 -0.5476 0.2428
-0.3866 0.5594 0.5455
-0.3816 -0.7387 0.2116
-0.3375 -0.6676 0.2046
-0.3376 -0.2738 0.3216
-0.3334 -0.8577 0.2275
-0.3153 -0.3934 0.2547
-0.3016 -0.5811 0.2303
-0.3013 0.2938 0.5324
-0.2991 1.3939 0.3917
-0.2972 1.4148 0.3971
-0.2879 -0.3670 0.2554
-0.2900 -0.0685 0.4376
-0.2823 -0.5795 0.2337
-0.2686 -0.7542 0.1594
-0.2622 1.4143 0.4033
-0.2605 -0.7470 0.1605
-0.2496 -0.7639 0.1563
-0.2444 1.5185 0.4887
-0.2408 -0.8556 0.2112
-0.2313 -0.3478 0.2473
-0.2318 1.3002 0.4256
-0.2187 -0.8003 0.1730
-0.2145 -0.8384 0.2010
-0.2043 -0.3587 0.2409
-0.2007 1.5404 0.5379
-0.1710 0.7722 0.4576
-0.1664 -0.6753 0.2284
-0.1690 -0.5726 0.2986
-0.1538 -0.3460 0.2365
-0.1477 0.2028 0.3633
-0.1478 0.7636 0.4414
-0.1394 1.2753 0.4875
-0.1328 0.8246 0.4440
-0.0881 -0.7482 0.2639
-0.0890 -0.0054 0.2762
-0.0871 -0.2499 0.2644
-0.0712 0.6807 0.4392
-0.0442 -0.0270 0.2587
-0.0305 -0.2282 0.2749
-0.0176 -0.3450 0.2295
-0.0069 0.1085 0.1766
0.0005 0.1183 0.1770
0.0016 0.0310 0.1925
0.0135 -0.3035 0.2340
0.0195 -0.7024 0.3414
0.0312 -0.8668 0.3983
0.0292 0.0730 0.1606
0.0353 -0.3155 0.2368
0.0404 0.9971 0.4755
0.0841 0.0783 0.1710
0.0856 0.2180 0.2608
0.0940 0.1431 0.1868
0.0921 -0.4614 0.2950
0.1144 0.0922 0.1819
0.1201 0.6431 0.4427
0.1249 -0.3860 0.2721
0.1530 -0.7523 0.4037
0.1650 -0.3688 0.3069
0.1665 0.1333 0.2273
0.1736 0.9593 0.4471
0.1867 0.7169 0.4060
0.1891 -0.5016 0.3265
0.1968 -0.7195 0.3986
0.2131 0.9224 0.4387
0.2410 -0.5713 0.3631
0.2674 0.0686 0.3169
0.2824 -0.0327 0.3410
0.2828 0.7321 0.4785
0.3242 0.8268 0.5142
0.4038 -0.0363 0.3981
0.4260 -0.1231 0.3810
0.4609 -0.5267 0.4266
0.4651 -0.0958 0.3642
0.5167 -0.4396 0.4191
0.5250 -0.7653 0.3369
0.5505 -0.3731 0.3736
0.5948 -0.7690 0.2613
0.6073 0.3533 0.5097
0.6123 0.3050 0.4615
0.6167 -0.8216 0.2573
0.6163 -0.8054 0.2485
0.6173 -0.7556 0.2509
0.6372 -0.2141 0.2722
0.6592 -0.2487 0.2752
0.6935 0.3790 0.4942
0.7080 -0.2984 0.3057
0.7119 -0.1949 0.2501
0.7460 -0.8315 0.2310
0.7528 -0.0479 0.2057
0.7567 0.1008 0.2809
0.7630 -0.0803 0.2088
0.7789 -0.0343 0.1971
0.7873 -0.7391 0.2235
0.7929 0.3103 0.4182
0.8047 -0.8092 0.2200
0.8072 -0.0111 0.2048
0.8072 -0.2237 0.2807
0.8232 -0.8051 0.2210
0.8359 0.0170 0.2310
0.8357 0.1242 0.3009
0.8630 -0.6525 0.2210
0.8650 -0.0032 0.2441
0.8974 -0.7831 0.2052
0.9248 -0.7604 0.2017
0.9481 -0.6679 0.1784
0.9695 -0.2984 0.3894
0.9746 -0.5380 0.2672
0.9775 -0.6706 0.1846
0.9811 1.2030 0.8467
0.9889 -0.6103 0.2127
0.9938 -0.6680 0.1960
1.0046 1.2448 0.8502
1.0297 -0.3935 0.3695
1.0306 -0.2243 0.4124
1.0482 -0.5961 0.2684
1.0494 1.3592 0.9033
1.0658 1.3610 0.9122
1.0701 1.3689 0.9220
1.1157 0.2143 0.5302
1.1235 0.2440 0.5574
1.1946 0.0072 0.5446
1.2153 -0.2556 0.5686
1.2963 1.3796 1.1964
