points 
 2 
 1 
Tumour[19065]CD6810NNCodensity
-1.3250 -0.1855 0.2601
-1.3249 -0.0948 0.2086
-1.3168 0.4105 0.2811
-1.3324 1.3467 0.3700
-1.3215 0.9539 0.3855
-1.3213 0.7666 0.2661
-1.3016 -0.0942 0.1859
-1.3035 0.0114 0.2129
-1.3028 1.2798 0.3060
-1.3026 0.6740 0.2275
-1.2901 0.7419 0.2414
-1.2864 0.2432 0.3113
-1.2810 1.0310 0.4020
-1.2798 0.1555 0.2810
-1.2823 0.5432 0.2216
-1.2815 0.6055 0.2080
-1.2679 -0.3695 0.3243
-1.2648 1.2580 0.2816
-1.2623 0.9562 0.3790
-1.2595 0.5732 0.2097
-1.2463 0.1386 0.2572
-1.2361 -0.0078 0.1777
-1.2378 0.6899 0.2189
-1.2349 -0.1490 0.1975
-1.2286 -0.3384 0.2786
-1.2217 -0.9964 0.6706
-1.2226 -0.0790 0.1632
-1.2217 0.7569 0.2595
-1.2156 0.3430 0.2524
-1.2123 1.3484 0.2860
-1.2043 0.0017 0.1890
-1.1984 -0.3531 0.2817
-1.1966 0.4604 0.2071
-1.1870 0.0337 0.2105
-1.1804 -0.1386 0.2107
-1.1712 -0.3287 0.2746
-1.1764 0.5011 0.2139
-1.1689 1.3392 0.2681
-1.1595 0.3889 0.2317
-1.1483 1.2948 0.2633
-1.1445 0.4315 0.2239
-1.1250 1.3085 0.2696
-1.1252 -0.1276 0.2601
-1.0963 -0.5438 0.3417
-1.0927 1.3493 0.3042
-1.0690 -0.6138 0.3098
-1.0607 0.0821 0.3163
-1.0520 0.6412 0.3225
-1.0397 -0.7307 0.2731
-1.0434 0.4146 0.2798
-1.0396 0.2255 0.3537
-1.0140 -0.3866 0.3739
-0.9686 0.6804 0.3163
-0.9538 0.4171 0.3331
-0.9523 -0.6314 0.2101
-0.9392 0.0307 0.4225
-0.9323 0.8773 0.4289
-0.8958 -0.6768 0.1525
-0.9032 0.7097 0.3174
-0.9031 0.5255 0.3306
-0.9019 -0.7472 0.1434
-0.9010 1.2924 0.3908
-0.8981 -0.7144 0.1409
-0.8950 -0.1659 0.4383
-0.8906 -0.8141 0.1734
-0.8687 -0.6695 0.1435
-0.8640 -0.7975 0.1460
-0.8415 -0.8141 0.1611
-0.8383 -0.9899 0.2659
-0.8274 0.7345 0.3358
-0.8212 -0.6480 0.1436
-0.8152 -0.8228 0.1825
-0.8205 -0.7425 0.1380
-0.8196 1.3353 0.3794
-0.8148 -0.5776 0.1821
-0.8079 -1.0694 0.2711
-0.7955 -0.5338 0.2328
-0.7887 0.3275 0.3487
-0.7787 -1.0301 0.2231
-0.7831 -0.3375 0.3886
-0.7822 0.7107 0.3355
-0.7646 -0.7132 0.1667
-0.7607 -0.5658 0.2132
-0.7474 -0.6835 0.1762
-0.7470 -0.6597 0.1724
-0.7383 -1.0818 0.2176
-0.7414 0.6642 0.3435
-0.7136 1.0625 0.2715
-0.7055 1.0905 0.2420
-0.6694 -0.9841 0.1430
-0.6772 1.1600 0.1972
-0.6693 1.1809 0.1955
-0.6627 0.2100 0.2210
-0.6568 1.3221 0.2950
-0.6383 1.0976 0.2162
-0.6368 -0.9836 0.1119
-0.6279 -0.1472 0.3693
-0.6303 -1.0166 0.1114
-0.6366 1.3067 0.2770
-0.6253 1.1639 0.1995
-0.6202 0.3913 0.1604
-0.6188 0.4586 0.1823
-0.6203 -0.2465 0.3554
-0.6136 -0.9579 0.1120
-0.6154 -0.2120 0.3622
-0.6026 -1.0551 0.1327
-0.6162 0.4343 0.1681
-0.6065 -1.0033 0.0951
-0.5981 0.1768 0.1892
-0.5994 1.1317 0.2152
-0.5931 -0.9206 0.1453
-0.5780 -0.1650 0.3704
-0.5817 0.2781 0.1269
-0.5841 0.3102 0.1265
-0.5786 -0.9973 0.0989
-0.5770 0.9034 0.4295
-0.5598 0.2224 0.1354
-0.5695 0.4617 0.1544
-0.5617 -1.0506 0.1277
-0.5548 0.1537 0.2091
-0.5487 -0.9800 0.1101
-0.5489 0.2811 0.1113
-0.5279 0.2401 0.1330
-0.5384 -0.5698 0.3865
-0.5408 0.3656 0.1186
-0.5357 0.5697 0.2710
-0.5315 0.3075 0.1047
-0.5252 0.3764 0.1216
-0.5087 0.3371 0.1121
-0.5132 0.4868 0.1732
-0.5148 -0.9388 0.1156
-0.5068 -1.0315 0.1228
-0.4937 -0.1059 0.4049
-0.4832 -0.9831 0.1012
-0.4798 -1.0206 0.1219
-0.4735 -0.9433 0.0953
-0.4844 -0.8936 0.1327
-0.4814 0.4206 0.1362
-0.4539 -1.0037 0.1196
-0.4654 0.2936 0.1448
-0.4675 0.3790 0.1206
-0.4548 -0.9201 0.1007
-0.4576 1.2348 0.3531
-0.4397 -0.4421 0.4044
-0.4372 -0.4938 0.4073
-0.4380 0.4249 0.1522
-0.4324 -0.9382 0.0984
-0.4309 -0.9066 0.1047
-0.4212 1.3437 0.4525
-0.4069 0.3330 0.1616
-0.4091 0.3680 0.1490
-0.3879 -0.9320 0.0962
-0.3820 -1.0819 0.1703
-0.3731 -1.0456 0.1440
-0.3595 -0.9122 0.0847
-0.3657 -0.8756 0.1056
-0.3541 -0.9480 0.0967
-0.3515 0.3955 0.2268
-0.3414 -1.0024 0.1256
-0.3461 -0.8851 0.0948
-0.3354 -1.0902 0.1608
-0.3270 -0.9562 0.1067
-0.3260 -0.8775 0.1088
-0.3232 -0.4502 0.3578
-0.3171 -0.9239 0.0997
-0.2917 -1.0419 0.1316
-0.2882 -0.8917 0.1299
-0.2872 0.1206 0.3180
-0.2584 -1.0850 0.1583
-0.2551 -1.0451 0.1464
-0.2087 -0.0122 0.2774
-0.2246 -1.0714 0.1713
-0.2334 -0.8185 0.2163
-0.2144 -0.6956 0.1928
-0.2162 -0.5365 0.2331
-0.2183 1.1047 0.3070
-0.2115 0.0973 0.2523
-0.1979 0.1590 0.2534
-0.1936 -0.2561 0.4222
-0.1973 0.2003 0.2596
-0.1842 -1.0156 0.1961
-0.1806 1.0501 0.3065
-0.1771 1.1031 0.2729
-0.1711 -0.0593 0.2773
-0.1678 -0.6987 0.1499
-0.1560 -0.6597 0.1301
-0.1445 1.1206 0.2507
-0.1371 -0.6012 0.1231
-0.1228 -0.6529 0.1156
-0.1265 -1.0742 0.2683
-0.1160 -0.7576 0.1590
-0.1083 0.3697 0.2521
-0.1002 -0.7895 0.1552
-0.1020 -0.5841 0.1150
-0.1041 -0.9546 0.2421
-0.1038 -0.6303 0.1119
-0.0814 -0.5342 0.1521
-0.0759 -0.6053 0.1160
-0.0763 0.0805 0.2391
-0.0716 -0.6851 0.1440
-0.0681 -0.1506 0.2964
-0.0662 -0.5618 0.1362
-0.0641 0.2678 0.1924
-0.0584 -0.8153 0.1228
-0.0533 1.1524 0.2080
-0.0484 -0.8680 0.1486
-0.0468 -0.5248 0.1737
-0.0464 0.3845 0.2237
-0.0441 0.4404 0.2658
-0.0373 0.3110 0.1865
-0.0337 0.7818 0.3791
-0.0362 1.1611 0.2072
-0.0256 -0.7949 0.1063
-0.0292 0.0262 0.2426
-0.0159 0.1973 0.2036
-0.0173 0.8033 0.3693
-0.0036 -0.6994 0.1626
-0.0109 -0.0989 0.2639
-0.0121 0.0071 0.2513
-0.0099 1.1846 0.2204
-0.0057 1.2485 0.2675
-0.0064 0.2437 0.1904
0.0004 -0.7945 0.1028
0.0043 0.7799 0.3567
0.0069 -0.8342 0.1080
0.0088 0.2354 0.1958
0.0099 1.1415 0.2362
0.0154 -0.7738 0.1152
0.0184 -0.7577 0.1262
0.0196 -0.8771 0.1328
0.0238 -0.4618 0.2325
0.0170 0.6068 0.3447
0.0446 -0.8233 0.1212
0.0462 0.6961 0.3457
0.0595 -0.3365 0.2437
0.0577 -0.9569 0.1480
0.0588 -0.6393 0.1749
0.0704 0.1982 0.2379
0.0648 1.3848 0.3936
0.0767 -0.8832 0.1357
0.0772 -0.9550 0.1329
0.0833 -0.4313 0.2178
0.0972 -0.6341 0.1615
0.0848 0.3869 0.2275
0.0948 -0.9907 0.1466
0.0984 0.0701 0.2902
0.1098 -0.9352 0.1226
0.1186 -0.7489 0.1556
0.1214 -0.1899 0.1995
0.1222 1.1807 0.2706
0.1343 -0.8609 0.1691
0.1357 -0.1497 0.1868
0.1372 -0.6514 0.1387
0.1436 -0.9659 0.1211
0.1515 -0.7552 0.1608
0.1490 0.3716 0.2478
0.1465 -0.6839 0.1343
0.1564 -0.3198 0.1740
0.1598 -0.6316 0.1461
0.1598 -0.4145 0.1673
0.1607 0.3465 0.2575
0.1603 0.4111 0.2719
0.1662 -0.6872 0.1391
0.1749 -0.9883 0.1299
0.1925 -0.9559 0.1314
0.1857 -0.1252 0.1692
0.1898 -0.4608 0.1596
0.1915 -0.1021 0.1891
0.1982 -0.3734 0.1466
0.2191 -0.3279 0.1408
0.2063 -1.0093 0.1567
0.2171 -0.1372 0.1578
0.2205 -0.3029 0.1433
0.2234 -0.7847 0.1844
0.2249 -0.5488 0.1603
0.2284 -0.2073 0.1495
0.2273 0.8161 0.3454
0.2370 -0.9985 0.1605
0.2437 -0.8279 0.1959
0.2457 -0.9490 0.1575
0.2477 -0.6341 0.1687
0.2474 -0.1241 0.1798
0.2483 1.1603 0.2547
0.2531 0.8732 0.3646
0.2549 -0.5404 0.1535
0.2599 -0.4480 0.1383
0.2598 -0.2546 0.1504
0.2623 -0.4707 0.1386
0.2716 -0.2226 0.1600
0.2741 1.3431 0.2227
0.2831 -0.4761 0.1479
0.2884 -0.8917 0.1926
0.2863 -0.3193 0.1573
0.2958 -0.3628 0.1677
0.2921 1.2073 0.1850
0.2981 0.4497 0.3340
0.2988 1.2668 0.1623
0.3089 0.7332 0.3507
0.2990 1.2254 0.1685
0.3126 -0.7694 0.1737
0.3139 -0.5045 0.1671
0.3268 -0.6142 0.1569
0.3338 0.8256 0.3483
0.3323 1.3644 0.2000
0.3337 0.5182 0.3408
0.3352 1.2807 0.1492
0.3431 -0.7024 0.1382
0.3399 -0.6715 0.1378
0.3545 -1.0163 0.2405
0.3590 -0.6831 0.1320
0.3629 -0.2471 0.2120
0.3701 -0.9776 0.2258
0.3897 -0.7159 0.1551
0.3869 -0.6718 0.1410
0.4084 1.2298 0.1639
0.4055 -0.8674 0.2110
0.4038 -0.0268 0.2353
0.4150 -0.5725 0.1894
0.4112 -0.3721 0.2231
0.4119 0.0005 0.2326
0.4137 0.2694 0.3651
0.4185 1.3787 0.2195
0.4236 -0.7562 0.1934
0.4209 1.0287 0.3491
0.4240 1.2876 0.1537
0.4343 1.2142 0.1840
0.4409 -0.1066 0.2196
0.4427 1.2790 0.1654
0.4600 -0.4660 0.2211
0.4620 -0.5710 0.2052
0.4674 -0.1754 0.2425
0.4660 1.3077 0.1910
0.4690 -0.9053 0.2106
0.4712 -0.3743 0.2534
0.4714 0.7586 0.3136
0.4819 -0.2676 0.2665
0.5078 -0.5027 0.2438
0.5000 0.0792 0.1902
0.5071 -0.1048 0.2112
0.5070 -0.8809 0.2054
0.5089 0.5636 0.2799
0.5492 0.1098 0.1636
0.5304 -1.0981 0.3032
0.5247 0.5401 0.2725
0.5397 -0.9154 0.1996
0.5395 0.4571 0.2940
0.5358 0.6013 0.2782
0.5419 0.0219 0.1748
0.5477 1.1553 0.2888
0.5543 -0.5516 0.2930
0.5607 0.2083 0.2014
0.5592 -0.8812 0.1992
0.5571 0.0782 0.1657
0.5657 -0.0146 0.1865
0.5777 -0.0810 0.2091
0.5854 0.1388 0.1559
0.5837 0.8146 0.2399
0.5991 0.8916 0.1880
0.6087 1.0105 0.2379
0.6236 1.3068 0.3042
0.6302 -1.0519 0.2084
0.6102 0.9022 0.1804
0.6170 -0.9891 0.1934
0.6170 0.2358 0.2098
0.6359 0.1527 0.1651
0.6597 -0.9092 0.1921
0.6679 1.3358 0.3425
0.6772 -0.0289 0.2072
0.6698 -0.8497 0.2312
0.6712 0.8807 0.1684
0.6755 0.1216 0.1908
0.6764 0.2154 0.1967
0.6726 0.8633 0.1764
0.6829 0.5510 0.2115
0.6779 0.9685 0.1931
0.6862 -0.8118 0.2747
0.6968 -1.0903 0.2236
0.7104 0.8913 0.1816
0.7056 -0.1049 0.2611
0.7053 0.5388 0.1937
0.7093 -0.0395 0.2170
0.7134 -1.0662 0.2064
0.7209 0.4299 0.2317
0.7193 1.0377 0.2502
0.7302 -0.9710 0.1943
0.7378 -0.9947 0.1937
0.7490 0.4647 0.1887
0.7828 -0.5219 0.3538
0.7622 0.1761 0.2317
0.7563 0.6098 0.1881
0.7638 -0.0298 0.2230
0.7652 0.8632 0.2364
0.7693 0.2126 0.2457
0.7829 1.3812 0.4446
0.7895 0.4930 0.1650
0.7833 -0.5969 0.3324
0.7915 0.6679 0.2099
0.7877 -0.6296 0.3359
0.7917 -1.1047 0.2803
0.8269 0.4956 0.1726
0.8291 0.3093 0.3007
0.8266 1.0990 0.2944
0.8383 -0.4964 0.3829
0.8354 0.7444 0.2224
0.8402 0.5996 0.1648
0.8459 0.0178 0.2031
0.8501 0.5314 0.1675
0.8468 1.3587 0.4504
0.8588 1.0865 0.2785
0.8646 0.6693 0.1789
0.8643 -0.9892 0.2813
0.8799 -0.4508 0.4176
0.8861 0.5383 0.1882
0.8848 -0.0001 0.1942
0.8979 0.0815 0.1803
0.9059 0.0422 0.1676
0.9276 0.6087 0.1833
0.9407 1.0640 0.2414
0.9376 0.0157 0.1718
0.9524 -0.7630 0.4123
0.9597 0.7824 0.1225
0.9652 0.6742 0.1472
0.9672 0.9743 0.2297
0.9725 0.7112 0.1292
0.9746 0.7961 0.1111
1.0011 1.0684 0.2319
0.9928 0.8381 0.1199
0.9948 0.7371 0.1095
0.9941 0.0582 0.1517
0.9986 0.1963 0.2049
1.0050 0.1238 0.1428
1.0035 0.8146 0.1006
1.0123 0.7814 0.0990
1.0171 -1.0122 0.2079
1.0196 -1.0552 0.2233
1.0200 0.6769 0.1279
1.0208 0.1494 0.1555
1.0328 1.0654 0.2357
1.0283 0.1038 0.1435
1.0350 0.8144 0.1023
1.0428 0.8861 0.1603
1.0435 0.0138 0.1940
1.0573 -1.0709 0.2388
1.0422 -0.9974 0.2054
1.0555 0.7477 0.1181
1.0560 -0.3239 0.4704
1.0468 0.5241 0.2434
1.0586 0.6682 0.1396
1.0562 0.1613 0.1699
1.0834 1.0626 0.2620
1.0707 -0.9344 0.2432
1.0672 0.6348 0.1692
1.0770 0.8307 0.1214
1.0864 0.7008 0.1394
1.0868 -0.9248 0.2605
1.0875 0.4551 0.2953
1.1021 0.8467 0.1513
1.1027 -1.0659 0.2618
1.1012 -0.0547 0.2852
1.1035 0.3129 0.2832
1.1098 0.7512 0.1436
1.1084 0.1016 0.1925
1.1284 0.7868 0.1603
1.1359 1.0604 0.3094
1.1241 -0.2453 0.4419
1.1424 -0.1849 0.4001
1.1482 0.3127 0.3022
1.1559 0.4979 0.3133
1.1578 -1.0239 0.3051
1.1582 0.1448 0.2450
