points 
 2 
 1 
Tumour[19065]FoxP310NNCodensity
-1.1970 0.4758 0.5536
-1.1792 0.9336 0.4949
-1.1572 0.9450 0.4658
-1.1469 -0.3873 0.5314
-1.1397 0.0439 0.6006
-1.1259 -0.7789 0.3631
-1.0943 -0.4031 0.4807
-1.0933 -0.9313 0.4166
-1.0921 -0.7309 0.3163
-1.0858 0.0254 0.5922
-1.0693 0.3987 0.4605
-1.0514 0.9225 0.3411
-1.0456 0.4632 0.4728
-1.0394 0.9265 0.3328
-1.0249 0.8892 0.3301
-1.0142 0.3082 0.4735
-1.0124 -0.6164 0.3236
-1.0069 -0.8244 0.3059
-0.9974 -0.7273 0.2827
-0.9953 0.4408 0.4702
-0.9764 -0.7347 0.2829
-0.9651 0.2976 0.4882
-0.9104 -0.7697 0.3108
-0.8922 -1.1208 0.4361
-0.8886 -0.2876 0.5364
-0.8828 -0.5151 0.3877
-0.8249 0.8920 0.2505
-0.8127 0.9202 0.2457
-0.7663 -0.3611 0.5406
-0.7575 0.9048 0.2275
-0.7458 -0.9399 0.2554
-0.7478 -1.0277 0.2431
-0.7299 0.9020 0.2197
-0.7211 0.8823 0.2272
-0.7134 0.9131 0.2230
-0.7092 -1.0059 0.2218
-0.7109 -0.5162 0.4856
-0.6769 -0.9132 0.2652
-0.6751 -1.0696 0.2494
-0.6746 -0.8781 0.2971
-0.6672 0.8265 0.2961
-0.6638 0.1887 0.6949
-0.6299 -1.0874 0.2832
-0.6167 -1.0328 0.2588
-0.5894 1.0315 0.3380
-0.5523 -1.0766 0.3419
-0.5403 1.0138 0.3511
-0.4695 0.9468 0.3893
-0.4626 -0.6793 0.3352
-0.4292 -0.5679 0.3139
-0.4138 -0.1345 0.5030
-0.3953 -0.7298 0.2944
-0.3831 -0.1061 0.5137
-0.3366 -0.6296 0.2038
-0.3260 -0.1974 0.4182
-0.3150 -0.5737 0.2196
-0.3013 -0.1637 0.4365
-0.2978 1.1492 0.4665
-0.2911 0.3528 0.3865
-0.2863 0.8995 0.4390
-0.2692 0.5694 0.4084
-0.2604 -0.7102 0.2260
-0.2568 -0.2543 0.3830
-0.2406 -0.6522 0.1933
-0.2382 -0.7206 0.2446
-0.2371 0.3616 0.3260
-0.2174 -0.6093 0.1961
-0.1982 -0.5554 0.2280
-0.1924 0.3983 0.2790
-0.1723 -0.5597 0.2430
-0.1734 0.6724 0.4619
-0.1447 1.0606 0.3587
-0.1453 0.3967 0.2646
-0.1431 -0.5080 0.2901
-0.1404 0.3659 0.2765
-0.1021 1.0461 0.3414
-0.0917 1.1505 0.4183
-0.0849 0.4969 0.3178
-0.0767 -0.3144 0.4338
-0.0721 1.0381 0.3362
-0.0666 0.3689 0.2951
0.0186 0.9534 0.3368
0.0242 -0.3572 0.4294
0.0383 -0.7623 0.4206
0.1148 -0.6420 0.3617
0.1176 0.9439 0.2914
0.1184 0.3403 0.3394
0.1528 0.3767 0.3655
0.1508 0.9387 0.2782
0.1601 0.1674 0.4149
0.1783 0.2612 0.3611
0.2063 -0.5040 0.3725
0.2171 -0.7726 0.3187
0.2316 -0.7920 0.3253
0.2473 0.9553 0.2748
0.2623 -0.4747 0.3944
0.2622 0.7880 0.2198
0.2650 -0.7545 0.3064
0.2742 0.3055 0.3709
0.2752 0.8506 0.2074
0.2829 -0.2687 0.4019
0.2814 0.7865 0.2134
0.2851 -0.4853 0.3950
0.2954 0.8228 0.2037
0.3101 0.9530 0.2892
0.3435 -0.7934 0.3443
0.3505 0.2231 0.3658
0.3715 -0.1233 0.2887
0.3706 0.7097 0.2589
0.3960 -0.0914 0.2633
0.3962 0.7364 0.2534
0.4146 0.1426 0.3602
0.4154 -0.7939 0.3729
0.4187 0.7216 0.2695
0.4527 0.6469 0.3050
0.4654 -0.9394 0.3720
0.4866 -0.1467 0.2002
0.4873 -0.0749 0.2041
0.5105 -0.0874 0.1897
0.5175 -0.1235 0.1815
0.5492 -0.9660 0.4142
0.5579 -1.0781 0.4944
0.5542 0.1831 0.3361
0.5619 0.5050 0.2122
0.5695 0.0020 0.2811
0.5697 -1.0100 0.4472
0.5727 -1.1073 0.5362
0.5830 0.3345 0.2424
0.5988 -0.2073 0.2450
0.6134 -0.1495 0.2203
0.6176 0.5407 0.1773
0.6262 0.3822 0.1858
0.6339 0.5138 0.1448
0.6382 -0.1896 0.2581
0.6469 -0.4698 0.5281
0.6475 0.4990 0.1342
0.6655 0.4388 0.1416
0.6728 0.3675 0.1766
0.6796 0.5422 0.1601
0.6823 0.2600 0.2606
0.6976 0.5161 0.1478
0.7066 -0.1723 0.3194
0.7359 0.3973 0.1750
0.7407 0.4742 0.1553
0.7483 0.2549 0.2838
0.7646 0.4433 0.1738
0.8163 0.6131 0.3179
0.8364 0.4331 0.2521
0.9197 -0.0506 0.4555
0.9336 -0.6130 0.4335
0.9357 -0.5112 0.4092
0.9379 -0.4521 0.4132
0.9467 0.2181 0.3909
0.9760 0.3798 0.3579
0.9924 -0.0841 0.4549
1.0057 -0.6817 0.4338
1.0434 0.3506 0.4261
1.0762 -0.8117 0.5455
1.0801 -0.3359 0.3761
1.0944 -0.2083 0.4086
1.1100 0.2319 0.5041
1.1637 -0.0952 0.4919
1.1957 -0.5471 0.3923
1.2165 -0.3826 0.4044
1.2411 -0.8551 0.6504
1.2501 -0.3450 0.4392
1.2673 -0.6110 0.4614
