points 
 2 
 1 
Tumour[19065]CD810NNCodensity
-1.2926 -0.2134 0.3865
-1.2885 -0.7959 0.3928
-1.2797 -1.0341 0.4012
-1.2731 0.0461 0.3904
-1.2627 0.4507 0.3027
-1.2347 -0.0229 0.3396
-1.2305 -1.3239 0.4876
-1.2302 -0.0743 0.3385
-1.2194 0.3869 0.2126
-1.2069 -1.2592 0.4226
-1.2051 -0.9064 0.3331
-1.2108 -0.7617 0.3464
-1.2014 -0.5218 0.3063
-1.2035 -0.1538 0.3475
-1.1859 -0.7749 0.3370
-1.1818 -0.4336 0.2973
-1.1677 0.3740 0.1560
-1.1676 -1.0382 0.3418
-1.1568 -0.5969 0.2940
-1.1502 -0.0421 0.3060
-1.1502 0.3863 0.1465
-1.1387 -0.3752 0.2900
-1.1304 -0.4496 0.2526
-1.1208 -1.3826 0.4615
-1.1160 0.3053 0.1475
-1.1151 0.4571 0.1978
-1.1086 0.8959 0.2986
-1.1065 0.3525 0.1191
-1.1019 -0.4443 0.2443
-1.0725 0.3555 0.1054
-1.0712 0.1533 0.2824
-1.0600 0.9925 0.2147
-1.0570 -0.9663 0.3039
-1.0364 1.0282 0.2113
-1.0488 0.3423 0.0973
-1.0432 0.3800 0.1164
-1.0356 0.3136 0.1048
-1.0011 0.9978 0.1647
-1.0138 0.2976 0.1186
-1.0169 0.3367 0.1019
-1.0137 -0.9747 0.2965
-0.9891 0.3237 0.1135
-0.9920 0.4116 0.1536
-0.9799 0.9505 0.1523
-0.9632 -1.0361 0.2726
-0.9638 0.0630 0.1827
-0.9642 -0.5908 0.2216
-0.9615 0.8186 0.2605
-0.9554 -1.3062 0.3305
-0.9519 0.2570 0.1605
-0.9202 0.3287 0.1305
-0.9506 0.6150 0.2545
-0.9490 0.0059 0.1840
-0.9441 -0.6117 0.2394
-0.9361 0.9384 0.1353
-0.9319 0.9780 0.1305
-0.9432 -0.5560 0.1814
-0.9348 -0.3127 0.2091
-0.9262 -1.1344 0.2706
-0.9230 -0.3850 0.1729
-0.9237 0.0837 0.1442
-0.9211 -1.2997 0.3148
-0.9143 -0.5361 0.1563
-0.9192 0.3999 0.1269
-0.9112 -0.4938 0.1448
-0.8920 -0.4117 0.1466
-0.8969 0.3799 0.1070
-0.9069 0.4965 0.1440
-0.9033 0.0779 0.1283
-0.8858 0.5725 0.1594
-0.8943 0.9304 0.1266
-0.9006 1.0311 0.1601
-0.8754 0.2599 0.1365
-0.8790 0.3448 0.1104
-0.8798 -1.1037 0.2626
-0.8776 1.0067 0.1373
-0.8841 -0.5113 0.1479
-0.8781 0.2180 0.1447
-0.8774 -0.4460 0.1442
-0.8788 0.5018 0.1213
-0.8670 0.8955 0.1483
-0.8508 0.9254 0.1228
-0.8696 0.1515 0.1322
-0.8626 -0.3399 0.1630
-0.8571 0.3978 0.0868
-0.8590 -0.8818 0.3698
-0.8642 -0.1422 0.1163
-0.8555 0.0254 0.1171
-0.8516 0.0828 0.1126
-0.8548 -0.0384 0.1291
-0.8394 0.4376 0.0886
-0.8502 -0.1029 0.1070
-0.8430 -0.1514 0.1023
-0.8334 0.4739 0.0919
-0.8463 0.5308 0.1141
-0.8351 -1.0917 0.2773
-0.8316 -0.3047 0.1718
-0.8430 -0.2376 0.1426
-0.8293 0.1101 0.1119
-0.8294 0.3634 0.0960
-0.8422 0.6650 0.2192
-0.8428 -0.1830 0.1122
-0.8392 -0.0012 0.1241
-0.8306 0.1832 0.1269
-0.8324 -0.1148 0.0963
-0.8272 0.2347 0.1295
-0.8336 0.4083 0.0812
-0.8335 0.4163 0.0810
-0.8276 0.3424 0.1077
-0.8188 1.0054 0.1353
-0.8166 0.5125 0.1015
-0.8202 0.9530 0.1165
-0.8207 -0.0983 0.1024
-0.8170 -0.2468 0.1514
-0.8101 -0.1772 0.1104
-0.8196 -0.4121 0.1711
-0.8085 -0.0411 0.1203
-0.8111 0.0629 0.1091
-0.7904 0.0332 0.1160
-0.7921 0.4347 0.0936
-0.7975 -0.4681 0.1898
-0.7986 0.2842 0.1290
-0.7921 0.1759 0.1344
-0.7972 0.4742 0.0923
-0.7888 -1.3411 0.3113
-0.7865 -1.1152 0.2976
-0.7656 0.9616 0.1132
-0.7824 0.3096 0.1328
-0.7806 0.4040 0.1106
-0.7793 0.5744 0.1176
-0.7770 0.9188 0.1152
-0.7777 -1.3212 0.2986
-0.7691 0.0848 0.1211
-0.7691 1.0221 0.1428
-0.7718 0.1373 0.1297
-0.7685 0.5230 0.1039
-0.7659 0.4812 0.1097
-0.7620 0.8892 0.1109
-0.7652 -0.1646 0.1445
-0.7586 -0.0833 0.1522
-0.7603 -0.9156 0.3934
-0.7471 0.6095 0.1085
-0.7502 0.2836 0.1569
-0.7383 0.9102 0.1008
-0.7468 0.0984 0.1412
-0.7393 0.5741 0.0931
-0.7377 0.8039 0.0955
-0.7321 0.5202 0.1117
-0.7269 0.7790 0.1074
-0.7121 0.9878 0.1198
-0.7344 0.0051 0.1682
-0.7305 0.8442 0.0874
-0.7166 0.8639 0.0862
-0.7261 1.0309 0.1467
-0.7106 0.6211 0.0937
-0.7110 0.5870 0.0873
-0.7081 0.2473 0.1956
-0.6894 0.7812 0.0966
-0.7074 0.8087 0.0754
-0.7036 0.8130 0.0736
-0.6894 0.5460 0.1100
-0.6909 -0.4524 0.2290
-0.6773 -0.2696 0.2867
-0.6836 0.8566 0.0895
-0.6856 0.6031 0.0944
-0.6865 0.6555 0.1117
-0.6840 0.6824 0.1292
-0.6879 0.9030 0.1042
-0.6853 0.9278 0.1118
-0.6770 0.8018 0.0867
-0.6714 0.5768 0.1101
-0.6725 1.0319 0.1532
-0.6514 -0.5126 0.2664
-0.6630 -0.4847 0.2434
-0.6520 0.4832 0.1840
-0.6540 -1.3237 0.3764
-0.6460 0.6588 0.1330
-0.6532 0.8516 0.1041
-0.6526 0.9901 0.1304
-0.6449 0.7147 0.1459
-0.6268 -1.2304 0.3970
-0.6352 -0.4657 0.2621
-0.6298 0.9338 0.1214
-0.5965 0.7974 0.1322
-0.6147 0.8301 0.1170
-0.5989 1.0147 0.1341
-0.5994 -1.4569 0.5495
-0.5866 0.2515 0.3471
-0.5610 0.8403 0.1310
-0.5781 0.9355 0.0989
-0.5715 0.8824 0.1122
-0.5548 0.7726 0.1735
-0.5674 0.9103 0.1005
-0.5606 0.5094 0.2596
-0.5466 0.9781 0.0918
-0.5496 0.6744 0.2166
-0.5478 0.9512 0.0851
-0.5452 1.0109 0.1173
-0.5423 -0.1297 0.3383
-0.5428 0.0198 0.3659
-0.5225 0.9222 0.0915
-0.5143 0.9923 0.0989
-0.5161 -0.7221 0.3867
-0.5154 -0.5071 0.3303
-0.5132 0.9519 0.0878
-0.5119 -0.8502 0.4502
-0.4852 0.9368 0.0987
-0.4875 -0.2537 0.3044
-0.4628 1.0139 0.1173
-0.4660 0.8823 0.1311
-0.4608 0.8852 0.1320
-0.4513 0.9692 0.1055
-0.4343 0.6339 0.2639
-0.4364 -0.8945 0.4396
-0.4284 -0.6320 0.3202
-0.4257 1.0307 0.1255
-0.4083 0.9249 0.1257
-0.4046 0.9824 0.1012
-0.4013 0.7439 0.2059
-0.3978 0.8159 0.1744
-0.3951 1.0061 0.1022
-0.3691 0.5521 0.3410
-0.3749 0.7366 0.2142
-0.3736 0.9875 0.1005
-0.3631 -0.0466 0.2935
-0.3599 1.0282 0.1189
-0.3580 -0.1547 0.2259
-0.3509 -0.2878 0.1583
-0.3358 0.2482 0.3641
-0.3406 0.8943 0.1568
-0.3408 -0.2975 0.1523
-0.3263 0.9542 0.1209
-0.3243 -0.2799 0.1448
-0.3211 -0.0448 0.2776
-0.3232 1.0075 0.1222
-0.3152 0.2920 0.3677
-0.3095 0.8442 0.1931
-0.3086 0.7729 0.2274
-0.2969 -0.3785 0.1674
-0.3008 0.9651 0.1363
-0.2818 -0.2607 0.1417
-0.2839 1.0165 0.1683
-0.2882 -0.3193 0.1381
-0.2831 0.0545 0.2978
-0.2848 -0.5828 0.1501
-0.2657 -0.4112 0.1697
-0.2503 -0.5622 0.1106
-0.2592 0.6163 0.3046
-0.2532 -0.2383 0.1452
-0.2420 -0.5099 0.1213
-0.2488 -0.4606 0.1449
-0.2560 0.2252 0.3148
-0.2402 -0.6183 0.1271
-0.2330 -0.6847 0.1629
-0.2327 -0.2502 0.1434
-0.2185 -0.5481 0.0977
-0.2195 -0.1391 0.1958
-0.2071 -0.5820 0.0978
-0.1896 -0.5068 0.1088
-0.1985 -0.8370 0.1942
-0.1963 -0.7567 0.1558
-0.1976 -0.7304 0.1550
-0.1892 -0.6064 0.1081
-0.1893 -0.3706 0.1762
-0.1828 -0.5607 0.0966
-0.1872 -0.4575 0.1304
-0.1474 -0.5765 0.1005
-0.1546 -0.2442 0.1309
-0.1638 -0.1712 0.1508
-0.1544 -1.1011 0.2426
-0.1503 0.0967 0.2799
-0.1610 -0.1783 0.1454
-0.1331 -0.7253 0.1316
-0.1469 0.8526 0.2385
-0.1263 -1.1305 0.2046
-0.1374 -0.4836 0.1148
-0.1415 -0.2747 0.1359
-0.1386 0.2789 0.3391
-0.1345 -0.6648 0.1329
-0.1323 -1.1013 0.2303
-0.1092 -0.7685 0.1189
-0.1226 -1.1719 0.1768
-0.1200 -0.5289 0.1032
-0.1219 -0.2476 0.1348
-0.1300 0.0332 0.2714
-0.1237 0.6407 0.2211
-0.1189 -0.6232 0.1066
-0.1197 -0.4097 0.1506
-0.0994 -1.1981 0.1624
-0.1055 -0.8891 0.1866
-0.1100 -0.7995 0.1142
-0.1107 -0.5714 0.0952
-0.1034 -0.4673 0.1151
-0.1052 0.4061 0.4032
-0.0987 -1.2907 0.1846
-0.1041 0.9085 0.1788
-0.0923 -0.5465 0.0992
-0.0836 -0.2730 0.1583
-0.0960 0.9974 0.1654
-0.0889 -0.8039 0.1150
-0.0869 -1.3609 0.2361
-0.0784 -0.8242 0.1228
-0.0738 -1.2383 0.1672
-0.0817 -0.3243 0.1639
-0.0820 -0.1151 0.2285
-0.0758 0.6704 0.1683
-0.0756 -0.6232 0.0983
-0.0753 -0.6664 0.1339
-0.0734 0.9655 0.1349
-0.0686 -1.3113 0.1864
-0.0653 -0.4562 0.1161
-0.0731 0.1161 0.2782
-0.0694 -0.7783 0.1276
-0.0610 -1.3913 0.2722
-0.0658 -0.5128 0.1042
-0.0609 -0.2350 0.1683
-0.0620 -0.5909 0.0909
-0.0613 0.6310 0.1758
-0.0453 -0.6094 0.1017
-0.0514 -1.1881 0.1789
-0.0388 -0.8232 0.1285
-0.0426 0.7797 0.1901
-0.0480 0.9916 0.1202
-0.0411 -0.5740 0.0906
-0.0373 0.9301 0.1360
-0.0279 0.6849 0.1375
-0.0250 -0.4979 0.1045
-0.0206 -0.3939 0.1755
-0.0235 1.0114 0.1181
-0.0176 -0.5745 0.0985
-0.0204 -0.4407 0.1388
-0.0116 0.6641 0.1365
-0.0128 0.8707 0.1849
0.0145 -0.8423 0.1484
-0.0088 0.7682 0.1831
0.0049 -0.5025 0.1118
0.0038 1.0129 0.1129
0.0041 0.6513 0.1458
0.0133 -0.5438 0.1045
0.0125 -0.5399 0.1041
0.0260 0.0889 0.2707
0.0317 0.9961 0.1111
0.0351 1.0296 0.1261
0.0349 -0.1901 0.2890
0.0312 0.0620 0.2686
0.0387 0.9700 0.1204
0.0417 -0.8589 0.1543
0.0541 -1.2978 0.2477
0.0505 -0.8826 0.1539
0.0611 -0.5459 0.1626
0.0663 -0.8663 0.1572
0.0687 0.6286 0.1923
0.0770 1.0222 0.1265
0.0720 0.6538 0.1872
0.0794 0.7673 0.2169
0.1008 -0.9255 0.1417
0.0929 -1.2545 0.2563
0.1012 0.9311 0.1462
0.1163 1.0219 0.1371
0.1110 0.0866 0.2611
0.1289 -0.9611 0.1302
0.1387 -1.0004 0.1314
0.1339 -1.1490 0.1823
0.1360 0.9876 0.1344
0.1598 -1.0529 0.1334
0.1398 0.9350 0.1487
0.1500 -1.0918 0.1411
0.1594 0.8605 0.2226
0.1561 -0.9695 0.1235
0.1592 -0.9091 0.1444
0.1748 0.9617 0.1545
0.1687 0.1458 0.2802
0.1782 -1.1365 0.1506
0.1857 0.5850 0.2790
0.1932 0.5341 0.2949
0.1980 -0.4057 0.3431
0.2040 -0.9473 0.1357
0.2092 -1.0203 0.1335
0.2175 1.0270 0.1914
0.2158 -1.1145 0.1362
0.2246 -1.1478 0.1506
0.2279 -1.4591 0.2989
0.2393 -1.0711 0.1463
0.2382 -0.9648 0.1561
0.2376 0.0066 0.2682
0.2422 0.1381 0.2755
0.2431 -0.8551 0.1922
0.2564 0.0508 0.2601
0.2585 0.4748 0.2731
0.2632 -0.8198 0.2390
0.2701 0.9360 0.2111
0.2771 -0.8648 0.2043
0.2843 -0.3938 0.3607
0.2880 0.0527 0.2727
0.2894 0.4518 0.2426
0.2947 -1.2411 0.1734
0.2954 -1.1943 0.1639
0.3009 1.0280 0.2280
0.3101 -1.0716 0.1910
0.3154 -1.4063 0.1663
0.3219 1.0151 0.2350
0.3178 -1.2809 0.1646
0.3286 -1.3455 0.1565
0.3440 -0.1313 0.2917
0.3411 0.7279 0.3747
0.3480 0.3241 0.1628
0.3610 -1.2253 0.1637
0.3732 0.4063 0.1789
0.3644 -1.4243 0.1362
0.3686 -0.4021 0.3051
0.3649 -0.9259 0.2185
0.3709 -1.3757 0.1281
0.3759 -1.1817 0.1664
0.3766 -0.1285 0.2772
0.3809 0.3738 0.1520
0.3822 0.9725 0.2661
0.3872 -1.4542 0.1522
0.3862 -1.2494 0.1620
0.3916 -0.5609 0.3832
0.4050 -0.2009 0.2527
0.4084 -1.0483 0.1670
0.4129 0.3058 0.1119
0.4098 0.2833 0.1194
0.4120 -1.3858 0.1206
0.4157 0.3591 0.1404
0.4176 -1.0197 0.1711
0.4330 -1.3986 0.1280
0.4300 0.2890 0.1113
0.4512 -1.0925 0.1571
0.4441 -1.3692 0.1444
0.4436 0.3090 0.1167
0.4557 -1.2022 0.1859
0.4499 -1.0029 0.1698
0.4549 0.9773 0.2917
0.4713 0.2613 0.1327
0.4708 -1.4111 0.1642
0.4570 -0.9919 0.1760
0.4720 -1.1065 0.1565
0.4694 -0.2254 0.2098
0.4638 0.2303 0.1523
0.4723 -1.4559 0.1942
0.4741 0.8042 0.3086
0.4839 -0.0146 0.3478
0.5125 0.2292 0.1717
0.5145 -0.2394 0.1933
0.5135 0.6407 0.4036
0.5158 -0.3958 0.2376
0.5193 -0.6702 0.3206
0.5439 -0.2749 0.1739
0.5412 -1.1660 0.1820
0.5417 -0.3182 0.1762
0.5414 0.8997 0.2644
0.5443 0.2502 0.1839
0.5406 -1.1367 0.1665
0.5450 -0.8123 0.2902
0.5654 0.7065 0.3531
0.5754 -1.1644 0.1891
0.5771 -0.3008 0.1742
0.5821 -1.0353 0.1685
0.5995 0.1708 0.2549
0.6016 -0.9824 0.2047
0.6010 0.3811 0.2945
0.6019 -1.0117 0.1866
0.6081 -1.1069 0.1782
0.6121 0.9021 0.2214
0.6085 -0.2785 0.1837
0.6120 -1.3207 0.2867
0.6140 -0.5132 0.2678
0.6181 -0.7144 0.2481
0.6290 -0.3240 0.1899
0.6323 -0.5846 0.2601
0.6472 -0.8234 0.2246
0.6458 -1.0011 0.2225
0.6681 0.0661 0.2852
0.6792 0.3170 0.3390
0.6795 0.9315 0.1538
0.6867 -0.8455 0.2051
0.6953 -0.5343 0.2305
0.6946 -0.3322 0.1958
0.6999 1.0318 0.1846
0.7139 0.0685 0.2866
0.7135 -1.2408 0.3022
0.7265 0.9448 0.1209
0.7266 0.8863 0.1384
0.7344 1.0282 0.1579
0.7362 -1.1570 0.2950
0.7378 -1.3698 0.4010
0.7350 0.0811 0.2992
0.7302 0.8898 0.1350
0.7363 -0.0401 0.2529
0.7480 0.9698 0.1187
0.7471 -0.4722 0.1940
0.7537 -0.1674 0.2099
0.7557 -0.7702 0.1773
0.7595 -0.1447 0.2198
0.7733 -0.7408 0.1907
0.7856 1.0262 0.1411
0.7692 -0.1836 0.2021
0.7756 -0.6689 0.2401
0.7885 -0.3418 0.1520
0.7848 -0.8596 0.1805
0.7863 -0.4754 0.1688
0.7837 -0.3662 0.1491
0.7889 0.9216 0.1095
0.8049 0.9364 0.1084
0.8024 -0.8059 0.1747
0.8033 0.7910 0.1971
0.8113 -0.3053 0.1565
0.8068 -0.2700 0.1703
0.8180 -0.5938 0.2122
0.8215 -0.8758 0.2039
0.8199 -0.8362 0.1845
0.8294 0.8717 0.1330
0.8317 0.9154 0.1106
0.8368 1.0086 0.1227
0.8360 -0.3618 0.1312
0.8470 -0.4835 0.1487
0.8499 -0.0547 0.2488
0.8446 0.9625 0.1024
0.8550 -0.4031 0.1304
0.8638 -0.9211 0.2592
0.8730 1.0312 0.1407
0.8847 -0.5153 0.1456
0.8801 0.7875 0.1628
0.8797 0.9228 0.1028
0.8904 -0.4462 0.1306
0.8875 -0.1933 0.2044
0.9021 0.8368 0.1435
0.8951 0.9370 0.1012
0.8911 0.9775 0.1020
0.9002 -0.3988 0.1245
0.8980 0.6896 0.1786
0.9083 1.0211 0.1332
0.9242 0.7643 0.1458
0.9273 -0.5480 0.1371
0.9268 -0.3433 0.1231
0.9259 0.9455 0.0974
0.9372 -0.3149 0.1434
0.9358 -0.3794 0.1160
0.9388 -0.2895 0.1657
0.9451 0.9186 0.0936
0.9523 -0.5944 0.1618
0.9481 -0.1342 0.2543
0.9451 -0.0891 0.2818
0.9755 0.6699 0.1197
0.9650 0.7158 0.1175
0.9585 -0.5094 0.1156
0.9585 -0.4819 0.1188
0.9646 0.9297 0.0893
0.9694 0.8589 0.1061
0.9814 0.9678 0.1030
0.9758 -0.4072 0.1110
0.9788 -1.4176 0.5692
0.9846 0.7880 0.1165
0.9790 0.6418 0.1247
0.9996 0.5971 0.1358
0.9910 0.9190 0.0816
0.9982 -0.3541 0.1281
0.9936 -0.5570 0.1189
0.9980 0.8487 0.0985
1.0016 0.8998 0.0824
1.0008 1.0064 0.1328
1.0160 -0.4580 0.1081
1.0084 0.8730 0.0906
1.0139 -1.1093 0.3149
1.0154 -0.4028 0.1158
1.0187 -0.5477 0.1180
1.0154 -0.4901 0.1097
1.0238 -0.4264 0.1114
1.0261 0.6702 0.1047
1.0228 0.9276 0.0911
1.0193 0.7174 0.1004
1.0235 -1.1567 0.3462
1.0245 -1.1295 0.3240
1.0288 -0.9071 0.3085
1.0551 -0.5057 0.1269
1.0305 0.5616 0.1282
1.0209 0.7096 0.1011
1.0352 0.7463 0.1002
1.0341 0.8007 0.0933
1.0366 -0.8439 0.3299
1.0561 0.5023 0.1189
1.0525 0.5921 0.1098
1.0431 0.9756 0.1196
1.0408 -0.6312 0.1902
1.0474 0.9207 0.0999
1.0458 0.8254 0.0897
1.0494 1.0314 0.1813
1.0552 0.7983 0.0907
1.0532 -0.3968 0.1487
1.0655 -1.0656 0.3102
1.0756 -0.5625 0.1382
1.0687 0.8157 0.0898
1.0767 0.4749 0.1161
1.0757 0.6351 0.1070
1.0789 0.8888 0.1078
1.0833 0.6932 0.1226
1.0846 0.7588 0.1111
1.0814 -0.2324 0.2951
1.0845 0.8664 0.1034
1.1186 -0.5527 0.1405
1.0928 0.5862 0.0959
1.1060 0.6117 0.0932
1.1013 0.0548 0.5124
1.1072 0.5124 0.0939
1.1151 0.4480 0.1186
1.1037 0.4783 0.0963
1.1134 0.4720 0.0969
1.1129 0.8249 0.1035
1.1224 0.9294 0.1497
1.1214 0.5707 0.0900
1.1296 0.6699 0.1258
1.1394 0.6068 0.0888
1.1371 0.8037 0.1273
1.1424 0.8353 0.1298
1.1433 0.5124 0.0949
1.1494 -0.8730 0.3728
1.1560 -0.5076 0.1822
1.1567 0.3291 0.2540
1.1611 0.5475 0.0933
1.1657 0.5808 0.0922
1.1645 0.6152 0.0998
1.1791 -0.5923 0.1742
1.1643 -0.5591 0.1597
1.1690 0.9385 0.1976
1.1706 -0.6330 0.1918
1.1821 0.4400 0.1484
1.1926 0.5459 0.1164
1.1942 0.5086 0.1255
1.1936 -1.0682 0.4297
1.1960 -0.6385 0.2203
1.1961 0.3648 0.2239
1.1958 0.6427 0.1413
1.1973 0.7275 0.1925
