points 
 2 
 1 
Tumour[19065]CD810NNCodensity
-1.2709 -0.7770 0.1534
-1.2478 -0.6978 0.1498
-1.2442 -0.6127 0.1532
-1.2704 -0.5538 0.1623
-1.2460 -0.5073 0.1400
-1.2707 -0.4288 0.1421
-1.2756 -0.3369 0.1426
-1.2489 -0.3223 0.1308
-1.2711 -0.1019 0.2056
-1.2725 0.0117 0.1645
-1.2732 0.1481 0.1392
-1.2644 0.2068 0.1504
-1.2751 0.4103 0.1219
-1.2647 0.4536 0.1275
-1.2623 -0.3978 0.1213
-1.2509 -0.8243 0.1541
-1.2394 -0.7595 0.1206
-1.2590 -0.3491 0.1199
-1.2600 0.0855 0.1276
-1.2585 0.9287 0.2268
-1.2138 -0.5473 0.1267
-1.2570 0.3345 0.1131
-1.2577 0.3404 0.1124
-1.2568 0.3741 0.1112
-1.2500 0.5136 0.1770
-1.2310 0.2671 0.1205
-1.2405 0.1643 0.1184
-1.2391 0.9912 0.2058
-1.2228 0.2950 0.1076
-1.2130 -0.4730 0.1326
-1.2408 0.4395 0.1094
-1.2321 -0.3832 0.1049
-1.2132 0.1190 0.1063
-1.2339 0.4450 0.1121
-1.2253 0.4724 0.1298
-1.2037 0.2057 0.1235
-1.2275 0.8423 0.2651
-1.1606 -0.4365 0.1408
-1.2232 0.0860 0.1074
-1.2121 -0.3465 0.1071
-1.2169 -0.0829 0.1423
-1.1931 -0.6469 0.1378
-1.1857 -0.8348 0.1244
-1.2111 0.0335 0.1146
-1.2000 0.3133 0.0982
-1.1670 -0.6861 0.1332
-1.1956 -0.0087 0.1205
-1.2002 0.0657 0.1091
-1.1886 -0.6069 0.1329
-1.1823 -0.4997 0.1369
-1.2016 -0.7813 0.0990
-1.1954 0.3716 0.1098
-1.1932 -0.7655 0.1000
-1.1604 -0.7389 0.1100
-1.1967 1.0230 0.1835
-1.1624 -0.5622 0.1349
-1.1945 0.9952 0.1738
-1.1791 -0.0499 0.1180
-1.1862 0.1196 0.1124
-1.1878 0.8704 0.2228
-1.1660 0.1771 0.1230
-1.1724 -0.0931 0.1229
-1.1751 -0.3666 0.1102
-1.1424 0.0099 0.1159
-1.1674 0.7935 0.3120
-1.1665 0.3180 0.1075
-1.1510 -0.8110 0.1036
-1.1579 -0.3437 0.1052
-1.1587 0.3495 0.1198
-1.1513 -0.7776 0.0997
-1.1458 -0.0630 0.1094
-1.1520 0.2683 0.1205
-1.1016 -0.6210 0.1497
-1.1452 0.2508 0.1235
-1.1493 0.3826 0.1399
-1.1455 0.5470 0.2243
-1.1361 -0.1805 0.1421
-1.1417 -0.1396 0.1315
-1.1355 0.0614 0.1230
-1.1276 -0.3612 0.1045
-1.1227 -0.3313 0.0965
-1.1207 -0.2787 0.1110
-1.1378 0.9805 0.1808
-1.1335 1.0581 0.1973
-1.1239 -0.7897 0.1015
-1.1257 0.4332 0.1730
-1.1116 -0.8467 0.1349
-1.1058 -0.6965 0.1366
-1.1084 -0.5449 0.1625
-1.0949 -0.1616 0.1225
-1.1123 -0.0481 0.1130
-1.1241 0.1634 0.1345
-1.0792 -0.7573 0.1296
-1.1002 0.5379 0.2412
-1.1036 1.0497 0.1965
-1.1047 0.2185 0.1604
-1.0913 0.0124 0.1155
-1.1043 -0.4129 0.1385
-1.0858 -0.2173 0.1111
-1.0804 -0.0850 0.1209
-1.1035 1.1470 0.2859
-1.0981 0.1184 0.1320
-1.0685 -0.8118 0.1361
-1.0974 -0.3141 0.0970
-1.0900 1.5000 0.6966
-1.0978 -0.3089 0.0965
-1.0842 0.0754 0.1222
-1.0882 -0.2740 0.1074
-1.0640 -0.8437 0.1522
-1.0770 1.3560 0.5346
-1.0669 -0.0332 0.1116
-1.0432 0.0578 0.1173
-1.0558 -0.4450 0.1578
-1.0352 -0.5176 0.1528
-1.0526 -0.2582 0.1152
-1.0469 -0.2094 0.1150
-1.0496 -0.1740 0.1161
-1.0353 -0.0109 0.1120
-1.0474 0.1024 0.1313
-1.0360 -0.6444 0.1337
-1.0324 -0.7022 0.1284
-1.0372 -0.3610 0.1452
-1.0325 -0.1116 0.1149
-1.0278 0.9790 0.2407
-1.0178 -0.0636 0.1016
-0.9988 -0.4492 0.1498
-1.0132 0.0216 0.1178
-1.0098 -0.6031 0.1373
-1.0110 0.3907 0.1891
-1.0084 -0.6904 0.1192
-0.9896 -0.1277 0.1031
-0.9856 -0.5077 0.1289
-1.0037 -0.2024 0.1208
-0.9918 0.1321 0.1463
-0.9738 -0.2842 0.1352
-0.9817 -0.0174 0.1154
-0.9377 -0.6458 0.1238
-0.9435 -0.7562 0.1216
-0.9770 -0.0937 0.0870
-0.9698 0.0609 0.1342
-0.9830 -0.8381 0.1530
-0.9780 0.4588 0.2029
-0.9728 -0.5542 0.1227
-0.9708 -0.3669 0.1565
-0.9624 -0.2197 0.1250
-0.9716 -0.0672 0.0902
-0.9764 -0.6952 0.1159
-0.9726 -0.6892 0.1138
-0.9510 -0.0795 0.0863
-0.9557 0.6848 0.4211
-0.9303 -0.5870 0.1187
-0.9471 -0.8498 0.1515
-0.9477 -0.2582 0.1286
-0.9564 0.4014 0.1728
-0.9499 1.0130 0.3171
-0.9457 -0.1169 0.0941
-0.9473 0.9965 0.3216
-0.9265 -0.7968 0.1121
-0.9366 -0.5560 0.1118
-0.9361 -0.3325 0.1390
-0.9273 -0.1601 0.1190
-0.9397 0.0801 0.1439
-0.9395 0.1234 0.1449
-0.9192 -0.0839 0.0998
-0.9185 0.1754 0.1725
-0.9114 -0.8400 0.1376
-0.9182 -0.4945 0.1239
-0.9262 0.3606 0.1692
-0.9221 0.3129 0.1863
-0.9122 -0.4200 0.1445
-0.9169 -0.1129 0.1021
-0.9004 -0.6980 0.1129
-0.9064 -0.5219 0.1169
-0.9042 -0.2125 0.1349
-0.9073 -0.0341 0.1426
-0.9099 0.4637 0.2165
-0.8920 -0.7672 0.1041
-0.8991 0.3311 0.1785
-0.8952 -0.6230 0.1369
-0.8770 -0.8209 0.1288
-0.8841 -0.2698 0.1379
-0.8886 0.1707 0.1661
-0.8818 0.4021 0.1917
-0.8779 -0.5019 0.1189
-0.8613 -0.3478 0.1341
-0.8726 -0.7184 0.1149
-0.8734 -0.7559 0.1045
-0.8070 -0.6926 0.1424
-0.8534 -0.4016 0.1254
-0.8656 -0.3216 0.1410
-0.8528 -0.5874 0.1343
-0.8594 -0.7348 0.1151
-0.8470 -0.1173 0.1621
-0.8512 -0.2225 0.1604
-0.7898 -0.7954 0.1748
-0.8327 -0.4497 0.1098
-0.8465 0.0777 0.1589
-0.8169 -0.5071 0.0969
-0.8189 -0.5466 0.1118
-0.8259 0.0999 0.1597
-0.8199 1.6414 0.7714
-0.8085 -0.4709 0.0938
-0.8068 -0.4204 0.1092
-0.8057 0.1188 0.1614
-0.7870 -0.5682 0.1119
-0.7998 -0.3622 0.1242
-0.7951 0.3681 0.2332
-0.7841 0.1540 0.1748
-0.7847 -0.1792 0.1986
-0.7796 -0.5235 0.0946
-0.7676 -0.6610 0.1218
-0.7725 -0.4568 0.0937
-0.7628 -0.0385 0.2343
-0.7645 0.0304 0.1970
-0.7630 -0.5049 0.0963
-0.7286 -0.5407 0.1100
-0.7518 -0.6155 0.1087
-0.7564 -0.4782 0.0963
-0.7576 -0.3224 0.1227
-0.7510 -0.4089 0.1108
-0.7365 -0.6700 0.1041
-0.7349 0.6534 0.4099
-0.7336 -0.3439 0.1081
-0.7167 -0.7688 0.1410
-0.7147 -0.6143 0.0955
-0.6991 -0.7201 0.1137
-0.7108 -0.6856 0.1042
-0.7166 -0.3200 0.1047
-0.7132 -0.2533 0.1264
-0.7098 -0.4310 0.1108
-0.7052 -0.2925 0.1015
-0.6935 -0.6528 0.0987
-0.7084 -0.5756 0.1044
-0.6967 -0.2065 0.1715
-0.6959 0.1627 0.1689
-0.6788 -0.6078 0.1022
-0.6899 -0.4504 0.1194
-0.6796 -0.4205 0.1159
-0.6852 -0.3762 0.1124
-0.6880 -0.3090 0.1004
-0.6776 -0.5642 0.1234
-0.6869 0.2683 0.1540
-0.6715 0.3744 0.1557
-0.6777 0.1238 0.1816
-0.6651 -0.7915 0.1163
-0.6734 0.0722 0.2120
-0.6615 1.6355 0.6697
-0.6616 -0.8298 0.1325
-0.6537 -0.7448 0.1119
-0.6569 -0.6655 0.1146
-0.6555 -0.2552 0.1366
-0.6490 0.1727 0.1636
-0.6440 0.3074 0.1207
-0.6356 0.2430 0.1310
-0.6219 -0.7609 0.1109
-0.6323 -0.5796 0.1306
-0.6324 0.4615 0.2111
-0.6294 -0.4033 0.1275
-0.6299 -0.2948 0.1320
-0.6309 -0.8424 0.1306
-0.6228 -0.3195 0.1295
-0.6307 0.2668 0.1222
-0.6127 -0.8254 0.1151
-0.6160 -0.6969 0.1156
-0.6173 0.3583 0.1290
-0.6187 0.3937 0.1513
-0.6099 0.3348 0.1234
-0.5957 -0.3744 0.1346
-0.5644 -0.6920 0.1204
-0.6040 -0.4311 0.1352
-0.5851 -0.7301 0.1181
-0.5771 -0.6408 0.1304
-0.5634 -0.5818 0.1276
-0.5834 -0.4970 0.1394
-0.5825 -0.8320 0.1242
-0.5889 0.2837 0.1352
-0.5857 0.4460 0.1968
-0.5537 -0.7478 0.1254
-0.5683 0.2417 0.1747
-0.5554 -0.8371 0.1408
-0.5225 -0.6225 0.1211
-0.5532 -0.5525 0.1173
-0.5363 -0.3467 0.1596
-0.5345 -0.4663 0.1059
-0.4908 -0.6864 0.1211
-0.5076 -0.7464 0.1422
-0.5080 -0.5192 0.0871
-0.5162 -0.4007 0.1265
-0.5258 -0.5499 0.1057
-0.5142 0.5352 0.2722
-0.5192 0.5682 0.2749
-0.5209 0.6442 0.2719
-0.5037 -0.8518 0.1865
-0.5066 0.7743 0.2944
-0.4520 -0.5702 0.1272
-0.4788 -0.6442 0.1242
-0.4857 0.8005 0.3070
-0.4834 1.2751 0.5554
-0.4735 -0.4496 0.0810
-0.4832 -0.4893 0.0691
-0.4729 0.7002 0.2879
-0.4742 -0.5049 0.0778
-0.4825 -0.4856 0.0697
-0.4792 -0.4920 0.0699
-0.4696 -0.4714 0.0755
-0.4721 0.9266 0.4278
-0.4686 -0.2802 0.2228
-0.4615 -0.4242 0.1002
-0.4635 0.8102 0.3202
-0.3860 -0.7331 0.1434
-0.4545 -0.3989 0.1268
-0.4548 -0.6348 0.1294
-0.4492 -0.7157 0.1313
-0.3963 -0.6328 0.1393
-0.4509 -0.0479 0.3018
-0.4416 0.0392 0.3129
-0.4221 -0.7088 0.1348
-0.4282 -0.1159 0.2740
-0.4106 -0.8095 0.1560
-0.4174 -0.2961 0.2309
-0.4154 -0.0890 0.2813
-0.4181 1.5912 0.5405
-0.4028 -0.5398 0.1328
-0.3987 -0.1188 0.2705
-0.3940 -0.4067 0.1657
-0.3846 -0.8046 0.1498
-0.3535 -0.8262 0.1606
-0.3501 -0.5600 0.1180
-0.3471 -0.4781 0.1383
-0.3526 -0.5821 0.1262
-0.3230 -0.7887 0.1469
-0.3137 -0.6487 0.1641
-0.2988 -0.5772 0.1294
-0.3254 -0.5191 0.1137
-0.3015 -0.8349 0.1633
-0.3025 -0.6989 0.1773
-0.3263 0.2395 0.2834
-0.3056 0.2333 0.2828
-0.2896 -0.5180 0.1125
-0.3066 0.1740 0.2610
-0.3059 -0.4843 0.1216
-0.2993 1.6396 0.5678
-0.2825 0.1725 0.2664
-0.2823 1.4990 0.4593
-0.2753 -0.4041 0.1470
-0.2650 1.3880 0.4133
-0.2657 0.8887 0.4093
-0.2444 1.4063 0.4182
-0.2440 -0.4921 0.1146
-0.2366 -0.7866 0.1502
-0.2458 -0.5571 0.1386
-0.2431 0.1988 0.2906
-0.2317 -0.8483 0.1656
-0.2350 -0.3383 0.1480
-0.2335 0.2249 0.3104
-0.2308 -0.4293 0.1185
-0.2185 -0.3904 0.1243
-0.2158 -0.4560 0.1109
-0.2200 -0.0570 0.3402
-0.2196 -0.3131 0.1548
-0.1901 -0.6474 0.1641
-0.1992 -0.8277 0.1495
-0.1917 -0.7220 0.1536
-0.2125 1.3153 0.4170
-0.1888 -0.5219 0.1192
-0.1908 -0.4782 0.1143
-0.1566 -0.5922 0.1374
-0.1523 -0.4296 0.1257
-0.1442 -0.3866 0.1396
-0.1546 -0.7781 0.1273
-0.1740 -0.2999 0.1512
-0.1697 -0.2381 0.1852
-0.1635 1.1337 0.3922
-0.1458 -0.6791 0.1363
-0.1404 -0.4834 0.1166
-0.1631 -0.1724 0.2393
-0.1491 -0.8405 0.1555
-0.1419 -0.3053 0.1522
-0.1362 1.0620 0.3674
-0.1202 -0.5727 0.1302
-0.1192 -0.1860 0.2311
-0.1232 -0.8239 0.1467
-0.1091 -0.7149 0.1133
-0.1198 -0.5362 0.1197
-0.1150 -0.5403 0.1213
-0.0998 -0.7504 0.1091
-0.0862 -0.6564 0.1461
-0.0781 -0.4963 0.1341
-0.0778 -0.4322 0.1166
-0.0638 -0.3313 0.1362
-0.0693 -0.3833 0.1071
-0.0756 -0.7369 0.1022
-0.0627 1.0382 0.3303
-0.0531 -0.7780 0.1133
-0.0469 -0.7349 0.1006
-0.0159 -0.5661 0.1377
-0.0173 -0.4860 0.1294
-0.0273 -0.7446 0.1034
-0.0171 -0.3528 0.0979
-0.0229 0.8893 0.2697
-0.0297 -0.3952 0.0812
-0.0240 -0.3975 0.0800
-0.0175 -0.7152 0.1151
-0.0231 -0.3908 0.0799
0.0268 -0.6683 0.1281
-0.0031 -0.4193 0.0877
0.0001 -0.7988 0.1295
0.0016 0.9799 0.2989
0.0065 0.8897 0.2582
0.0168 -0.5807 0.1208
0.0173 0.7767 0.2106
0.0261 -0.6172 0.1203
0.0359 -0.3572 0.1021
0.0279 0.2420 0.4478
0.0310 -0.4546 0.1026
0.0265 -0.4086 0.0860
0.0321 -0.2013 0.2355
0.0379 -0.7554 0.1048
0.0409 -0.5662 0.1136
0.0443 -0.4988 0.1211
0.0479 -0.3278 0.1292
0.0591 -0.8452 0.1496
0.0672 -0.5974 0.1061
0.0619 -0.4294 0.1008
0.0602 -0.3907 0.1010
0.0675 -0.7616 0.0840
0.0677 0.6971 0.1579
0.0886 -0.4643 0.1126
0.0864 -0.7961 0.0885
0.0739 -0.7110 0.0892
0.0724 -0.0745 0.3211
0.1012 -0.5209 0.1250
0.0827 0.7176 0.1389
0.1062 -0.5739 0.1183
0.1045 -0.6324 0.1045
0.0939 -0.7632 0.0666
0.0960 -0.6644 0.1024
0.0969 -0.3870 0.1228
0.0975 -0.2987 0.1625
0.0938 0.0143 0.3584
0.1018 -0.7050 0.0794
0.1052 0.6084 0.1907
0.1012 0.7551 0.1374
0.1348 -0.7784 0.0697
0.1120 -0.2586 0.1981
0.1114 -0.7451 0.0583
0.1132 -0.7514 0.0587
0.1173 -0.7457 0.0582
0.1458 -0.4807 0.1011
0.1289 -0.1160 0.2859
0.1390 0.6806 0.1314
0.1305 0.7389 0.1194
0.1778 0.6427 0.1450
0.1397 -0.7396 0.0635
0.1589 -0.6846 0.0918
0.1325 -0.8026 0.0872
0.1393 -0.7075 0.0773
0.1403 -0.6297 0.1049
0.1426 -0.4273 0.1146
0.1514 -0.8278 0.1170
0.1491 -0.6037 0.1182
0.1526 0.7874 0.1338
0.1666 -0.7309 0.0760
0.1576 1.1408 0.1862
0.1704 -0.7647 0.0825
0.1957 -0.6523 0.1087
0.1757 0.7378 0.1150
0.1825 -0.4633 0.0904
0.1830 0.4949 0.1354
0.1894 -0.4400 0.1009
0.1891 -0.2878 0.2311
0.1861 1.2356 0.1302
0.1808 -0.5064 0.0983
0.1924 -0.4864 0.0891
0.1927 1.6265 0.3126
0.1843 -0.5000 0.0937
0.1983 -0.7564 0.0930
0.1983 -0.6957 0.0977
0.1932 0.5791 0.1366
0.2140 -0.5891 0.1228
0.2048 1.2762 0.1297
0.2035 -0.8217 0.1049
0.2149 0.4663 0.1191
0.2072 1.1902 0.1278
0.2099 0.5315 0.1094
0.2258 0.6987 0.1251
0.2051 0.7654 0.1122
0.2234 1.1282 0.1547
0.2027 1.2390 0.1205
0.2429 -0.5419 0.1027
0.2166 1.3055 0.1364
0.2232 -0.7890 0.0955
0.2158 -0.4061 0.1372
0.2411 0.4097 0.1480
0.2397 0.6323 0.1488
0.2259 -0.6901 0.1134
0.2317 0.4988 0.0965
0.2355 0.7648 0.1169
0.2289 0.8094 0.1210
0.2431 0.5501 0.1066
0.2306 0.9197 0.1508
0.2292 1.0593 0.1722
0.2332 1.2711 0.1194
0.2325 0.9805 0.1660
0.2349 0.8308 0.1235
0.2382 0.8604 0.1332
0.2463 -0.8290 0.1257
0.2578 -0.6587 0.1301
0.2500 1.2025 0.1307
0.2581 1.1430 0.1591
0.2507 -0.4745 0.1009
0.2471 1.4136 0.1687
0.2457 -0.7917 0.1017
0.2885 -0.7158 0.1334
0.2539 -0.5786 0.1184
0.2628 1.3673 0.1540
0.2695 -0.5138 0.1074
0.2512 0.8889 0.1413
0.2518 -0.7876 0.1038
0.2534 0.3793 0.1563
0.2791 0.4641 0.1246
0.2575 0.9959 0.1672
0.2681 1.4768 0.1765
0.3089 -0.8019 0.1300
0.2711 -0.4486 0.1185
0.2695 0.5309 0.1065
0.2693 0.5090 0.1032
0.2731 0.6791 0.1630
0.2679 0.7345 0.1442
0.2754 -0.5670 0.1157
0.2857 -0.4876 0.1164
0.2717 0.9199 0.1564
0.2803 0.0528 0.1941
0.2821 0.3244 0.1485
0.2823 1.5202 0.1763
0.2858 0.2844 0.1350
0.2824 1.0417 0.1884
0.2935 1.5907 0.2146
0.2907 1.4392 0.1676
0.3151 -0.5903 0.1329
0.2973 1.3068 0.1588
0.3025 0.5251 0.1406
0.3061 1.6320 0.2600
0.3058 0.2048 0.1375
0.3121 0.3613 0.1707
0.3135 -0.4273 0.1381
0.3103 0.1637 0.1594
0.3089 0.2396 0.1244
0.3123 0.2864 0.1301
0.3408 -0.7441 0.1232
0.3270 -0.0998 0.1724
0.3189 1.2641 0.1764
0.3577 -0.5630 0.1457
0.3223 0.0208 0.1522
0.3219 0.2041 0.1347
0.3266 1.4052 0.1800
0.3379 0.2171 0.1342
0.3652 -0.4730 0.1440
0.3695 -0.4212 0.1358
0.3436 -0.1552 0.1473
0.3561 -0.6830 0.1171
0.3426 0.0007 0.1374
0.3499 -0.6549 0.1242
0.3459 1.5087 0.1984
0.3653 -0.8282 0.1545
0.3639 -0.3540 0.1415
0.3639 -0.1860 0.1189
0.3654 0.0200 0.1355
0.3638 0.0683 0.1576
0.4417 -0.5246 0.1388
0.4009 -0.6365 0.1140
0.3835 -0.2001 0.1048
0.3837 -0.7666 0.1169
0.3915 -0.2879 0.1228
0.4071 -0.2576 0.1099
0.3947 -0.1363 0.1240
0.3872 -0.0272 0.1366
0.3887 -0.3278 0.1272
0.3901 1.6271 0.3077
0.4220 -0.8340 0.1596
0.3881 -0.7111 0.1075
0.4055 -0.6764 0.1099
0.4086 -0.3969 0.1240
0.4008 1.2051 0.2881
0.4030 -0.7857 0.1255
0.4145 -0.1956 0.0952
0.4258 -0.3056 0.1168
0.4249 -0.5852 0.1259
0.4406 -0.4631 0.1191
0.4118 0.2344 0.2079
0.4156 0.0389 0.1702
0.4265 -0.0352 0.1579
0.4494 -0.7500 0.1268
0.4497 -0.3759 0.1186
0.4439 -0.6905 0.1239
0.4387 -0.2343 0.1024
0.4626 -0.6465 0.1141
0.4466 -0.1821 0.1038
0.4785 -0.2890 0.1303
0.4512 -0.1785 0.1075
0.4543 0.6625 0.2913
0.4650 -0.5916 0.1172
0.4618 -0.0717 0.1787
0.4755 -0.1705 0.1302
0.4885 -0.5795 0.1198
0.4832 -0.4120 0.0968
0.5010 -0.7715 0.1389
0.4855 -0.4439 0.0965
0.4985 -0.6295 0.1270
0.5051 -0.4544 0.1006
0.5019 -0.4265 0.0948
0.5096 -0.3501 0.1370
0.5065 -0.2478 0.1382
0.5308 -0.8182 0.1668
0.5165 -0.7853 0.1468
0.5152 -0.4949 0.1173
0.5220 0.5157 0.2428
0.5261 -0.6207 0.1431
0.5222 -0.3846 0.1263
0.5467 -0.4638 0.1198
0.5320 0.6252 0.2206
0.5365 0.9740 0.2720
0.5415 -0.7488 0.1641
0.5490 1.0631 0.2709
0.5484 -0.2487 0.1842
0.5666 -0.5252 0.1268
0.5659 0.8127 0.2043
0.5721 0.6090 0.1914
0.5763 -0.5629 0.1353
0.5820 0.5234 0.1871
0.6064 -0.5003 0.1373
0.5958 -0.8285 0.1874
0.6231 -0.5567 0.1452
0.6183 0.5050 0.1708
0.6199 0.7876 0.1556
0.6252 0.9280 0.1813
0.6270 0.8975 0.1571
0.6413 -0.8505 0.2087
0.6465 0.8741 0.1362
0.6548 0.6554 0.1713
0.6544 1.1737 0.1651
0.6623 -0.5428 0.1569
0.6628 0.8066 0.1200
0.6585 -0.4981 0.1640
0.6648 1.2684 0.1783
0.6686 1.2043 0.1583
0.6778 0.5817 0.1623
0.6767 -0.7323 0.1854
0.6720 1.5523 0.1690
0.6794 0.7597 0.1240
0.6869 -0.8035 0.1891
0.6931 0.5391 0.1451
0.6854 1.3138 0.1720
0.6947 0.8285 0.1155
0.6887 1.0752 0.1454
0.6997 0.6826 0.1375
0.6946 1.5058 0.1448
0.6975 1.1258 0.1271
0.7005 -0.3855 0.2892
0.7349 0.8616 0.1258
0.7023 1.0937 0.1278
0.7007 0.4495 0.1426
0.7038 0.7992 0.1123
0.7077 1.3788 0.1524
0.7137 0.4205 0.1552
0.7150 0.4804 0.1251
0.7076 1.4462 0.1489
0.7155 1.6405 0.1849
0.7163 -0.5606 0.1626
0.7339 0.6845 0.1237
0.7282 0.2877 0.1639
0.7290 1.5175 0.1211
0.7504 -0.6321 0.1168
0.7772 1.1297 0.1098
0.7371 1.3726 0.1351
0.7387 -0.7782 0.1642
0.7430 0.8160 0.1249
0.7395 0.9231 0.1364
0.7412 1.0222 0.1253
0.7727 1.0742 0.1138
0.7410 1.1337 0.1178
0.7491 -0.7491 0.1487
0.7557 0.3080 0.1358
0.7411 0.7333 0.1209
0.7589 0.7529 0.1305
0.7626 0.9406 0.1230
0.7462 1.5528 0.1155
0.7511 0.4898 0.1188
0.7531 1.0044 0.1223
0.7487 1.1898 0.1233
0.7495 1.4446 0.1362
0.7495 0.5322 0.1256
0.7656 0.6912 0.1258
0.7868 1.2234 0.1125
0.7654 1.2530 0.1277
0.7673 -0.6052 0.1119
0.7667 1.5736 0.1138
0.7743 0.3805 0.1396
0.7766 -0.6708 0.0988
0.7905 0.9960 0.1174
0.7766 1.3185 0.1210
0.7840 0.6400 0.1340
0.7807 0.8860 0.1268
0.7856 -0.6900 0.1063
0.7837 1.5559 0.1142
0.8104 1.0355 0.1244
0.7897 -0.6412 0.0864
0.7923 0.4436 0.1304
0.7928 0.5150 0.1227
0.7916 0.3172 0.1240
0.8047 -0.6121 0.0926
0.8070 0.1942 0.1256
0.7970 1.5000 0.1343
0.8013 0.2204 0.1199
0.8018 0.2849 0.1123
0.8104 0.5792 0.1322
0.8016 1.1873 0.1033
0.8262 1.2677 0.1133
0.8109 1.3071 0.1159
0.8001 1.3949 0.1305
0.7985 1.5968 0.1189
0.8265 0.9203 0.1262
0.8046 1.6338 0.1359
0.8116 -0.6505 0.0844
0.8213 0.3556 0.1387
0.8205 0.2677 0.1125
0.8222 0.6273 0.1364
0.8191 0.6685 0.1402
0.8239 1.0840 0.1257
0.8250 -0.8512 0.1893
0.8225 -0.7310 0.1356
0.8171 1.3495 0.1198
0.8401 0.5458 0.1361
0.8375 1.2201 0.1143
0.8293 0.1749 0.1193
0.8480 1.3439 0.1235
0.8407 0.5051 0.1319
0.8447 1.1154 0.1312
0.8346 0.8782 0.1311
0.8362 0.9893 0.1433
0.8351 1.6335 0.1330
0.8346 1.1500 0.1142
0.8495 -0.6620 0.0967
0.8429 1.1746 0.1150
0.8558 0.2053 0.1060
0.8468 0.4342 0.1425
0.8448 1.4242 0.1519
0.8567 -0.6325 0.0920
0.8487 -0.6013 0.0979
0.8554 0.8857 0.1405
0.8541 0.1227 0.1287
0.8632 0.2634 0.1189
0.8631 -0.8130 0.1506
0.8658 -0.5521 0.1205
0.8668 1.5576 0.1077
0.8716 -0.8402 0.1669
0.8837 -0.6826 0.1079
0.8750 -0.5874 0.0960
0.8716 1.5167 0.1203
0.8964 1.6055 0.1107
0.8958 0.2007 0.1089
0.8939 -0.8012 0.1355
0.8940 0.0783 0.1219
0.8868 0.8313 0.1931
0.8914 1.2372 0.1556
0.8955 0.4558 0.1578
0.8932 0.1357 0.1089
0.8893 0.6742 0.1910
0.8960 1.5450 0.1058
0.9123 0.3118 0.1287
0.9169 0.4110 0.1499
0.8968 1.3016 0.1493
0.8957 1.4984 0.1359
0.9038 1.6352 0.1387
0.9017 1.5768 0.1005
0.9065 -0.6966 0.1138
0.9206 0.1013 0.1082
0.9015 0.5736 0.1832
0.9079 0.8860 0.1858
0.9082 -0.5580 0.1042
0.9299 0.2367 0.1096
0.9127 1.3668 0.1646
0.9209 -0.6333 0.0986
0.9143 0.1565 0.1052
0.9221 -0.7667 0.1281
0.9186 -0.6564 0.0999
0.9434 -0.5908 0.1000
0.9275 -0.5727 0.0987
0.9267 -0.5326 0.1201
0.9288 0.0361 0.0887
0.9328 0.3672 0.1295
0.9611 -0.7108 0.1187
0.9444 -0.0610 0.1369
0.9441 0.2718 0.1087
0.9444 0.0092 0.0799
0.9497 0.3416 0.1181
0.9462 1.5406 0.1449
0.9465 1.5923 0.1413
0.9452 0.1781 0.1059
0.9487 1.3712 0.2039
0.9680 -0.6505 0.1172
0.9568 0.0482 0.0741
0.9651 0.7185 0.2815
0.9712 -0.8285 0.1469
0.9670 -0.0093 0.0753
0.9747 0.2137 0.1040
0.9713 0.3859 0.1476
0.9776 -0.0465 0.1074
0.9780 0.0659 0.0827
0.9832 0.1485 0.1170
0.9808 0.2895 0.1041
0.9885 0.9454 0.2874
0.9891 -0.7866 0.1120
1.0047 -0.5508 0.1211
0.9780 0.0217 0.0566
0.9948 -0.7598 0.1065
0.9918 -0.5087 0.1423
0.9807 0.0147 0.0583
0.9860 0.0147 0.0587
0.9922 0.0497 0.0676
1.0008 0.1896 0.1162
0.9989 -0.5948 0.1234
1.0284 -0.0412 0.1178
1.0036 0.2468 0.1050
1.0157 0.0148 0.0749
1.0152 0.2795 0.1077
1.0127 0.3189 0.1204
1.0147 -0.1852 0.2344
1.0200 -0.6690 0.1366
1.0699 -0.6290 0.1446
1.0275 -0.7848 0.1012
1.0258 0.0523 0.0804
1.0347 -0.5114 0.1474
1.0304 0.0312 0.0818
1.0333 -0.7345 0.1035
1.0405 0.1138 0.1141
1.0368 0.1328 0.1229
1.0754 0.2551 0.1080
1.0481 -0.7530 0.0924
1.0770 -0.5707 0.1348
1.0630 0.2974 0.1196
1.0575 0.0704 0.1045
1.0710 -0.8128 0.1205
1.0722 -0.7486 0.0890
1.0800 -0.5201 0.1516
1.0791 -0.0755 0.1419
1.1026 0.0004 0.1402
1.0862 0.1826 0.1147
1.0833 0.2206 0.1104
1.0896 -0.1597 0.1628
1.0943 0.0571 0.1287
1.1030 -0.7710 0.0898
1.1189 -0.0663 0.1249
1.1173 -0.7339 0.0954
1.1202 -0.6960 0.1091
1.1151 0.2817 0.1073
1.1303 -0.5548 0.1333
1.1094 -0.7739 0.0929
1.1250 0.2430 0.0980
1.1408 0.3363 0.1351
1.1310 -0.1067 0.1168
1.1356 -0.7675 0.1008
1.1550 -0.6073 0.1087
1.1387 0.1488 0.0957
1.1434 0.1153 0.1065
1.1381 0.1785 0.0921
1.1452 0.2119 0.0968
1.1489 -0.6938 0.1067
1.1580 -0.6516 0.1050
1.1856 -0.7186 0.1235
1.1646 -0.1501 0.1381
1.1834 -0.5465 0.1404
1.1576 -0.0931 0.1127
1.1625 0.2660 0.0977
1.1610 -0.2022 0.1939
1.1637 0.3232 0.1217
1.1603 0.1383 0.0892
1.1714 -0.8089 0.1635
1.1896 -0.6637 0.1045
1.1903 -0.0478 0.1381
1.1747 0.1608 0.0883
1.1941 -0.1157 0.1300
1.1860 0.0906 0.1217
1.1807 0.7251 0.5305
1.1938 -0.6012 0.1048
1.1944 0.2249 0.1049
1.1985 0.2665 0.1062
1.2135 -0.5782 0.1298
1.2121 0.1383 0.1098
1.2038 0.3944 0.2169
1.2141 0.0874 0.1404
1.2167 0.1773 0.1180
1.2156 0.2578 0.1199
1.2169 -0.0863 0.1497
1.2164 -0.0131 0.1704
1.2172 -0.6489 0.1170
1.2180 0.3167 0.1419
1.2192 -0.6100 0.1164
