points 
 2 
 1 
Tumour[19065]FoxP310NNCodensity
-1.3570 -1.7688 0.6385
-1.2889 -0.4442 0.4005
-1.2886 -0.5689 0.5054
-1.2682 -1.7812 0.5137
-1.2357 0.3431 0.7960
-1.2104 0.4538 0.8735
-1.1955 -1.8004 0.4505
-1.1742 -0.2974 0.2937
-1.1474 -0.5187 0.3787
-1.1475 -1.6630 0.4190
-1.1452 -0.2601 0.2929
-1.1467 -0.2141 0.3148
-1.1423 -1.7004 0.3941
-1.1355 0.3527 0.7545
-1.1262 -0.4737 0.3476
-1.1178 -1.7121 0.3830
-1.1153 -0.2249 0.3028
-1.1068 -0.1035 0.4391
-1.0726 -0.1904 0.3439
-1.0568 -0.5675 0.4533
-0.9703 -1.7030 0.4022
-0.8200 -0.2051 0.5450
-0.7937 -1.7028 0.4686
-0.7879 0.4871 0.6212
-0.7566 -0.5342 0.7114
-0.7467 -1.8018 0.4966
-0.7433 -1.7862 0.4920
-0.6707 -1.7530 0.5652
-0.5879 0.6139 0.5120
-0.5848 -0.1022 0.4697
-0.5783 0.1071 0.3693
-0.5664 0.3062 0.3418
-0.5364 0.2972 0.3085
-0.5149 0.2695 0.2792
-0.4447 0.0883 0.2670
-0.4225 -1.7202 0.9333
-0.4022 0.6130 0.3664
-0.3840 0.3295 0.2335
-0.3755 0.2508 0.2109
-0.3589 0.1242 0.1906
-0.3302 -0.0032 0.1460
-0.3294 0.5936 0.2892
-0.3164 0.2248 0.1638
-0.3133 0.6246 0.2918
-0.3136 0.0303 0.1321
-0.3042 -0.0605 0.1306
-0.2979 0.1738 0.1589
-0.2972 -0.1431 0.1728
-0.2788 0.0653 0.1265
-0.2734 -0.0866 0.1204
-0.2585 0.0601 0.1152
-0.2563 -0.0120 0.1057
-0.2557 0.4245 0.1665
-0.2522 -0.1382 0.1446
-0.2513 0.3564 0.1440
-0.2479 -0.0927 0.1157
-0.2459 0.2924 0.1414
-0.2494 0.3970 0.1456
-0.2431 0.0189 0.0971
-0.2381 0.1993 0.1197
-0.2391 0.3152 0.1451
-0.2333 -0.0168 0.1117
-0.2304 -0.1213 0.1293
-0.2302 0.2760 0.1322
-0.2252 0.0308 0.0999
-0.2256 0.1662 0.1338
-0.1918 0.4153 0.1227
-0.1915 0.1944 0.1251
-0.1935 0.2284 0.1221
-0.1830 0.0498 0.1253
-0.1821 0.1911 0.1305
-0.1798 0.4274 0.1218
-0.1754 0.0082 0.1232
-0.1637 -0.1315 0.1500
-0.1620 0.0593 0.1475
-0.1631 0.4331 0.1211
-0.1599 0.6699 0.2581
-0.1599 0.5468 0.1610
-0.1576 -0.0888 0.1352
-0.1459 0.2021 0.1568
-0.1349 0.5651 0.1515
-0.1247 0.3745 0.1521
-0.1211 0.4481 0.1192
-0.1108 -0.0136 0.1591
-0.1114 0.3879 0.1411
-0.1093 0.5751 0.1474
-0.1066 -0.0843 0.1437
-0.1025 0.5898 0.1559
-0.0959 -0.0674 0.1516
-0.0827 0.4913 0.1196
-0.0824 -0.1239 0.1690
-0.0743 0.4563 0.1128
-0.0730 -0.1949 0.2395
-0.0647 0.1580 0.2263
-0.0561 0.4832 0.1094
-0.0260 0.5138 0.1209
-0.0165 0.1490 0.2850
-0.0142 0.4212 0.1309
-0.0090 -0.0890 0.2428
-0.0089 0.4776 0.1058
0.0059 0.6269 0.1637
0.0047 0.4761 0.1095
0.0252 0.4200 0.1518
0.0300 0.4914 0.1208
0.0299 0.5892 0.1283
0.0322 0.6372 0.1654
0.0692 0.5772 0.1125
0.0767 0.5453 0.1178
0.1043 0.6013 0.1336
0.1106 0.5296 0.1377
0.1175 0.5746 0.1328
0.1298 0.4052 0.1965
0.1413 -0.6485 0.4246
0.1513 -0.8336 0.6706
0.1477 0.4142 0.1933
0.1545 0.5592 0.1694
0.1893 -0.4653 0.2090
0.1931 0.4010 0.2101
0.1937 -0.3577 0.1831
0.2241 0.6712 0.2654
0.2272 -0.3296 0.1593
0.2345 -0.5074 0.2215
0.2417 -0.4057 0.1497
0.2476 -0.2963 0.1470
0.2531 -0.4826 0.1983
0.2677 0.3931 0.1991
0.2760 -0.3394 0.1390
0.2800 0.4455 0.1712
0.2966 -0.2279 0.1308
0.2946 0.6817 0.2799
0.3095 -0.3630 0.1554
0.3087 -0.4669 0.2089
0.3108 -0.2084 0.1242
0.3129 0.4242 0.1766
0.3256 -0.2956 0.1346
0.3349 -0.1770 0.1148
0.3408 -0.1868 0.1105
0.3414 0.5344 0.1552
0.3512 -0.1704 0.1131
0.3554 0.4907 0.1432
0.3569 -0.2455 0.1277
0.3658 0.5087 0.1418
0.3654 -0.3012 0.1602
0.3656 0.5435 0.1538
0.3673 -0.1137 0.1400
0.3890 0.5994 0.1986
0.3964 -0.1092 0.1290
0.3916 0.4297 0.1922
0.4263 -0.2063 0.1531
0.4308 0.5553 0.1885
0.4324 0.1539 0.2825
0.4346 -0.0357 0.1253
0.4391 -0.0842 0.1058
0.4402 -0.1584 0.1403
0.4705 -0.0510 0.0951
0.4732 0.1796 0.2658
0.4777 -0.0261 0.1036
0.4795 -0.0818 0.0982
0.4953 -0.0487 0.0893
0.4991 -0.2493 0.2435
0.4987 -1.7653 1.5209
0.5023 -0.1224 0.1311
0.5148 -0.0386 0.0969
0.5108 0.5109 0.2695
0.5265 0.0377 0.1493
0.5222 0.2425 0.2621
0.5300 -1.7468 1.5263
0.5329 0.6617 0.3641
0.5522 -0.0396 0.1106
0.5699 -0.0728 0.1268
0.5711 -0.0872 0.1372
0.5913 -0.7632 0.7472
0.5949 0.0515 0.1519
0.5973 0.0981 0.1698
0.6102 -1.7634 1.5992
0.6069 -0.0152 0.1462
0.6094 0.0376 0.1507
0.6472 0.2484 0.1557
0.6533 0.1024 0.1570
0.6722 0.2252 0.1234
0.6815 0.1983 0.1151
0.6925 0.1664 0.1214
0.7041 0.1786 0.1160
0.7087 0.1453 0.1413
0.7130 0.2583 0.1200
0.7387 0.2716 0.1224
0.7556 0.2857 0.1329
0.7620 0.3618 0.1882
0.7811 0.2677 0.1436
0.7839 0.1879 0.1678
0.7848 0.3429 0.1729
0.8037 -0.5795 0.8386
0.8683 0.3383 0.2045
0.8692 0.4404 0.1949
0.8794 0.4691 0.1939
0.9054 0.4276 0.1885
0.9360 0.5691 0.2465
0.9750 0.5877 0.2704
0.9835 0.4343 0.2096
0.9956 0.4821 0.2034
1.0138 0.5145 0.2255
1.1071 0.5274 0.3467
