points 
 2 
 1 
Tumour[19065]CD810NNCodensity
-0.9935 -0.3878 0.4845
-0.9894 -0.3185 0.5138
-0.9928 0.9011 0.2490
-0.9837 0.8346 0.2701
-0.9872 0.8643 0.2516
-0.9876 0.8725 0.2480
-0.9440 -0.7264 0.2043
-0.9221 -0.7174 0.1930
-0.9080 -0.8365 0.1727
-0.8969 -0.6807 0.2164
-0.8962 0.9755 0.1888
-0.8766 -0.8480 0.1711
-0.8939 -0.6075 0.2978
-0.8836 -0.7831 0.1622
-0.8770 -0.8072 0.1591
-0.8784 -0.0457 0.3592
-0.8739 -0.9091 0.2223
-0.8458 -0.8827 0.2050
-0.8587 0.3681 0.4077
-0.8567 0.9853 0.1631
-0.8581 -1.1571 0.4996
-0.8220 -0.9233 0.2540
-0.8178 0.1692 0.2080
-0.8264 1.0342 0.1400
-0.8142 1.0040 0.1227
-0.8066 0.9742 0.1283
-0.8075 -0.2687 0.3856
-0.7912 -0.6220 0.2993
-0.7902 0.1201 0.1567
-0.7865 0.7957 0.1516
-0.7835 0.9901 0.1197
-0.7613 0.1273 0.1251
-0.7624 0.7670 0.1175
-0.7562 0.9947 0.1259
-0.7543 0.7282 0.1156
-0.7546 0.8665 0.1805
-0.7568 1.1117 0.1850
-0.7469 0.1035 0.1208
-0.7380 1.0486 0.1346
-0.7506 0.8348 0.1583
-0.7295 1.1261 0.2113
-0.7238 0.7120 0.1022
-0.7092 0.1072 0.1033
-0.7168 0.7695 0.1085
-0.6916 0.0187 0.1734
-0.7109 0.1415 0.1034
-0.7127 0.6497 0.1458
-0.7116 0.7365 0.0982
-0.6997 0.9768 0.1658
-0.7000 1.0393 0.1537
-0.6927 0.7203 0.0983
-0.6890 0.7490 0.1108
-0.6920 -0.0429 0.2451
-0.6768 0.1976 0.1385
-0.6818 0.1007 0.1119
-0.6627 0.6443 0.1369
-0.6773 0.1343 0.1033
-0.6698 -0.2352 0.3141
-0.6584 0.1704 0.1189
-0.6477 0.6753 0.1220
-0.6370 0.1139 0.1265
-0.6459 0.3422 0.1354
-0.6403 -0.4545 0.2349
-0.6336 -0.0414 0.2599
-0.6111 0.4265 0.1759
-0.6264 0.9751 0.2402
-0.6213 0.2748 0.1287
-0.6146 0.3693 0.1179
-0.6181 -0.7316 0.2085
-0.6186 0.3042 0.1169
-0.6092 0.7064 0.1551
-0.6140 0.6775 0.1477
-0.6096 0.5758 0.2368
-0.6081 -0.6837 0.2224
-0.6071 -0.3761 0.2026
-0.6027 0.2031 0.1318
-0.5931 -0.4532 0.2052
-0.5983 0.3741 0.1170
-0.5935 -0.9318 0.1461
-0.5929 -0.3467 0.2057
-0.5952 0.3903 0.1321
-0.5920 0.3154 0.1092
-0.5852 -0.8244 0.1658
-0.5844 -0.7510 0.1889
-0.5799 -0.6680 0.2281
-0.5766 -0.4942 0.2173
-0.5813 0.1561 0.1273
-0.5719 -0.6053 0.2438
-0.5720 -1.0089 0.1341
-0.5702 -0.8642 0.1456
-0.5681 -0.4411 0.2009
-0.5643 0.2803 0.1269
-0.5585 -1.0667 0.1502
-0.5592 0.8576 0.2985
-0.5448 -1.1021 0.1741
-0.5502 0.1261 0.1283
-0.5445 -0.8219 0.1656
-0.5377 0.2504 0.1359
-0.5326 -1.1636 0.2534
-0.5342 -1.1347 0.2108
-0.5330 0.1981 0.1218
-0.5341 -0.9488 0.1066
-0.5268 -1.0372 0.1336
-0.5310 -0.9943 0.1126
-0.5255 -0.9255 0.1108
-0.5204 -0.8972 0.1242
-0.5168 0.3469 0.1713
-0.5077 0.1677 0.1175
-0.5061 0.1075 0.1317
-0.5021 1.1071 0.4052
-0.5019 -0.9774 0.1235
-0.4984 -0.9343 0.1251
-0.4971 -0.3061 0.2423
-0.4889 0.1831 0.1329
-0.4878 0.1261 0.1232
-0.4777 -0.3451 0.2387
-0.4683 -0.2665 0.2950
-0.4614 0.0770 0.1461
-0.4264 0.5305 0.3873
-0.4140 0.1114 0.1385
-0.3803 0.0531 0.1487
-0.3898 0.0930 0.1405
-0.3767 -0.0392 0.2302
-0.3511 0.0144 0.1844
-0.3522 0.0944 0.1645
-0.3092 0.0654 0.2063
-0.3033 -0.3609 0.2786
-0.2992 0.8003 0.2120
-0.2670 0.7540 0.1748
-0.2536 1.1728 0.2762
-0.2233 -0.1396 0.2588
-0.2299 -0.0974 0.2618
-0.2273 -0.3771 0.2770
-0.2219 -0.3508 0.2677
-0.2177 0.7464 0.1310
-0.2151 1.1240 0.1907
-0.2149 -0.7943 0.2985
-0.2163 -0.1921 0.2507
-0.1982 0.8116 0.1247
-0.1949 0.7657 0.1135
-0.1949 -0.1667 0.2646
-0.2020 1.0295 0.1595
-0.1831 -0.7917 0.2610
-0.1915 0.7367 0.1312
-0.1851 -0.2619 0.2653
-0.1868 1.0959 0.1558
-0.1763 0.7951 0.1145
-0.1778 0.8510 0.1494
-0.1773 0.9410 0.1599
-0.1790 -0.4326 0.2894
-0.1653 1.0371 0.1382
-0.1648 1.1120 0.1644
-0.1551 0.8110 0.1251
-0.1372 0.9700 0.1348
-0.1353 -0.6098 0.1997
-0.1209 0.7178 0.1547
-0.1181 1.0023 0.1314
-0.1137 -0.6690 0.1583
-0.1094 -0.5665 0.2237
-0.1119 1.1574 0.2281
-0.1031 0.9404 0.1319
-0.0917 -0.7610 0.1831
-0.0862 -0.5980 0.1884
-0.0931 1.0040 0.1393
-0.0855 0.5003 0.3618
-0.0834 0.8975 0.1352
-0.0724 0.7585 0.1254
-0.0686 0.0806 0.2417
-0.0634 0.8025 0.1200
-0.0643 -0.6773 0.1453
-0.0637 -0.6481 0.1545
-0.0485 0.1023 0.2246
-0.0441 0.7222 0.1396
-0.0372 0.0760 0.2266
-0.0322 -0.7212 0.1610
-0.0318 0.8126 0.1055
-0.0306 0.8620 0.0926
-0.0284 0.9645 0.1378
-0.0233 0.7756 0.1098
-0.0262 0.8876 0.0921
-0.0186 -1.0572 0.3830
-0.0143 1.0261 0.2010
-0.0124 -0.7350 0.1683
-0.0081 0.2584 0.3019
-0.0082 0.7452 0.1259
-0.0068 0.9036 0.0937
0.0080 -0.7569 0.1780
0.0077 0.8427 0.0902
0.0038 0.8828 0.0840
0.0126 0.7205 0.1446
0.0309 0.1107 0.1764
0.0353 0.1285 0.1746
0.0335 0.6334 0.2041
0.0330 0.8897 0.0944
0.0414 0.8414 0.1003
0.0375 0.8904 0.0983
0.0613 0.1153 0.1757
0.0696 0.1436 0.1832
0.0799 0.8502 0.1233
0.0801 -0.8020 0.1777
0.0903 -0.8257 0.1718
0.0844 0.5756 0.1602
0.0891 0.7005 0.1958
0.0929 0.8024 0.1488
0.0975 -0.8598 0.1693
0.1098 0.5114 0.1136
0.1131 0.8121 0.1665
0.1235 0.5253 0.0995
0.1412 0.1282 0.2181
0.1398 -0.9223 0.1518
0.1469 0.4962 0.0913
0.1627 -0.9684 0.1416
0.1509 0.5729 0.1247
0.1508 0.5163 0.0858
0.1545 0.4590 0.1069
0.1701 -1.0284 0.1458
0.1760 -0.7614 0.1937
0.1814 -0.8518 0.1446
0.1950 -1.0925 0.1668
0.2028 -1.0512 0.1287
0.1821 0.4961 0.0919
0.1859 0.4107 0.1293
0.1852 0.4939 0.0945
0.1894 0.4042 0.1299
0.2021 -0.8283 0.1573
0.1990 0.5764 0.1487
0.2063 -0.9509 0.1191
0.2098 -0.9058 0.1240
0.2165 0.5148 0.1256
0.2304 0.1189 0.2301
0.2385 -0.0292 0.1968
0.2360 -0.9842 0.1117
0.2403 -1.0872 0.1467
0.2485 0.4120 0.1181
0.2484 -0.9500 0.1127
0.2493 0.3220 0.1338
0.2836 -0.0998 0.1583
0.2482 0.3634 0.1055
0.2625 0.0785 0.2176
0.2658 -0.6986 0.2374
0.2688 -1.0075 0.1136
0.2713 0.3511 0.1032
0.2794 -1.0944 0.1621
0.2742 0.2054 0.2401
0.2957 -1.0502 0.1355
0.2849 -0.8886 0.1318
0.2803 -0.8432 0.1587
0.2785 0.4319 0.1410
0.2790 -0.7302 0.2097
0.2873 0.3686 0.1032
0.2932 -0.1968 0.1855
0.2927 0.3260 0.1279
0.2986 -0.9443 0.1109
0.2976 -0.2333 0.2103
0.3021 -0.0470 0.1526
0.2965 -0.0062 0.1683
0.3069 -0.9626 0.1117
0.3202 -0.1693 0.1591
0.3245 0.3671 0.1320
0.3173 0.0029 0.1734
0.3340 -1.0137 0.1464
0.3490 -0.9355 0.1454
0.3447 -0.0882 0.1470
0.3492 -0.5290 0.3618
0.3495 -0.2611 0.2113
0.3668 0.3627 0.1698
0.3570 -0.8974 0.1628
0.3727 -0.8124 0.2050
0.3846 -0.1058 0.1563
0.3909 -0.7537 0.2435
0.4060 -0.6692 0.2961
0.4084 -0.5073 0.3411
0.4163 -0.1173 0.1765
0.4334 -0.1735 0.1848
0.4535 -0.2423 0.1982
0.4559 0.3506 0.2416
0.4624 -0.0527 0.2389
0.4900 -0.2841 0.2163
0.5013 -1.0258 0.3395
0.5095 -0.3098 0.2274
0.5098 0.3422 0.2422
0.5165 -0.3505 0.2450
0.5629 0.2863 0.1902
0.5787 -0.1557 0.2849
0.5939 0.2180 0.1692
0.5960 0.2513 0.1587
0.5948 -0.4464 0.2955
0.6053 0.2791 0.1636
0.6199 -0.3404 0.2795
0.6434 -0.5357 0.3513
0.6542 -1.0465 0.5440
0.6716 0.2113 0.1383
0.6796 0.3022 0.1904
0.6808 0.1776 0.1497
0.7055 0.1644 0.1595
0.7159 0.2008 0.1511
0.7213 -0.7535 0.4956
0.7217 -0.0650 0.3638
0.7242 -0.5078 0.3518
0.7460 0.2409 0.1898
0.7628 0.0646 0.2600
0.7728 0.1302 0.2294
0.8358 -0.3988 0.3658
0.8276 -0.3517 0.3708
0.8836 -0.7051 0.4514
0.9166 -0.0087 0.2557
0.9307 1.1953 0.8773
0.9379 1.1449 0.8655
0.9544 -0.0216 0.2377
0.9586 -0.0746 0.2095
0.9615 -0.3419 0.3056
0.9842 -0.0508 0.2050
1.0172 -0.0596 0.1962
1.0411 -0.5827 0.4144
1.0561 -0.1365 0.1740
1.0502 -0.6949 0.4411
1.0556 -0.2222 0.1826
1.0572 -0.1758 0.1683
1.0667 -0.8936 0.5257
1.0862 -0.1828 0.1746
1.0973 -0.9476 0.5567
1.1045 -0.3198 0.2538
1.1074 -0.2065 0.1913
1.1224 -0.2372 0.2138
1.2234 -0.3992 0.3236
1.2317 1.2930 0.8462
1.2467 1.2408 0.8194
1.2490 1.2722 0.8329
1.2525 0.7580 0.9858
1.2686 0.0285 0.4943
1.2751 -0.4890 0.3254
1.2851 -0.4242 0.3463
1.3021 -0.5751 0.2872
1.3587 1.3114 0.9397
1.3661 -0.6180 0.2409
1.3728 -0.6576 0.2160
1.3915 -0.7511 0.1892
1.4315 1.3215 1.0246
1.4393 -0.7334 0.1651
1.4589 -0.6827 0.1928
1.4569 -0.7937 0.1704
1.4736 -0.8870 0.2520
1.4881 -0.8129 0.1896
1.4791 -1.1478 0.5355
1.4899 -0.7321 0.1836
1.4964 -0.9606 0.3159
1.4955 -0.7819 0.1801
1.5007 -1.1154 0.4950
