points 
 2 
 1 
Tumour[19065]FoxP310NNCodensity
-1.1595 -0.1526 0.5443
-1.1582 0.2108 0.5505
-1.0458 0.1178 0.3982
-1.0430 -0.1561 0.4572
-1.0246 -0.7182 0.4983
-1.0155 -0.4809 0.3975
-1.0054 -0.7189 0.4818
-0.9899 -0.6982 0.4579
-0.9860 -0.1610 0.4437
-0.9815 -0.6840 0.4491
-0.9419 -0.3730 0.4190
-0.9158 -0.5327 0.4217
-0.9061 -0.2721 0.4786
-0.8818 0.2201 0.2250
-0.8293 0.1894 0.1782
-0.8328 0.2176 0.1954
-0.8147 0.1997 0.1818
-0.8075 0.1663 0.1785
-0.7946 0.1169 0.2074
-0.7590 0.1477 0.2064
-0.7494 0.1649 0.2120
-0.7141 0.1364 0.2572
-0.5012 0.4849 0.4682
-0.5026 -0.7251 0.5366
-0.4888 -0.7244 0.5297
-0.4837 0.4688 0.4519
-0.4799 -0.6528 0.4585
-0.4791 0.5127 0.4799
-0.4716 0.4281 0.4413
-0.4077 -0.4658 0.2996
-0.4007 -0.4518 0.2868
-0.3789 0.2727 0.4544
-0.3742 -0.3250 0.2010
-0.3537 -0.1712 0.2270
-0.3452 -0.3390 0.1865
-0.3389 -0.3848 0.2119
-0.3315 -0.1469 0.2190
-0.3195 -0.0584 0.2490
-0.3093 -0.0053 0.2866
-0.3026 -0.2870 0.1757
-0.2888 -0.2667 0.1811
-0.2565 -0.0203 0.2671
-0.2415 -0.1641 0.2211
-0.2375 -0.3426 0.2316
-0.2099 -0.2841 0.2392
-0.1912 0.0961 0.3792
-0.1834 -0.0579 0.2880
-0.1285 0.4527 0.2708
-0.0962 0.4686 0.2524
-0.0825 -0.6565 0.6492
-0.0816 0.4132 0.2346
-0.0699 0.3514 0.2628
-0.0692 0.3915 0.2373
-0.0461 0.4547 0.2158
-0.0068 0.4528 0.2148
0.0407 0.0955 0.4242
0.0849 0.5056 0.2666
0.1185 0.4856 0.2845
0.1494 -0.2005 0.4067
0.1698 -0.0535 0.2789
0.1972 0.0168 0.2569
0.2268 -0.4438 0.6646
0.2334 0.5104 0.4208
0.2338 -0.0713 0.2461
0.2414 0.5402 0.4448
0.2505 0.0549 0.2540
0.2884 -0.0643 0.2294
0.3503 0.0572 0.2576
0.3571 -0.0375 0.2331
0.3632 -0.0126 0.2324
0.4824 0.0664 0.3163
0.5000 0.0142 0.3235
0.5992 0.2639 0.3033
0.6241 -0.6623 1.0131
0.6385 -0.4508 0.7788
0.6501 0.1698 0.2750
0.6756 -0.0722 0.4786
0.7060 0.3414 0.2246
0.7165 0.2343 0.2040
0.7346 0.1741 0.2435
0.7735 0.3149 0.1900
0.7794 0.3469 0.2073
0.7991 0.3671 0.2252
0.8126 0.1971 0.2461
0.8362 0.2353 0.2401
0.8514 0.4246 0.2771
0.9347 0.5113 0.3779
1.0212 0.4895 0.4158
1.0448 0.5324 0.4752
1.1710 0.2122 0.4341
1.1941 0.1351 0.4161
1.2175 0.0940 0.4059
1.2215 0.0223 0.3862
1.2307 -0.3144 0.5392
1.2367 -0.2951 0.5131
1.2513 -0.2156 0.4369
1.2619 0.1903 0.4720
1.2639 -0.1487 0.4091
1.2816 -0.2196 0.4522
