points 
 2 
 1 
Tumour[19065]CD6810NNCodensity
-1.1739 -0.7877 0.1403
-1.1772 -0.7254 0.1286
-1.1693 -0.5624 0.1383
-1.1736 -0.2757 0.1987
-1.1790 -0.0169 0.3334
-1.1787 0.1303 0.1824
-1.1726 0.1879 0.1356
-1.1757 0.2251 0.1409
-1.1692 0.4384 0.1339
-1.1672 0.5853 0.1027
-1.1799 0.6209 0.1066
-1.1798 0.6465 0.1141
-1.1802 0.8607 0.2333
-1.1719 0.8918 0.2418
-1.1731 -0.6349 0.1350
-1.1493 0.4866 0.1198
-1.1621 -0.9767 0.1864
-1.1521 0.6530 0.0984
-1.1620 0.3247 0.1804
-1.1479 0.5330 0.1175
-1.1655 0.9869 0.2895
-1.1445 -0.7226 0.1032
-1.1496 -0.4489 0.1485
-1.1476 -0.3116 0.1432
-1.1568 0.1710 0.1321
-1.1533 -0.3955 0.1399
-1.1358 -0.7009 0.1066
-1.1384 0.4333 0.1045
-1.1320 0.6890 0.1198
-1.1451 -0.7700 0.1137
-1.1454 0.6116 0.0869
-1.1384 -0.8533 0.1448
-1.1426 -0.5606 0.1168
-1.1368 -0.3304 0.1275
-1.1382 -0.9029 0.1473
-1.1328 0.4101 0.1083
-1.1147 -0.5125 0.1292
-1.1295 -0.3812 0.1220
-1.1243 0.2101 0.1103
-1.1303 0.5656 0.0998
-1.1100 0.6323 0.0954
-1.1288 0.7416 0.1709
-1.1262 -0.6067 0.1020
-1.1156 -0.7400 0.1052
-1.1255 -0.6733 0.1090
-1.1169 -0.9944 0.1585
-1.1124 -0.5574 0.1056
-1.0880 0.5640 0.1049
-1.1159 1.2422 0.2999
-1.1045 -0.7733 0.1184
-1.1155 0.9470 0.2404
-1.1068 -0.4086 0.1212
-1.1061 0.4597 0.1002
-1.1103 0.2304 0.1139
-1.1086 0.5900 0.0958
-1.1054 0.1705 0.1237
-1.0779 0.5039 0.1192
-1.1040 -0.8869 0.1306
-1.0974 0.4218 0.0974
-1.0936 0.3785 0.1238
-1.0937 -0.5963 0.0943
-1.0910 0.2120 0.1162
-1.0910 0.6635 0.1094
-1.0836 0.2573 0.1327
-1.0765 0.8017 0.1873
-1.0848 -0.4650 0.1395
-1.0780 -0.6276 0.0899
-1.0727 1.3595 0.2677
-1.0785 -0.9033 0.1239
-1.0741 -0.3385 0.1124
-1.0553 0.4413 0.1050
-1.0491 0.6357 0.1061
-1.0577 -0.6751 0.1055
-1.0698 -0.2989 0.1320
-1.0610 -1.0133 0.1528
-1.0423 0.6806 0.1329
-1.0619 -0.5746 0.1036
-1.0538 -1.0593 0.1918
-1.0579 -0.7758 0.1343
-1.0574 0.4042 0.1096
-1.0379 0.6038 0.1083
-1.0527 -0.9472 0.1318
-1.0405 -0.6458 0.0841
-1.0531 -0.6274 0.0831
-1.0372 0.5727 0.1118
-1.0425 -0.9631 0.1366
-1.0378 -0.8446 0.1390
-1.0422 -0.4367 0.1492
-1.0403 -0.3260 0.1216
-1.0499 0.8436 0.2029
-1.0299 -0.5852 0.1007
-1.0398 1.0873 0.2543
-1.0306 0.8686 0.2253
-1.0276 0.0213 0.2253
-1.0324 0.3037 0.1509
-1.0192 -0.2993 0.1493
-1.0211 0.4719 0.1120
-1.0242 -0.3983 0.1316
-1.0190 0.0745 0.1928
-1.0216 -0.8794 0.1409
-1.0093 -0.6692 0.0801
-1.0129 0.1584 0.1685
-1.0157 0.2711 0.1514
-0.9990 0.5843 0.1116
-1.0152 1.2947 0.1913
-1.0048 -0.8021 0.1489
-1.0078 -0.6304 0.0821
-1.0074 -0.3412 0.1288
-1.0066 0.1061 0.1841
-1.0037 0.5187 0.1131
-0.9989 0.4030 0.1174
-1.0002 0.6813 0.1453
-0.9883 0.3085 0.1499
-0.9871 -1.0670 0.1976
-0.9919 -0.7540 0.1329
-0.9917 -0.7103 0.1011
-0.9856 -0.6124 0.0860
-0.9900 1.1481 0.2082
-0.9844 0.4360 0.1051
-0.9785 -0.6503 0.0750
-0.9733 0.5117 0.1085
-0.9828 -0.6873 0.0837
-0.9674 -0.5738 0.1043
-0.9623 0.6424 0.1339
-0.9757 0.4089 0.1144
-0.9747 1.3117 0.1703
-0.9630 -0.6726 0.0791
-0.9656 0.2103 0.1847
-0.9529 -0.3588 0.1574
-0.9577 1.3724 0.1719
-0.9552 1.2186 0.1921
-0.9562 0.5454 0.1071
-0.9472 -1.0139 0.1736
-0.9472 -0.5955 0.0925
-0.9483 -0.0142 0.2516
-0.9466 0.7942 0.2365
-0.9478 1.0739 0.2537
-0.9488 -0.4017 0.1634
-0.9438 0.4370 0.1112
-0.9361 0.5954 0.1235
-0.9471 -0.9200 0.1710
-0.9421 -0.6428 0.0895
-0.9367 0.5058 0.1176
-0.9394 -0.9583 0.1760
-0.9328 -0.6736 0.0911
-0.9218 -0.8245 0.1793
-0.9199 -0.5824 0.0891
-0.9174 1.1086 0.2308
-0.9143 -0.5416 0.1021
-0.9077 0.3303 0.1530
-0.9159 0.5497 0.1261
-0.9123 1.3800 0.1502
-0.9136 -0.7030 0.0981
-0.9034 0.3904 0.1336
-0.9088 0.4186 0.1269
-0.9095 0.6847 0.1682
-0.8973 1.3470 0.1328
-0.9040 0.3093 0.1648
-0.8988 0.0616 0.2012
-0.8948 -0.5705 0.0890
-0.8931 1.1421 0.2165
-0.8906 -0.5342 0.0976
-0.8635 0.6468 0.1551
-0.8847 -0.7417 0.1271
-0.8808 -0.7085 0.1018
-0.8875 -0.0023 0.2471
-0.8878 0.5712 0.1419
-0.8867 1.2393 0.1864
-0.8719 1.3631 0.1252
-0.8686 -0.6429 0.1038
-0.8745 -0.5990 0.0974
-0.8776 -0.4541 0.1398
-0.8523 -0.6897 0.1011
-0.8607 -1.0467 0.2303
-0.8672 -0.6651 0.0987
-0.8568 -0.5117 0.1030
-0.8612 0.4443 0.1638
-0.8556 -0.5671 0.0945
-0.8573 -0.2665 0.2275
-0.8537 0.1459 0.2155
-0.8529 -0.3524 0.1954
-0.8515 -0.4175 0.1549
-0.8439 -0.8706 0.2183
-0.8366 -0.2187 0.2549
-0.8361 1.3968 0.1249
-0.8321 -1.0311 0.2392
-0.8118 -0.6086 0.1254
-0.8315 1.3439 0.1174
-0.8339 0.2875 0.2067
-0.8139 -0.7056 0.1113
-0.8225 -0.5299 0.1006
-0.8172 -0.5036 0.1033
-0.8202 0.6919 0.1737
-0.8161 0.1318 0.2157
-0.8028 -0.4714 0.1160
-0.8070 0.6459 0.1524
-0.8024 -0.7498 0.1222
-0.7878 0.4356 0.1848
-0.8000 1.3155 0.1328
-0.7980 1.3770 0.1093
-0.7761 -0.7050 0.1062
-0.7902 0.5561 0.1708
-0.7898 1.2371 0.2084
-0.7864 -0.7860 0.1433
-0.7837 -0.5757 0.1306
-0.7703 -0.5382 0.1154
-0.7767 1.3522 0.1171
-0.7627 -0.4725 0.1205
-0.7618 0.5383 0.1787
-0.7565 0.3113 0.1970
-0.7573 0.7833 0.2068
-0.7616 0.7168 0.1733
-0.7475 -0.7704 0.1197
-0.7523 0.3927 0.1878
-0.7485 -0.1500 0.2834
-0.7518 1.4034 0.1427
-0.7519 0.1307 0.2303
-0.7427 -0.6940 0.0973
-0.7379 0.5998 0.1542
-0.7451 1.3785 0.1312
-0.7317 -0.6710 0.1030
-0.7319 -0.5066 0.1260
-0.7204 -0.4642 0.1264
-0.7310 -0.2472 0.2406
-0.7241 -1.0337 0.2644
-0.7292 1.3990 0.1537
-0.7183 -0.3884 0.1817
-0.7086 0.2222 0.2066
-0.7129 -1.0662 0.2848
-0.7086 -0.7142 0.0912
-0.7158 -0.1924 0.2518
-0.7104 0.1847 0.2239
-0.7149 0.6420 0.1594
-0.7140 0.8786 0.2024
-0.7042 -0.8375 0.1605
-0.7069 -0.6891 0.0889
-0.7010 -0.6626 0.0991
-0.6932 0.3942 0.1739
-0.6815 1.2622 0.2254
-0.6795 -0.8165 0.1402
-0.6918 -0.7648 0.1153
-0.6845 -0.4527 0.1292
-0.6863 0.6221 0.1730
-0.6870 0.8770 0.1809
-0.6745 0.7865 0.1844
-0.6722 -0.6045 0.1367
-0.6827 0.2126 0.2270
-0.6671 -0.7123 0.0990
-0.6639 -0.6569 0.1100
-0.6662 0.6614 0.1993
-0.6618 0.4918 0.1863
-0.6592 0.9426 0.2171
-0.6554 -0.4639 0.1272
-0.6575 0.3925 0.1719
-0.6262 -0.4533 0.1293
-0.6453 0.8675 0.1661
-0.6348 -0.7356 0.1262
-0.6289 -0.8173 0.1435
-0.6453 1.3280 0.2158
-0.6404 -0.5725 0.1386
-0.6284 -0.7048 0.1322
-0.6252 -0.8869 0.1569
-0.6055 -0.5913 0.1383
-0.6168 0.5008 0.2025
-0.6082 0.8743 0.1677
-0.6072 -0.5624 0.1324
-0.6016 -0.5108 0.1230
-0.6016 0.3930 0.1925
-0.5951 -0.3920 0.1620
-0.5909 -0.4437 0.1316
-0.5803 -0.3595 0.1855
-0.5770 -0.9461 0.1493
-0.5510 -0.5155 0.1319
-0.5750 0.4205 0.2023
-0.5623 -1.0628 0.2155
-0.5698 0.8110 0.1970
-0.5650 -0.1848 0.1951
-0.5642 1.3298 0.2664
-0.5610 -0.8068 0.1358
-0.5594 -0.1515 0.1875
-0.5589 0.4084 0.2147
-0.5584 -0.8991 0.1193
-0.5432 -0.8676 0.1123
-0.5450 -1.0081 0.1599
-0.5452 -0.2583 0.1885
-0.5299 -0.9190 0.1135
-0.5346 0.9393 0.1913
-0.5333 0.7808 0.2357
-0.5221 -0.7866 0.1298
-0.5259 -0.5650 0.1490
-0.5267 -0.0256 0.1946
-0.5201 -0.4851 0.1333
-0.5063 -0.0386 0.1743
-0.5018 -0.8634 0.1105
-0.4996 -0.9374 0.1146
-0.5090 -0.8236 0.1174
-0.4997 0.9662 0.1772
-0.4964 -0.7115 0.1510
-0.4937 0.0196 0.2069
-0.4931 -0.5943 0.1635
-0.4809 -0.7668 0.1230
-0.4769 -0.0029 0.1808
-0.4883 -0.4487 0.1278
-0.4583 -0.8954 0.1102
-0.4805 -0.2062 0.1525
-0.4834 -0.1661 0.1519
-0.4850 1.3744 0.3068
-0.4507 -1.0635 0.1452
-0.4661 -0.4232 0.1208
-0.4545 -0.9361 0.1078
-0.4689 0.9924 0.1613
-0.4668 -0.3470 0.1469
-0.4619 -0.4512 0.1212
-0.4655 -0.1378 0.1593
-0.4675 0.8118 0.2264
-0.4656 1.2463 0.2905
-0.4460 -0.7305 0.1313
-0.4489 -1.0390 0.1213
-0.4457 -0.6460 0.1302
-0.4401 -1.0200 0.1042
-0.4342 -0.7745 0.1313
-0.4276 -0.8496 0.1269
-0.4362 -0.5105 0.1366
-0.4349 -0.0732 0.1660
-0.4375 1.0226 0.1657
-0.4353 -0.9678 0.0956
-0.4306 -0.4011 0.1098
-0.4304 0.4557 0.3084
-0.4237 -0.6717 0.1260
-0.4279 -0.2752 0.1403
-0.4279 -0.2266 0.1540
-0.4202 1.3424 0.2830
-0.4112 -0.9314 0.0991
-0.4092 -0.7914 0.1483
-0.4135 0.9746 0.1352
-0.4109 -0.3618 0.1056
-0.4010 -0.6457 0.1191
-0.4047 -0.9994 0.0883
-0.4064 -0.4802 0.1178
-0.3969 -0.8755 0.1316
-0.3999 0.9475 0.1387
-0.3974 -0.9702 0.0863
-0.3968 0.9041 0.1549
-0.3873 0.5016 0.3092
-0.3872 -0.3543 0.0985
-0.3892 -0.2993 0.1120
-0.3835 -0.6319 0.1170
-0.3762 1.1035 0.2288
-0.3781 -1.0415 0.1203
-0.3560 -0.9139 0.1210
-0.3760 -0.9767 0.0894
-0.3687 -0.5783 0.1118
-0.3757 0.9997 0.1542
-0.3674 -0.4036 0.1015
-0.3610 -0.3302 0.0935
-0.3537 -0.0770 0.1450
-0.3695 0.0666 0.2366
-0.3644 0.8848 0.1869
-0.3636 -1.0002 0.0990
-0.3601 -0.6378 0.1224
-0.3639 -0.4910 0.1029
-0.3621 -0.5230 0.1058
-0.3464 -0.0309 0.1597
-0.3584 -0.5993 0.1131
-0.3580 -0.1846 0.1496
-0.3551 -0.3841 0.0982
-0.3334 -0.9585 0.1075
-0.3533 -0.4404 0.1009
-0.3348 -0.2932 0.1002
-0.3342 -0.1559 0.1326
-0.3370 0.9074 0.1918
-0.3311 -0.3199 0.0946
-0.3204 -0.5200 0.0978
-0.3260 -0.4348 0.1016
-0.3274 -0.5556 0.1047
-0.3187 -0.4552 0.0988
-0.2968 -0.9698 0.1241
-0.3084 -0.2853 0.0996
-0.3033 -0.2317 0.1151
-0.3055 1.4094 0.3278
-0.2817 -0.1111 0.1063
-0.2991 -0.3462 0.1125
-0.3017 1.2837 0.2280
-0.2969 -0.7602 0.1387
-0.2978 -0.8361 0.1199
-0.2908 -0.4715 0.1061
-0.2991 -0.0395 0.1399
-0.2971 1.1477 0.2277
-0.2893 -0.1792 0.1087
-0.2932 -1.0124 0.1426
-0.2784 -0.9182 0.1210
-0.2889 -0.8204 0.1138
-0.2890 -0.7165 0.1572
-0.2826 -0.5375 0.1117
-0.2783 -0.8795 0.1116
-0.2817 -0.0837 0.1138
-0.2521 -0.0598 0.1243
-0.2693 -0.1495 0.1053
-0.2700 -0.3095 0.1043
-0.2651 -0.4345 0.1387
-0.2639 0.5443 0.2197
-0.2636 -0.5608 0.1332
-0.2581 -0.5217 0.1279
-0.2626 -0.2816 0.0986
-0.2449 -0.8569 0.1006
-0.2582 -0.6295 0.1599
-0.2595 -0.2228 0.1029
-0.2597 1.0171 0.2533
-0.2530 -0.8221 0.1007
-0.2586 1.2426 0.2254
-0.2364 0.0798 0.1586
-0.2448 -1.0524 0.2137
-0.2467 -0.7514 0.1265
-0.2450 1.1634 0.2407
-0.2231 0.5583 0.1888
-0.2249 0.1713 0.2185
-0.2281 -0.9214 0.1301
-0.2301 0.0019 0.1382
-0.2278 -0.2427 0.1085
-0.2307 -0.1534 0.1031
-0.2155 -0.2144 0.1110
-0.2173 -0.1300 0.1086
-0.2193 0.6021 0.1964
-0.2195 1.2202 0.2354
-0.2233 -0.3283 0.1291
-0.2137 -0.8082 0.1121
-0.2166 -0.7030 0.1418
-0.2114 -0.2633 0.1121
-0.1971 -0.8759 0.1124
-0.1941 0.0068 0.1230
-0.1955 0.4924 0.2151
-0.1950 -0.1146 0.1206
-0.2005 -0.7969 0.1234
-0.1762 -0.1666 0.1222
-0.1940 1.3069 0.2501
-0.1897 0.0750 0.1214
-0.1549 -0.8316 0.1306
-0.1840 -0.6615 0.1633
-0.1821 -0.4039 0.1848
-0.1841 -0.9269 0.1416
-0.1774 -0.3520 0.1579
-0.1691 0.5754 0.1614
-0.1697 0.6257 0.1831
-0.1583 0.0681 0.1106
-0.1409 -0.0818 0.1349
-0.1585 0.1331 0.1441
-0.1439 -0.8879 0.1255
-0.1449 0.0424 0.1072
-0.1450 -0.2637 0.1463
-0.1370 -0.7211 0.1541
-0.1337 -0.2856 0.1616
-0.1384 0.5823 0.1616
-0.1362 -0.1869 0.1450
-0.1311 -0.0219 0.1248
-0.1388 0.0099 0.1129
-0.1270 -0.6608 0.1735
-0.1130 0.0864 0.1254
-0.1158 -0.6811 0.1653
-0.1056 -0.0894 0.1454
-0.1041 -0.1301 0.1604
-0.0930 0.0127 0.1286
-0.0969 -0.9248 0.1223
-0.0932 0.1429 0.1251
-0.0966 -0.8868 0.1108
-0.0811 -0.4543 0.1619
-0.0708 0.1653 0.1102
-0.0796 -0.8276 0.1051
-0.0683 -0.4162 0.1670
-0.0600 -0.9763 0.1542
-0.0681 -0.5261 0.1645
-0.0705 0.2377 0.1320
-0.0636 1.3484 0.2459
-0.0555 -0.9488 0.1343
-0.0581 -0.8710 0.1027
-0.0593 -0.8163 0.1004
-0.0562 -0.7842 0.1115
-0.0414 0.2654 0.1346
-0.0473 0.5748 0.1795
-0.0497 0.7000 0.2164
-0.0488 0.1919 0.1014
-0.0462 -0.8380 0.0999
-0.0261 -0.4878 0.1454
-0.0430 -0.3652 0.1831
-0.0432 0.3030 0.1530
-0.0413 0.5400 0.1694
-0.0378 -0.5637 0.1490
-0.0402 0.7286 0.2361
-0.0359 1.3621 0.2323
-0.0425 -0.4010 0.1760
-0.0402 -0.0174 0.1574
-0.0394 0.1605 0.1020
-0.0333 0.4001 0.1337
-0.0291 -0.9313 0.1344
-0.0244 0.1439 0.1050
-0.0277 0.4407 0.1308
-0.0269 1.2200 0.2584
-0.0156 -0.7870 0.1015
-0.0229 -0.6944 0.1218
-0.0153 -0.7669 0.1021
-0.0192 0.0678 0.1348
-0.0126 0.4627 0.1257
-0.0129 0.5448 0.1615
0.0029 -0.5417 0.1328
-0.0072 -0.8721 0.1326
0.0013 -1.0618 0.2396
0.0019 -0.7020 0.1061
0.0002 0.0338 0.1483
-0.0009 0.2037 0.1000
0.0028 0.7058 0.2252
0.0077 0.3684 0.1160
0.0010 0.1751 0.0993
0.0056 0.4028 0.1061
0.0140 -0.7453 0.1062
0.0120 -0.6130 0.1172
0.0158 1.3829 0.2179
0.0242 -1.0299 0.2042
0.0180 1.1837 0.2749
0.0273 -0.7776 0.1263
0.0348 -0.2574 0.2214
0.0253 0.0715 0.1306
0.0275 0.2593 0.1198
0.0306 -0.6815 0.0962
0.0331 -0.6417 0.1025
0.0348 -0.5311 0.1428
0.0362 -0.0639 0.2191
0.0376 0.1136 0.1139
0.0340 0.4202 0.1024
0.0385 0.2219 0.1054
0.0420 -0.5967 0.1198
0.0655 0.2004 0.1017
0.0429 -0.6915 0.0983
0.0475 0.4030 0.1062
0.0525 1.3984 0.2179
0.0705 0.1623 0.1089
0.0537 0.3302 0.1375
0.0717 -0.2323 0.2382
0.0761 0.3712 0.1232
0.0677 0.2372 0.1154
0.0762 0.1308 0.1132
0.0666 -0.3253 0.1969
0.0793 1.1931 0.2528
0.0745 0.4745 0.1166
0.0807 0.5438 0.1514
0.0763 0.7878 0.2329
0.0805 0.0778 0.1426
0.0788 -0.6427 0.1052
0.0876 -0.5057 0.1912
0.0832 1.4151 0.2261
0.0918 -0.3446 0.1977
0.0855 0.4909 0.1172
0.0901 0.7699 0.2164
0.0992 -0.9291 0.1620
0.1024 -0.6787 0.1153
0.1129 0.4467 0.1138
0.1023 -0.7042 0.1223
0.1126 -0.6298 0.1368
0.1177 -0.2310 0.2364
0.1095 0.2384 0.1372
0.1098 0.5214 0.1269
0.1365 0.1769 0.1131
0.1227 1.2091 0.2397
0.1305 -0.8762 0.1689
0.1371 -0.7098 0.1558
0.1467 0.3996 0.1454
0.1319 -0.4159 0.2248
0.1385 0.3550 0.1641
0.1384 -0.0576 0.2011
0.1370 0.1239 0.1258
0.1388 1.3677 0.2027
0.1446 -1.0112 0.1246
0.1537 0.1517 0.1168
0.1521 0.4531 0.1277
0.1508 -0.9506 0.1154
0.1613 -0.8918 0.1387
0.1651 0.4936 0.1277
0.1654 -1.0146 0.1030
0.1700 1.3663 0.2067
0.1785 -0.0573 0.1784
0.1827 1.2560 0.2327
0.1817 0.8103 0.2273
0.1807 0.5136 0.1336
0.1876 0.5856 0.1182
0.1826 0.6080 0.1238
0.1867 0.0110 0.1582
0.1957 0.1932 0.1224
0.1887 0.6527 0.1473
0.1894 -0.9004 0.1314
0.1926 -1.0117 0.0856
0.1981 0.1567 0.1271
0.1982 -1.0678 0.1130
0.2066 -0.9694 0.1049
0.2084 -0.0113 0.1502
0.2106 0.7051 0.1709
0.2157 0.2703 0.1727
0.2153 0.6158 0.1121
0.2049 0.8048 0.2185
0.2161 0.6438 0.1272
0.2256 0.1538 0.1287
0.2206 0.2259 0.1413
0.2195 -1.0235 0.0793
0.2274 -1.0605 0.1030
0.2277 1.0774 0.3131
0.2263 -0.9387 0.1286
0.2288 -0.7221 0.1772
0.2320 -0.3860 0.1669
0.2335 -1.0343 0.0852
0.2404 -0.3401 0.1813
0.2431 0.5644 0.1188
0.2512 -1.0220 0.1000
0.2517 0.0075 0.1415
0.2505 1.3057 0.2384
0.2517 -1.0450 0.1064
0.2512 0.9746 0.3074
0.2671 1.3909 0.2576
0.2558 -0.8652 0.1646
0.2575 -0.6006 0.1990
0.2555 -0.0211 0.1442
0.2620 0.0744 0.1480
0.2692 0.5415 0.1411
0.2695 -0.4940 0.1348
0.2699 -0.7952 0.1636
0.2710 -0.5175 0.1453
0.2963 -0.0685 0.1718
0.2756 0.3583 0.2005
0.2808 0.5916 0.1319
0.2831 -0.8435 0.1662
0.2910 -0.1475 0.2016
0.2845 -0.7158 0.1705
0.2899 -0.4591 0.1151
0.2842 -0.2114 0.2124
0.2878 -0.6505 0.1961
0.2895 -0.3077 0.1767
0.3057 0.2177 0.1449
0.2993 0.4474 0.1844
0.2936 1.0741 0.3231
0.2986 -0.7510 0.1545
0.3015 0.1843 0.1301
0.3087 0.5636 0.1578
0.3136 -0.4619 0.1080
0.3092 -0.1874 0.2154
0.3245 0.0974 0.1394
0.3141 0.1224 0.1299
0.3196 -0.4077 0.1265
0.3285 0.0064 0.1640
0.3255 0.3555 0.1891
0.3259 0.7250 0.1286
0.3285 -0.4372 0.1174
0.3372 -0.5113 0.1236
0.3335 -0.3729 0.1431
0.3422 0.6475 0.1467
0.3299 1.3475 0.2815
0.3353 0.8042 0.1548
0.3444 0.6863 0.1241
0.3575 0.7250 0.1020
0.3477 -0.3228 0.1802
0.3491 0.1253 0.1361
0.3551 0.1642 0.1242
0.3653 -0.4836 0.1219
0.3856 1.3876 0.3122
0.3579 -0.7839 0.1498
0.3789 0.2485 0.1390
0.3663 0.3973 0.1848
0.3804 0.6917 0.1055
0.3893 -0.1006 0.2389
0.3803 1.1141 0.3340
0.3818 -0.5384 0.1588
0.3822 0.1918 0.1235
0.3867 0.7521 0.0970
0.3960 0.7783 0.1024
0.3907 0.4911 0.2157
0.4085 0.7144 0.0960
0.3991 0.8366 0.1343
0.3998 -0.8996 0.2231
0.4032 -0.8428 0.1792
0.4042 -0.8137 0.1678
0.4060 0.0227 0.2102
0.4067 0.4213 0.1912
0.4161 0.2706 0.1432
0.4114 -0.7679 0.1737
0.4333 0.7774 0.0979
0.4212 -0.6348 0.2008
0.4249 -0.4945 0.1617
0.4332 0.8225 0.1158
0.4424 0.8695 0.1499
0.4334 0.2370 0.1279
0.4439 0.7415 0.0991
0.4538 0.2689 0.1300
0.4476 0.6988 0.1218
0.4482 -0.4138 0.1916
0.4578 0.1597 0.1513
0.4518 -0.7306 0.2021
0.4581 0.1960 0.1354
0.4576 -0.4645 0.1880
0.4642 -0.3007 0.1999
0.4786 0.3412 0.1513
0.4753 0.7399 0.1137
0.4724 -0.6280 0.2057
0.4809 0.9104 0.1757
0.4911 0.8082 0.1260
0.5190 0.3135 0.1346
0.5095 0.0915 0.1766
0.5104 0.7774 0.1267
0.5161 0.3471 0.1491
0.5122 0.9415 0.1875
0.5093 1.3887 0.2642
0.5141 -0.2354 0.1930
0.5180 -0.5795 0.1965
0.5384 0.2735 0.1281
0.5215 0.6724 0.1798
0.5404 -0.9995 0.2286
0.5352 0.4085 0.1708
0.5312 0.1930 0.1273
0.5337 -0.5909 0.1961
0.5416 -0.2646 0.1658
0.5366 0.0245 0.2183
0.5452 0.4737 0.1837
0.5359 0.9884 0.2223
0.5419 -0.9365 0.2135
0.5638 0.5024 0.1846
0.5578 0.1310 0.1433
0.5644 0.1931 0.1301
0.5732 0.5348 0.1903
0.5640 0.8150 0.1445
0.5637 1.0250 0.2583
0.5635 -0.3087 0.1703
0.5696 -0.2302 0.1643
0.5818 0.2668 0.1435
0.5716 0.7571 0.1394
0.5773 -0.3535 0.1985
0.5804 0.2129 0.1344
0.5825 -0.8266 0.1915
0.5859 -0.1892 0.1791
0.6002 0.1636 0.1355
0.6016 0.8113 0.1426
0.5882 0.5680 0.2003
0.6016 0.3194 0.1662
0.5899 -0.9818 0.1907
0.5945 -0.7921 0.1819
0.5942 -0.3366 0.1949
0.6030 0.7339 0.1579
0.6025 1.3379 0.1650
0.6074 1.4001 0.1821
0.6022 -0.7673 0.1789
0.6100 -1.0575 0.2110
0.6233 -0.7831 0.1759
0.6444 0.6193 0.2123
0.6237 -0.0824 0.1907
0.6270 0.8711 0.1627
0.6429 -0.5387 0.1907
0.6315 0.0770 0.1525
0.6307 1.2153 0.2245
0.6358 0.9677 0.2072
0.6347 0.4403 0.1732
0.6450 0.7131 0.1749
0.6388 1.4040 0.1697
0.6468 -0.8762 0.1903
0.6452 -0.0357 0.1828
0.6464 0.8358 0.1508
0.6441 -0.6612 0.1591
0.6514 -1.0484 0.1848
0.6647 -0.6320 0.1517
0.6630 0.1159 0.1311
0.6613 -0.6759 0.1561
0.6627 -0.5964 0.1572
0.6608 1.2516 0.1692
0.6662 1.2917 0.1386
0.6736 0.3709 0.1918
0.6649 1.4125 0.1791
0.6788 -0.1787 0.1511
0.6782 0.1583 0.1392
0.6932 0.8569 0.1618
0.6773 1.3127 0.1346
0.6876 -0.8994 0.2010
0.7035 -0.1560 0.1313
0.6961 0.4427 0.2041
0.6926 1.2482 0.1760
0.6925 0.0710 0.1364
0.6980 -0.2112 0.1625
0.7032 -1.0429 0.1585
0.6983 0.1028 0.1303
0.7257 -0.1021 0.1194
0.7126 0.4543 0.2202
0.7093 -0.6523 0.1581
0.7305 0.7123 0.2019
0.7344 0.7533 0.1915
0.7214 -0.4762 0.1512
0.7238 -1.0190 0.1448
0.7233 -0.1409 0.1181
0.7217 -0.0309 0.1381
0.7242 0.9115 0.1637
0.7238 1.3949 0.2003
0.7290 -0.4339 0.1619
0.7302 0.1548 0.1450
0.7430 0.8791 0.1532
0.7349 0.3188 0.1836
0.7385 1.3134 0.1830
0.7412 -0.4761 0.1405
0.7414 0.0778 0.1407
0.7484 0.2069 0.1646
0.7724 -0.0563 0.1056
0.7622 -0.0158 0.1174
0.7685 -0.6166 0.1783
0.7784 -0.6992 0.1902
0.7674 -0.0845 0.1054
0.7629 -0.2897 0.2079
0.7827 0.3005 0.1749
0.7719 -1.0170 0.1211
0.7694 -0.5608 0.1678
0.7704 -0.1602 0.1193
0.7867 -0.5148 0.1516
0.7976 0.7825 0.1942
0.7791 -0.8185 0.1666
0.7829 -1.0649 0.1437
0.8020 -0.1128 0.1141
0.7973 0.0490 0.1436
0.7894 -0.9329 0.1551
0.7902 -0.4214 0.1404
0.8133 -0.0252 0.1097
0.8096 0.0068 0.1220
0.7983 0.1808 0.1784
0.8050 0.9347 0.1790
0.7959 0.6090 0.2047
0.8085 -0.7741 0.1756
0.8226 -0.0655 0.1144
0.8117 -1.0546 0.1418
0.8026 -1.0049 0.1190
0.8054 -0.4624 0.1380
0.8168 -0.8781 0.1619
0.8114 0.2752 0.1686
0.8140 1.1626 0.2726
0.8313 -1.0077 0.1331
0.8195 0.9023 0.1643
0.8187 -0.1632 0.1243
0.8199 0.2975 0.1725
0.8263 0.8683 0.1650
0.8276 -0.9296 0.1615
0.8268 -0.8026 0.1604
0.8264 -0.4265 0.1445
0.8266 -0.1929 0.1263
0.8433 0.9466 0.1956
0.8466 -0.8103 0.1652
0.8518 -0.4021 0.1620
0.8479 -0.2172 0.1228
0.8609 -1.0467 0.1787
0.8774 -0.0671 0.1193
0.8695 0.6613 0.1517
0.8614 -0.2527 0.1288
0.8640 0.3303 0.2028
0.8752 1.1217 0.2489
0.8836 0.0745 0.1397
0.8715 0.5495 0.1642
0.8841 1.0368 0.2404
0.8749 0.0155 0.1129
0.8925 0.6243 0.1351
0.8891 -0.3825 0.1728
0.8806 0.4403 0.2192
0.8864 0.5283 0.1755
0.9015 0.6854 0.1464
0.8833 -0.1221 0.1202
0.8863 -0.3203 0.1509
0.9054 -0.1699 0.1153
0.9017 0.0356 0.1106
0.9112 -0.0078 0.1041
0.9028 -0.7632 0.1997
0.9155 -0.2620 0.1141
0.9219 -0.1077 0.1100
0.9087 -0.2317 0.1113
0.9060 0.1778 0.2103
0.9124 0.7955 0.1776
0.9117 1.2899 0.2692
0.9190 0.5944 0.1393
0.9268 -0.2051 0.1053
0.9279 -0.0681 0.1078
0.9454 -0.0269 0.1040
0.9301 0.6393 0.1333
0.9365 1.3535 0.3123
0.9338 0.0376 0.1000
0.9346 0.6852 0.1403
0.9402 0.3486 0.2243
0.9560 -0.1447 0.1024
0.9708 0.0616 0.1136
0.9507 0.8455 0.1784
0.9501 -0.3146 0.1463
0.9630 0.0294 0.1026
0.9580 0.4944 0.1936
0.9675 -0.7548 0.2281
0.9770 -0.0771 0.1014
0.9775 -0.2348 0.1080
0.9722 0.7448 0.1625
0.9851 -0.0142 0.1035
0.9812 1.0964 0.2102
0.9881 0.1123 0.1450
0.9861 -0.1565 0.1010
0.9903 -0.2942 0.1428
0.9914 -0.2136 0.1034
1.0002 -0.1047 0.0953
0.9940 0.7886 0.1622
0.9941 -0.6999 0.2206
0.9947 -0.1805 0.0995
0.9968 -0.5820 0.2582
0.9977 0.0963 0.1361
1.0150 -0.0775 0.0956
1.0209 0.1474 0.1950
1.0133 0.8348 0.1581
1.0075 1.1281 0.2013
1.0206 1.1724 0.2151
1.0199 -0.0068 0.1100
1.0208 1.3748 0.3508
1.0291 -0.6240 0.2220
1.0541 -0.1941 0.1200
1.0273 -0.1399 0.1011
1.0383 -0.0493 0.0997
1.0298 0.5931 0.2040
1.0248 0.6661 0.1833
1.0296 0.4380 0.2078
1.0334 0.9055 0.1752
1.0363 -0.2499 0.1274
1.0500 1.2409 0.2443
1.0512 1.1456 0.2078
1.0570 -0.1204 0.1056
1.0554 0.0060 0.1308
1.0503 0.9298 0.1814
1.0632 -0.2385 0.1317
1.0603 -0.0759 0.1009
1.0706 0.8489 0.1654
1.0719 -0.6033 0.2264
1.0695 -0.7615 0.2348
1.0730 0.4462 0.2139
1.0756 0.3112 0.2104
1.0759 0.3557 0.2051
1.0806 0.0427 0.1651
1.0882 -1.0629 0.3459
1.0893 -0.0807 0.1122
1.0899 1.0026 0.1949
1.1253 -0.2566 0.1658
1.1038 0.6757 0.2265
1.1094 0.7832 0.1778
1.1112 -1.0262 0.3115
1.1148 -0.6086 0.2354
1.1223 0.5232 0.2288
1.1238 -0.0984 0.1269
1.1285 0.8326 0.1782
1.1346 0.9997 0.2102
1.1396 1.0613 0.2192
1.1606 -0.8528 0.2674
1.1546 -0.8140 0.2705
1.1490 -0.2108 0.1423
1.1464 -0.1172 0.1272
1.1472 0.3351 0.1741
1.1613 0.9629 0.2229
1.1927 -0.2321 0.1316
1.1781 0.2136 0.1853
1.1640 0.3223 0.1692
1.1711 -0.5083 0.3272
1.1679 -0.0986 0.1334
1.1712 0.0574 0.2105
1.1925 -0.5638 0.3169
1.1759 0.1588 0.2081
1.1800 0.1090 0.2137
1.2041 -0.1883 0.1242
1.1846 0.7689 0.1961
1.2034 -0.1347 0.1232
1.2110 1.1765 0.2320
1.2203 -0.8118 0.2976
1.2311 -1.0422 0.3170
1.2334 -0.1059 0.1223
1.2278 0.2274 0.1890
1.2272 0.7839 0.2102
1.2292 0.5648 0.1959
1.2467 -0.2275 0.1143
1.2289 0.2916 0.1715
1.2321 0.7623 0.2128
1.2471 1.2598 0.2594
1.2443 -0.2609 0.1300
1.2539 -0.0142 0.1827
1.2550 -0.2925 0.1645
1.2651 -0.1430 0.1230
1.2688 -0.0721 0.1418
1.2572 0.5410 0.1795
1.2563 0.3034 0.1857
1.2566 -1.0539 0.3439
1.2610 -0.9883 0.3023
1.2646 0.4635 0.1641
1.2633 1.3050 0.3027
1.2897 0.4299 0.1764
1.2647 0.3434 0.1848
1.2678 0.5015 0.1653
1.2918 -0.2231 0.1295
1.2888 1.1720 0.2654
1.2999 -0.1692 0.1353
1.2894 0.5216 0.1787
1.2884 -0.0300 0.1861
1.3014 -0.2581 0.1576
1.2917 1.2739 0.2997
1.3047 -0.1252 0.1469
1.3034 0.6763 0.2587
1.3093 -0.8806 0.3409
1.3094 0.8211 0.2999
1.3108 1.1508 0.2895
1.3118 0.4736 0.1876
