points 
 2 
 1 
Tumour[19065]CD810NNCodensity
-1.0728 -0.9324 0.3216
-1.0701 -0.9048 0.3007
-1.0692 -0.6314 0.2646
-1.0770 -0.0552 0.2943
-1.0743 0.0601 0.2202
-1.0723 0.1821 0.2235
-1.0749 0.3823 0.2227
-1.0778 0.7116 0.1955
-1.0553 0.2976 0.1864
-1.0349 0.0967 0.1882
-1.0439 0.3167 0.1773
-1.0408 0.7834 0.1590
-1.0415 1.0097 0.3897
-1.0435 -1.0956 0.4113
-1.0295 -0.1317 0.3576
-1.0302 0.8531 0.2020
-1.0267 -0.8501 0.2413
-1.0266 0.6738 0.1694
-1.0220 -1.3586 0.4620
-1.0165 -0.5385 0.1842
-1.0160 -0.6289 0.2041
-1.0194 0.0558 0.1826
-1.0138 0.5075 0.2412
-1.0074 -1.3355 0.4335
-1.0084 0.7251 0.1331
-1.0039 0.6242 0.1948
-1.0000 0.4068 0.1869
-0.9942 0.2272 0.1770
-0.9928 0.7828 0.1281
-0.9969 -0.8171 0.2110
-0.9794 -1.3593 0.4301
-0.9676 0.7505 0.1200
-0.9696 -0.4560 0.1652
-0.9750 0.3521 0.1607
-0.9755 -0.3865 0.2371
-0.9586 0.0058 0.2059
-0.9609 0.2659 0.1509
-0.9466 0.2963 0.1458
-0.9463 -0.5793 0.1481
-0.9466 0.0645 0.1773
-0.9402 0.7396 0.1240
-0.9409 -0.7159 0.1686
-0.9247 0.1127 0.1664
-0.9321 0.6658 0.1600
-0.9279 -0.8283 0.1810
-0.9295 -0.4788 0.1254
-0.9269 0.4473 0.1874
-0.9168 -0.4977 0.1160
-0.9224 0.8200 0.1260
-0.9040 -0.6260 0.1533
-0.9106 -0.5474 0.1187
-0.9185 0.7808 0.1122
-0.9052 0.8768 0.1732
-0.9000 0.7891 0.1125
-0.8913 -1.2837 0.3641
-0.8883 -0.7008 0.1437
-0.8915 0.2164 0.1352
-0.8965 0.0727 0.1745
-0.8877 -0.5445 0.1136
-0.8843 -0.4892 0.1148
-0.8802 0.5058 0.1592
-0.8769 -0.7631 0.1313
-0.8786 0.5933 0.1534
-0.8666 0.2875 0.1084
-0.8585 0.6492 0.1511
-0.8697 0.8087 0.1198
-0.8570 -0.8389 0.1481
-0.8605 -0.6976 0.1396
-0.8586 0.3548 0.1375
-0.8535 0.2609 0.1030
-0.8416 0.7813 0.1234
-0.8567 0.1212 0.1525
-0.8446 -0.6688 0.1569
-0.8466 -0.4858 0.1244
-0.8427 0.3018 0.1035
-0.8384 -0.7560 0.1203
-0.8460 0.2203 0.1156
-0.8378 0.5626 0.1203
-0.8436 -0.5182 0.1214
-0.8375 -0.3679 0.2085
-0.8344 0.1889 0.1300
-0.8364 0.3831 0.1483
-0.8377 0.7237 0.1368
-0.8323 0.3220 0.1092
-0.8250 0.5178 0.1202
-0.8231 0.8833 0.1693
-0.8155 0.4483 0.1470
-0.8031 0.5982 0.1215
-0.8128 -1.2818 0.3526
-0.8151 0.2498 0.0997
-0.7950 0.8182 0.1285
-0.8012 -0.8296 0.1186
-0.8012 -0.7664 0.1217
-0.8021 -0.3868 0.1918
-0.7967 -0.8532 0.1327
-0.7992 -0.5470 0.1529
-0.7878 -0.5050 0.1454
-0.7889 0.7122 0.1221
-0.7791 0.2669 0.1101
-0.7919 0.5051 0.1234
-0.7901 -0.8148 0.1179
-0.7893 0.6819 0.1350
-0.7813 0.1094 0.1435
-0.7735 -1.1010 0.3962
-0.7793 0.5511 0.1173
-0.7679 -0.7592 0.1472
-0.7728 0.5774 0.1235
-0.7666 0.3822 0.1509
-0.7697 0.7822 0.1172
-0.7642 0.0816 0.1620
-0.7627 0.2985 0.1269
-0.7527 0.8541 0.1481
-0.7551 0.2467 0.1179
-0.7576 0.1656 0.1206
-0.7451 -0.8401 0.1333
-0.7406 0.7097 0.1249
-0.7445 -0.2844 0.2889
-0.7446 0.4694 0.1325
-0.7460 0.7768 0.1153
-0.7423 0.5855 0.1320
-0.7354 -0.4632 0.1659
-0.7336 -0.9094 0.1846
-0.7369 0.1205 0.1341
-0.7137 0.7453 0.1219
-0.7346 0.2221 0.1180
-0.7280 -0.4131 0.1919
-0.7300 0.1671 0.1216
-0.7189 0.8510 0.1507
-0.7045 0.7033 0.1256
-0.7007 -0.5296 0.1610
-0.7003 0.4332 0.1220
-0.6967 -0.5799 0.1756
-0.6675 0.4764 0.1120
-0.6726 0.6176 0.1305
-0.6859 0.1803 0.1261
-0.6832 0.0584 0.1886
-0.6779 -0.8807 0.1773
-0.6812 -0.2609 0.3062
-0.6781 0.8119 0.1355
-0.6808 0.5105 0.1133
-0.6780 0.2608 0.1316
-0.6773 0.4382 0.1160
-0.6732 0.5469 0.1202
-0.6724 0.3165 0.1436
-0.6717 0.3835 0.1327
-0.6564 -0.8106 0.1842
-0.6502 -1.3594 0.3092
-0.6454 0.1877 0.1369
-0.6518 0.5168 0.1159
-0.6473 0.5767 0.1178
-0.6519 0.3595 0.1389
-0.6457 0.6410 0.1216
-0.6477 0.6820 0.1198
-0.6443 -0.8762 0.1946
-0.6300 -0.4860 0.1721
-0.6359 0.7385 0.1217
-0.6309 -0.5962 0.1838
-0.6235 0.2361 0.1534
-0.6270 0.4512 0.1319
-0.6290 0.8152 0.1328
-0.6264 -0.5348 0.1603
-0.6172 0.2949 0.1500
-0.5975 -0.3951 0.2205
-0.6140 0.1423 0.1429
-0.6023 0.6905 0.1154
-0.6010 0.9076 0.2016
-0.6001 0.8172 0.1268
-0.6039 -0.6208 0.1972
-0.5940 0.5541 0.1292
-0.5960 0.1144 0.1439
-0.5809 0.7343 0.1194
-0.5800 0.6038 0.1202
-0.5814 0.6455 0.1180
-0.5850 0.7798 0.1148
-0.5774 -0.8304 0.2227
-0.5759 -1.3040 0.2396
-0.5738 0.3633 0.1371
-0.5702 -0.5943 0.1923
-0.5671 0.1312 0.1428
-0.5542 0.7013 0.1272
-0.5586 -1.2717 0.2426
-0.5472 -0.4493 0.1845
-0.5489 0.4313 0.1426
-0.5459 -1.3466 0.2447
-0.5493 -1.1279 0.3674
-0.5471 0.0367 0.2140
-0.5476 0.5725 0.1166
-0.5325 0.7889 0.1115
-0.5444 -0.7814 0.2319
-0.5361 0.0958 0.1648
-0.5415 0.8248 0.1231
-0.5347 0.3775 0.1280
-0.5304 0.3763 0.1262
-0.5157 0.6580 0.1248
-0.5137 -1.3511 0.2463
-0.5093 0.5289 0.1192
-0.5070 0.5692 0.1014
-0.5163 0.1733 0.1449
-0.5111 0.2807 0.1253
-0.4969 0.6288 0.1085
-0.4971 -0.5048 0.1909
-0.4979 0.9089 0.1888
-0.4938 0.7800 0.1119
-0.4940 0.8218 0.1177
-0.4942 -1.3101 0.2370
-0.4815 0.1228 0.1689
-0.4864 0.3498 0.1272
-0.4757 0.4380 0.1259
-0.4848 -0.1836 0.2941
-0.4864 0.2679 0.1234
-0.4838 -0.3187 0.2054
-0.4810 0.2993 0.1221
-0.4779 0.5588 0.0982
-0.4824 -0.6772 0.2410
-0.4775 0.2327 0.1347
-0.4670 0.4625 0.1312
-0.4682 0.4858 0.1282
-0.4656 0.6094 0.0999
-0.4505 0.7550 0.1122
-0.4511 0.2614 0.1417
-0.4561 0.7816 0.1114
-0.4547 -0.3646 0.1704
-0.4508 -0.8776 0.2902
-0.4531 -0.7654 0.2408
-0.4539 -0.4329 0.1456
-0.4519 0.8202 0.1237
-0.4560 0.2147 0.1457
-0.4533 -0.4049 0.1459
-0.4315 0.6970 0.1258
-0.4502 1.0966 0.1954
-0.4504 0.5704 0.0992
-0.4462 0.6569 0.1248
-0.4463 0.5875 0.0983
-0.4298 0.8927 0.1826
-0.4308 0.4000 0.1522
-0.4229 1.0540 0.1592
-0.4143 0.7386 0.1216
-0.4148 1.0937 0.1544
-0.4158 -0.4159 0.1503
-0.4030 0.4185 0.1710
-0.4019 0.5625 0.1282
-0.4107 -0.3739 0.1711
-0.3978 1.0787 0.1354
-0.3953 -0.0215 0.2059
-0.3933 -1.2987 0.2967
-0.3921 -0.5131 0.1585
-0.3830 -0.5502 0.1743
-0.3933 -0.1928 0.2512
-0.3901 0.7467 0.1337
-0.3806 0.1241 0.2181
-0.3685 -0.0228 0.1952
-0.3674 0.0095 0.1917
-0.3694 -1.3625 0.3465
-0.3607 -0.6922 0.2230
-0.3700 0.5713 0.1372
-0.3691 0.6283 0.1351
-0.3557 0.9636 0.1861
-0.3507 1.0766 0.1199
-0.3481 -0.5304 0.1713
-0.3534 -0.0976 0.2057
-0.3552 0.7176 0.1407
-0.3414 -0.4924 0.1700
-0.3418 0.8671 0.1977
-0.3183 0.4776 0.1612
-0.3306 0.6607 0.1396
-0.3339 0.0556 0.1924
-0.3184 -0.5620 0.1940
-0.3166 0.5175 0.1486
-0.3211 1.0863 0.1276
-0.3264 1.1126 0.1424
-0.3261 -0.8477 0.2954
-0.3196 -0.7283 0.2416
-0.3202 1.0579 0.1267
-0.3185 0.2674 0.2003
-0.3135 -0.2183 0.2389
-0.2760 0.4506 0.1526
-0.2830 0.5749 0.1260
-0.2919 0.2797 0.1782
-0.2912 0.6396 0.1274
-0.2850 0.6993 0.1581
-0.2856 -1.1803 0.4030
-0.2828 0.9122 0.1760
-0.2800 -0.3616 0.2103
-0.2684 1.0779 0.1473
-0.2695 0.2976 0.1600
-0.2697 -0.7637 0.2831
-0.2617 -0.5887 0.2248
-0.2517 0.6008 0.1182
-0.2534 1.0016 0.1518
-0.2468 -0.0444 0.1865
-0.2521 0.3958 0.1450
-0.2511 0.8683 0.1739
-0.2465 0.5629 0.1194
-0.2270 -0.2534 0.1986
-0.2278 0.1369 0.1970
-0.2285 0.4012 0.1375
-0.2243 0.5894 0.1167
-0.2253 0.1663 0.1899
-0.2136 0.3161 0.1458
-0.2119 -0.0636 0.1686
-0.2109 0.0104 0.1806
-0.2198 0.1032 0.1938
-0.2107 0.6586 0.1474
-0.1875 0.5634 0.1173
-0.2095 1.0798 0.1735
-0.2080 -0.1554 0.1812
-0.2117 0.5020 0.1405
-0.2071 0.2027 0.1749
-0.2074 -0.4403 0.2061
-0.2092 -0.4070 0.1966
-0.2095 0.4236 0.1342
-0.2040 0.9828 0.1425
-0.1954 0.7200 0.1808
-0.2001 0.8530 0.1630
-0.1929 -1.0574 0.3920
-0.1869 -0.9114 0.3371
-0.1760 0.9849 0.1418
-0.1768 -0.1743 0.1787
-0.1709 0.7937 0.1859
-0.1702 0.3447 0.1362
-0.1678 0.2900 0.1560
-0.1632 -0.3855 0.1867
-0.1678 1.0271 0.1530
-0.1641 -0.3044 0.1745
-0.1664 0.8529 0.1670
-0.1610 0.5916 0.1328
-0.1548 0.9260 0.1527
-0.1480 -0.3486 0.1753
-0.1482 0.4887 0.1229
-0.1535 0.7621 0.1986
-0.1454 -0.1344 0.1730
-0.1435 0.4046 0.1376
-0.1369 -0.0669 0.1546
-0.1320 0.5339 0.1122
-0.1244 0.9687 0.1572
-0.1166 -0.5468 0.3209
-0.1114 0.0356 0.1566
-0.1110 0.5422 0.1062
-0.1108 -0.0072 0.1517
-0.1061 0.4418 0.1323
-0.0971 -0.0710 0.1689
-0.1022 0.2736 0.1837
-0.1050 0.3741 0.1493
-0.1006 0.4737 0.1184
-0.0944 -0.3120 0.1857
-0.0850 -0.2312 0.1970
-0.0860 0.9968 0.1602
-0.0804 0.5550 0.1079
-0.0791 0.3053 0.1752
-0.0828 -1.0925 0.3765
-0.0735 0.0422 0.1580
-0.0638 0.1079 0.2106
-0.0549 0.4920 0.1174
-0.0511 0.5477 0.1066
-0.0474 0.5963 0.1354
-0.0336 -0.8894 0.3304
-0.0335 0.5310 0.1112
-0.0386 1.0496 0.2053
-0.0272 -0.8163 0.3516
-0.0093 -0.0694 0.2163
-0.0210 0.0374 0.1795
-0.0192 -0.2939 0.1865
-0.0177 0.0582 0.1902
-0.0220 0.4098 0.1761
-0.0103 0.2791 0.2433
-0.0087 -0.7385 0.3896
-0.0044 0.9013 0.1816
0.0025 0.5843 0.1361
0.0032 0.7333 0.1660
-0.0010 0.9593 0.1632
0.0153 0.4868 0.1534
0.0166 -0.2262 0.2407
0.0293 1.0309 0.1914
0.0203 0.9739 0.1635
0.0387 0.6355 0.1514
0.0360 0.7918 0.1502
0.0286 -0.3394 0.1801
0.0403 0.5708 0.1529
0.0383 -0.4017 0.1966
0.0463 0.7348 0.1315
0.0453 0.6935 0.1384
0.0592 0.8841 0.1615
0.0575 -1.0117 0.3436
0.0629 -0.3401 0.1879
0.0633 -1.1977 0.3834
0.0868 -0.9147 0.3497
0.0809 -0.3983 0.1885
0.0901 0.7026 0.1297
0.0848 0.3912 0.2322
0.0853 0.4839 0.1822
0.0858 0.7347 0.1221
0.0987 0.8261 0.1510
0.1022 0.9314 0.1541
0.1160 0.7765 0.1403
0.1093 -0.3923 0.1976
0.1183 0.1066 0.2408
0.1328 -0.0533 0.2079
0.1322 0.9089 0.1522
0.1316 1.0921 0.2242
0.1337 0.4183 0.2230
0.1347 -0.4703 0.2569
0.1517 0.5929 0.1486
0.1480 0.6282 0.1484
0.1651 1.0200 0.1538
0.1611 -0.1132 0.2230
0.1700 0.1262 0.2484
0.1656 0.7632 0.1635
0.1737 0.5727 0.1474
0.1817 -1.2112 0.2907
0.1797 -0.4856 0.2975
0.1854 0.6975 0.1581
0.1872 0.6012 0.1398
0.1861 0.9307 0.1437
0.1839 0.9736 0.1376
0.1883 0.5209 0.1631
0.1983 -0.0467 0.1607
0.1950 0.1073 0.2242
0.1985 1.0547 0.1636
0.2006 0.8480 0.1720
0.2148 -0.0910 0.1804
0.2194 -0.0522 0.1535
0.2229 0.0745 0.1961
0.2263 0.4759 0.1908
0.2461 0.9055 0.1572
0.2447 -1.3038 0.2303
0.2494 -0.4411 0.3402
0.2445 0.9436 0.1433
0.2594 -0.0353 0.1534
0.2559 0.6582 0.1438
0.2516 1.0348 0.1408
0.2579 1.0373 0.1404
0.2691 -1.2594 0.2016
0.2632 0.6270 0.1463
0.2709 -1.2914 0.2027
0.2702 -0.9969 0.3387
0.2711 0.7541 0.1761
0.2859 -0.7293 0.3968
0.2923 0.6081 0.1601
0.3003 0.7693 0.1813
0.2914 0.4776 0.2105
0.3125 -0.0016 0.1570
0.3094 0.5024 0.1945
0.3049 1.0864 0.1855
0.3212 0.7089 0.1600
0.3249 -0.0321 0.1462
0.3229 0.6419 0.1649
0.3309 -0.9503 0.3293
0.3315 0.9479 0.1145
0.3325 1.0030 0.1192
0.3406 0.8951 0.1353
0.3424 0.9728 0.1064
0.3528 -1.2684 0.1641
0.3522 -1.1059 0.2742
0.3585 -0.0149 0.1378
0.3638 -1.3110 0.1689
0.3639 0.9415 0.0982
0.3772 0.8496 0.1543
0.3726 1.0475 0.1482
0.4075 0.7827 0.1694
0.4058 -0.0853 0.1399
0.3942 0.9815 0.0940
0.3957 -1.3181 0.1726
0.4065 0.0305 0.1459
0.3976 -1.0210 0.3159
0.4010 0.5835 0.1973
0.4075 -1.2858 0.1562
0.4030 -0.0542 0.1236
0.4026 0.9441 0.0945
0.4152 0.7111 0.1827
0.4235 0.8998 0.1218
0.4216 0.9602 0.0936
0.4183 1.0026 0.1095
0.4255 -0.0492 0.1202
0.4289 0.5162 0.2307
0.4291 -0.7857 0.2792
0.4462 -1.2604 0.1448
0.4406 -0.1760 0.2350
0.4505 -0.0389 0.1253
0.4506 0.6992 0.1937
0.4664 0.8641 0.1385
0.4561 -0.6842 0.2783
0.4553 0.4630 0.2936
0.4609 0.9533 0.1018
0.4723 0.9821 0.1177
0.4676 -1.2170 0.1552
0.4714 -0.8505 0.2700
0.4767 0.0543 0.1598
0.4714 0.8017 0.1756
0.4757 0.0194 0.1424
0.4795 -0.3356 0.3875
0.4809 0.0953 0.2041
0.4906 -0.1223 0.1915
0.4938 0.9620 0.1161
0.5031 -1.2403 0.1358
0.4949 -0.0703 0.1569
0.5007 0.5938 0.2348
0.5060 -1.2153 0.1431
0.5159 -0.6339 0.2702
0.5179 0.9486 0.1237
0.5285 0.6590 0.2378
0.5271 -0.8216 0.2529
0.5277 0.8760 0.1393
0.5365 -0.5428 0.2879
0.5313 0.8811 0.1372
0.5491 0.0796 0.2028
0.5571 -1.2549 0.1385
0.5647 -1.3227 0.1972
0.5676 0.9334 0.1300
0.5713 -1.2385 0.1373
0.5782 -1.1753 0.1443
0.5801 -0.5200 0.2680
0.5847 -0.0093 0.1854
0.6039 -0.7601 0.2270
0.6102 -1.1821 0.1355
0.6074 0.6652 0.2996
0.6224 0.9396 0.1330
0.6320 -0.9259 0.3335
0.6309 -1.1145 0.1789
0.6364 -0.7941 0.2451
0.6363 0.0303 0.2139
0.6448 -0.0510 0.2403
0.6527 -1.1691 0.1284
0.6402 0.8998 0.1207
0.6455 0.9420 0.1366
0.6456 0.8967 0.1209
0.6573 -1.3040 0.1785
0.6623 -0.4303 0.2823
0.7021 -1.3314 0.1819
0.6810 0.8898 0.1217
0.6949 -1.1910 0.1315
0.6836 0.0071 0.2573
0.6906 -1.1542 0.1398
0.7067 0.9014 0.1219
0.6990 -0.6921 0.2400
0.6971 -0.7191 0.2479
0.7116 -0.4144 0.2873
0.7118 -0.5603 0.2390
0.7145 -1.2241 0.1450
0.7226 -1.1606 0.1558
0.7327 -1.3480 0.1755
0.7273 -0.4935 0.2545
0.7318 0.7748 0.2295
0.7369 0.8634 0.1398
0.7502 -0.6687 0.2457
0.7586 0.9960 0.2177
0.7953 -1.3250 0.1318
0.7527 0.0649 0.2970
0.7545 0.8921 0.1389
0.7658 -1.1918 0.1791
0.7816 0.9025 0.1639
0.7913 -1.2975 0.1387
0.7848 0.5794 0.4024
0.8065 0.5426 0.4524
0.8324 -1.3563 0.1229
0.8275 0.8558 0.2065
0.8234 -0.2994 0.2869
0.8448 -1.3288 0.1058
0.8515 -0.6155 0.2641
0.8608 -0.3841 0.2788
0.8743 -1.2747 0.1256
0.8789 -1.3592 0.1109
0.8738 -1.3325 0.0969
0.8935 -0.1120 0.2958
0.9404 -1.3020 0.1055
0.9039 0.1639 0.4299
0.9058 -1.3471 0.1103
0.9159 0.0313 0.3363
0.9122 0.7517 0.3170
0.9214 -0.6680 0.2912
0.9356 -1.1126 0.2378
0.9295 -0.2269 0.2227
0.9261 0.1009 0.3743
0.9419 -1.3561 0.1362
0.9276 -1.2871 0.1067
0.9394 -1.2424 0.1298
0.9437 -0.7161 0.2967
0.9464 0.8661 0.3051
0.9741 -0.2484 0.2009
0.9721 -0.5395 0.2579
0.9741 -0.2224 0.2052
0.9801 -1.2396 0.1203
0.9954 -1.2727 0.1150
1.0093 -1.1392 0.1613
1.0075 -0.2715 0.2136
1.0062 -0.2120 0.2086
1.0073 -0.4102 0.2485
1.0147 -1.2397 0.1193
1.0169 -1.1179 0.1734
1.0155 -1.2813 0.1220
1.0296 -0.5469 0.2447
1.0296 -0.4586 0.2469
1.0434 -0.8904 0.2689
1.0562 -1.2230 0.1332
1.0815 0.8079 0.2588
1.1022 -1.2921 0.1764
1.0956 -1.2232 0.1508
1.0978 -0.8758 0.2106
1.1045 -1.1535 0.1515
1.1058 -1.0911 0.1855
1.1111 -0.7570 0.1826
1.1188 -0.0974 0.2206
1.1254 -1.1352 0.1607
1.1277 0.8004 0.2290
1.1346 -0.3336 0.2493
1.1279 -0.1214 0.2163
1.1311 -0.5366 0.2155
1.1488 -0.7479 0.1649
1.1502 -0.7928 0.1484
1.1643 0.8501 0.2105
1.1618 -0.0174 0.2261
1.1574 -1.3045 0.2036
1.1640 -1.0766 0.2053
1.1675 -0.1053 0.1938
1.1771 -0.8237 0.1492
1.1773 -0.8444 0.1574
1.1853 0.7674 0.2262
1.1856 -0.7434 0.1640
1.1852 -0.5204 0.2045
1.1924 -0.6141 0.1821
1.2096 -0.8234 0.1633
1.2055 -0.2937 0.2186
1.1961 -0.0901 0.1781
1.1935 1.0024 0.3636
1.1997 -0.3703 0.2466
1.2270 -0.6007 0.1756
1.2216 0.8381 0.1976
1.2169 -1.1424 0.1600
1.2389 -1.2225 0.1301
1.2287 -1.2962 0.1707
1.2362 -0.6316 0.1869
1.2444 0.8223 0.2019
1.2671 -0.0574 0.1680
1.2672 -1.2256 0.1089
1.2687 -0.5700 0.1856
1.2745 -0.8567 0.2167
1.2708 -0.2431 0.1755
1.2839 -0.0329 0.1657
1.2855 -1.1726 0.1129
1.2803 -1.1050 0.1632
1.2968 -0.2801 0.1663
1.2907 -1.2094 0.1038
1.3007 -0.5708 0.2047
1.2949 -1.2340 0.1061
1.3029 0.5337 0.5262
1.2993 0.8215 0.2323
1.3115 -1.2824 0.1517
1.3027 -0.0471 0.1628
1.3074 0.7907 0.2415
1.3154 -0.2304 0.1544
1.3211 -1.2539 0.1306
1.3331 -1.0992 0.1716
1.3351 -0.9508 0.2734
1.3331 0.0096 0.1991
1.3520 -1.1907 0.1370
1.3486 -1.1536 0.1408
1.3481 -0.4979 0.2543
1.3548 -0.3132 0.1980
1.3584 -0.2839 0.1748
1.3587 -0.2274 0.1592
1.3567 -0.1313 0.1792
1.3686 0.0114 0.2158
1.3671 -0.8797 0.3111
1.3720 0.8019 0.3180
1.3833 -0.5262 0.2872
1.3873 -0.1579 0.1873
1.3978 -1.0878 0.2306
1.4065 -0.1741 0.1976
1.4091 0.0046 0.2466
