points 
 2 
 1 
Tumour[19065]CD6810NNCodensity
-1.4220 -0.9663 0.5249
-1.4237 0.0740 0.2095
-1.3952 -0.1285 0.2240
-1.3810 0.0835 0.1609
-1.3947 0.3639 0.2098
-1.3788 0.4386 0.2009
-1.3780 -0.9973 0.5203
-1.3755 0.2439 0.1947
-1.3541 -0.1311 0.1989
-1.3327 -0.1924 0.2319
-1.3388 -0.0304 0.1775
-1.3271 -0.1550 0.2006
-1.3562 -0.2825 0.3183
-1.3513 0.6036 0.2668
-1.3479 0.3174 0.1777
-1.3265 -0.9754 0.4770
-1.3459 0.1028 0.1391
-1.3391 -0.0722 0.1852
-1.3330 0.0050 0.1649
-1.3359 0.2684 0.1747
-1.3201 0.2459 0.1723
-1.3183 0.1343 0.1412
-1.3127 -0.6241 0.1718
-1.3076 -0.5915 0.1452
-1.3101 0.0795 0.1311
-1.3060 0.4825 0.1450
-1.3056 0.3979 0.1576
-1.3042 0.1681 0.1538
-1.2977 -0.6419 0.1783
-1.2959 0.5643 0.1868
-1.2770 0.0994 0.1376
-1.2799 -0.5708 0.1203
-1.2723 -0.5077 0.1439
-1.2759 0.4799 0.1326
-1.2697 -0.6029 0.1339
-1.2674 0.4995 0.1363
-1.2597 0.4242 0.1433
-1.2511 -0.5611 0.1166
-1.2445 0.0798 0.1468
-1.2281 -0.5125 0.1319
-1.2204 0.2998 0.1435
-1.2200 0.4479 0.1444
-1.2105 0.5586 0.2031
-1.2001 -0.5456 0.1442
-1.2021 -0.4960 0.1453
-1.1954 0.3489 0.1393
-1.2000 -0.4393 0.1908
-1.1877 -0.3725 0.2639
-1.1913 0.0770 0.1683
-1.1846 0.3795 0.1507
-1.1817 0.5098 0.1893
-1.1807 -0.0333 0.2114
-1.1824 0.2324 0.1333
-1.1752 0.2687 0.1148
-1.1750 -0.9907 0.5133
-1.1711 -0.1005 0.2408
-1.1508 0.2534 0.1182
-1.1691 0.0451 0.1889
-1.1679 0.1711 0.1569
-1.1637 0.2904 0.1098
-1.1528 0.1279 0.1754
-1.1357 -0.0927 0.2658
-1.1373 0.2210 0.1410
-1.1354 0.3482 0.1368
-1.1232 -0.4772 0.2168
-1.1205 -0.6978 0.3039
-1.1066 -0.2108 0.3371
-1.0805 0.3386 0.1660
-1.0818 0.3093 0.1597
-1.0499 -0.5684 0.2955
-1.0515 0.4172 0.2445
-1.0337 -0.7705 0.3377
-1.0005 0.9912 0.6081
-0.9669 0.2036 0.2988
-0.9637 0.1103 0.3238
-0.9564 0.5675 0.2551
-0.9204 0.5994 0.2221
-0.9034 -0.1981 0.3392
-0.8956 -0.6539 0.2792
-0.8840 0.6871 0.2180
-0.8811 -0.7248 0.2501
-0.8775 0.4846 0.2262
-0.8785 0.7169 0.2298
-0.8712 -0.2017 0.3137
-0.8658 -0.7607 0.2532
-0.8634 -0.6976 0.2608
-0.8574 0.5561 0.1950
-0.8511 -0.8053 0.2604
-0.8473 -0.1269 0.2741
-0.8421 0.8661 0.3755
-0.8170 0.3828 0.2150
-0.7948 0.5670 0.2049
-0.8054 0.3015 0.1758
-0.8037 0.7530 0.2570
-0.7968 0.7794 0.2861
-0.7773 0.0800 0.1310
-0.7697 0.2742 0.1400
-0.7766 -0.4190 0.4032
-0.7772 0.1323 0.1247
-0.7517 0.1890 0.1130
-0.7337 0.1501 0.1006
-0.7705 -0.9368 0.3367
-0.7679 0.5908 0.2254
-0.7694 0.0427 0.1428
-0.7592 0.5390 0.2247
-0.7538 -0.6662 0.3286
-0.7506 0.0715 0.1147
-0.7493 0.4037 0.1997
-0.7367 0.1199 0.0988
-0.7170 0.2101 0.0944
-0.7296 0.2397 0.1033
-0.7225 -0.0116 0.1465
-0.7241 0.3146 0.1362
-0.6930 0.1174 0.1044
-0.7111 -0.9835 0.3527
-0.7092 -0.9221 0.3210
-0.7009 -0.1304 0.1694
-0.7109 -0.0787 0.1623
-0.7094 0.2470 0.0962
-0.7114 0.3931 0.2012
-0.6880 0.1702 0.0976
-0.6868 0.0744 0.1140
-0.6780 -0.0395 0.1393
-0.6773 0.2371 0.0997
-0.6702 -0.2567 0.2063
-0.6670 0.1522 0.1075
-0.6678 0.2978 0.1450
-0.6628 0.0276 0.1259
-0.6512 0.1994 0.1113
-0.6529 0.2391 0.1170
-0.6492 -0.2444 0.1855
-0.6482 -0.1238 0.1496
-0.6455 0.0688 0.1188
-0.6260 -0.0698 0.1491
-0.6161 0.1417 0.1331
-0.6187 -0.0024 0.1353
-0.6205 0.0777 0.1176
-0.6061 -0.2547 0.1902
-0.6159 -0.1828 0.1466
-0.6093 -0.7786 0.3928
-0.6046 -0.1486 0.1528
-0.5855 -0.4082 0.3634
-0.5615 -0.2091 0.1871
-0.5609 0.0243 0.1369
-0.5545 0.0663 0.1314
-0.5426 0.1123 0.1637
-0.5340 -1.0393 0.4198
-0.5295 0.0426 0.1513
-0.5215 -1.0581 0.4407
-0.4935 -0.1469 0.2326
-0.4948 0.0359 0.1956
-0.4848 -1.0406 0.4532
-0.4645 -0.6014 0.4979
-0.3828 -0.1676 0.2877
-0.3632 -0.2025 0.3097
-0.3503 -0.2230 0.3250
-0.2732 -1.0373 0.6052
-0.2676 -0.5313 0.3850
-0.2541 -0.1091 0.3697
-0.2427 -0.5061 0.3643
-0.1965 0.0501 0.3912
-0.1807 -0.5263 0.3782
-0.1432 -0.3890 0.3482
-0.1674 0.0583 0.3911
-0.1202 -0.4695 0.3754
-0.1000 -0.3519 0.3780
-0.0299 0.1594 0.3309
-0.0037 -1.0540 0.5631
0.0018 0.0899 0.3008
0.0284 -0.7920 0.4365
0.0403 0.1169 0.2781
0.0761 0.1729 0.2780
0.1251 -0.7029 0.3634
0.1345 -0.3375 0.3529
0.1575 0.1349 0.2436
0.1847 -1.0262 0.4229
0.2016 -0.0196 0.2667
0.2180 -0.8853 0.2745
0.2214 0.1614 0.2484
0.2508 0.2505 0.3003
0.2482 -0.4209 0.2327
0.2663 0.3141 0.3473
0.2656 -0.1198 0.1969
0.2789 -0.8041 0.2071
0.2822 -0.4447 0.2184
0.2841 0.0104 0.2072
0.2831 0.0816 0.2201
0.2879 -0.8418 0.2154
0.2964 -0.7649 0.1997
0.3145 -0.3200 0.1596
0.3262 -0.8284 0.2012
0.3247 -0.2387 0.1472
0.3259 -0.1749 0.1401
0.3356 -0.7618 0.1927
0.3332 -0.5101 0.2208
0.3410 -0.2932 0.1378
0.3478 -0.5680 0.2341
0.3510 -0.3362 0.1447
0.3502 -0.1654 0.1277
0.3561 -0.2727 0.1341
0.3606 -0.2051 0.1395
0.3627 0.0006 0.1800
0.3603 -0.0846 0.1361
0.3686 -0.5977 0.2309
0.3812 -0.1007 0.1239
0.3829 -0.0790 0.1365
0.3911 -0.7976 0.1967
0.3944 -0.3499 0.1490
0.4032 -0.4318 0.1989
0.3995 0.1151 0.1821
0.4139 0.0890 0.1685
0.4153 -0.1288 0.1183
0.4427 -0.3580 0.1774
0.4477 -0.1596 0.1424
0.4525 -0.7470 0.2070
0.4503 -0.1191 0.1242
0.4436 0.0944 0.1566
0.4615 -0.3318 0.1803
0.4752 -0.5449 0.1816
0.4697 0.0765 0.1505
0.4716 0.2008 0.1927
0.4768 0.3015 0.2536
0.4875 -0.6016 0.1858
0.5014 -0.1385 0.1399
0.4939 -0.2824 0.2027
0.4913 0.3049 0.2516
0.5056 -0.7594 0.2192
0.5045 0.1595 0.1799
0.5053 -0.0878 0.1320
0.5183 -0.6136 0.1837
0.5214 0.4113 0.2786
0.5240 0.0757 0.1512
0.5227 0.5982 0.3309
0.5384 -0.0854 0.1350
0.5294 -0.8004 0.2461
0.5296 -0.0591 0.1393
0.5440 -0.5281 0.1525
0.5342 -0.0321 0.1413
0.5367 0.6434 0.3406
0.5451 -0.2228 0.2010
0.5482 -0.5030 0.1606
0.5716 -0.7583 0.2394
0.5532 0.0152 0.1402
0.5709 0.5234 0.2731
0.5736 0.0673 0.1480
0.5734 0.2660 0.2340
0.5838 -0.5920 0.1601
0.5973 0.4897 0.2658
0.6065 -0.4756 0.1515
0.6010 -0.1804 0.1942
0.6131 -0.0428 0.1577
0.6309 -0.8805 0.3078
0.6340 -0.5893 0.1589
0.6281 0.0704 0.1493
0.6341 -0.4173 0.1767
0.6422 0.0446 0.1442
0.6383 -0.3571 0.2115
0.6411 0.1076 0.1711
0.6507 -0.5400 0.1373
0.6589 -0.4907 0.1411
0.6608 -0.1633 0.2279
0.6554 -0.1012 0.1974
0.6535 1.0736 0.1744
0.6607 1.1825 0.1496
0.6699 -0.3308 0.2176
0.6699 0.2701 0.2494
0.6829 0.9991 0.1971
0.6932 -0.4945 0.1543
0.6867 1.1685 0.1374
0.6907 1.1373 0.1419
0.6902 1.2023 0.1370
0.6883 1.3028 0.1981
0.6958 1.0688 0.1576
0.6985 0.9641 0.2203
0.7040 -0.0005 0.1748
0.7060 -0.6213 0.2223
0.7096 -0.5347 0.1609
0.7055 -1.0005 0.2919
0.7117 1.2487 0.1520
0.7108 0.3085 0.2219
0.7140 0.0509 0.1504
0.7153 0.8459 0.3152
0.7175 0.9451 0.2354
0.7173 0.6664 0.2576
0.7348 1.3125 0.1965
0.7251 0.6424 0.2402
0.7317 1.1473 0.1470
0.7346 1.2699 0.1647
0.7388 -0.3252 0.2213
0.7502 0.1443 0.1862
0.7609 0.4046 0.1429
0.7571 0.4665 0.1419
0.7537 0.0376 0.1688
0.7661 0.3518 0.1608
0.7617 -0.4871 0.2065
0.7724 0.0984 0.1647
0.7785 1.3703 0.2752
0.7796 0.1283 0.1777
0.7779 -1.0365 0.2440
0.7834 -0.2928 0.2042
0.7897 1.0617 0.2051
0.7846 -0.9852 0.2132
0.7978 0.4560 0.1133
0.7877 0.5193 0.1327
0.7939 -0.9155 0.2224
0.7945 0.5458 0.1447
0.8131 0.6688 0.1943
0.8185 -0.7608 0.2715
0.8329 0.4189 0.1053
0.8192 0.4892 0.1051
0.8246 0.3690 0.1178
0.8363 0.5013 0.1056
0.8497 0.3766 0.1057
0.8498 1.1340 0.2202
0.8618 -0.2538 0.1650
0.8582 -0.5311 0.2544
0.8614 0.1885 0.2038
0.8715 0.4060 0.0942
0.8635 -0.1474 0.1971
0.8685 0.0332 0.1939
0.8688 0.5167 0.1090
0.8854 0.4342 0.1015
0.8739 -0.2925 0.1657
0.8799 -1.0474 0.2140
0.8863 -0.2203 0.1701
0.8838 0.6556 0.1544
0.8886 -0.3938 0.2092
0.8874 1.4127 0.3996
0.8983 -0.8646 0.1721
0.9042 0.4631 0.1065
0.8931 0.5493 0.1202
0.8938 0.2287 0.2114
0.8945 0.3710 0.1010
0.8942 1.1603 0.2412
0.9007 -0.0631 0.1923
0.9071 0.5836 0.1290
0.9042 -1.0584 0.2306
0.9168 -0.9980 0.1918
0.9028 0.0776 0.1919
0.9029 0.3568 0.1149
0.9085 -0.6830 0.2634
0.9301 0.4976 0.1038
0.9057 0.6543 0.1434
0.9124 -0.3149 0.1777
0.9113 0.7031 0.1754
0.9125 0.9941 0.2216
0.9208 -0.2468 0.1718
0.9225 0.4124 0.0952
0.9198 -0.0462 0.1883
0.9244 1.0144 0.2120
0.9240 -0.9255 0.1765
0.9301 -0.8687 0.1595
0.9314 0.5480 0.1091
0.9529 0.4632 0.1044
0.9404 -0.1989 0.1778
0.9450 -0.4601 0.2237
0.9515 -0.8504 0.1599
0.9525 0.1144 0.2012
0.9539 0.3700 0.1247
0.9601 1.0415 0.2181
0.9560 -0.0522 0.1894
0.9543 0.1784 0.2068
0.9677 -0.4658 0.2313
0.9823 0.4961 0.1197
0.9686 -0.8018 0.1750
0.9808 0.6955 0.1487
0.9751 1.1344 0.2746
0.9762 -0.7358 0.2166
0.9761 0.4050 0.1247
0.9801 0.5823 0.1281
0.9866 -0.0803 0.2086
0.9830 0.4396 0.1229
0.9852 0.5343 0.1214
0.9956 0.6557 0.1355
1.0004 0.8543 0.2681
1.0017 1.0485 0.2510
1.0143 0.5794 0.1467
1.0201 -0.8576 0.1995
1.0190 0.3152 0.2117
1.0281 -0.5972 0.3080
1.0281 -0.3822 0.2560
1.0221 -1.0395 0.2953
1.0244 -0.8289 0.2069
1.0235 0.2212 0.2432
1.0253 0.8894 0.2833
1.0333 0.0841 0.2582
1.0309 0.6917 0.1663
1.0485 -0.1518 0.2721
1.0537 0.7271 0.2041
1.0562 0.6435 0.1768
1.0580 -0.4407 0.2939
