points 
 2 
 1 
Tumour[19065]CD6810NNCodensity
-1.3889 -0.2709 0.4619
-1.3891 0.2392 0.1685
-1.3914 0.3357 0.1561
-1.3910 0.9888 0.2696
-1.3798 -0.8756 0.7042
-1.3801 -0.1594 0.4843
-1.3850 0.3095 0.1497
-1.3785 -0.3528 0.4209
-1.3710 0.5355 0.2244
-1.3720 0.8616 0.2094
-1.3545 0.3977 0.1371
-1.3586 0.4564 0.1636
-1.3500 0.7882 0.1908
-1.3518 0.1431 0.2066
-1.3516 0.2022 0.1517
-1.3500 0.9988 0.2458
-1.3436 0.3757 0.1266
-1.3388 0.6987 0.1958
-1.3363 0.8519 0.1865
-1.3315 0.6677 0.1963
-1.3317 0.7463 0.1793
-1.3228 0.4397 0.1412
-1.3214 0.2842 0.1263
-1.3123 0.3567 0.1257
-1.3131 0.2053 0.1394
-1.2900 0.6695 0.1808
-1.2980 0.8470 0.1851
-1.2942 -0.5239 0.3481
-1.2830 0.5026 0.1733
-1.2828 0.1604 0.1685
-1.2702 0.3071 0.1384
-1.2716 1.0545 0.2737
-1.2694 0.2758 0.1404
-1.2703 0.4383 0.1467
-1.2601 0.2351 0.1453
-1.2436 0.9602 0.2131
-1.2274 0.3557 0.1619
-1.2189 0.3827 0.1702
-1.2165 1.0674 0.2954
-1.2137 0.5800 0.1584
-1.2096 0.6355 0.1666
-1.2111 0.9063 0.2090
-1.2021 0.1433 0.2090
-1.2005 0.7995 0.1863
-1.1890 -0.5376 0.2858
-1.1792 -0.4141 0.2772
-1.1786 0.2186 0.1943
-1.1836 0.5159 0.1708
-1.1843 0.5844 0.1500
-1.1799 0.6585 0.1681
-1.1679 0.4627 0.1959
-1.1665 -0.7539 0.4603
-1.1488 0.7939 0.1538
-1.1467 -0.5518 0.2840
-1.1393 0.5959 0.1578
-1.1400 -0.0732 0.3547
-1.1375 0.2054 0.2375
-1.1199 -0.4304 0.2669
-1.1195 0.8822 0.1739
-1.1186 -0.5695 0.3025
-1.1179 0.7783 0.1484
-1.1026 0.0583 0.2742
-1.1020 -0.0047 0.2970
-1.0961 0.7411 0.1639
-1.0935 0.8326 0.1470
-1.0778 0.7157 0.1814
-1.0769 0.6013 0.1969
-1.0710 -0.3469 0.2961
-1.0620 0.5447 0.2273
-1.0674 0.8053 0.1596
-1.0463 1.0414 0.3146
-1.0325 -1.0294 0.6622
-1.0471 0.8979 0.2062
-1.0232 -0.4334 0.2775
-1.0251 0.3884 0.3284
-0.9991 0.9081 0.2560
-0.9571 -0.0623 0.2537
-0.9538 0.0909 0.3464
-0.9301 -0.3271 0.2490
-0.9408 -0.2260 0.2334
-0.9091 1.1061 0.4207
-0.9169 -0.0180 0.2807
-0.8964 -0.1862 0.2087
-0.9008 -0.1530 0.2206
-0.8784 0.3877 0.4921
-0.8736 -0.8762 0.4962
-0.8485 -0.3880 0.2926
-0.8331 -0.1340 0.2299
-0.8117 -0.3339 0.2512
-0.8080 1.0800 0.4474
-0.7900 -0.9067 0.4131
-0.7813 -0.2527 0.2192
-0.7853 -0.2133 0.2205
-0.7293 1.0399 0.4645
-0.7317 -0.9595 0.3631
-0.6805 -0.0874 0.2726
-0.6695 -0.2783 0.2804
-0.6265 -0.0178 0.3263
-0.6108 -0.1262 0.2566
-0.6035 -0.0194 0.3260
-0.6046 -0.2623 0.2789
-0.5870 1.1168 0.4413
-0.5755 -0.6920 0.3561
-0.5684 0.7426 0.4597
-0.5508 -0.9641 0.1699
-0.5526 -0.6611 0.3616
-0.5473 -0.6175 0.3918
-0.5328 -0.8639 0.2198
-0.5233 -1.2494 0.2712
-0.5072 -0.9918 0.1292
-0.5082 -1.0172 0.1403
-0.4888 -0.9357 0.1297
-0.4887 -0.2259 0.1991
-0.4723 -1.2826 0.2231
-0.4709 -1.0231 0.1243
-0.4618 -0.9261 0.1379
-0.4659 1.0408 0.2961
-0.4532 -1.3356 0.2394
-0.4525 -0.8755 0.1968
-0.4393 -0.1073 0.2518
-0.4390 -0.9753 0.1237
-0.4287 -0.2233 0.1622
-0.4287 -1.0579 0.1428
-0.4305 -0.5088 0.3306
-0.4202 -1.3160 0.2052
-0.4119 -1.1483 0.1708
-0.4217 -1.0028 0.1321
-0.4157 -1.2037 0.1810
-0.4148 -0.2712 0.1644
-0.3991 -1.0522 0.1520
-0.4016 -0.2357 0.1453
-0.3928 -0.4650 0.2948
-0.3977 0.7218 0.2324
-0.3870 -0.1926 0.1626
-0.3837 0.6959 0.2220
-0.3608 -1.0950 0.1575
-0.3679 -0.2608 0.1475
-0.3579 -0.2093 0.1571
-0.3502 0.6860 0.1947
-0.3476 0.3472 0.5687
-0.3453 0.9762 0.1284
-0.3418 1.0018 0.1381
-0.3301 -1.1713 0.1415
-0.3379 1.0317 0.1633
-0.3346 -1.3235 0.1904
-0.3283 0.9611 0.1094
-0.3134 -1.1959 0.1456
-0.3152 -0.3712 0.1888
-0.3084 -1.1498 0.1409
-0.3095 0.9191 0.1076
-0.2960 0.9407 0.0934
-0.2893 -1.1695 0.1456
-0.2820 0.8017 0.1475
-0.2932 -0.3195 0.1576
-0.2822 0.7162 0.1502
-0.2658 0.8779 0.1070
-0.2723 -1.3181 0.1651
-0.2662 -1.2622 0.1531
-0.2668 -0.9725 0.2678
-0.2537 -0.4056 0.1859
-0.2657 0.6602 0.1835
-0.2714 0.9110 0.0955
-0.2653 0.9601 0.0984
-0.2568 -0.2566 0.1505
-0.2498 -0.3741 0.1612
-0.2512 -1.3376 0.1603
-0.2413 0.9756 0.1081
-0.2422 0.7833 0.1322
-0.2421 0.9021 0.0959
-0.2131 1.0093 0.1092
-0.2275 0.6443 0.2033
-0.2348 0.8348 0.1124
-0.2124 0.9459 0.1036
-0.2237 -1.1543 0.1827
-0.2053 -0.1922 0.1824
-0.2219 -0.2665 0.1406
-0.2206 0.7441 0.1461
-0.2147 -1.1058 0.2040
-0.2188 -0.2900 0.1372
-0.2072 -1.3090 0.1374
-0.2061 0.8623 0.1068
-0.1998 -1.0059 0.2861
-0.1995 1.0608 0.1477
-0.1826 0.7220 0.1712
-0.1870 0.8338 0.1260
-0.1514 0.9123 0.1273
-0.1822 0.8768 0.1149
-0.1734 0.9678 0.1008
-0.1730 -1.2747 0.1477
-0.1658 -0.2959 0.1437
-0.1656 -0.2395 0.1434
-0.1630 0.9921 0.0984
-0.1564 -1.3651 0.1506
-0.1658 1.0347 0.1123
-0.1536 -0.3842 0.1699
-0.1494 1.0199 0.1069
-0.1424 -1.2886 0.1390
-0.1418 -0.4020 0.1838
-0.1342 0.9736 0.1136
-0.1396 -1.3349 0.1336
-0.1366 -0.2048 0.1642
-0.1292 0.4102 0.4070
-0.1176 -1.3494 0.1477
-0.0873 1.0534 0.1571
-0.1043 0.5751 0.2924
-0.0861 -0.3057 0.1643
-0.0927 0.8507 0.1720
-0.0845 -1.1823 0.1975
-0.0868 0.7464 0.2324
-0.0734 -0.8333 0.3147
-0.0820 0.5875 0.2942
-0.0665 1.0280 0.1544
-0.0730 -0.1606 0.2209
-0.0703 -1.3369 0.1713
-0.0688 -0.2552 0.1757
-0.0658 -0.4057 0.1852
-0.0574 0.9626 0.1643
-0.0481 -1.2219 0.1859
-0.0421 0.8550 0.1886
-0.0476 -1.3215 0.1835
-0.0387 -1.1497 0.2157
-0.0377 -0.4154 0.1876
-0.0102 -0.2754 0.1787
0.0012 -1.1795 0.2181
0.0106 -0.4637 0.2443
0.0071 -1.0658 0.2367
0.0021 0.8796 0.1887
0.0142 -1.0357 0.2410
0.0217 1.0151 0.1526
0.0433 -0.1337 0.2847
0.0300 -0.2865 0.1767
0.0358 1.0553 0.1566
0.0492 -0.8362 0.1758
0.0493 -0.9507 0.2002
0.0489 -0.8919 0.1778
0.0631 -0.3306 0.1805
0.0597 0.3309 0.3914
0.0615 -0.4074 0.2149
0.0645 1.1075 0.2031
0.0648 0.8944 0.1832
0.0780 0.8096 0.1992
0.0678 0.4131 0.3127
0.0742 -0.8505 0.1542
0.0747 1.0695 0.1683
0.0819 -0.7843 0.1875
0.0834 1.0371 0.1540
0.0829 -0.2356 0.2105
0.0823 0.7381 0.2265
0.0891 0.9647 0.1600
0.1175 -0.3148 0.2184
0.1187 0.5144 0.2309
0.1348 -1.3157 0.2031
0.1289 0.8274 0.1931
0.1363 0.9886 0.1547
0.1507 -1.3723 0.2249
0.1409 -1.1116 0.2700
0.1552 -1.3278 0.1967
0.1546 -0.8597 0.1192
0.1739 -0.8353 0.1082
0.1727 0.6644 0.1971
0.1732 -0.9198 0.1287
0.1696 0.7850 0.2059
0.1770 -1.3358 0.2004
0.1813 -0.8811 0.1100
0.1747 0.9776 0.1644
0.1850 -0.2843 0.3022
0.1888 0.5734 0.1729
0.2048 -0.6294 0.2360
0.2101 -0.8575 0.1022
0.1968 -0.9351 0.1303
0.1931 -0.9732 0.1693
0.2003 -1.2245 0.2406
0.1976 -0.8165 0.1019
0.1988 -0.7575 0.1422
0.2052 0.5159 0.1736
0.1982 0.6386 0.1852
0.2136 0.9486 0.1777
0.2203 0.9669 0.1678
0.2280 -0.8066 0.1003
0.2322 -0.7678 0.1264
0.2299 0.7950 0.2251
0.2360 -0.6110 0.2555
0.2332 0.6064 0.1704
0.2337 -0.6784 0.1841
0.2338 0.5187 0.1640
0.2430 -1.3642 0.2561
0.2383 -1.2579 0.2381
0.2402 1.0883 0.2131
0.2456 -0.9766 0.1662
0.2528 -0.8143 0.1047
0.2633 1.0226 0.1778
0.2804 -0.9020 0.1286
0.2679 0.4929 0.1631
0.2865 -1.3732 0.2940
0.2939 -0.8372 0.1131
0.2868 0.7052 0.2224
0.2955 -0.6380 0.2451
0.2938 0.4657 0.1644
0.3017 -0.8782 0.1211
0.3136 1.0436 0.1977
0.3089 -0.8136 0.1312
0.3302 -0.8968 0.1432
0.3153 1.0716 0.2170
0.3248 0.4058 0.1829
0.3249 0.9231 0.2063
0.3345 -0.9631 0.1963
0.3514 0.6358 0.1887
0.3698 0.5018 0.1350
0.3610 0.3244 0.2186
0.3745 0.4000 0.1708
0.3681 -0.8491 0.1636
0.3670 0.8564 0.1800
0.3871 0.5302 0.1247
0.3829 0.5466 0.1254
0.4007 0.3148 0.1933
0.4442 0.5443 0.1129
0.4173 0.5686 0.1157
0.4104 0.7885 0.1568
0.4175 0.4935 0.1284
0.4286 0.0647 0.3565
0.4284 0.6252 0.1517
0.4372 0.9040 0.1331
0.4464 -0.8252 0.2150
0.4744 0.4235 0.1628
0.4471 0.9538 0.1461
0.4525 0.8539 0.1087
0.4531 0.8020 0.1179
0.4625 1.0456 0.1825
0.4685 0.6006 0.1418
0.4750 0.8391 0.0953
0.4902 0.2859 0.1508
0.4875 0.9542 0.1260
0.4780 -1.1850 0.3677
0.4846 0.7296 0.1638
0.4849 1.0103 0.1486
0.4893 0.4996 0.1437
0.4981 0.7639 0.1325
0.4950 0.3651 0.1509
0.5011 -0.8636 0.1952
0.5010 0.6333 0.1605
0.4984 0.8404 0.0933
0.4973 0.8629 0.0940
0.5011 0.2190 0.1836
0.5067 0.5254 0.1416
0.5308 0.8820 0.1068
0.5388 0.9273 0.1242
0.5189 1.1073 0.2188
0.5436 0.2085 0.1993
0.5257 0.2250 0.1759
0.5424 0.4014 0.1408
0.5307 0.3404 0.1417
0.5328 0.8435 0.1011
0.5392 -0.5150 0.2039
0.5435 0.2569 0.1568
0.5560 0.8290 0.1095
0.5415 0.9767 0.1342
0.5500 -0.3889 0.2048
0.5493 -0.7716 0.1589
0.5604 -0.7284 0.1820
0.5552 -0.3290 0.2248
0.5731 0.9957 0.1481
0.5771 0.7594 0.1358
0.5883 -1.3618 0.2721
0.5640 -0.0193 0.3300
0.6057 0.7010 0.1395
0.5681 -0.0530 0.3233
0.5780 0.3499 0.1486
0.5763 0.5385 0.1369
0.5828 -0.3383 0.2117
0.5747 0.6581 0.1531
0.5826 -0.8074 0.1358
0.5829 0.3884 0.1450
0.5945 -0.8936 0.1746
0.5905 -0.5060 0.1707
0.5887 0.5783 0.1343
0.5863 1.0662 0.1844
0.5923 -0.5614 0.1938
0.5939 -0.1711 0.2504
0.5905 0.4886 0.1414
0.5934 0.8175 0.1204
0.6087 0.8952 0.1245
0.5977 -0.7841 0.1387
0.6041 -0.4506 0.1745
0.6016 1.0867 0.2132
0.6060 -0.9351 0.2019
0.6127 -0.5131 0.1768
0.6087 0.5696 0.1271
0.6095 -0.6128 0.2054
0.6083 -0.1524 0.2540
0.6137 -1.1318 0.2501
0.6241 -1.3675 0.2517
0.6139 -0.4057 0.1910
0.6190 -0.9078 0.1837
0.6170 0.4428 0.1534
0.6255 -0.7544 0.1615
0.6244 0.9388 0.1380
0.6319 0.8063 0.1082
0.6356 -0.8110 0.1498
0.6472 0.5265 0.1326
0.6438 -1.1399 0.2364
0.6486 0.7462 0.1216
0.6473 0.6893 0.1262
0.6878 -1.3378 0.1944
0.6637 -1.2778 0.1856
0.6562 -0.2554 0.2288
0.6556 0.6471 0.1276
0.6626 0.3757 0.1623
0.6939 0.6286 0.1426
0.6666 0.8244 0.0956
0.6641 0.8677 0.1033
0.6676 -1.0528 0.2336
0.6861 0.5417 0.1473
0.6694 0.8944 0.1140
0.6739 0.9328 0.1412
0.6809 0.5776 0.1397
0.6825 0.7690 0.1161
0.6822 -0.7555 0.2035
0.7007 0.6791 0.1407
0.6916 0.8408 0.0992
0.6890 -1.0147 0.2349
0.6960 0.8163 0.0990
0.6986 -0.6132 0.2579
0.7100 -1.1598 0.2228
0.7109 0.3634 0.1693
0.7253 0.4035 0.1673
0.7239 0.1987 0.2365
0.7185 -0.2099 0.2434
0.7215 0.4675 0.1669
0.7240 -1.2991 0.1716
0.7222 0.8054 0.1174
0.7451 -1.3274 0.1831
0.7249 0.9664 0.2036
0.7449 -1.3059 0.1738
0.7443 0.7180 0.1612
0.7441 0.2323 0.2175
0.7533 0.4240 0.1816
0.7577 0.1756 0.2513
0.7543 0.8477 0.1562
0.7684 -0.2161 0.2541
0.7849 0.2604 0.2139
0.7925 -0.9897 0.2970
0.8068 0.3629 0.2247
0.8071 0.6247 0.2155
0.8218 1.1135 0.3289
0.8258 -0.0864 0.3432
0.8352 -1.2655 0.1662
0.8479 0.1217 0.2959
0.8432 0.7112 0.2528
0.8505 -0.2566 0.3086
0.8529 -0.3839 0.3713
0.8643 -1.1896 0.1246
0.8637 0.5340 0.2575
0.8694 -1.2124 0.1222
0.8888 -1.1439 0.1278
0.8771 -1.2555 0.1461
0.8820 -0.2495 0.3444
0.8994 -1.2006 0.1056
0.9089 0.1243 0.2967
0.9241 -1.1520 0.1069
0.9369 -0.9339 0.2684
0.9289 -1.1958 0.1059
0.9349 -0.7819 0.2272
0.9367 1.0812 0.2063
0.9420 -0.8063 0.2279
0.9415 0.5841 0.3359
0.9615 -1.1827 0.1121
0.9487 1.1159 0.2193
0.9609 0.4674 0.3337
0.9687 -1.1294 0.1225
0.9854 -0.9251 0.2630
0.9843 -1.2737 0.1813
0.9871 -1.3385 0.2551
0.9880 -1.1389 0.1185
0.9927 -0.6235 0.2240
0.9952 -1.1209 0.1338
0.9966 -0.7256 0.1866
0.9955 1.0422 0.1793
1.0254 -0.9113 0.2766
1.0250 0.9844 0.2163
1.0299 -0.7406 0.1866
1.0247 0.2724 0.3429
1.0258 1.0223 0.1888
1.0306 0.2927 0.3562
1.0305 1.1167 0.2192
1.0374 -1.1859 0.1469
1.0573 1.1087 0.2317
1.0562 -0.7053 0.1800
1.0600 0.0540 0.4347
1.0583 0.9577 0.2643
1.0595 -0.6704 0.1825
1.0649 1.0384 0.2154
1.0664 -1.2015 0.1825
1.0734 -0.6241 0.2128
1.0835 -1.1336 0.2107
1.0902 -0.5687 0.2775
1.0971 -0.6071 0.2438
1.0975 0.1464 0.4316
