points 
 2 
 1 
Tumour[19065]CD810NNCodensity
-1.1130 -1.1986 0.1387
-1.1179 -0.8881 0.3916
-1.1176 -0.3926 0.2970
-1.1205 -0.2206 0.2574
-1.1186 1.0065 0.2312
-1.1052 0.6260 0.2859
-1.1075 -1.1576 0.1343
-1.1065 1.0619 0.2246
-1.0812 -1.2204 0.1228
-1.0942 -0.0002 0.4078
-1.0892 -0.3520 0.2480
-1.0902 -1.1480 0.1241
-1.0759 0.5126 0.2994
-1.0719 -0.2483 0.2155
-1.0599 -0.3443 0.2308
-1.0631 -1.2500 0.1505
-1.0567 -1.1604 0.1017
-1.0533 0.8127 0.1347
-1.0552 1.0602 0.1825
-1.0483 -1.1846 0.0965
-1.0561 -0.6803 0.2423
-1.0521 0.9647 0.1756
-1.0486 0.7868 0.1449
-1.0414 0.8544 0.1287
-1.0255 0.8757 0.1359
-1.0302 -0.2177 0.2095
-1.0258 -0.6504 0.2155
-1.0268 -1.2050 0.1124
-1.0252 0.8287 0.1204
-1.0234 -0.7939 0.2742
-1.0207 0.7419 0.1624
-1.0150 -1.1423 0.1293
-1.0053 0.7750 0.1399
-1.0043 -0.1120 0.2471
-1.0029 1.1931 0.1851
-0.9998 -0.5666 0.2299
-1.0017 0.9072 0.1569
-0.9808 -1.1976 0.1411
-0.9990 1.1676 0.1680
-0.9895 -0.3421 0.2349
-0.9883 -0.6653 0.1925
-0.9893 1.0748 0.1757
-0.9740 0.8942 0.1646
-0.9771 1.1252 0.1611
-0.9754 -1.1184 0.1656
-0.9570 0.4981 0.2041
-0.9618 0.4288 0.2443
-0.9475 0.6388 0.1546
-0.9558 0.7344 0.1570
-0.9578 -0.7165 0.2120
-0.9490 1.0202 0.2131
-0.9420 -0.8887 0.3393
-0.9283 0.6084 0.1487
-0.9313 1.1554 0.1686
-0.9351 1.2402 0.2161
-0.9320 -0.1731 0.2161
-0.9217 0.3427 0.3167
-0.9267 -0.1730 0.2169
-0.9132 0.6582 0.1283
-0.9066 -0.5963 0.1900
-0.8973 -1.1498 0.1923
-0.8970 -0.6518 0.1951
-0.9008 -1.1681 0.1920
-0.8971 0.6026 0.1330
-0.8887 -0.4102 0.2695
-0.8859 -0.0652 0.2375
-0.8879 1.2044 0.1970
-0.8886 1.2383 0.2226
-0.8794 0.4438 0.2114
-0.8754 0.6977 0.1281
-0.8778 -0.5800 0.1980
-0.8668 0.6294 0.1211
-0.8752 0.7874 0.1603
-0.8712 0.4972 0.1831
-0.8597 0.7359 0.1352
-0.8567 -0.1602 0.2366
-0.8549 0.8216 0.1814
-0.8478 -0.5431 0.2168
-0.8261 0.6503 0.1223
-0.8183 0.7444 0.1399
-0.8261 0.8483 0.2077
-0.7994 -1.1966 0.2262
-0.8129 -0.4008 0.2515
-0.8090 0.5674 0.1606
-0.7984 -0.0456 0.2340
-0.7886 -1.0894 0.1964
-0.8024 0.6310 0.1365
-0.7960 0.4930 0.2011
-0.7853 -0.8386 0.2628
-0.7831 0.7078 0.1312
-0.7707 -1.0593 0.2021
-0.7794 -0.0803 0.2454
-0.7815 1.0715 0.2875
-0.7715 -0.0319 0.2406
-0.7553 0.6690 0.1387
-0.7504 -0.6280 0.1935
-0.7389 -0.5493 0.2169
-0.7523 -1.1012 0.1871
-0.7514 0.3320 0.3449
-0.7455 1.2023 0.3005
-0.7101 -1.0230 0.1826
-0.7389 -0.7046 0.2144
-0.7259 -0.8478 0.2202
-0.7134 -0.3712 0.2474
-0.7227 0.0836 0.2413
-0.7183 0.6740 0.1410
-0.7134 -0.6783 0.1962
-0.7192 -0.4020 0.2371
-0.7168 0.7686 0.1603
-0.7084 -0.9373 0.1862
-0.7121 -0.3201 0.2806
-0.7006 0.0618 0.2298
-0.6964 -1.1812 0.2011
-0.7056 0.5216 0.1997
-0.6883 0.8306 0.2093
-0.6973 0.5729 0.1666
-0.6971 0.7157 0.1460
-0.6843 -1.2025 0.2185
-0.6762 0.5568 0.1873
-0.6735 -0.8902 0.1825
-0.6728 0.7367 0.1556
-0.6641 -0.6563 0.1909
-0.6583 0.9803 0.2520
-0.6279 -1.0150 0.1656
-0.6493 0.1438 0.2234
-0.6495 0.5970 0.1891
-0.6332 -0.9614 0.1641
-0.6432 -0.5594 0.2171
-0.6140 -0.3781 0.2609
-0.6291 0.1236 0.2085
-0.6292 1.0802 0.2266
-0.6308 1.1169 0.2301
-0.6151 -0.7792 0.2146
-0.6204 0.7128 0.1767
-0.6014 -0.5875 0.2238
-0.5979 -0.9525 0.1684
-0.5956 -0.6395 0.2088
-0.5957 -1.1010 0.1839
-0.5914 -1.2075 0.2474
-0.5772 0.0719 0.2047
-0.5784 0.7913 0.1798
-0.5778 0.8945 0.1849
-0.5651 -0.9035 0.1941
-0.5643 -1.1752 0.2247
-0.5570 0.1947 0.2247
-0.5549 -1.0507 0.1648
-0.5287 -0.7844 0.1984
-0.5404 0.8073 0.1814
-0.5380 1.1507 0.2061
-0.5281 -0.3308 0.3056
-0.5245 -1.0423 0.1710
-0.5300 -0.8169 0.1900
-0.5218 0.2009 0.2219
-0.5122 0.6954 0.2315
-0.5115 1.0908 0.1786
-0.5189 1.1741 0.2240
-0.5183 0.1049 0.1884
-0.5073 0.9795 0.1797
-0.5062 0.9459 0.1625
-0.4943 -1.0348 0.1870
-0.4931 0.8597 0.1548
-0.5048 0.9416 0.1602
-0.4896 0.7221 0.2128
-0.4844 -0.3456 0.3112
-0.4787 -0.5820 0.2523
-0.4743 0.9117 0.1421
-0.4644 -1.0314 0.2175
-0.4633 -0.0213 0.1472
-0.4434 -0.7625 0.1920
-0.4595 1.1382 0.1983
-0.4564 -0.7955 0.1911
-0.4398 0.0476 0.1408
-0.4365 -0.0206 0.1194
-0.4416 0.1660 0.2086
-0.4295 -0.9033 0.2375
-0.4284 -0.2869 0.3038
-0.4326 1.0854 0.1900
-0.4289 0.0009 0.1142
-0.4235 -0.0426 0.1236
-0.4177 -0.7775 0.1984
-0.4049 1.1604 0.2250
-0.4043 0.8276 0.1049
-0.3918 0.8775 0.0964
-0.3891 0.0228 0.1158
-0.3732 -0.0340 0.1161
-0.3830 -0.6134 0.1925
-0.3860 0.2924 0.2274
-0.3845 0.7950 0.1188
-0.3852 0.8223 0.0937
-0.3820 0.5256 0.2160
-0.3605 0.0485 0.1471
-0.3766 0.2325 0.2234
-0.3681 0.9136 0.1087
-0.3628 -0.1511 0.1980
-0.3728 0.8736 0.0836
-0.3633 -0.7128 0.2062
-0.3513 -0.0578 0.1329
-0.3670 0.8722 0.0819
-0.3493 0.9915 0.1495
-0.3496 -0.5251 0.1667
-0.3500 -0.5677 0.1673
-0.3530 0.8611 0.0831
-0.3453 0.8166 0.0976
-0.3375 -0.1089 0.1651
-0.3311 1.0345 0.1660
-0.3269 0.9560 0.1249
-0.3337 0.0331 0.1525
-0.3269 -0.6793 0.2005
-0.3290 0.3755 0.1813
-0.3188 0.7809 0.1400
-0.3094 -1.2488 0.3539
-0.3083 0.1979 0.2252
-0.3040 -0.2274 0.2507
-0.3057 0.9118 0.1079
-0.3047 -0.5193 0.1436
-0.2859 -0.0488 0.1530
-0.3057 0.3631 0.1758
-0.3054 0.5106 0.1309
-0.3011 0.4812 0.1346
-0.2950 0.8415 0.1134
-0.3016 0.5935 0.1501
-0.2902 1.1242 0.2235
-0.2849 -0.4965 0.1430
-0.2823 0.5889 0.1378
-0.2835 0.9127 0.1111
-0.2735 0.5620 0.1170
-0.2731 -0.5421 0.1534
-0.2715 -0.4583 0.1537
-0.2759 0.4092 0.1435
-0.2743 0.7041 0.2156
-0.2637 0.8652 0.1055
-0.2686 1.0338 0.1654
-0.2695 1.0066 0.1529
-0.2573 -0.6931 0.2092
-0.2612 0.2590 0.2118
-0.2491 -0.4752 0.1453
-0.2485 0.5350 0.1027
-0.2495 -0.1609 0.1792
-0.2464 0.4144 0.1394
-0.2362 0.8937 0.0922
-0.2389 -0.0434 0.1394
-0.2296 0.4554 0.1188
-0.2216 -0.9831 0.3361
-0.2273 0.8716 0.0960
-0.2202 0.4748 0.1112
-0.2094 -0.8041 0.2738
-0.2148 0.5707 0.1327
-0.2135 -0.4475 0.1497
-0.2024 0.2198 0.2267
-0.2115 0.0607 0.1961
-0.2065 0.5233 0.1122
-0.2098 0.8749 0.0989
-0.2001 -0.0451 0.1164
-0.1976 -1.2122 0.1935
-0.1880 -0.6976 0.2143
-0.1965 -0.1196 0.1240
-0.2012 0.4998 0.1141
-0.1998 0.9003 0.1008
-0.1847 -0.4467 0.1503
-0.1815 0.9297 0.1187
-0.1805 0.7640 0.1971
-0.1738 0.8748 0.1269
-0.1696 0.9511 0.1338
-0.1714 -1.2275 0.1817
-0.1748 1.1223 0.1720
-0.1759 -0.0598 0.1047
-0.1720 -0.0543 0.1057
-0.1654 -0.0363 0.1142
-0.1563 -1.1580 0.1508
-0.1553 -0.6758 0.2115
-0.1584 0.1135 0.2295
-0.1531 0.5096 0.1455
-0.1480 -0.1178 0.1186
-0.1530 1.0434 0.1450
-0.1481 0.9934 0.1578
-0.1427 -1.0767 0.1902
-0.1402 -0.1606 0.1493
-0.1344 0.1914 0.2223
-0.1355 -0.3333 0.1204
-0.1329 0.3997 0.1578
-0.1257 -0.4124 0.1329
-0.1371 -0.3651 0.1229
-0.1257 1.0575 0.1378
-0.1362 -0.3068 0.1296
-0.1149 -1.1758 0.1286
-0.1299 -0.3044 0.1266
-0.1271 0.3745 0.1563
-0.1143 -0.6645 0.2012
-0.1198 -0.1431 0.1398
-0.1179 1.0897 0.1306
-0.1059 -0.0926 0.1248
-0.1041 -0.0050 0.1492
-0.1109 0.7370 0.2319
-0.1057 -0.2865 0.1317
-0.1038 0.5315 0.1738
-0.1012 1.1745 0.1539
-0.0987 -0.4288 0.1487
-0.1018 1.1161 0.1276
-0.0932 0.3158 0.1444
-0.0880 -1.2060 0.1456
-0.0780 -1.1465 0.1286
-0.0866 -0.4610 0.1878
-0.0886 -0.3185 0.1247
-0.0815 0.3541 0.1241
-0.0759 -1.1153 0.1395
-0.0796 -0.6307 0.1983
-0.0794 -1.2516 0.1939
-0.0730 0.7631 0.2181
-0.0722 -0.2475 0.1549
-0.0661 -0.0241 0.1395
-0.0514 1.0882 0.1412
-0.0343 -1.1323 0.1437
-0.0409 -0.0351 0.1288
-0.0486 0.2789 0.1613
-0.0429 0.3151 0.1345
-0.0453 0.4444 0.1206
-0.0397 1.1053 0.1365
-0.0436 -1.0772 0.1715
-0.0446 0.4105 0.1135
-0.0353 -0.7790 0.2246
-0.0328 0.5300 0.1259
-0.0292 -0.2052 0.1452
-0.0318 0.2724 0.1730
-0.0314 -0.3884 0.1864
-0.0319 1.2132 0.1637
-0.0270 -0.1138 0.1144
-0.0142 0.3888 0.1044
-0.0348 1.2161 0.1670
-0.0156 0.7752 0.1972
-0.0141 1.1371 0.1361
-0.0154 0.0535 0.1637
-0.0153 -0.7855 0.2322
-0.0068 -0.8312 0.2846
-0.0024 -0.1346 0.1039
0.0020 -0.0630 0.1084
-0.0031 0.4533 0.0974
0.0078 -0.6257 0.1714
-0.0009 0.5004 0.0997
0.0090 0.6288 0.1413
0.0111 -0.6010 0.1724
0.0167 -0.0842 0.1013
0.0115 0.0740 0.1580
0.0148 -0.1688 0.1094
0.0190 0.4387 0.0933
0.0206 1.1509 0.1447
0.0218 0.5367 0.0781
0.0293 0.8029 0.1793
0.0251 0.5607 0.0793
0.0285 -1.1537 0.1602
0.0260 0.3891 0.1039
0.0317 0.5982 0.0943
0.0361 -0.6207 0.1629
0.0378 -0.1013 0.1035
0.0389 -0.0401 0.1186
0.0365 0.4040 0.0976
0.0339 -0.1462 0.1038
0.0332 0.4223 0.0935
0.0375 -0.1702 0.1125
0.0444 -0.5785 0.1673
0.0397 0.5199 0.0799
0.0550 0.5688 0.0737
0.0557 -1.1119 0.1544
0.0531 -0.2237 0.1450
0.0596 0.0675 0.1276
0.0561 0.5276 0.0759
0.0728 1.2069 0.1662
0.0640 -0.0047 0.1307
0.0630 0.5282 0.0780
0.0674 0.5546 0.0739
0.0786 0.1460 0.1148
0.0736 0.8037 0.1587
0.0794 0.3865 0.1342
0.0784 0.6075 0.1072
0.0997 0.8639 0.1538
0.0881 -0.2865 0.1825
0.0958 -0.0031 0.1530
0.0809 0.6243 0.1267
0.0928 -1.1072 0.1676
0.0892 0.7305 0.1791
0.0904 1.1168 0.1832
0.0961 -0.0515 0.1488
0.0957 -0.7554 0.2339
0.0974 1.2036 0.1710
0.1003 -0.6368 0.1614
0.1103 0.4260 0.1442
0.1140 0.5344 0.1118
0.1063 -1.1955 0.2060
0.1120 -0.5500 0.1571
0.1058 0.1290 0.0971
0.1105 0.1773 0.1073
0.1162 0.2306 0.1495
0.1044 0.1171 0.1013
0.1106 0.7851 0.1573
0.1157 -1.0791 0.1951
0.1084 0.1226 0.0981
0.1516 -1.1405 0.2072
0.1243 -0.1809 0.1554
0.1276 -0.2413 0.1482
0.1380 0.8607 0.1365
0.1297 0.1091 0.1133
0.1424 1.1969 0.1869
0.1331 0.3883 0.1774
0.1398 1.1263 0.1980
0.1408 0.5172 0.1395
0.1425 -1.1727 0.2168
0.1406 -0.5240 0.1612
0.1610 0.1706 0.1078
0.1597 0.8948 0.1397
0.1748 -0.6499 0.1854
0.1670 -0.4774 0.1619
0.1807 -0.5060 0.1465
0.1757 -0.2916 0.1303
0.1766 -0.2254 0.1458
0.1768 0.2224 0.1280
0.1805 0.5501 0.1545
0.1804 0.8578 0.1304
0.1765 0.9309 0.1589
0.1854 -0.1206 0.2024
0.1904 -0.6940 0.2237
0.1836 0.6778 0.1539
0.1897 0.1726 0.1304
0.1943 -0.3962 0.1525
0.2148 0.0435 0.2152
0.2077 -0.2541 0.1288
0.2005 0.2217 0.1337
0.2101 -0.3110 0.1147
0.2056 0.6688 0.1341
0.2174 -0.0542 0.2191
0.2129 -0.5856 0.1579
0.2150 0.8510 0.1324
0.2236 0.6092 0.1324
0.2203 0.2720 0.1523
0.2369 0.6879 0.1132
0.2250 1.2256 0.1906
0.2341 -0.9827 0.2523
0.2387 -0.3236 0.0995
0.2572 -0.3417 0.0944
0.2435 0.5645 0.1409
0.2446 0.7791 0.1442
0.2350 0.9242 0.1472
0.2559 -0.4238 0.1291
0.2444 0.2562 0.1527
0.2381 0.4931 0.1444
0.2455 -0.5785 0.1591
0.2458 0.4285 0.1720
0.2552 -0.4947 0.1338
0.2538 -0.3025 0.1027
0.2567 0.3084 0.1677
0.2559 0.4490 0.1553
0.2712 0.6453 0.1145
0.2578 0.7378 0.1224
0.2629 1.2059 0.1793
0.2692 0.9216 0.1604
0.2782 -0.8011 0.2641
0.2786 -0.4036 0.1119
0.2887 0.5956 0.1343
0.2920 0.6957 0.1125
0.2842 -0.3668 0.0934
0.2917 -0.3145 0.1040
0.2918 -0.2423 0.1637
0.3029 0.7240 0.1140
0.2904 0.8492 0.1564
0.2873 0.9687 0.2104
0.2943 -0.5256 0.1380
0.3064 -0.5075 0.1361
0.3072 0.6591 0.1240
0.2948 1.0999 0.2173
0.2960 0.8160 0.1511
0.2996 0.3148 0.1803
0.3085 -0.3534 0.0942
0.3016 -0.1051 0.2567
0.3014 1.1506 0.1865
0.3046 0.5134 0.1104
0.3105 1.2030 0.1873
0.3220 -0.9796 0.1924
0.3327 -0.5298 0.1579
0.3346 0.7145 0.1202
0.3260 -0.3839 0.1041
0.3307 -0.0220 0.2632
0.3319 1.1788 0.1946
0.3446 -0.4493 0.1399
0.3472 0.5511 0.1286
0.3474 -0.9507 0.1736
0.3440 -0.8550 0.1937
0.3481 0.5258 0.1110
0.3494 -1.0824 0.2639
0.3551 -0.3689 0.1099
0.3401 0.4870 0.1019
0.3449 0.4875 0.1013
0.3485 -1.0381 0.2199
0.3452 0.4819 0.1035
0.3795 -0.9309 0.1681
0.3654 -0.2951 0.1331
0.3664 0.1374 0.2349
0.3655 0.3204 0.2110
0.3686 0.7796 0.1500
0.3682 1.2385 0.2547
0.3760 -0.3581 0.1093
0.3747 0.2895 0.2222
0.3917 0.4526 0.1364
0.3945 0.1331 0.2429
0.3904 0.0556 0.2564
0.3920 0.7352 0.1243
0.3988 -0.5056 0.1830
0.4037 0.7002 0.1316
0.4130 -0.7149 0.2449
0.4181 -0.8746 0.1565
0.4153 -0.2811 0.1365
0.4196 -0.6361 0.2570
0.4265 -0.3247 0.1042
0.4320 -0.3620 0.1020
0.4321 0.5190 0.1623
0.4324 0.6976 0.1350
0.4370 -0.3813 0.1108
0.4365 0.4769 0.1595
0.4471 -0.8127 0.1710
0.4486 -0.7519 0.2147
0.4511 -0.3949 0.1245
0.4476 0.1249 0.2628
0.4558 0.7895 0.1266
0.4573 0.7040 0.1327
0.4603 -0.2365 0.1665
0.4618 -0.9115 0.1554
0.4635 -0.3194 0.1155
0.4647 0.4202 0.2093
0.4718 -0.4721 0.2023
0.4722 1.1958 0.3408
0.4765 -0.3688 0.1240
0.4809 0.7725 0.1141
0.4896 -0.9326 0.1537
0.4826 0.7538 0.1114
0.4922 -0.8368 0.1674
0.4938 0.8173 0.1407
0.5266 -0.2988 0.1246
0.5242 0.8200 0.1350
0.5266 -1.0306 0.1351
0.5344 -0.9076 0.1467
0.5418 -0.2501 0.1138
0.5368 0.7187 0.1522
0.5501 0.0226 0.2931
0.5429 -1.0440 0.1256
0.5483 -1.0445 0.1235
0.5637 -0.9995 0.1260
0.5553 -0.1594 0.1809
0.5596 0.9298 0.2269
0.5603 0.8748 0.1753
0.5710 -1.0806 0.1488
0.5611 -1.0524 0.1260
0.5613 0.7506 0.1538
0.5717 -0.8734 0.1666
0.5675 -0.2479 0.0993
0.5728 -0.2173 0.1133
0.5758 -0.3312 0.1318
0.5882 0.1683 0.2855
0.5947 -0.2716 0.0918
0.5838 0.8900 0.1979
0.5980 -0.9434 0.1507
0.5908 -0.2987 0.1011
0.6000 0.4487 0.2509
0.6127 -1.1434 0.2364
0.6079 -0.2298 0.1001
0.6141 -0.3419 0.1530
0.6142 -0.8971 0.1742
0.6167 0.7635 0.1938
0.6169 1.0307 0.3762
0.6441 -0.2330 0.1135
0.6508 -0.2704 0.1193
0.6578 -1.0333 0.1767
0.6497 -0.0612 0.2394
0.6574 0.2381 0.2250
0.6523 0.5579 0.2626
0.6703 -0.8989 0.2000
0.6724 -0.1901 0.1454
0.6840 -0.2263 0.1372
0.6869 0.3756 0.2069
0.6804 0.6231 0.2736
0.6928 -1.0072 0.2034
0.6867 0.2623 0.2006
0.6880 -0.6522 0.3981
0.6995 0.1173 0.2533
0.6976 0.3984 0.2088
0.7045 0.7377 0.2868
0.7385 -0.1710 0.1627
0.7202 0.4227 0.2248
0.7240 0.5403 0.2856
0.7313 -0.0009 0.2571
0.7568 0.2639 0.1966
0.7674 -0.0167 0.2444
0.7750 0.2885 0.2051
0.7696 -0.2081 0.1724
0.7869 -0.8700 0.2279
0.7925 -0.9783 0.2310
0.7898 -0.1312 0.1783
0.8015 -0.1900 0.1851
0.8157 0.2481 0.2272
0.8226 -0.8409 0.2095
0.8293 -1.0751 0.2899
0.8589 -0.1657 0.1987
0.8438 0.1780 0.2578
0.8548 -0.7280 0.1963
0.8847 -0.9568 0.2099
0.8805 -0.0931 0.2020
0.9051 -0.7900 0.1727
0.9127 -0.7146 0.1680
0.9284 -1.2480 0.3534
0.9298 -0.7368 0.1622
0.9372 -0.8321 0.1841
0.9298 -0.6370 0.2069
0.9329 -0.6041 0.2395
0.9405 0.1346 0.2717
0.9489 -0.9062 0.1966
0.9489 -1.2183 0.3093
0.9587 -0.6987 0.1744
0.9739 -0.0789 0.1708
0.9655 -0.9264 0.2032
0.9718 0.3417 0.2717
0.9734 -0.1601 0.2086
0.9750 0.3182 0.2519
0.9830 -0.9837 0.2189
0.9824 -0.1031 0.1713
1.0053 -1.1762 0.2521
1.0262 -0.0510 0.1538
1.0262 0.1849 0.2116
1.0377 -1.1357 0.2243
1.0341 -0.0944 0.1662
1.0433 0.0074 0.1725
1.0448 -0.7354 0.2155
1.0542 -0.0572 0.1543
1.0555 0.1877 0.2002
1.0769 -0.5592 0.2713
1.0816 -0.8661 0.2114
1.0985 0.3139 0.2401
1.1052 -1.0301 0.2050
1.1036 -0.9779 0.2031
1.1043 -0.6375 0.2193
1.1065 0.0631 0.1771
1.1244 -0.8200 0.2102
1.1226 0.1059 0.1919
1.1302 0.2629 0.2208
1.1226 0.3034 0.2355
1.1293 -0.0046 0.1623
1.1401 -1.1481 0.2361
1.1437 -1.0135 0.2011
1.1581 -0.0158 0.1704
1.1539 0.1570 0.2100
1.1646 -1.1936 0.2818
1.1784 -0.7019 0.1914
1.1795 -0.9001 0.1645
1.1822 -1.0827 0.2150
1.1820 -0.6281 0.1884
1.1980 0.0009 0.1885
1.2053 -0.8262 0.1662
1.2347 -0.6764 0.1822
1.2270 -0.0490 0.2412
1.2325 -0.6303 0.1796
1.2324 -0.8550 0.1465
1.2522 -0.8796 0.1339
1.2631 -0.9559 0.1557
1.2701 -0.5989 0.2064
1.2767 -0.9231 0.1366
1.2851 0.0393 0.2294
1.2860 0.1271 0.2363
1.2831 -0.5850 0.2255
1.2955 0.1578 0.2520
1.2973 -0.7658 0.2151
1.3053 -1.0687 0.2584
1.3016 -0.8425 0.1577
1.3028 0.3278 0.3678
1.3242 -0.9415 0.1582
1.3374 -0.9552 0.1773
1.3548 -0.9032 0.1830
1.3500 -0.5831 0.2976
1.3545 0.1562 0.3097
