points 
 2 
 1 
Tumour[19065]CD6810NNCodensity
-1.3946 -0.2100 0.1600
-1.3952 -0.1089 0.1260
-1.3943 0.0554 0.1984
-1.3772 -0.2371 0.1712
-1.3833 -0.1855 0.1422
-1.3807 0.4224 0.5571
-1.3716 -0.0340 0.1155
-1.3713 0.0033 0.1322
-1.3739 -0.0826 0.1108
-1.3605 -0.1477 0.1250
-1.3648 -0.1096 0.1124
-1.3473 -1.1234 0.4049
-1.3521 -0.2678 0.1955
-1.3381 -0.0620 0.1146
-1.3368 0.0260 0.1501
-1.3311 -0.0142 0.1257
-1.3091 -0.3095 0.2375
-1.3159 -0.1023 0.1389
-1.2906 0.0740 0.1982
-1.2652 -0.3414 0.2727
-1.2384 -1.0653 0.3423
-1.2376 0.1573 0.2282
-1.2119 -1.3346 0.2377
-1.2197 0.1888 0.2360
-1.1669 -1.3281 0.1896
-1.1718 -1.1476 0.2258
-1.1665 -0.2962 0.3286
-1.1691 0.0930 0.2574
-1.1418 -1.2509 0.1467
-1.1647 0.2774 0.3055
-1.1490 -1.2967 0.1583
-1.1513 0.2291 0.2804
-1.1443 -1.3432 0.1994
-1.1319 -0.4184 0.3736
-1.1342 0.3257 0.3570
-1.1270 -0.6104 0.4962
-1.1265 -0.5020 0.4155
-1.1215 -1.1699 0.1905
-1.0981 -1.2345 0.1478
-1.1097 -0.7598 0.5287
-1.1000 0.1170 0.3078
-1.0839 -1.2613 0.1550
-1.0525 -1.2122 0.1782
-0.9940 -1.1972 0.2112
-1.0153 -0.9970 0.3134
-0.9474 -0.1732 0.4386
-0.9444 -1.1318 0.2225
-0.9459 -1.0843 0.2325
-0.9156 -1.0953 0.2283
-0.8872 -0.1882 0.4407
-0.8776 -0.3520 0.4430
-0.8567 -1.0794 0.2213
-0.8474 -0.2269 0.4290
-0.8457 0.2003 0.3881
-0.8363 -0.8617 0.2560
-0.8326 0.2787 0.3345
-0.7968 0.3691 0.2553
-0.7554 0.3826 0.2161
-0.7666 -1.0137 0.1402
-0.7519 -0.9676 0.1221
-0.7442 -0.9204 0.1237
-0.7239 -1.0134 0.1097
-0.7251 -1.0524 0.1336
-0.6995 -0.9828 0.1049
-0.7165 0.0539 0.4126
-0.7187 -0.9160 0.1137
-0.7126 0.4418 0.1745
-0.7106 -0.8554 0.1389
-0.6929 -1.0431 0.1128
-0.6933 -0.8965 0.1125
-0.6822 0.4495 0.1587
-0.6855 -0.9439 0.1085
-0.6760 0.5659 0.1982
-0.6704 0.6130 0.2281
-0.6602 0.4865 0.1592
-0.6592 -0.8105 0.1235
-0.6545 -0.8798 0.1189
-0.6512 -1.0338 0.1057
-0.6404 -0.8357 0.1136
-0.6218 -0.9665 0.1183
-0.6194 -1.0625 0.1228
-0.6408 0.4443 0.1576
-0.6407 0.6567 0.2499
-0.6294 0.4758 0.1636
-0.6307 -0.9942 0.1075
-0.6284 -1.0228 0.1103
-0.6248 -0.6805 0.1947
-0.6222 -0.2991 0.3160
-0.6085 -0.7818 0.1020
-0.6167 0.9211 0.1503
-0.5889 -1.0949 0.1189
-0.6052 -0.8098 0.1026
-0.5976 0.3379 0.1863
-0.6029 0.9449 0.1283
-0.5958 -0.7558 0.1065
-0.5899 -0.9463 0.1383
-0.5854 0.5874 0.2068
-0.5862 0.3814 0.1760
-0.5855 -0.8429 0.1221
-0.5796 0.1614 0.2487
-0.5795 0.3095 0.1904
-0.5759 -1.2709 0.2341
-0.5727 -1.1878 0.1486
-0.5758 -0.7761 0.0970
-0.5682 0.1124 0.2538
-0.5747 -0.5408 0.2687
-0.5700 0.9659 0.1022
-0.5738 0.9136 0.1110
-0.5598 -1.1418 0.1131
-0.5493 -1.1200 0.1013
-0.5544 -0.7686 0.0998
-0.5447 -0.9610 0.1698
-0.5496 -0.7231 0.1163
-0.5497 0.8890 0.1139
-0.5482 1.0623 0.1352
-0.5454 1.0113 0.1091
-0.5327 1.1286 0.1962
-0.5465 -1.0984 0.1041
-0.5413 0.7969 0.1771
-0.5381 -1.2751 0.2233
-0.5410 0.9545 0.0905
-0.5205 1.1063 0.1655
-0.5261 0.3492 0.1884
-0.5292 -0.3343 0.2098
-0.5236 -1.0714 0.1299
-0.5256 -0.8947 0.1837
-0.5146 -0.7725 0.1084
-0.5224 1.0630 0.1277
-0.5151 0.2332 0.1789
-0.5154 0.9699 0.0949
-0.5162 0.8435 0.1248
-0.5114 -1.1242 0.1068
-0.5073 1.0124 0.1101
-0.5025 -0.7290 0.1045
-0.5045 -0.1451 0.2481
-0.4756 -0.7770 0.1101
-0.5030 -0.4641 0.1988
-0.5043 0.8624 0.1120
-0.4970 -1.1521 0.1179
-0.4876 -0.6933 0.1261
-0.4903 -0.4320 0.1844
-0.4836 0.7121 0.1873
-0.4905 0.9391 0.1037
-0.4921 0.9620 0.1060
-0.4819 0.6597 0.1923
-0.4836 0.2974 0.1641
-0.4771 0.9158 0.1078
-0.4819 0.5357 0.2368
-0.4779 -1.1333 0.1257
-0.4763 -0.2599 0.1896
-0.4511 -0.7256 0.1151
-0.4643 -0.4218 0.1762
-0.4667 0.2236 0.1711
-0.4660 0.8544 0.1175
-0.4595 -0.6827 0.1344
-0.4510 -0.7854 0.1229
-0.4501 0.0068 0.1727
-0.4391 0.4868 0.2537
-0.4466 0.8742 0.1239
-0.4316 -1.1691 0.1605
-0.4327 -0.3611 0.1642
-0.4397 0.0419 0.1705
-0.4308 0.2462 0.1444
-0.4278 0.7107 0.1679
-0.4253 -0.6302 0.1558
-0.4297 -0.8117 0.1600
-0.4202 0.0358 0.1571
-0.4182 0.8073 0.1431
-0.4192 1.0457 0.1838
-0.4200 -0.4857 0.1828
-0.4157 -0.2492 0.1547
-0.4128 -0.3357 0.1638
-0.4126 -0.1788 0.1603
-0.3958 0.8335 0.1461
-0.4015 -0.7667 0.1549
-0.4056 -0.5967 0.1583
-0.4061 -0.0022 0.1382
-0.4010 0.6587 0.1716
-0.4020 -1.2008 0.1812
-0.4033 0.0733 0.1696
-0.3919 1.1103 0.2336
-0.3899 -0.5605 0.1639
-0.3815 0.2473 0.1251
-0.3768 0.3138 0.1362
-0.3782 0.5948 0.1814
-0.3682 0.3450 0.1521
-0.3624 0.6219 0.1791
-0.3634 -1.2766 0.2260
-0.3674 -1.1636 0.2002
-0.3678 -0.0707 0.1320
-0.3690 -0.0419 0.1286
-0.3680 0.7414 0.1721
-0.3554 -0.5881 0.1578
-0.3623 -0.2398 0.1340
-0.3594 -0.1871 0.1371
-0.3645 0.1975 0.1491
-0.3433 0.8360 0.1561
-0.3442 0.2604 0.1212
-0.3534 -0.3452 0.1826
-0.3534 -0.1200 0.1332
-0.3498 -0.6133 0.1628
-0.3410 -1.2432 0.2150
-0.3371 1.0894 0.2721
-0.3330 0.1712 0.1685
-0.3318 0.3244 0.1358
-0.3175 0.8204 0.1551
-0.3207 -0.1839 0.1317
-0.3129 -0.2910 0.1488
-0.3110 -1.0497 0.3281
-0.3118 0.2510 0.1361
-0.3017 -0.7226 0.2267
-0.3087 -0.5187 0.1897
-0.3058 -0.0087 0.1186
-0.3020 0.5886 0.1838
-0.2998 -0.2310 0.1324
-0.2969 0.3073 0.1472
-0.2980 -0.0966 0.1055
-0.2901 -0.0199 0.1057
-0.2921 0.1345 0.1984
-0.2988 0.4187 0.1767
-0.2925 -0.0713 0.0950
-0.2788 -0.2763 0.1544
-0.2740 -0.0742 0.0945
-0.2734 -0.0529 0.0947
-0.2639 0.5073 0.1655
-0.2622 0.8286 0.1611
-0.2643 0.9478 0.2279
-0.2546 -0.2268 0.1424
-0.2483 0.6007 0.1756
-0.2547 -0.5404 0.2004
-0.2577 0.3887 0.1790
-0.2583 0.4411 0.1779
-0.2442 0.7805 0.1816
-0.2391 0.0386 0.1404
-0.2433 -1.3132 0.2070
-0.2434 -0.1404 0.1320
-0.2336 -0.0953 0.1077
-0.2337 0.8395 0.1616
-0.2265 -0.0020 0.1087
-0.2197 -0.7254 0.2966
-0.2171 -1.3116 0.1995
-0.2202 -0.6339 0.2242
-0.2165 -0.0280 0.1091
-0.2157 0.2129 0.2192
-0.1984 -0.1155 0.1323
-0.1970 -0.5142 0.2494
-0.1953 0.8286 0.1619
-0.1951 -1.3187 0.1939
-0.1983 -0.2365 0.1796
-0.1873 -0.0002 0.1304
-0.1857 0.4792 0.1825
-0.1979 0.5160 0.1658
-0.1817 0.6077 0.1763
-0.1922 1.0486 0.2959
-0.1830 0.0258 0.1528
-0.1758 0.2587 0.2612
-0.1753 0.5628 0.1689
-0.1657 -0.5290 0.2605
-0.1629 -1.3167 0.1876
-0.1631 -0.0952 0.1339
-0.1578 -0.2055 0.1804
-0.1521 0.6610 0.1937
-0.1165 0.7796 0.1605
-0.1374 0.9577 0.2197
-0.1363 0.8823 0.1770
-0.1305 -1.2920 0.1775
-0.1184 -0.0895 0.1447
-0.1110 -1.3270 0.1794
-0.1065 -0.0386 0.1518
-0.0940 0.8229 0.1452
-0.0729 -0.0739 0.1676
-0.0793 0.7959 0.1336
-0.0776 -0.1163 0.1696
-0.0781 0.5922 0.1839
-0.0587 -0.1973 0.2257
-0.0399 -1.3335 0.2051
-0.0516 0.6751 0.1433
-0.0461 0.4542 0.2869
-0.0252 0.7484 0.1173
-0.0403 0.9494 0.1943
-0.0234 0.6303 0.1684
-0.0279 0.6753 0.1381
-0.0269 0.8295 0.1316
-0.0059 0.9895 0.1821
-0.0214 -0.5833 0.3617
-0.0202 -0.4034 0.3422
-0.0110 -1.1911 0.2102
-0.0148 0.7944 0.1157
-0.0058 -0.0272 0.2378
-0.0097 -1.0320 0.2582
0.0005 -1.3417 0.2346
-0.0016 -1.2256 0.2012
-0.0018 0.6871 0.1380
0.0083 1.1187 0.2237
0.0087 -1.1282 0.2173
0.0143 1.0737 0.1817
0.0112 0.7565 0.1203
0.0098 0.8176 0.1279
0.0388 0.2137 0.3208
0.0379 0.4649 0.3193
0.0382 -1.2783 0.2183
0.0379 0.7897 0.1337
0.0526 -0.3501 0.3004
0.0558 0.6312 0.1909
0.0672 1.1142 0.1877
0.0665 0.0897 0.2988
0.0696 0.1174 0.2995
0.0793 0.9005 0.1446
0.0668 0.9820 0.1392
0.0796 0.9243 0.1387
0.0893 -1.1028 0.1827
0.0893 -0.1676 0.2207
0.1022 0.9600 0.1257
0.1029 -0.9536 0.2013
0.0947 -0.2189 0.2154
0.1004 0.7692 0.1674
0.1022 1.0625 0.1443
0.1095 0.8652 0.1415
0.1164 -1.1123 0.1921
0.1256 -1.0255 0.1671
0.1220 -0.1550 0.2115
0.1412 0.2187 0.2863
0.1302 1.0287 0.1337
0.1302 -0.6731 0.3143
0.1491 -1.1557 0.2246
0.1438 0.6873 0.1507
0.1496 1.0831 0.1646
0.1427 0.9816 0.1255
0.1623 0.6673 0.1488
0.1524 -0.9910 0.1574
0.1706 -0.1779 0.1888
0.1742 -1.0019 0.1547
0.1711 0.8767 0.1054
0.1850 -1.2721 0.3195
0.1744 -0.3246 0.2631
0.1850 0.9737 0.1262
0.1803 0.8454 0.1126
0.1852 0.7377 0.1337
0.1903 -0.7390 0.2619
0.1916 0.8992 0.0926
0.1937 0.9284 0.1027
0.1919 -0.8996 0.1975
0.1941 -0.2034 0.1901
0.1940 0.5650 0.2440
0.1922 0.6751 0.1429
0.2085 1.0470 0.1531
0.2031 0.3040 0.2642
0.2076 0.7179 0.1321
0.2151 0.2584 0.2599
0.2208 0.8795 0.0830
0.2222 0.8457 0.0940
0.2206 -0.9510 0.1794
0.2253 0.9196 0.0918
0.2317 -0.0289 0.2684
0.2381 -0.9694 0.1848
0.2478 0.7284 0.1361
0.2485 0.8162 0.1082
0.2470 0.8550 0.0915
0.2492 -0.2754 0.2479
0.2461 0.6668 0.1659
0.2742 1.1274 0.1502
0.2581 -0.6576 0.2433
0.2561 -0.5938 0.2639
0.2564 1.0588 0.1416
0.2613 -0.0535 0.2386
0.2633 0.9322 0.1007
0.2705 -0.8171 0.2547
0.2803 -0.7279 0.2445
0.2727 0.4224 0.2763
0.2716 0.9066 0.0900
0.2723 -0.1404 0.2025
0.2839 0.8175 0.1053
0.2800 -0.9880 0.2243
0.2904 0.8895 0.0949
0.2965 0.3006 0.2430
0.2997 0.8002 0.1137
0.3093 1.1457 0.1530
0.2977 1.1044 0.1250
0.2996 0.9137 0.1002
0.3264 0.8272 0.1113
0.3258 1.0397 0.1242
0.3200 1.0169 0.1287
0.3215 0.7683 0.1441
0.3247 0.9255 0.1123
0.3239 1.0958 0.1168
0.3404 0.2650 0.2498
0.3411 -0.2376 0.2427
0.3443 0.4309 0.2694
0.3621 1.0006 0.1213
0.3449 -0.6006 0.2413
0.3651 -0.1089 0.1626
0.3673 1.1406 0.1498
0.3701 0.9456 0.1364
0.3662 0.8889 0.1331
0.3666 -0.6446 0.2484
0.3806 0.8254 0.1393
0.3996 1.0331 0.1167
0.3887 -0.4708 0.2962
0.3934 -1.2091 0.4710
0.3954 0.6123 0.2947
0.3986 0.8101 0.1546
0.4017 -0.0822 0.1521
0.4064 1.0589 0.1172
0.4069 0.4925 0.2887
0.4208 -0.9232 0.3845
0.4249 0.2930 0.2442
0.4213 1.1168 0.1464
0.4252 -0.1292 0.1267
0.4391 -0.4595 0.3145
0.4405 -0.0592 0.1556
0.4371 1.0090 0.1459
0.4358 1.0364 0.1326
0.4530 -0.1358 0.1177
0.4471 -0.1101 0.1180
0.4556 -0.4739 0.3152
0.4690 0.8054 0.1719
0.4774 -0.1662 0.1345
0.4897 0.8538 0.1459
0.4740 1.1150 0.1757
0.4938 -0.1268 0.1285
0.5063 0.9044 0.1406
0.4967 0.3068 0.2343
0.4933 -0.6411 0.3541
0.5126 1.1066 0.1954
0.5066 0.5738 0.2921
0.5084 0.2185 0.2385
0.5134 -0.1691 0.1408
0.5315 0.8716 0.1234
0.5415 -0.0313 0.2029
0.5455 0.2913 0.2166
0.5542 -0.2021 0.1556
0.5488 0.9217 0.1218
0.5523 0.8567 0.1265
0.5670 0.2005 0.2147
0.5753 0.0296 0.2174
0.5690 0.4835 0.2712
0.5743 0.8121 0.1616
0.5742 0.9699 0.1227
0.5800 -0.2365 0.1591
0.5955 0.9470 0.1158
0.5873 1.0280 0.1586
0.6007 0.9303 0.1193
0.6174 -0.1738 0.1699
0.6130 0.0429 0.2009
0.6125 -0.2438 0.1427
0.6245 0.4224 0.2561
0.6188 0.9944 0.1406
0.6241 0.8049 0.1942
0.6402 0.0599 0.1865
0.6369 0.2763 0.1894
0.6396 0.9701 0.1413
0.6545 0.1496 0.1747
0.6489 -0.2511 0.1249
0.6510 0.6053 0.2183
0.6832 -0.3777 0.1750
0.6627 1.0350 0.1760
0.6820 -0.3465 0.1435
0.6742 0.8618 0.1808
0.6812 -1.3221 0.2193
0.6839 0.0727 0.1855
0.6949 -0.2443 0.1118
0.6880 -0.2691 0.1068
0.6977 0.2983 0.1898
0.6954 0.6654 0.2293
0.7047 0.5853 0.1945
0.7112 -0.3359 0.1258
0.7035 0.5549 0.1896
0.7131 0.2010 0.1693
0.7127 -1.3070 0.1737
0.7176 1.1029 0.2485
0.7182 0.1098 0.1874
0.7205 -1.2070 0.1946
0.7279 -0.2278 0.1211
0.7298 0.3149 0.2033
0.7276 -0.2665 0.1027
0.7271 -1.2562 0.1617
0.7408 0.2375 0.1720
0.7455 -0.3309 0.1231
0.7538 -1.2784 0.1385
0.7470 0.8399 0.2261
0.7561 0.8946 0.2148
0.7488 -0.2547 0.1075
0.7596 0.1126 0.2152
0.7592 0.6806 0.2457
0.7625 1.0429 0.2270
0.7719 0.5012 0.2110
0.7729 0.5532 0.1954
0.7836 -0.2396 0.1201
0.7821 0.2768 0.1917
0.7854 -1.2721 0.1342
0.7800 -1.1179 0.2736
0.7950 -0.3917 0.1845
0.7934 0.9387 0.2334
0.8187 -0.3247 0.1333
0.8169 -0.2148 0.1386
0.8144 1.0885 0.2895
0.8267 -1.2873 0.1358
0.8224 -0.3024 0.1236
0.8398 -0.1937 0.1535
0.8337 -1.3408 0.1588
0.8323 0.4490 0.2396
0.8522 -1.1645 0.2179
0.8520 -0.1212 0.1677
0.8505 0.5023 0.2321
0.8550 0.2554 0.1942
0.8639 -1.3214 0.1533
0.8654 -0.2896 0.1188
0.8692 -1.3439 0.1698
0.8786 -1.2735 0.1499
0.8919 -0.3072 0.1226
0.8755 0.8155 0.3282
0.8963 -0.2757 0.1264
0.9001 -0.0803 0.1392
0.9079 -0.0440 0.1438
0.9113 0.2481 0.1806
0.9234 -0.3520 0.1301
0.9206 -0.1724 0.1395
0.9195 0.3304 0.1826
0.9526 0.3016 0.1513
0.9321 -0.3288 0.1185
0.9391 -0.0916 0.1204
0.9403 0.5421 0.2428
0.9409 -1.2415 0.1801
0.9477 -0.1300 0.1201
0.9548 -0.0215 0.1183
0.9592 0.2381 0.1727
0.9595 -0.3124 0.1179
0.9700 -0.1470 0.1148
0.9662 0.0325 0.1417
0.9775 1.0870 0.3286
0.9857 -0.2142 0.1272
0.9820 -0.0013 0.1129
0.9834 -1.2438 0.2146
0.9907 -1.1996 0.2520
0.9897 -0.4113 0.1390
0.9986 -0.3749 0.1128
1.0126 -0.3136 0.1197
0.9988 -0.2552 0.1323
1.0066 -1.3439 0.2714
1.0124 -0.0991 0.1282
1.0055 0.2675 0.1471
1.0162 -0.5142 0.2180
1.0126 -0.2015 0.1212
1.0113 -0.0196 0.1093
1.0142 0.3296 0.1482
1.0196 0.5686 0.2691
1.0247 -0.1594 0.1146
1.0160 0.0085 0.1039
1.0181 0.9782 0.3017
1.0208 0.5441 0.2515
1.0283 0.9564 0.3127
1.0312 -0.3611 0.1117
1.0289 -0.5491 0.2571
1.0300 0.2968 0.1458
1.0362 -0.4142 0.1426
1.0437 1.0485 0.3474
1.0412 -0.0171 0.1140
1.0424 0.5865 0.2995
1.0568 -0.3512 0.1270
1.0551 -0.1248 0.1375
1.0601 0.0300 0.1203
1.0555 -0.1974 0.1379
1.0551 -0.5839 0.3131
1.0590 -0.2930 0.1454
1.0628 0.0823 0.1699
1.0694 0.3816 0.2000
1.0834 0.0155 0.1381
1.0795 0.2618 0.1991
1.0838 -0.3996 0.1698
1.0908 0.0554 0.1639
1.0889 0.9501 0.3855
1.0925 -0.1220 0.1743
1.0919 0.3273 0.1948
1.0938 0.4472 0.2457
