points 
 2 
 1 
Tumour[19065]FoxP310NNCodensity
-1.2624 -0.3039 0.5102
-1.2594 0.9823 0.4101
-1.2477 0.4004 0.5331
-1.2404 0.5514 0.4963
-1.2344 -0.4884 0.4475
-1.2118 1.0320 0.4092
-1.1724 0.9382 0.3244
-1.1506 1.2829 0.6875
-1.1479 -0.1979 0.4751
-1.1473 0.7619 0.3439
-1.1425 -0.1444 0.4999
-1.1315 -0.3540 0.3897
-1.1347 0.9153 0.3094
-1.0839 0.7753 0.3326
-1.0798 0.8169 0.3174
-1.0708 -0.6704 0.4747
-1.0629 -0.4011 0.3735
-1.0536 0.9108 0.3380
-1.0462 0.4557 0.3634
-1.0080 0.3971 0.3153
-1.0082 -0.7753 0.5753
-0.9978 -0.5902 0.4206
-0.9812 -0.4586 0.4029
-0.9606 0.3371 0.2646
-0.9372 -0.6827 0.4943
-0.9061 0.3432 0.2590
-0.9080 0.2451 0.2160
-0.9015 0.1233 0.2102
-0.8982 0.2394 0.2107
-0.8786 0.2081 0.1991
-0.8488 0.1411 0.1706
-0.8487 0.8919 0.5154
-0.8302 0.5169 0.4233
-0.8117 0.1172 0.1531
-0.7943 0.0234 0.1628
-0.7794 0.0320 0.1479
-0.7698 0.0723 0.1267
-0.7442 0.0861 0.1263
-0.7391 -0.2028 0.2850
-0.7256 -0.1929 0.2718
-0.7241 -0.2358 0.3284
-0.7095 0.0344 0.1515
-0.7146 0.1051 0.1429
-0.7089 1.1934 0.8300
-0.7023 0.0215 0.1634
-0.6969 0.1518 0.1867
-0.7005 -0.1852 0.2712
-0.6676 -0.1179 0.2539
-0.6395 0.6181 0.3170
-0.6109 0.1144 0.1406
-0.5710 0.1215 0.1223
-0.5631 0.0960 0.1401
-0.5671 -0.8203 0.3746
-0.5570 0.1145 0.1229
-0.5506 0.1327 0.1170
-0.5427 0.1992 0.1318
-0.5435 0.4103 0.1247
-0.5465 0.2817 0.1630
-0.5362 0.1170 0.1294
-0.5393 0.4676 0.1119
-0.5299 0.3671 0.1350
-0.5290 0.4749 0.1060
-0.5241 0.3822 0.1260
-0.5131 0.1941 0.1324
-0.5088 0.2500 0.1559
-0.5144 0.3025 0.1545
-0.5068 0.5034 0.1022
-0.4977 0.4093 0.1169
-0.4889 0.4776 0.0978
-0.4798 0.4494 0.1069
-0.4765 -0.6420 0.2299
-0.4630 -0.6961 0.2137
-0.4678 0.5937 0.1701
-0.4656 0.5092 0.1034
-0.4628 0.5237 0.1079
-0.4657 0.5589 0.1295
-0.4655 -0.6430 0.2236
-0.4574 0.2165 0.1874
-0.4635 0.5763 0.1489
-0.4459 -0.6372 0.2252
-0.4283 -0.7346 0.2268
-0.4191 -0.7763 0.2662
-0.3905 -0.6248 0.2469
-0.3850 -0.7478 0.2597
-0.3355 -0.6465 0.2825
-0.2611 0.0766 0.1513
-0.2376 0.0810 0.1211
-0.2309 0.0486 0.1210
-0.2080 0.0507 0.1022
-0.2039 1.0869 0.9009
-0.1935 0.0820 0.0911
-0.1726 0.0528 0.0946
-0.1686 0.0869 0.0900
-0.1565 0.1357 0.0977
-0.1507 -0.0752 0.2253
-0.1496 0.1625 0.1057
-0.1453 0.2058 0.1510
-0.1407 -0.2607 0.2114
-0.1326 0.1244 0.0952
-0.1317 0.0466 0.1117
-0.1192 0.0125 0.1398
-0.1169 0.0678 0.1126
-0.1209 0.1413 0.0990
-0.1092 0.1981 0.1469
-0.1090 0.4079 0.2305
-0.0994 -0.2375 0.1584
-0.1011 0.1759 0.1302
-0.0843 -0.2496 0.1434
-0.0772 -0.2629 0.1412
-0.0706 0.3495 0.2320
-0.0613 -0.0254 0.1993
-0.0408 -0.2620 0.1277
-0.0429 0.4822 0.1504
-0.0342 0.6051 0.2655
-0.0206 0.4636 0.1372
-0.0126 0.4912 0.1377
-0.0081 -0.2381 0.1266
-0.0089 -0.1957 0.1425
-0.0066 -0.0610 0.1922
-0.0065 -0.3164 0.1812
-0.0005 0.4563 0.1396
-0.0008 0.4834 0.1354
0.0169 -0.2118 0.1341
0.0303 0.1192 0.2395
0.0378 0.4407 0.1709
0.0385 1.1692 1.0192
0.0411 0.4778 0.1654
0.0768 -0.0378 0.1838
0.0766 -0.1795 0.1399
0.0813 -0.2722 0.1756
0.0906 -0.1501 0.1442
0.0850 -0.1040 0.1469
0.0922 -0.0888 0.1558
0.0931 -0.0221 0.2005
0.0946 -0.1733 0.1438
0.0952 0.6496 0.3192
0.1253 0.1539 0.1281
0.1307 0.2319 0.1088
0.1439 0.1486 0.1199
0.1545 0.1795 0.0875
0.1636 0.2127 0.0751
0.1647 -0.3460 0.2200
0.1674 0.2312 0.0753
0.1738 0.2868 0.0967
0.1762 0.3065 0.1089
0.1878 0.2045 0.0734
0.1914 0.2366 0.0733
0.1892 -0.2391 0.1806
0.1917 -0.2992 0.1777
0.1937 0.1883 0.0820
0.2000 0.3216 0.1191
0.2015 0.2830 0.0919
0.2051 -0.3534 0.2110
0.2123 0.3469 0.1448
0.2195 0.2206 0.0800
0.2243 0.4964 0.2619
0.2265 0.5870 0.3362
0.2282 0.2137 0.0857
0.2324 0.1269 0.1433
0.2412 0.4074 0.1908
0.2499 0.2528 0.1053
0.2542 -0.2742 0.1426
0.2767 0.0783 0.1963
0.2814 0.2052 0.0939
0.2911 0.1733 0.1124
0.2954 -0.2616 0.1179
0.2993 0.2581 0.1102
0.3069 0.1902 0.1046
0.3057 0.4744 0.2705
0.3137 0.2210 0.1002
0.3178 -0.2422 0.1032
0.3200 -0.2256 0.1093
0.3231 0.0726 0.2153
0.3282 0.3112 0.1629
0.3363 -0.2311 0.0975
0.3327 0.2147 0.1135
0.3347 0.3240 0.1777
0.3476 -0.2531 0.0915
0.3746 -0.2573 0.0925
0.3864 -0.2763 0.1022
0.3924 -0.2597 0.1002
0.3889 0.1981 0.1821
0.4021 -0.3575 0.1890
0.4133 -0.1917 0.1305
0.4411 -0.3234 0.1676
0.4429 -0.2713 0.1425
0.4511 -0.1543 0.1518
0.4667 -0.1392 0.1578
0.4828 -0.1619 0.1510
0.4833 -0.1490 0.1538
0.5511 -0.0739 0.2342
0.5498 -0.0530 0.2567
0.5649 -0.2972 0.2260
0.5740 -0.2455 0.2182
0.5786 -0.3114 0.2428
0.6222 -0.4626 0.3102
0.6842 -0.0786 0.3491
0.7470 -0.4047 0.2027
0.7805 0.3476 0.4911
0.7846 -0.4291 0.1726
0.7896 -0.9434 0.4143
0.7912 0.3957 0.5049
0.7958 -0.4665 0.1630
0.8017 -0.5718 0.2350
0.8138 -0.4345 0.1613
0.8291 -0.4218 0.1692
0.8301 0.3929 0.4756
0.8359 -0.4858 0.1678
0.8446 -0.3994 0.1878
0.8744 -0.7356 0.1634
0.8666 -0.6999 0.1753
0.8765 -0.7945 0.1874
0.9009 -0.1038 0.4146
0.9086 -0.7467 0.1372
0.9218 -0.5905 0.2157
0.9388 -0.6764 0.1559
0.9635 -0.5427 0.2496
0.9680 -0.7399 0.1213
0.9814 0.3797 0.4217
0.9831 -0.7407 0.1258
0.9857 -0.7568 0.1232
0.9918 -0.1807 0.3158
0.9979 -0.3278 0.2618
1.0009 -0.3005 0.2595
1.0114 -0.7410 0.1363
1.0116 -0.8102 0.1243
1.0125 -0.2857 0.2605
1.0219 -0.8509 0.1394
1.0256 -0.5031 0.3061
1.0283 0.1896 0.3616
1.0487 0.1446 0.3706
1.0507 -0.8626 0.1437
1.0580 -0.8372 0.1222
1.0999 -0.8255 0.1303
1.1005 0.0782 0.3891
1.1118 -0.8527 0.1581
1.1112 -0.8023 0.1368
1.1111 0.2415 0.3995
1.1259 -0.7456 0.1767
1.1241 -0.7184 0.1995
1.1414 0.2466 0.4279
1.1512 0.6647 0.8219
1.1772 -0.2678 0.3166
1.1837 -0.2390 0.3218
1.1992 -0.2947 0.3431
1.1986 -0.1223 0.3802
