points 
 2 
 1 
Tumour[19065]FoxP310NNCodensity
-1.1358 -0.7475 0.2580
-1.1309 0.1576 0.3671
-1.1281 0.8630 0.4187
-1.1169 -0.6147 0.1746
-1.1101 0.9601 0.4768
-1.1074 -0.7015 0.1890
-1.1018 -0.6765 0.1678
-1.0952 -0.6556 0.1579
-1.0988 -0.6205 0.1612
-1.0576 0.6697 0.3014
-1.0547 -0.0288 0.4519
-1.0548 0.3393 0.2820
-1.0543 0.1555 0.3139
-1.0502 -0.5385 0.1878
-1.0426 -0.0797 0.4693
-1.0412 -0.7810 0.2911
-1.0329 0.1775 0.2991
-1.0308 0.4248 0.2761
-1.0192 -0.6120 0.1834
-1.0188 -0.5002 0.2159
-1.0144 0.4177 0.2631
-0.9886 0.1982 0.3034
-0.9754 -0.5311 0.2045
-0.9595 0.6231 0.2008
-0.9539 0.6829 0.1931
-0.9241 -0.4956 0.2365
-0.9209 -0.4685 0.2471
-0.9182 0.6803 0.1724
-0.9148 0.4148 0.2453
-0.9108 0.5958 0.1925
-0.8965 0.8795 0.2965
-0.8952 0.7298 0.1941
-0.8952 1.0083 0.4001
-0.8880 0.4968 0.2277
-0.8800 0.6764 0.1728
-0.8735 0.3482 0.2802
-0.8386 0.7819 0.2264
-0.8288 0.4329 0.2715
-0.8169 -0.3776 0.2711
-0.8074 0.6081 0.2090
-0.7964 -0.5340 0.2710
-0.7887 -0.3142 0.2944
-0.7814 -0.7634 0.2850
-0.7676 -0.6460 0.2923
-0.7726 0.0010 0.4256
-0.7676 0.6174 0.2322
-0.7680 0.8635 0.2670
-0.7606 -0.7105 0.2763
-0.7394 0.9892 0.2900
-0.7267 -0.8701 0.2370
-0.7237 -0.8554 0.2351
-0.7194 -0.2407 0.2914
-0.7139 0.2868 0.3256
-0.7123 0.6563 0.2723
-0.7127 0.7440 0.2617
-0.6887 -0.4637 0.2928
-0.6750 -0.4528 0.2980
-0.6708 -0.3072 0.2660
-0.6708 -0.1015 0.3397
-0.6623 0.8548 0.2375
-0.6584 0.1952 0.3143
-0.6246 -0.9927 0.1878
-0.6137 -0.9860 0.1765
-0.6094 -0.7794 0.2295
-0.6046 -0.9711 0.1666
-0.6016 -1.0010 0.1913
-0.5978 0.3323 0.3247
-0.5945 -0.7241 0.2661
-0.5910 -0.9313 0.1622
-0.5864 0.4903 0.3968
-0.5834 0.9623 0.1729
-0.5827 -0.7545 0.2508
-0.5775 0.9114 0.1757
-0.5710 1.0228 0.2217
-0.5683 -0.9187 0.1709
-0.5665 -0.2745 0.2878
-0.5677 -0.1956 0.3084
-0.5635 0.0786 0.2888
-0.5489 0.9331 0.1683
-0.5474 0.2971 0.3011
-0.5486 0.9759 0.1792
-0.5435 0.9204 0.1747
-0.5307 0.1412 0.2536
-0.5171 0.1695 0.2485
-0.4937 0.9072 0.2096
-0.4745 -0.2520 0.2959
-0.4734 -0.8789 0.1953
-0.4692 -0.9356 0.1910
-0.4545 -0.0692 0.3275
-0.4328 -0.6337 0.3305
-0.4285 0.0634 0.2442
-0.4196 -0.8609 0.1765
-0.4168 -0.5124 0.2859
-0.4083 0.9923 0.2336
-0.4002 -0.3889 0.2020
-0.3829 -1.0034 0.1888
-0.3831 -0.8110 0.1851
-0.3811 -0.9847 0.1726
-0.3733 0.1361 0.2266
-0.3736 -0.8514 0.1546
-0.3705 -0.3878 0.1697
-0.3560 -0.3505 0.1691
-0.3509 0.1891 0.2424
-0.3428 1.3604 0.5225
-0.3352 1.0615 0.2893
-0.3304 0.5803 0.4145
-0.3302 1.0527 0.2860
-0.3232 0.0503 0.2377
-0.3191 -0.8615 0.1383
-0.3110 -0.9718 0.1394
-0.3102 0.0937 0.2190
-0.3092 -0.6799 0.3050
-0.3055 1.0067 0.2856
-0.3023 -0.4098 0.1339
-0.2999 -0.9366 0.1269
-0.2970 -0.3891 0.1223
-0.2932 -1.0278 0.1989
-0.2927 -0.9175 0.1276
-0.2807 -0.8160 0.1791
-0.2707 -0.8468 0.1599
-0.2616 -0.3753 0.1170
-0.2491 -0.3613 0.1188
-0.2444 0.5021 0.3157
-0.2402 -0.9638 0.1702
-0.2391 -0.9264 0.1612
-0.2325 -0.3488 0.1287
-0.2296 -0.4285 0.1583
-0.2245 -0.3794 0.1269
-0.2207 0.2653 0.2516
-0.2133 0.1402 0.2056
-0.2055 0.4221 0.2617
-0.2066 0.9844 0.3359
-0.2028 0.1172 0.2077
-0.2015 1.2740 0.3501
-0.1812 -0.2244 0.2160
-0.1806 -0.0375 0.2509
-0.1832 0.8415 0.4230
-0.1768 0.3760 0.2482
-0.1684 0.5217 0.2928
-0.1619 0.1818 0.2195
-0.1588 -0.3460 0.1463
-0.1392 -0.3080 0.1567
-0.1381 1.2003 0.3061
-0.1239 0.0239 0.2092
-0.1263 0.5239 0.3011
-0.1195 -0.5252 0.1526
-0.1135 -0.2628 0.1760
-0.1085 1.1112 0.3238
-0.1061 -0.1366 0.2210
-0.1038 -0.3161 0.1646
-0.1027 -0.5909 0.1415
-0.1017 -0.4774 0.1428
-0.0856 0.1801 0.2264
-0.0866 -0.4146 0.1512
-0.0735 -0.6697 0.1650
-0.0683 0.2632 0.2217
-0.0662 1.2527 0.3308
-0.0670 0.4075 0.2547
-0.0631 -0.5881 0.1127
-0.0626 -0.0132 0.1945
-0.0580 -0.4417 0.1351
-0.0555 0.7223 0.4697
-0.0441 -0.5754 0.1101
-0.0486 -1.0658 0.4584
-0.0480 -0.7291 0.2256
-0.0434 -0.5313 0.1150
-0.0392 -0.5174 0.1193
-0.0363 -0.2432 0.1821
-0.0368 -0.0523 0.1815
-0.0338 0.0585 0.2272
-0.0332 -0.6243 0.1202
-0.0319 -0.4239 0.1449
-0.0226 -0.5849 0.1159
-0.0186 0.2732 0.2275
-0.0129 -0.0512 0.1779
-0.0072 -0.4495 0.1443
-0.0055 -0.2483 0.1851
0.0029 1.3063 0.4069
0.0148 1.2198 0.3893
0.0191 -0.6707 0.1760
0.0271 -0.4085 0.1838
0.0283 0.3043 0.2496
0.0353 -0.6324 0.1738
0.0451 -0.1044 0.1871
0.0481 -0.2786 0.2002
0.0681 -0.2197 0.1871
0.0695 0.3375 0.2797
0.0806 1.3486 0.5020
0.0873 0.0502 0.1900
0.0922 -0.2470 0.1934
0.0938 -0.0943 0.1762
0.0972 0.2768 0.2737
0.1001 -0.4320 0.2502
0.1050 -0.0709 0.1683
0.1283 -0.7549 0.3099
0.1371 -0.0216 0.1521
0.1446 0.0141 0.1536
0.1547 0.0575 0.1771
0.1663 -0.1811 0.1856
0.1654 -1.0418 0.5855
0.1735 0.0200 0.1596
0.1708 -0.5842 0.2836
0.2073 0.1639 0.2517
0.2140 0.6372 0.5655
0.2203 0.0323 0.1942
0.2256 -0.2999 0.2125
0.2263 -0.2054 0.1943
0.2294 -0.7093 0.3621
0.2286 0.4160 0.3692
0.2414 -0.1968 0.1990
0.2465 -0.5941 0.3195
0.2573 -0.2796 0.2115
0.2696 -0.0364 0.2308
0.2728 -0.4027 0.2778
0.2781 -0.1430 0.2259
0.3100 -0.3963 0.2867
0.3329 0.1941 0.2922
0.3315 0.2248 0.2833
0.3468 0.2431 0.2858
0.3520 -0.9624 0.5751
0.4055 -0.5072 0.3729
0.4113 -0.1751 0.2340
0.4281 -0.0572 0.1976
0.4406 -0.2372 0.2758
0.4446 0.3706 0.2955
0.4538 1.1285 0.7307
0.4714 -0.0520 0.1517
0.4733 0.3656 0.2840
0.4955 -0.0850 0.1296
0.5016 1.3030 0.7669
0.5064 0.3215 0.2752
0.5347 -0.1004 0.1124
0.5416 -0.0508 0.1105
0.5309 0.0130 0.1741
0.5464 0.5410 0.3807
0.5571 -0.1162 0.1126
0.5647 -0.0435 0.1147
0.5736 -0.1411 0.1232
0.5794 -0.9399 0.6412
0.5798 -0.4947 0.2882
0.5859 -0.0580 0.1163
0.5878 -0.7495 0.4732
0.5990 -0.1452 0.1294
0.6000 0.1960 0.3468
0.6194 -0.0547 0.1352
0.6216 -0.1904 0.1520
0.6212 -0.5939 0.3101
0.6238 1.2363 0.7792
0.6451 -0.1905 0.1531
0.6480 -0.2568 0.1852
0.6596 0.3077 0.2976
0.6784 0.3806 0.2695
0.6809 0.0014 0.2286
0.6825 0.4340 0.2669
0.6868 -0.3276 0.1915
0.6879 -0.0850 0.1826
0.7130 -0.2043 0.1781
0.7160 -0.3895 0.1547
0.7244 -0.4624 0.1438
0.7312 -0.4961 0.1548
0.7353 0.4425 0.2395
0.7403 -0.2156 0.1986
0.7574 -0.3309 0.1819
0.7592 -0.4448 0.1165
0.7632 -0.4012 0.1306
0.7667 -0.4878 0.1259
0.7791 0.5722 0.2316
0.7764 -0.4694 0.1135
0.7901 -0.0993 0.2677
0.8131 0.6214 0.2203
0.8334 0.6470 0.2131
0.8443 -0.3923 0.1676
0.8441 0.7945 0.3213
0.8583 -0.4996 0.1509
0.8571 -0.4460 0.1429
0.8566 0.4489 0.1983
0.8581 -0.4726 0.1390
0.8717 0.6411 0.2013
0.8794 0.3930 0.2027
0.8883 0.6587 0.2094
0.8967 1.3097 0.7565
0.8968 0.3868 0.2062
0.9034 0.4668 0.1897
0.9225 -0.4815 0.2008
0.9255 0.4999 0.2058
0.9392 -0.0623 0.4345
0.9402 -0.5438 0.2626
0.9481 -1.0008 0.8062
0.9746 0.7217 0.2430
0.9797 0.4231 0.2076
0.9832 0.7556 0.2434
0.9979 -0.3328 0.3592
1.0007 0.3511 0.2620
1.0333 0.4119 0.2414
1.0634 0.8369 0.2496
1.0793 0.8815 0.2667
1.1297 0.4541 0.3325
1.1461 0.7291 0.2539
1.1526 0.7158 0.2629
1.1548 0.5504 0.3520
1.1579 0.8280 0.2226
1.1680 0.0280 0.4236
1.1719 0.0375 0.4236
1.1724 0.8306 0.2227
1.2147 -0.5721 0.5287
1.2326 0.9881 0.2620
1.2342 -0.6776 0.6143
1.2585 1.0450 0.3168
1.2731 -0.1029 0.4774
1.2937 0.9522 0.2618
1.3004 1.1099 0.4199
1.3223 0.9387 0.2836
1.3276 0.1323 0.4816
1.3270 0.8526 0.3060
1.3306 -0.4276 0.6321
1.3336 0.0655 0.4836
1.3530 -0.0097 0.5093
