points 
 2 
 1 
Tumour[19065]FoxP310NNCodensity
-1.2114 1.0653 0.4408
-1.2075 -0.4337 0.5111
-1.1661 1.0177 0.3818
-1.1566 0.9771 0.3724
-1.1545 1.2121 0.5252
-1.1520 0.6381 0.5039
-1.1392 -0.2734 0.3219
-1.1391 0.7099 0.4379
-1.1164 -0.0891 0.3436
-1.0669 -0.1932 0.2410
-1.0581 -0.7700 0.8201
-1.0501 -0.2425 0.2449
-1.0245 -0.2214 0.2357
-1.0151 -0.1208 0.2659
-0.9902 0.9306 0.3221
-0.9923 1.0885 0.3497
-0.9796 -0.3823 0.3910
-0.9797 -0.1222 0.2740
-0.9704 1.0397 0.3303
-0.9520 -0.1603 0.2735
-0.9194 0.6998 0.2696
-0.9119 0.6775 0.2746
-0.8710 0.7354 0.2270
-0.8486 -0.9869 0.8536
-0.8466 0.7795 0.2173
-0.8431 0.9509 0.3115
-0.8238 0.8043 0.2227
-0.8090 1.1722 0.5158
-0.7927 -0.0457 0.4142
-0.7634 0.7964 0.2294
-0.7408 0.6305 0.2706
-0.7115 0.6622 0.2576
-0.6861 0.7448 0.2452
-0.6762 0.9245 0.3581
-0.6662 -0.4181 0.5871
-0.6356 -1.1262 0.6556
-0.6088 -0.2661 0.4648
-0.6070 -0.0582 0.3129
-0.5983 0.6457 0.3030
-0.5827 0.0476 0.2420
-0.5764 0.0746 0.2308
-0.5291 0.8132 0.3612
-0.5242 0.1997 0.2480
-0.5212 -0.1723 0.3880
-0.5208 0.1308 0.2088
-0.5119 0.5971 0.3791
-0.5056 0.7714 0.3597
-0.4957 0.2886 0.3243
-0.4828 0.0783 0.2095
-0.4689 0.0696 0.2208
-0.4521 0.4948 0.4503
-0.4504 -1.1568 0.4717
-0.4522 0.2154 0.2733
-0.4379 -1.0802 0.4610
-0.4447 0.1249 0.2365
-0.3527 -0.2528 0.5539
-0.3049 -1.1532 0.4167
-0.2900 -1.2303 0.4587
-0.2381 -0.7399 0.6351
-0.1856 -1.2231 0.4740
-0.1807 -1.0005 0.4760
-0.1234 0.6614 0.7502
-0.0840 -1.2023 0.5236
-0.0651 -1.1074 0.5078
-0.0575 -0.4951 0.3528
-0.0294 0.4773 0.8320
-0.0129 -0.4402 0.3145
-0.0050 -0.3410 0.3745
0.0414 -0.5167 0.2761
0.0716 -0.4620 0.2571
0.1185 -0.4147 0.2817
0.1645 -0.6660 0.3522
0.1717 -0.5219 0.2740
0.2087 -0.2602 0.4963
0.2221 -0.5514 0.3071
0.2725 -0.6711 0.4117
0.2868 -0.6962 0.4420
0.3881 0.9268 0.9270
0.3925 -1.0685 0.5958
0.5635 0.7362 0.7805
0.5611 -1.1572 0.5522
0.5576 -1.1013 0.5094
0.5813 -1.1024 0.4945
0.6108 0.9698 0.7602
0.6476 1.2418 0.8131
0.6556 -0.4469 0.6863
0.6793 0.2920 0.6069
0.6978 -0.8997 0.4446
0.7079 0.3032 0.5784
0.7921 -0.6846 0.4715
0.8197 -0.5240 0.5894
0.8275 -0.9309 0.3810
0.8388 -0.0840 0.5744
0.8694 0.0059 0.5117
0.8893 -0.8816 0.3410
0.9398 -1.1651 0.4935
0.9655 -0.0645 0.5344
0.9719 -0.8341 0.3274
0.9761 1.2286 0.5648
0.9855 0.3757 0.3720
1.0181 0.3372 0.3751
1.0366 -0.9692 0.2932
1.0362 0.4801 0.3668
1.0673 -0.7577 0.3619
1.0852 0.9507 0.4290
1.0868 0.3498 0.3902
1.0977 0.8020 0.4641
1.0975 -0.9659 0.2946
1.1107 0.4734 0.3854
1.1114 0.6099 0.4135
1.1294 -0.8585 0.3128
1.1306 -0.1245 0.6131
1.1453 1.2307 0.5330
1.1521 -1.0598 0.3844
1.1516 0.6672 0.4453
1.1588 0.2595 0.4775
1.1687 -0.1555 0.6544
1.1864 1.0244 0.4107
1.1909 -1.0242 0.3880
1.2019 1.0369 0.4179
1.2063 1.2028 0.5281
1.2227 1.0726 0.4449
1.2448 -0.7859 0.4367
1.2539 -0.6130 0.6027
