points 
 2 
 1 
Tumour[19065]FoxP310NNCodensity
-1.0163 -0.6130 0.6291
-0.9718 1.1419 0.7261
-0.9111 0.8947 0.6422
-0.8876 0.6840 0.5730
-0.8739 1.3286 0.7155
-0.8746 -0.6838 0.4574
-0.8651 0.3060 0.4207
-0.8033 0.1781 0.3185
-0.7842 0.4294 0.4105
-0.7792 0.6415 0.5075
-0.7593 -0.7035 0.3636
-0.7548 -0.2276 0.4088
-0.7484 -0.3335 0.4491
-0.7423 -0.0207 0.3165
-0.7247 0.7596 0.5394
-0.7231 -0.6806 0.3474
-0.7207 -0.3721 0.4290
-0.7041 0.0461 0.2535
-0.6880 0.2549 0.2715
-0.6679 0.0620 0.2301
-0.6644 0.2448 0.2668
-0.6551 1.4813 0.6404
-0.6292 -0.7683 0.2887
-0.6269 0.3234 0.2922
-0.6248 0.0127 0.2258
-0.6121 -0.8500 0.3139
-0.6029 0.1886 0.2466
-0.5901 0.0326 0.2194
-0.5862 -0.4076 0.3590
-0.5734 -0.6696 0.3090
-0.5678 -0.7961 0.2681
-0.5495 0.9890 0.5394
-0.5205 -0.1099 0.2508
-0.5158 1.3356 0.4525
-0.5142 0.9122 0.5631
-0.5062 1.3592 0.4585
-0.4980 -0.0051 0.2393
-0.4828 -0.8610 0.2650
-0.4686 0.0899 0.2704
-0.4607 0.3628 0.2738
-0.4578 1.3818 0.4630
-0.4563 -0.0634 0.2331
-0.4540 -0.1188 0.2352
-0.4555 0.2211 0.2782
-0.4469 0.3962 0.2838
-0.4396 -0.4128 0.2849
-0.4276 0.2408 0.2702
-0.4294 -0.2400 0.2788
-0.4130 0.4309 0.2963
-0.4101 -0.5766 0.2449
-0.4047 -0.8889 0.2584
-0.4008 -0.7826 0.2314
-0.3955 -0.4343 0.2538
-0.3875 -0.4997 0.2290
-0.3816 -0.1584 0.2373
-0.3599 -0.2168 0.2687
-0.3530 -0.7440 0.2096
-0.3191 -0.6232 0.1993
-0.3189 -0.8519 0.2214
-0.3108 -0.9469 0.2913
-0.3026 -0.6756 0.1977
-0.3023 1.0496 0.4231
-0.2901 -0.5093 0.1990
-0.2853 0.3812 0.2521
-0.2713 0.1093 0.2353
-0.2655 -0.7567 0.2112
-0.2633 0.0142 0.2371
-0.2611 1.2061 0.3804
-0.2599 1.4560 0.5270
-0.2565 -0.5271 0.2112
-0.2585 -0.1376 0.2473
-0.2559 0.2047 0.2529
-0.2586 0.1452 0.2446
-0.2527 -0.6339 0.2110
-0.2502 0.3926 0.2738
-0.2422 0.1128 0.2400
-0.2386 1.1087 0.3834
-0.2274 -0.8941 0.2821
-0.2262 0.3775 0.2822
-0.2232 -0.7392 0.2438
-0.2185 -0.0734 0.2496
-0.2099 -0.4827 0.2582
-0.2127 -0.4253 0.2755
-0.1987 0.3537 0.3005
-0.1797 -0.1194 0.2660
-0.1748 0.0092 0.2416
-0.1555 -1.0000 0.4409
-0.1511 -0.2894 0.3144
-0.1368 -0.2579 0.3143
-0.1298 1.0766 0.3355
-0.0705 0.0682 0.3225
-0.0497 1.3092 0.4617
-0.0472 1.0257 0.3332
-0.0285 1.2022 0.3798
0.0059 0.9652 0.3782
0.0136 -0.2317 0.3521
0.0194 -0.7365 0.4475
0.0243 0.0938 0.4397
0.0485 0.9442 0.4089
0.0797 -0.6821 0.4430
0.0871 -0.4276 0.3693
0.1095 0.9172 0.4717
0.1233 -0.3594 0.3334
0.1288 -0.2123 0.3393
0.1975 0.3587 0.7129
0.2011 1.1939 0.4552
0.2177 -0.4313 0.3871
0.2374 -0.7684 0.3671
0.2524 -0.2717 0.3229
0.2700 -0.2697 0.3277
0.2880 -0.1417 0.3740
0.2991 0.0255 0.4918
0.3107 1.1827 0.5111
0.3283 -0.7766 0.3084
0.3587 -0.8093 0.2892
0.3934 -0.6702 0.3277
0.4281 -0.8405 0.2697
0.4350 1.3109 0.6193
0.4560 -0.6774 0.3161
0.4576 -0.0471 0.4459
0.4903 -0.6620 0.3438
0.4913 1.0641 0.6292
0.5036 -0.2346 0.4095
0.5281 -0.9561 0.3615
0.5608 -0.9663 0.3897
0.5820 -0.8867 0.3416
0.5840 1.4571 0.7969
0.6232 -0.8336 0.3679
0.6713 1.4681 0.8529
0.6792 -0.2126 0.3830
0.6879 -0.3256 0.4133
0.7015 -0.1115 0.4151
0.7152 -0.0843 0.4371
0.7631 0.9001 0.6353
0.8105 -0.3645 0.3840
0.8129 0.7092 0.6944
0.9171 -0.2060 0.3895
0.9269 -0.3692 0.3735
0.9293 0.7917 0.6256
0.9363 -0.9890 0.6111
0.9369 -0.6134 0.5583
0.9608 0.9762 0.6377
0.9897 -0.9380 0.5924
1.0187 -0.3467 0.3839
1.0264 0.7241 0.6736
1.0722 -0.2827 0.4070
1.1435 -0.3336 0.3991
1.1525 -0.9377 0.6222
1.1527 0.6558 0.7335
1.1877 0.6864 0.7505
1.3102 -0.6261 0.5187
1.3118 -0.0057 0.6779
1.3219 -0.3229 0.4711
1.3246 -0.0139 0.6779
1.3282 1.2534 1.1038
1.3312 -0.5363 0.5074
1.3399 -0.4503 0.5022
1.3792 -0.9809 0.7419
1.4528 -0.8854 0.7212
