points 
 2 
 1 
Tumour[19065]CD6810NNCodensity
-1.1772 -1.1935 0.3028
-1.1682 -0.8427 0.1575
-1.1714 -0.7391 0.1495
-1.1779 -0.6681 0.1843
-1.1598 0.4069 0.3473
-1.1673 1.1987 0.3334
-1.1698 1.2846 0.3842
-1.1615 0.1509 0.3197
-1.1559 0.5604 0.2359
-1.1581 -1.1976 0.2862
-1.1382 -0.6600 0.1631
-1.1473 0.9739 0.3505
-1.1531 0.9086 0.3409
-1.1409 -0.5464 0.2699
-1.1407 0.5958 0.2241
-1.1299 -0.9479 0.1727
-1.1401 -0.9132 0.1628
-1.1138 -0.7547 0.1051
-1.1284 -0.8611 0.1396
-1.1220 -0.7973 0.1091
-1.1194 0.1605 0.2634
-1.1102 0.5341 0.2116
-1.1225 -0.2717 0.3062
-1.1121 -0.7290 0.1108
-1.1125 0.6950 0.2498
-1.1045 -0.9396 0.1606
-1.1027 1.2092 0.2751
-1.0959 0.7258 0.2574
-1.0844 -1.1384 0.1980
-1.0561 -1.1929 0.2374
-1.0887 -0.6083 0.1885
-1.0847 0.8409 0.2711
-1.0801 -0.8253 0.1260
-1.0791 -0.7345 0.1100
-1.0840 0.6010 0.1936
-1.0590 -0.7470 0.1119
-1.0668 -0.9921 0.1723
-1.0667 -1.0462 0.1794
-1.0739 -0.7891 0.1084
-1.0744 -0.2933 0.2294
-1.0731 0.1827 0.2150
-1.0562 1.2240 0.2494
-1.0428 -0.7774 0.1192
-1.0200 -1.1362 0.2006
-1.0408 0.9026 0.2754
-1.0330 1.2447 0.2509
-1.0332 -0.2930 0.1897
-1.0190 -0.5742 0.1751
-0.9975 -0.9189 0.2141
-1.0010 0.4697 0.2004
-0.9978 -1.0414 0.1830
-0.9891 -0.3548 0.1516
-0.9885 0.5933 0.1943
-0.9842 -0.2894 0.1683
-0.9843 -0.6652 0.1602
-0.9823 -0.7261 0.1600
-0.9844 0.1041 0.1826
-0.9724 -1.0286 0.2050
-0.9689 0.1741 0.1466
-0.9408 -0.5227 0.1411
-0.9583 0.1973 0.1426
-0.9542 -0.7571 0.1901
-0.9571 -0.6429 0.1513
-0.9540 0.5000 0.1462
-0.9462 -0.5724 0.1409
-0.9555 -0.4301 0.1465
-0.9534 0.9151 0.2669
-0.9496 -1.1225 0.2365
-0.9494 0.2506 0.1683
-0.9483 0.2227 0.1482
-0.9463 0.5508 0.1501
-0.9289 0.0874 0.1831
-0.9238 -0.5594 0.1397
-0.9344 1.1830 0.2113
-0.9343 -0.3236 0.1330
-0.9255 0.1146 0.1647
-0.9157 -0.3834 0.1131
-0.9195 0.6021 0.1803
-0.9074 -0.5954 0.1482
-0.9123 -0.4919 0.1357
-0.9128 -0.3313 0.1265
-0.9037 -0.4263 0.1196
-0.9013 0.5029 0.1202
-0.8988 0.4553 0.1271
-0.8961 0.2887 0.1891
-0.8899 1.1766 0.1919
-0.8934 0.3191 0.1934
-0.8893 0.8324 0.2548
-0.8901 1.1532 0.1927
-0.8844 -0.3474 0.1198
-0.8837 1.2189 0.2141
-0.8844 0.7938 0.2544
-0.8748 0.1827 0.1695
-0.8657 -0.6518 0.1904
-0.8715 0.4286 0.1383
-0.8667 -0.4611 0.1365
-0.8504 0.0872 0.1834
-0.8609 -0.4257 0.1163
-0.8581 0.4725 0.1107
-0.8540 0.5449 0.1218
-0.8475 -0.3421 0.1248
-0.8230 0.5779 0.1309
-0.8385 0.4666 0.1170
-0.8186 1.1376 0.1682
-0.8269 -0.4024 0.1070
-0.8302 0.4025 0.1568
-0.8244 0.5270 0.1162
-0.8316 0.9760 0.2060
-0.8240 -0.0984 0.3175
-0.7973 0.5212 0.1174
-0.8021 1.0938 0.1475
-0.8066 -1.1815 0.2760
-0.7913 0.0112 0.2270
-0.8030 -0.6624 0.2431
-0.7993 -0.3745 0.1042
-0.7677 0.6155 0.1351
-0.7960 0.8047 0.2200
-0.8006 1.0388 0.1386
-0.7785 -0.4123 0.1077
-0.7750 0.0524 0.2141
-0.7844 1.0039 0.1489
-0.7647 0.1420 0.2106
-0.7677 -0.3933 0.0985
-0.7722 -0.3595 0.1010
-0.7731 0.6565 0.1586
-0.7741 0.7203 0.1817
-0.7725 1.0206 0.1316
-0.7613 0.5600 0.1159
-0.7565 0.3658 0.1965
-0.7499 -1.1992 0.2460
-0.7507 -0.4467 0.1377
-0.7445 -0.0878 0.3077
-0.7392 -0.9591 0.1993
-0.7339 0.5841 0.1216
-0.7353 -0.3275 0.1075
-0.7269 0.5337 0.1194
-0.7354 1.1075 0.1362
-0.7369 1.2577 0.2622
-0.7317 0.1289 0.2239
-0.7308 0.4441 0.1612
-0.7144 0.7132 0.1577
-0.7178 1.0615 0.1127
-0.7192 -0.9980 0.1959
-0.7212 -0.6927 0.2818
-0.7194 -0.3596 0.0937
-0.7171 -0.3071 0.1138
-0.7132 0.4793 0.1501
-0.7048 -0.3879 0.1023
-0.7052 0.2667 0.2200
-0.7037 -0.9293 0.1736
-0.7010 -0.2436 0.1864
-0.6980 -0.8273 0.2109
-0.6991 0.7778 0.1876
-0.6970 1.0672 0.1179
-0.6919 -1.2027 0.2145
-0.6851 -0.3290 0.0998
-0.6881 1.0408 0.1180
-0.6883 -1.1406 0.1871
-0.6821 -0.9482 0.1668
-0.6833 0.2214 0.2241
-0.6834 1.1034 0.1456
-0.6816 0.5929 0.1365
-0.6758 -0.3966 0.1157
-0.6713 -0.5895 0.2793
-0.6713 0.5227 0.1318
-0.6691 0.6989 0.1658
-0.6706 0.3733 0.2131
-0.6705 -1.0931 0.1909
-0.6463 -0.8417 0.1921
-0.6593 -0.4384 0.1494
-0.6578 -0.9764 0.1826
-0.6500 -0.3063 0.1260
-0.6479 0.5650 0.1416
-0.6535 -0.3474 0.1049
-0.6501 1.0261 0.1335
-0.6413 1.2075 0.2116
-0.6371 0.7883 0.1881
-0.6333 -0.8728 0.1857
-0.6273 -0.5162 0.2249
-0.6283 -1.1923 0.2071
-0.6271 0.5483 0.1537
-0.6305 0.7541 0.1825
-0.6248 0.3126 0.2410
-0.6297 1.0027 0.1559
-0.6044 1.0208 0.1537
-0.5985 -1.1379 0.1998
-0.6112 -0.3481 0.1228
-0.5992 1.2266 0.1935
-0.5901 -0.3892 0.1240
-0.5798 0.5443 0.1876
-0.5861 -0.8290 0.2157
-0.5882 0.2328 0.2340
-0.5679 -0.3644 0.1250
-0.5725 0.9959 0.1649
-0.5637 0.7413 0.1823
-0.5483 -0.2320 0.1885
-0.5585 1.2583 0.1756
-0.5567 -0.2515 0.1709
-0.5540 -1.1661 0.2319
-0.5448 -0.4129 0.1357
-0.5391 0.1233 0.2374
-0.5288 -0.3868 0.1202
-0.5230 1.2588 0.1500
-0.5087 -0.2478 0.1682
-0.5136 0.1340 0.2276
-0.5115 0.8423 0.1630
-0.5111 0.8627 0.1722
-0.5114 -1.1790 0.2701
-0.5076 0.5666 0.2329
-0.5012 0.8888 0.1693
-0.5012 -0.7685 0.2170
-0.4921 1.0280 0.1220
-0.4937 -0.3596 0.1205
-0.4916 0.7834 0.1466
-0.4971 1.2511 0.1328
-0.4873 0.4156 0.2070
-0.4880 -0.3883 0.1123
-0.4837 0.1352 0.2210
-0.4785 -1.0048 0.2782
-0.4720 -0.6182 0.2556
-0.4673 -0.9797 0.2787
-0.4770 -0.2321 0.1753
-0.4707 0.7467 0.1592
-0.4769 1.0085 0.1194
-0.4771 1.2617 0.1380
-0.4750 -0.7612 0.2010
-0.4504 -0.4003 0.1106
-0.4689 0.5378 0.2296
-0.4680 1.0496 0.1114
-0.4644 1.1957 0.1157
-0.4374 0.0992 0.2146
-0.4515 1.0050 0.1160
-0.4500 -0.5957 0.2526
-0.4486 1.1096 0.1238
-0.4509 1.1553 0.1241
-0.4480 -0.3597 0.1067
-0.4446 0.4038 0.1696
-0.4442 1.2222 0.1184
-0.4404 0.7181 0.1889
-0.4405 0.9765 0.1365
-0.4301 -0.8002 0.1798
-0.4302 1.0410 0.1084
-0.4160 -0.3695 0.0970
-0.4302 0.0083 0.2488
-0.4267 0.7423 0.1695
-0.4224 0.4144 0.1578
-0.4150 0.2450 0.2121
-0.4194 1.1571 0.1224
-0.4170 0.8529 0.1501
-0.4010 0.3918 0.1456
-0.4000 -0.7424 0.1589
-0.4009 -0.4062 0.1060
-0.4041 1.0524 0.1228
-0.3959 -0.2966 0.1349
-0.3983 1.0851 0.1343
-0.4002 1.1907 0.1281
-0.3871 -0.2388 0.1760
-0.3938 0.2731 0.1870
-0.3866 -0.2811 0.1424
-0.3899 0.7843 0.1600
-0.3826 0.8730 0.1484
-0.3902 1.2144 0.1411
-0.3836 -0.3868 0.0999
-0.3799 -0.3644 0.1036
-0.3526 0.3064 0.1597
-0.3649 0.3781 0.1473
-0.3483 -0.3735 0.1097
-0.3539 -0.4527 0.1208
-0.3340 -0.5370 0.1392
-0.3502 -0.8223 0.1551
-0.3480 -1.0384 0.2724
-0.3500 0.3990 0.1589
-0.3396 -0.7421 0.1347
-0.3437 0.9664 0.1637
-0.3310 0.8634 0.1568
-0.3251 -0.4500 0.1089
-0.3122 0.3192 0.1629
-0.3302 0.0192 0.1823
-0.3280 0.5095 0.2459
-0.3285 0.9109 0.1609
-0.3168 0.9513 0.1772
-0.3231 -0.8458 0.1660
-0.3177 -0.7978 0.1396
-0.3219 -0.9355 0.2234
-0.3119 -0.7407 0.1362
-0.2979 -0.4094 0.1076
-0.3172 0.8421 0.1696
-0.3121 -0.5795 0.1657
-0.3056 -0.4847 0.0938
-0.3082 -0.0099 0.1871
-0.3118 1.2470 0.2277
-0.3074 -0.2303 0.1688
-0.3029 -0.6908 0.1651
-0.2917 -0.3455 0.1317
-0.2915 -1.2032 0.3821
-0.2907 -0.5053 0.0934
-0.2871 0.1032 0.1651
-0.2786 1.2677 0.2831
-0.2747 -0.7422 0.1462
-0.2753 0.0011 0.1629
-0.2761 0.1984 0.1881
-0.2676 -0.3550 0.1251
-0.2683 -0.4289 0.1043
-0.2389 0.2794 0.1749
-0.2620 -0.2153 0.1757
-0.2696 0.1212 0.1635
-0.2670 -0.4876 0.0897
-0.2601 -0.5116 0.0959
-0.2462 -0.3941 0.1137
-0.2507 -0.1937 0.1935
-0.2395 -0.9167 0.2085
-0.2424 -0.5206 0.1073
-0.2164 -0.1608 0.2165
-0.2380 -0.7322 0.1624
-0.2228 0.0176 0.1374
-0.2333 -0.4731 0.1009
-0.2195 0.8058 0.2492
-0.2100 0.0448 0.1295
-0.2175 -0.2784 0.1548
-0.2043 0.1335 0.1350
-0.2085 0.3888 0.1885
-0.2186 0.5115 0.2853
-0.2115 -0.3890 0.1237
-0.1973 -0.5035 0.1119
-0.2139 0.3160 0.1683
-0.2033 -0.6320 0.1994
-0.2005 -1.0376 0.2321
-0.1876 -1.1327 0.2928
-0.1915 -0.3308 0.1387
-0.1814 0.1582 0.1324
-0.1850 0.3409 0.1681
-0.1770 -0.4432 0.1229
-0.1789 0.0043 0.1472
-0.1452 0.0540 0.1254
-0.1715 -0.9356 0.2013
-0.1637 -0.5469 0.1422
-0.1589 1.0534 0.3682
-0.1572 -1.0553 0.2378
-0.1507 -0.8810 0.1828
-0.1349 0.0158 0.1463
-0.1502 0.8645 0.2654
-0.1406 0.1538 0.1217
-0.1482 -0.7540 0.1668
-0.1493 0.3520 0.1698
-0.1427 -0.4480 0.1187
-0.1422 0.0806 0.1269
-0.1426 -0.7316 0.1669
-0.1409 0.1830 0.1231
-0.1284 -0.3136 0.1250
-0.1384 -0.3380 0.1286
-0.1263 0.2081 0.1254
-0.1168 -0.8280 0.1548
-0.1247 -0.5256 0.1350
-0.1230 -0.4902 0.1182
-0.1144 -0.2713 0.1334
-0.0900 -0.7944 0.1455
-0.1109 0.8664 0.2877
-0.1043 0.2277 0.1298
-0.1000 0.3796 0.2055
-0.0909 -0.2491 0.1323
-0.0879 0.0092 0.1687
-0.0988 -0.4741 0.1222
-0.0963 -0.4396 0.1206
-0.0849 0.1404 0.1383
-0.0883 -0.2170 0.1522
-0.0744 0.2304 0.1379
-0.0822 -0.3747 0.1085
-0.0700 -0.8637 0.1685
-0.0722 -0.8263 0.1527
-0.0681 0.2676 0.1562
-0.0665 -0.3902 0.1122
-0.0648 -0.3545 0.1079
-0.0563 -1.0254 0.1955
-0.0504 -0.6214 0.1623
-0.0512 0.8452 0.3021
-0.0480 -0.6927 0.1521
-0.0489 0.0719 0.1658
-0.0545 -0.1805 0.1658
-0.0443 -0.6679 0.1559
-0.0125 0.5062 0.1732
-0.0445 0.2790 0.1676
-0.0396 -0.3548 0.1219
-0.0415 0.5993 0.1962
-0.0011 0.6549 0.2081
-0.0343 -0.3035 0.1294
-0.0322 0.5474 0.1774
-0.0347 -0.5311 0.1721
-0.0281 -0.7236 0.1626
-0.0193 -0.3816 0.1399
-0.0293 0.6400 0.2117
-0.0245 -0.2266 0.1337
-0.0234 -0.6061 0.1595
-0.0074 0.1552 0.1950
0.0121 -1.0361 0.1279
0.0038 -0.8761 0.1888
0.0118 -0.9986 0.1347
0.0108 -0.2495 0.1368
0.0170 -0.6614 0.1579
0.0250 0.0079 0.2180
0.0380 0.0444 0.2217
0.0467 -1.1460 0.1865
0.0310 -1.1072 0.1543
0.0345 -0.1918 0.1482
0.0353 -0.0892 0.2181
0.0350 0.4566 0.1755
0.0418 -0.9789 0.1278
0.0498 -0.4899 0.1904
0.0588 -0.2183 0.1323
0.0455 0.4940 0.1550
0.0578 -0.8797 0.2029
0.0591 -1.0293 0.1043
0.0741 -1.0467 0.1064
0.0632 -0.4532 0.1932
0.0805 -0.3405 0.1570
0.0660 0.2988 0.2134
0.0656 0.4452 0.1828
0.0669 0.6328 0.1876
0.0701 0.2811 0.2088
0.0744 0.5278 0.1527
0.0750 0.8069 0.3034
0.0776 -0.2973 0.1286
0.0915 -0.5706 0.1599
0.0897 -0.2044 0.1341
0.0956 1.0046 0.2705
0.0936 -0.9646 0.1406
0.1050 -1.0561 0.1217
0.1046 -1.0222 0.1150
0.0988 -0.6083 0.1623
0.1340 -0.5084 0.1604
0.1138 -1.1468 0.1780
0.1077 -0.7738 0.2429
0.1192 -0.3010 0.1113
0.1142 -0.6211 0.1641
0.1608 0.2601 0.1811
0.1345 0.6377 0.2035
0.1312 -0.2644 0.1018
0.1329 0.4928 0.1737
0.1329 -1.0179 0.1385
0.1419 -0.3133 0.1130
0.1425 -0.2253 0.1231
0.1434 0.2069 0.2078
0.1454 -0.6419 0.1665
0.1482 -0.0533 0.2481
0.1545 0.5210 0.1712
0.1626 -0.2641 0.1085
0.1711 -1.1326 0.2024
0.1639 1.1785 0.1879
0.1745 -0.2284 0.1322
0.1759 1.0892 0.1382
0.1761 1.1339 0.1510
0.1881 0.6149 0.1911
0.1915 -0.5052 0.1628
0.1932 -0.3166 0.1154
0.1890 0.0108 0.2981
0.1928 0.5824 0.1767
0.2017 -0.7242 0.2178
0.2027 0.2046 0.1901
0.2031 1.0559 0.1346
0.1993 -1.0692 0.2058
0.1997 -0.4483 0.1732
0.2054 1.0988 0.1216
0.2125 -0.5140 0.1598
0.2317 0.2470 0.1609
0.2105 0.8575 0.3196
0.2115 -0.6418 0.1717
0.2172 -0.3416 0.1176
0.2279 0.3311 0.1800
0.2347 -0.3615 0.1233
0.2317 1.0522 0.1275
0.2329 1.2775 0.2538
0.2387 1.1713 0.1522
0.2496 -0.2723 0.1042
0.2516 -0.5963 0.1649
0.2433 1.0677 0.1185
0.2529 -0.5648 0.1608
0.2617 0.2818 0.1521
0.2616 0.4404 0.2055
0.2833 0.5885 0.1862
0.2656 -0.3826 0.1406
0.2628 0.4052 0.2062
0.2757 -0.2969 0.0969
0.2716 0.4861 0.1949
0.2722 -0.3349 0.1100
0.2776 -0.0323 0.3308
0.2787 0.7728 0.3012
0.2862 -0.8020 0.2383
0.2900 -0.5527 0.1832
0.2795 -0.2206 0.1335
0.2837 -0.2630 0.1022
0.3013 0.2594 0.1640
0.2945 -0.2392 0.1207
0.3050 -0.2997 0.1118
0.3025 1.1968 0.1618
0.3061 1.0719 0.1398
0.3069 1.0973 0.1364
0.3084 1.0159 0.1821
0.3164 -0.2389 0.1412
0.3216 1.1814 0.1463
0.3206 0.5899 0.1837
0.3342 0.2406 0.1859
0.3367 -0.7720 0.2067
0.3486 0.3351 0.2050
0.3427 -0.6365 0.2019
0.3436 -0.4325 0.2301
0.3530 0.5785 0.1736
0.3655 0.2393 0.2024
0.3592 1.0694 0.1565
0.3647 -0.6903 0.1913
0.3819 -0.7873 0.2195
0.3826 1.1734 0.1226
0.3790 1.2014 0.1386
0.3802 -0.7143 0.1985
0.3903 0.7353 0.2548
0.4053 0.6042 0.1481
0.4251 0.5833 0.1334
0.4122 1.2503 0.2014
0.4195 1.1441 0.1300
0.4363 1.1724 0.1461
0.4366 -0.7716 0.2162
0.4693 0.6185 0.1277
0.4381 1.1239 0.1455
0.4442 1.1065 0.1542
0.4598 0.9909 0.2348
0.4675 0.2206 0.2419
0.4722 0.4925 0.1814
0.4639 -1.1610 0.5347
0.4707 0.5874 0.1176
0.4684 0.8524 0.3043
0.4963 -0.0123 0.2783
0.4764 0.4463 0.2211
0.4931 0.5660 0.1234
0.5175 0.2198 0.2570
0.5067 0.5950 0.1175
0.5044 1.0266 0.2270
0.5196 -0.5158 0.2368
0.5146 0.3465 0.2446
0.5314 0.6420 0.1437
0.5310 -0.4267 0.1575
0.5321 -0.8742 0.2320
0.5395 0.0159 0.2452
0.5429 -0.2335 0.2187
0.5533 0.2066 0.2702
0.5407 0.5719 0.1415
0.5537 -0.0091 0.2347
0.5552 -0.4183 0.1351
0.5537 -0.2677 0.1786
0.5692 -0.9337 0.2708
0.5645 -0.4645 0.1576
0.5673 0.6697 0.1685
0.5660 0.8124 0.2677
0.5711 -0.3777 0.1268
0.5732 0.3591 0.2628
0.5774 -0.7345 0.2356
0.5825 -0.6946 0.2626
0.5889 -0.4642 0.1563
0.5998 -0.3297 0.1239
0.6012 -0.2793 0.1453
0.6057 -0.8411 0.1963
0.6109 -0.9076 0.2385
0.6059 -0.0045 0.2068
0.6179 -0.3072 0.1280
0.6156 -0.3640 0.1228
0.6153 0.5850 0.1855
0.6207 1.0297 0.2604
0.6388 0.9043 0.2544
0.6240 0.6925 0.2111
0.6281 -0.0285 0.1961
0.6421 -0.7990 0.1912
0.6491 -0.4240 0.1507
0.6559 0.7199 0.2352
0.6628 -0.3429 0.1296
0.6649 0.5214 0.2155
0.6557 1.0539 0.2748
0.6630 -0.1229 0.2035
0.6760 0.4328 0.2472
0.6849 -0.8495 0.2118
0.6867 -0.1074 0.1902
0.7109 -0.3363 0.1317
0.7212 -0.6950 0.2357
0.7184 -0.2645 0.1776
0.7193 0.1610 0.3370
0.7324 1.2886 0.4376
0.7298 -0.3817 0.1317
0.7379 1.0861 0.3033
0.7498 0.8828 0.2412
0.7484 0.9128 0.2391
0.7469 -0.4213 0.1509
0.7501 -0.1004 0.1860
0.7461 0.5679 0.2053
0.7624 -0.0496 0.2187
0.7536 0.4721 0.2136
0.7633 0.1964 0.3588
0.7657 0.5954 0.2228
0.7682 -0.0767 0.2004
0.7753 -0.7397 0.2447
0.7775 0.7794 0.2530
0.7735 -0.8422 0.2860
0.7761 -0.3395 0.1190
0.7880 -0.6355 0.2251
0.7826 -0.3071 0.1372
0.7876 -0.3628 0.1125
0.8176 -0.4352 0.1331
0.7991 1.2435 0.3968
0.8054 0.4901 0.2137
0.8184 -0.1581 0.1919
0.8134 0.9345 0.2666
0.8210 -0.3514 0.1194
0.8224 -1.2027 0.3065
0.8284 -0.2030 0.1800
0.8317 0.4705 0.2251
0.8412 -0.6197 0.1868
0.8512 -0.4099 0.1192
0.8543 -0.5301 0.1485
0.8566 -1.1436 0.2298
0.8585 -0.4806 0.1332
0.8595 -0.3010 0.1467
0.8756 -1.1171 0.2106
0.8786 -0.3782 0.1236
0.8744 -0.2307 0.1708
0.8821 -0.4584 0.1178
0.8913 0.5726 0.2355
0.8842 0.7366 0.2344
0.8868 0.8504 0.2472
0.8988 -1.1753 0.2082
0.8998 -0.6207 0.1697
0.9079 -0.5841 0.1455
0.9141 -0.2265 0.1832
0.9097 0.3854 0.2812
0.9185 -0.3781 0.1332
0.9262 -0.5497 0.1316
0.9253 -0.4251 0.1117
0.9398 -0.4733 0.1151
0.9503 0.2489 0.3084
0.9427 1.2016 0.3714
0.9468 0.7001 0.1803
0.9509 -0.5202 0.1309
0.9477 0.2790 0.3075
0.9639 -0.4070 0.1394
0.9582 -0.2338 0.2107
0.9650 -1.1348 0.1643
0.9702 -1.0116 0.1842
0.9720 -0.5030 0.1391
0.9819 -0.4326 0.1435
0.9934 0.6096 0.1778
0.9847 0.6965 0.1488
1.0043 -0.6283 0.2177
0.9998 -0.9982 0.1725
0.9997 0.3883 0.2922
1.0220 0.9332 0.2656
1.0123 -0.2239 0.2692
1.0192 0.7608 0.1869
1.0232 1.1523 0.3396
1.0444 0.6378 0.1318
1.0266 0.6747 0.1210
1.0152 1.2372 0.3888
1.0277 -0.6471 0.2475
1.0354 -1.0991 0.1202
1.0303 -1.1941 0.1846
1.0288 -1.1367 0.1347
1.0467 0.9135 0.2472
1.0462 -1.0769 0.1211
1.0433 -1.0449 0.1286
1.0644 0.6727 0.1150
1.0593 -0.9670 0.1924
1.0829 0.9822 0.2636
1.0953 0.1133 0.2080
1.0927 0.6482 0.1284
1.0913 -0.9660 0.2012
1.1009 -1.1379 0.1227
1.0947 -1.0965 0.1152
1.1094 -0.4394 0.2106
1.0989 -0.4126 0.2130
1.1059 0.6765 0.1260
1.1370 0.0985 0.1653
1.1422 0.1340 0.1554
1.1157 0.6994 0.1317
1.1131 -1.1073 0.1164
1.1240 -0.0685 0.3051
1.1250 0.2344 0.2461
1.1300 -0.4718 0.2227
1.1352 0.4490 0.2334
1.1415 0.5468 0.2124
1.1382 0.6949 0.1390
1.1464 -1.1177 0.1382
1.1718 0.8672 0.1993
1.1656 0.9822 0.2522
1.1725 -1.1011 0.1579
1.1719 -0.7771 0.2980
1.1858 0.5416 0.2211
1.2020 -1.1398 0.1641
1.1901 0.1168 0.1265
1.1937 0.7168 0.1422
1.1942 0.8675 0.1985
1.1963 -0.6542 0.1994
1.1961 -0.4036 0.2004
1.2063 -0.2816 0.1785
1.2132 0.0930 0.1338
1.2135 0.3704 0.1796
1.2304 -0.5237 0.2025
1.2176 -0.2653 0.1813
1.2176 -0.3003 0.1783
1.2212 -0.6577 0.1919
1.2206 0.8261 0.1808
1.2319 0.7012 0.1365
1.2287 -0.1413 0.2587
1.2297 0.0678 0.1590
1.2348 0.1257 0.1312
1.2383 1.2344 0.4379
1.2460 0.8787 0.2260
1.2555 -1.1921 0.2231
1.2563 -0.2921 0.1978
1.2449 -0.2431 0.1990
1.2452 0.3861 0.1627
1.2562 0.7437 0.1533
1.2497 -0.6964 0.2286
1.2555 -0.6532 0.1972
1.2631 0.1183 0.1498
1.2584 0.3746 0.1657
1.2639 0.1756 0.1598
1.2650 0.7080 0.1474
1.2643 -0.6373 0.1993
1.2645 1.1167 0.3580
1.2646 -0.1974 0.2398
1.2726 0.5980 0.2092
1.2766 0.4130 0.1665
1.2823 -0.5078 0.2276
1.2845 0.4563 0.1864
1.2770 0.6857 0.1607
1.2899 0.2738 0.2022
1.2985 -1.1683 0.2471
1.2954 -1.1118 0.2309
1.3044 0.6978 0.1875
1.2985 0.1500 0.1777
1.3029 0.4322 0.1873
1.3070 -1.0747 0.2592
1.3035 1.1572 0.4158
1.3112 0.2832 0.2106
1.3133 -0.5149 0.2514
