points 
 2 
 1 
Tumour[19065]CD810NNCodensity
-1.1415 0.1298 0.3077
-1.1385 1.0301 0.2876
-1.1338 1.0604 0.2783
-1.1409 1.2454 0.3332
-1.1239 0.1853 0.2514
-1.1266 0.2801 0.2273
-1.1311 1.1675 0.2905
-1.1212 0.2435 0.2191
-1.1183 -0.0784 0.4414
-1.1078 0.2173 0.2194
-1.1025 1.2751 0.3358
-1.0974 0.8634 0.2953
-1.0902 0.9457 0.3055
-1.0854 1.2485 0.3075
-1.0814 -0.2031 0.4435
-1.0789 0.2583 0.2022
-1.0689 1.2310 0.2998
-1.0593 -0.2277 0.4268
-1.0647 0.6188 0.2194
-1.0570 -0.8260 0.2266
-1.0543 0.5584 0.2047
-1.0374 0.4430 0.2031
-1.0311 -0.8586 0.1805
-1.0289 0.6058 0.1889
-1.0221 -0.4382 0.4100
-1.0253 -0.8606 0.1748
-1.0165 -0.6928 0.3260
-1.0107 0.5792 0.1848
-1.0170 0.8632 0.2602
-1.0081 -0.3379 0.3774
-1.0068 0.9048 0.2756
-0.9952 -0.8855 0.1519
-0.9959 0.6756 0.2021
-0.9892 0.2644 0.2102
-0.9887 -0.5658 0.4177
-0.9891 0.4105 0.1650
-0.9772 -0.3477 0.3673
-0.9601 0.7021 0.2071
-0.9504 -0.9192 0.1348
-0.9499 0.6790 0.2109
-0.9384 0.3762 0.1481
-0.9417 0.4529 0.1609
-0.9314 -0.9283 0.1313
-0.9381 0.4345 0.1522
-0.9324 0.4294 0.1526
-0.9095 0.7304 0.2491
-0.9090 -1.0939 0.1613
-0.8872 -1.1529 0.1902
-0.8960 -1.1202 0.1663
-0.9016 -0.9631 0.1423
-0.9044 -0.8921 0.1492
-0.9001 -0.8412 0.1920
-0.9063 0.3858 0.1554
-0.8904 0.1762 0.2992
-0.8930 0.3273 0.1770
-0.8849 -1.0072 0.1471
-0.8831 -1.0448 0.1432
-0.8829 -0.9450 0.1442
-0.8819 0.2780 0.2139
-0.8590 1.3046 0.2661
-0.8523 0.8452 0.3608
-0.8509 -1.1189 0.1499
-0.7947 -1.0664 0.1536
-0.7838 -1.1258 0.1648
-0.7832 -1.0379 0.1570
-0.7579 1.3107 0.1346
-0.7655 0.2958 0.2503
-0.7585 -0.9842 0.1739
-0.7500 -0.9591 0.1930
-0.7213 0.1349 0.1920
-0.7236 1.3243 0.1192
-0.7254 -1.1595 0.1910
-0.7214 1.3020 0.1011
-0.7127 1.1767 0.1809
-0.7176 1.2424 0.1066
-0.7088 1.2632 0.0921
-0.6953 -1.1620 0.1954
-0.6870 1.2243 0.1191
-0.6913 1.2995 0.0985
-0.6891 -0.3313 0.2490
-0.6952 1.3304 0.1262
-0.6772 -1.0287 0.1592
-0.6831 -0.4516 0.3335
-0.6711 1.2625 0.1042
-0.6747 -0.3565 0.2546
-0.6752 -0.2374 0.2427
-0.6521 -1.1066 0.1660
-0.6616 0.0761 0.1391
-0.6709 0.1671 0.1485
-0.6694 0.3190 0.2308
-0.6689 -0.9849 0.1779
-0.6536 -0.7610 0.3220
-0.6576 0.0489 0.1559
-0.6579 0.1200 0.1301
-0.6528 -0.4354 0.3070
-0.6437 -0.2178 0.2395
-0.6327 -1.0638 0.1669
-0.6355 -0.1653 0.2578
-0.6342 0.1228 0.1257
-0.6215 0.0101 0.1778
-0.6348 0.2476 0.1579
-0.6289 1.2563 0.1405
-0.6266 -0.1004 0.2580
-0.6118 -0.7349 0.3156
-0.5986 0.0907 0.1302
-0.5981 0.2618 0.1560
-0.6034 -1.0898 0.1776
-0.5889 1.2092 0.1631
-0.5885 0.2917 0.1845
-0.5815 -0.3040 0.2446
-0.5776 0.2262 0.1429
-0.5821 0.1882 0.1392
-0.5615 -0.9255 0.2068
-0.5646 1.1288 0.1671
-0.5583 -1.0259 0.1931
-0.5562 1.0695 0.1968
-0.5440 0.1164 0.1542
-0.5363 1.1407 0.1480
-0.5342 0.0520 0.1616
-0.5345 -0.9224 0.2047
-0.5379 -0.8455 0.2213
-0.5378 -1.1631 0.2609
-0.5227 1.2360 0.1836
-0.5037 1.2057 0.1600
-0.4961 0.0621 0.1717
-0.4965 0.2145 0.1921
-0.4937 1.0896 0.1439
-0.4872 0.1973 0.1957
-0.4884 -0.2952 0.3121
-0.4732 0.0210 0.1757
-0.4796 0.4261 0.3455
-0.4640 -0.7941 0.2185
-0.4519 1.1776 0.1433
-0.4653 -0.8843 0.1953
-0.4519 -1.1031 0.2158
-0.4468 1.1315 0.1273
-0.4406 1.0213 0.1514
-0.4269 1.0681 0.1133
-0.4279 0.0333 0.1507
-0.4227 0.5400 0.4826
-0.4156 -0.7179 0.1898
-0.4091 -0.9704 0.1711
-0.3668 1.0808 0.1037
-0.3968 -0.6219 0.1635
-0.4037 1.0169 0.1368
-0.3674 1.0292 0.1153
-0.3954 -0.4688 0.2090
-0.3942 1.0731 0.1040
-0.3894 1.1588 0.1094
-0.3801 -1.0005 0.1456
-0.3803 0.0718 0.1520
-0.3744 -0.6379 0.1361
-0.3663 0.8503 0.2585
-0.3675 -1.0607 0.1326
-0.3700 -0.9135 0.1737
-0.3679 1.1378 0.0999
-0.3652 -0.7487 0.1749
-0.3626 -0.0606 0.1233
-0.3635 -0.0271 0.1212
-0.3577 0.8298 0.2731
-0.3635 1.2021 0.1345
-0.3593 1.1168 0.1019
-0.3513 -1.0338 0.1233
-0.3495 0.0195 0.1168
-0.3139 -1.1246 0.1379
-0.3322 -1.0691 0.1208
-0.3416 -0.8400 0.1887
-0.3447 -0.6183 0.1204
-0.3391 1.1731 0.1105
-0.3408 1.3244 0.2838
-0.3346 -0.4836 0.1467
-0.3331 -0.1225 0.1263
-0.3328 0.0450 0.1320
-0.3364 0.0740 0.1532
-0.3299 -0.9987 0.1288
-0.3278 -0.0640 0.0999
-0.3104 -0.6216 0.1081
-0.2980 0.9908 0.1213
-0.3213 -0.6699 0.1226
-0.3173 1.1289 0.1112
-0.3105 -0.3931 0.1293
-0.3117 -0.0368 0.1008
-0.3161 0.1575 0.2443
-0.3057 -0.5112 0.1335
-0.3037 1.0476 0.1126
-0.3029 -0.5724 0.1215
-0.3052 -0.1851 0.1439
-0.2849 -1.0447 0.1230
-0.2899 -0.4559 0.1229
-0.2991 1.2122 0.1539
-0.2935 -0.3402 0.1220
-0.2902 -0.1120 0.1044
-0.2996 -0.0700 0.0965
-0.2902 -0.5905 0.1164
-0.2848 1.0286 0.1156
-0.2869 0.4194 0.3937
-0.2847 -0.7456 0.1597
-0.2739 -0.3135 0.1176
-0.2757 -1.0898 0.1165
-0.2759 -0.4070 0.1140
-0.2806 1.0500 0.1189
-0.2803 1.1458 0.1311
-0.2634 -0.9199 0.1411
-0.2764 -0.8795 0.1502
-0.2711 -0.3714 0.1054
-0.2639 -1.1622 0.1529
-0.2653 -0.6851 0.1387
-0.2634 -0.6495 0.1248
-0.2697 -0.5005 0.1245
-0.2674 -0.0768 0.1098
-0.2677 -0.0118 0.1415
-0.2678 -0.2564 0.1210
-0.2432 -0.9912 0.1410
-0.2562 0.9989 0.1135
-0.2510 1.1745 0.1662
-0.2513 -1.1395 0.1312
-0.2518 0.9649 0.1122
-0.2469 -0.1451 0.1167
-0.2408 -0.7473 0.1529
-0.2421 -0.3370 0.1064
-0.2338 -1.0845 0.1227
-0.2386 -0.3772 0.1082
-0.2451 0.9200 0.1246
-0.2326 -0.9235 0.1278
-0.2351 -0.1139 0.1295
-0.2054 -1.1188 0.1280
-0.2180 -0.8541 0.1279
-0.2307 -0.6003 0.1288
-0.2338 -0.2089 0.1108
-0.2267 -0.1687 0.1173
-0.2216 0.9566 0.1037
-0.2215 -0.2381 0.1072
-0.1920 -1.1546 0.1458
-0.2098 -0.5158 0.1272
-0.2126 -0.2435 0.1104
-0.2127 -0.2356 0.1116
-0.1981 -0.9001 0.1182
-0.1997 -0.4822 0.1306
-0.2034 -0.4445 0.1308
-0.1957 -0.3182 0.1264
-0.1956 0.2961 0.3045
-0.1996 0.8835 0.1201
-0.1947 -0.7929 0.1426
-0.1937 1.0927 0.1644
-0.1845 0.1645 0.2859
-0.1795 -1.0269 0.1344
-0.1831 -0.8126 0.1334
-0.1836 -0.5879 0.1210
-0.1857 0.9198 0.0967
-0.1789 -0.3360 0.1360
-0.1735 0.9386 0.0953
-0.1681 0.8570 0.1275
-0.1676 -0.9917 0.1165
-0.1610 -0.4505 0.1320
-0.1612 -0.5805 0.1094
-0.1565 -0.7455 0.1474
-0.1506 0.0794 0.2752
-0.1638 0.9730 0.1108
-0.1436 -1.0227 0.1387
-0.1438 -0.9751 0.1077
-0.1452 -0.8298 0.1252
-0.1543 -0.9104 0.1072
-0.1439 -0.0544 0.2003
-0.1509 1.0801 0.1405
-0.1430 -0.6701 0.1222
-0.1480 0.9521 0.1051
-0.1452 -0.5868 0.1063
-0.1328 -0.9293 0.1019
-0.1345 -0.5024 0.1153
-0.1295 0.8373 0.1362
-0.1225 -1.1166 0.1443
-0.1132 -0.6663 0.1132
-0.1244 0.9294 0.1107
-0.1157 1.0532 0.1021
-0.1132 -0.9503 0.1076
-0.1160 -0.9006 0.1024
-0.1180 -1.1412 0.1542
-0.1128 -0.0770 0.2243
-0.1118 0.8623 0.1263
-0.1153 -0.6125 0.1066
-0.1053 -0.5315 0.1207
-0.1127 -0.6220 0.1073
-0.1025 -0.7016 0.1268
-0.0935 0.7270 0.1435
-0.1012 1.0218 0.0966
-0.0927 -0.4765 0.1212
-0.0956 1.0869 0.1156
-0.1036 -0.3696 0.1377
-0.0948 0.9678 0.1192
-0.0981 -0.3706 0.1369
-0.0999 -0.3660 0.1395
-0.0897 0.7748 0.1439
-0.0877 -1.1300 0.1480
-0.0733 -0.8329 0.1383
-0.0890 1.0400 0.0896
-0.0868 1.3006 0.3508
-0.0872 -0.8654 0.1210
-0.0670 -0.6789 0.1239
-0.0854 0.8609 0.1472
-0.0825 -0.5280 0.1273
-0.0738 -0.9327 0.1204
-0.0785 -0.4414 0.1228
-0.0737 -0.0708 0.2639
-0.0513 0.6910 0.1106
-0.0667 0.3034 0.2074
-0.0545 -1.1467 0.1680
-0.0656 0.6602 0.1323
-0.0594 1.0204 0.1034
-0.0647 1.0618 0.1040
-0.0605 0.4113 0.2061
-0.0414 -0.8910 0.1402
-0.0465 -0.7729 0.1413
-0.0487 0.2816 0.2070
-0.0440 0.5224 0.2255
-0.0467 0.7240 0.1089
-0.0367 0.6428 0.1316
-0.0337 1.0749 0.1350
-0.0351 -0.7038 0.1331
-0.0338 0.5616 0.2010
-0.0336 1.0216 0.1213
-0.0253 -1.0475 0.1616
-0.0275 -1.0075 0.1625
-0.0331 1.2030 0.2518
-0.0197 -0.7829 0.1412
-0.0289 -0.4701 0.1228
0.0085 -0.7362 0.1406
-0.0229 0.7123 0.1047
-0.0126 -0.4541 0.1283
-0.0088 -0.3567 0.1682
-0.0060 0.4303 0.1941
0.0048 -0.4849 0.1220
0.0019 0.7969 0.1687
0.0053 -0.6473 0.1551
0.0015 -0.5835 0.1390
0.0047 0.3771 0.1619
0.0133 -0.5218 0.1211
0.0105 0.7380 0.1341
0.0151 -0.9590 0.1595
0.0069 -1.1137 0.1745
0.0083 -1.1079 0.1721
0.0194 -0.5514 0.1228
0.0229 0.9602 0.1691
0.0267 0.6913 0.1389
0.0329 0.3464 0.1488
0.0263 0.6487 0.1593
0.0448 -0.8683 0.1583
0.0486 -0.6025 0.1383
0.0545 -0.7561 0.1417
0.0563 -0.5454 0.1304
0.0661 -0.8202 0.1354
0.0622 0.0095 0.2264
0.0681 -0.3325 0.1894
0.0688 -0.4267 0.1489
0.0671 0.3439 0.1560
0.0683 0.9249 0.1645
0.0683 1.1438 0.2347
0.0767 -0.9885 0.1467
0.0778 0.9569 0.1424
0.0756 0.1851 0.1424
0.0757 -0.4047 0.1574
0.0994 0.8018 0.1706
0.0872 0.3352 0.1619
0.0867 0.2704 0.1453
0.0899 0.1550 0.1333
0.0973 1.3308 0.3896
0.1001 -0.9042 0.1503
0.1080 -0.9867 0.1426
0.1052 -0.4125 0.1765
0.1131 0.9741 0.1245
0.1064 -0.7817 0.1395
0.1169 -0.7456 0.1467
0.1088 0.1361 0.1297
0.1171 0.1905 0.1294
0.1052 0.2813 0.1517
0.1157 -0.8432 0.1482
0.1147 -0.2960 0.2146
0.1221 -1.0447 0.1412
0.1237 1.0120 0.1275
0.1209 -0.6321 0.1542
0.1223 -0.1782 0.2802
0.1255 -0.5367 0.1691
0.1364 0.0754 0.1462
0.1274 0.2273 0.1443
0.1317 -1.0002 0.1359
0.1281 -0.0038 0.2139
0.1303 0.7484 0.1807
0.1394 0.1352 0.1347
0.1381 -0.5738 0.1673
0.1574 0.8770 0.1486
0.1471 -1.0357 0.1285
0.1434 0.0990 0.1372
0.1409 0.8006 0.1549
0.1502 -0.6825 0.1662
0.1431 -0.1591 0.2812
0.1480 1.0035 0.1154
0.1554 -0.6404 0.1694
0.1513 -0.2787 0.2459
0.1512 -0.8083 0.1578
0.1645 1.0147 0.1140
0.1733 -1.1022 0.1451
0.1742 1.2032 0.2432
0.1769 -1.1277 0.1706
0.1785 -0.9052 0.1638
0.1798 0.0329 0.2094
0.1799 0.9683 0.1256
0.2232 0.8811 0.1422
0.1997 0.9541 0.1341
0.2013 0.7966 0.1338
0.2081 0.8185 0.1289
0.2000 1.0793 0.1147
0.2036 1.1156 0.1435
0.2058 1.0750 0.1122
0.2066 1.0872 0.1192
0.2208 0.3683 0.2729
0.2444 0.8431 0.1311
0.2239 0.5461 0.2774
0.2273 -0.7153 0.1880
0.2546 0.7770 0.1387
0.2299 -1.0875 0.1394
0.2318 -1.0540 0.1301
0.2261 -1.0079 0.1354
0.2356 0.6127 0.2212
0.2398 -1.1236 0.1785
0.2419 1.0836 0.1323
0.2406 -0.9233 0.1702
0.2503 -0.9701 0.1538
0.2757 0.9727 0.1674
0.2669 -0.8679 0.1989
0.2713 -1.0002 0.1649
0.2802 0.9975 0.1589
0.2925 0.7169 0.1481
0.2825 0.2113 0.2662
0.2926 1.0494 0.1650
0.2869 0.2179 0.2708
0.2999 -0.6219 0.2544
0.3279 0.8062 0.1175
0.2982 -0.7074 0.2225
0.3029 0.8427 0.1335
0.3261 -0.8295 0.2301
0.3194 -0.7218 0.2411
0.3226 0.6723 0.1333
0.3237 -0.4618 0.3884
0.3367 0.7616 0.1213
0.3388 0.8459 0.1290
0.3421 -0.0996 0.3994
0.3467 0.6470 0.1277
0.3622 0.6769 0.1222
0.3634 0.6269 0.1321
0.3656 0.7532 0.1250
0.3705 -0.1928 0.4389
0.3792 0.5875 0.1425
0.3865 0.8241 0.1083
0.4079 0.7844 0.1149
0.3850 0.3564 0.3538
0.4016 0.6092 0.1252
0.4029 -0.9185 0.2389
0.4226 0.8345 0.1136
0.4204 0.8627 0.1304
0.4374 0.5220 0.2070
0.4364 0.7095 0.1441
0.4490 0.8461 0.1262
0.4668 0.5708 0.1636
0.4692 0.6371 0.1391
0.4817 0.8073 0.1293
0.4754 -1.1167 0.2410
0.4708 -0.9356 0.2467
0.4725 -1.0725 0.2238
0.4783 0.7724 0.1264
0.4838 0.6053 0.1489
0.5019 0.9012 0.1363
0.4944 0.7195 0.1361
0.5048 -0.8522 0.2633
0.5124 0.9400 0.1418
0.5143 0.7386 0.1447
0.5199 0.9876 0.1734
0.5320 -1.1201 0.2260
0.5352 -0.9002 0.2592
0.5406 0.1765 0.2770
0.5420 0.6424 0.1662
0.5399 0.9363 0.1442
0.5454 0.7032 0.1642
0.5537 1.2306 0.2305
0.5632 1.0010 0.1809
0.5678 -1.1500 0.2597
0.5668 0.9078 0.1594
0.5721 0.1432 0.2864
0.5905 -1.1422 0.2615
0.5877 -1.1079 0.2391
0.5903 0.9093 0.1814
0.6099 1.0906 0.1893
0.5924 1.1201 0.1841
0.5913 -1.0002 0.2445
0.6162 0.2935 0.1921
0.6051 1.2348 0.1807
0.6166 -0.7608 0.2747
0.6212 1.3087 0.2439
0.6211 0.6030 0.2002
0.6356 -0.7019 0.2763
0.6310 0.2284 0.2090
0.6437 -0.7599 0.2635
0.6351 0.2076 0.2209
0.6343 0.3334 0.1851
0.6395 0.3404 0.1845
0.6498 -0.0048 0.4227
0.6495 0.5503 0.1976
0.6529 1.1650 0.1298
0.6591 0.5062 0.1923
0.6733 1.1377 0.1303
0.6656 -0.4729 0.3463
0.6741 0.3758 0.1859
0.6787 -0.5264 0.3197
0.6804 -0.3588 0.3436
0.6967 1.1940 0.1152
0.7033 0.5812 0.1990
0.7092 0.3009 0.2085
0.7105 0.5301 0.1722
0.7276 1.1389 0.1289
0.7224 1.1763 0.1123
0.7319 -0.7660 0.2464
0.7266 1.2202 0.1301
0.7447 0.9192 0.3352
0.7470 1.1872 0.1292
0.7450 1.2219 0.1426
0.7472 0.4461 0.1842
0.7652 0.4427 0.1902
0.7839 1.1289 0.1897
0.7911 -0.1954 0.2587
0.8049 -0.7302 0.2400
0.8083 -0.2709 0.2225
0.8105 0.5497 0.2097
0.8320 -0.6634 0.2490
0.8289 -0.5963 0.2581
0.8328 0.4263 0.2536
0.8374 0.5571 0.2365
0.8396 0.7787 0.3678
0.8479 -0.4525 0.2391
0.8539 -0.2784 0.1933
0.8591 -1.0927 0.1770
0.8618 -0.8204 0.2880
0.8627 -0.7104 0.2681
0.8645 -0.9740 0.2274
0.8613 -0.9411 0.2596
0.8656 -0.1233 0.2506
0.8745 0.6725 0.3236
0.8812 -1.1398 0.1834
0.8976 -1.0490 0.1560
0.9084 -0.1684 0.2137
0.9118 -1.0672 0.1431
0.9240 -1.0921 0.1402
0.9208 -0.3328 0.1675
0.9242 -0.2244 0.1837
0.9192 -0.5214 0.2499
0.9232 -1.1350 0.1624
0.9230 -0.4453 0.2040
0.9316 0.7992 0.4512
0.9362 0.1920 0.4239
0.9458 -0.3618 0.1668
0.9489 -0.2167 0.2004
0.9628 -0.3744 0.1720
0.9732 -0.0095 0.3212
0.9738 -0.0021 0.3249
0.9895 -1.1273 0.1753
1.0036 -0.4154 0.2208
1.0142 -1.1134 0.1853
1.0159 -0.3425 0.2188
1.0117 0.1070 0.4186
1.0264 1.3286 0.4779
1.0414 -1.1437 0.2092
1.0937 -0.9704 0.2884
1.1021 -0.6923 0.1494
1.1100 -0.6089 0.1518
1.1191 -0.6458 0.1208
1.1242 -0.9871 0.2723
1.1377 -0.6896 0.1180
1.1419 -0.6689 0.1071
1.1438 -0.6319 0.1121
1.1643 -1.1535 0.2414
1.1673 -0.6750 0.1112
1.1757 1.3027 0.5553
1.1776 -1.0921 0.2161
1.1902 -0.6112 0.1278
1.1925 1.2444 0.5487
1.2024 -1.1339 0.2352
1.1999 -0.7618 0.1897
1.2190 0.1259 0.5283
1.2330 -0.6072 0.1499
1.2329 -0.5786 0.1666
1.2350 0.5821 0.4266
1.2412 -0.7306 0.1851
1.2533 0.6450 0.4024
1.2450 0.6797 0.3940
1.2565 1.2935 0.6292
1.2596 -0.8097 0.2816
1.2570 0.9903 0.5242
1.2746 0.5698 0.4508
1.2809 -1.0593 0.2715
1.3185 -0.5505 0.2535
1.2923 -0.6219 0.2020
1.3027 0.8191 0.4646
1.3040 0.7670 0.4472
1.3217 -1.0557 0.3115
1.3285 -0.4541 0.3513
1.3381 -1.0911 0.3368
1.3424 -0.1032 0.5833
1.3387 0.2392 0.6175
1.3497 -0.2439 0.5510
