points 
 2 
 1 
Tumour[19065]CD810NNCodensity
-1.1999 -1.3439 0.2066
-1.2131 -1.2489 0.1930
-1.2135 -1.1374 0.2196
-1.2089 -0.9550 0.2535
-1.2033 0.1448 0.1802
-1.2045 0.2663 0.1650
-1.2088 0.3648 0.1488
-1.2039 0.8963 0.2341
-1.2032 -1.3792 0.2306
-1.2089 0.2032 0.1706
-1.2025 0.4563 0.1629
-1.2028 -1.4901 0.3395
-1.2015 -0.8843 0.3126
-1.1950 0.3872 0.1373
-1.1855 0.9656 0.2472
-1.1766 0.4590 0.1458
-1.1731 0.5503 0.2114
-1.1751 1.0035 0.2833
-1.1730 -0.9208 0.2581
-1.1585 0.3820 0.1155
-1.1644 -1.2751 0.1665
-1.1684 0.1291 0.1583
-1.1543 0.1085 0.1586
-1.1505 0.2987 0.1156
-1.1623 0.9378 0.2147
-1.1452 -1.1483 0.1706
-1.1536 -0.9944 0.2204
-1.1589 -0.9030 0.2763
-1.1545 -1.1806 0.1594
-1.1322 0.8050 0.2009
-1.1381 0.6491 0.2288
-1.1322 0.2700 0.1188
-1.1289 -0.3030 0.3280
-1.1250 0.1582 0.1367
-1.1308 0.8384 0.1940
-1.1241 -1.1135 0.1927
-1.1179 0.3777 0.1105
-1.1222 -1.3143 0.1743
-1.1180 0.9971 0.2697
-1.1112 0.2524 0.1185
-1.1110 0.3048 0.1052
-1.1015 -1.2699 0.1642
-1.1089 0.4916 0.1754
-1.1042 -1.4557 0.2685
-1.1005 0.4030 0.1256
-1.0928 -1.1350 0.1857
-1.0971 0.6347 0.2222
-1.0958 0.3506 0.1083
-1.0911 -0.2340 0.2464
-1.0869 0.0154 0.1777
-1.0881 0.3248 0.1053
-1.0854 -0.3003 0.2958
-1.0795 0.1114 0.1397
-1.0721 -0.2209 0.2326
-1.0803 0.4333 0.1550
-1.0706 0.0504 0.1652
-1.0519 -1.2874 0.1652
-1.0670 0.7179 0.2076
-1.0668 0.7957 0.1997
-1.0561 0.1822 0.1153
-1.0603 0.2078 0.1159
-1.0600 0.6066 0.2314
-1.0569 -0.1269 0.2028
-1.0539 -0.0678 0.1728
-1.0583 0.2747 0.1173
-1.0312 -1.2018 0.1656
-1.0218 0.2401 0.1265
-1.0295 0.7849 0.2164
-1.0191 0.1847 0.1108
-1.0164 0.3226 0.1547
-1.0110 -0.0591 0.1449
-1.0139 0.1533 0.1171
-0.9987 -0.3318 0.3329
-0.9927 -0.0092 0.1366
-0.9942 0.8326 0.2597
-0.9848 -1.2851 0.1431
-0.9840 0.0712 0.1664
-0.9784 -1.4514 0.2749
-0.9810 -0.5641 0.4763
-0.9717 -1.1964 0.1371
-0.9707 0.1914 0.1342
-0.9672 0.1478 0.1420
-0.9671 -0.0089 0.1400
-0.9553 -1.2623 0.1257
-0.9583 -1.3121 0.1583
-0.9606 -0.9613 0.3556
-0.9569 -0.0460 0.1345
-0.9612 0.3805 0.2129
-0.9444 -1.1683 0.1398
-0.9405 0.1856 0.1631
-0.9259 -1.2606 0.1231
-0.9313 -0.0389 0.1372
-0.9286 0.3705 0.2464
-0.9187 0.5369 0.2206
-0.9137 -1.1565 0.1414
-0.8987 -0.1186 0.1694
-0.8836 -0.0727 0.1473
-0.8879 -1.2398 0.1248
-0.8821 -1.3462 0.1670
-0.8758 -1.1522 0.1494
-0.8725 -1.2138 0.1184
-0.8632 0.5705 0.1808
-0.8546 0.7350 0.2963
-0.8523 -1.4685 0.2574
-0.8522 0.5366 0.1743
-0.8513 -0.0931 0.1499
-0.8402 0.5803 0.1689
-0.8304 -1.1768 0.1438
-0.8311 -1.2425 0.1181
-0.8263 -0.0720 0.1590
-0.8095 0.6572 0.2244
-0.8208 0.1172 0.2705
-0.8104 -1.3622 0.1523
-0.8041 -1.3040 0.1196
-0.8015 -1.3877 0.1695
-0.7874 -1.2399 0.1213
-0.8005 0.5084 0.1570
-0.7964 0.9056 0.2413
-0.7869 -1.2665 0.1158
-0.7692 -1.3179 0.1219
-0.7780 -0.1466 0.1658
-0.7696 -0.1239 0.1640
-0.7737 0.1026 0.2804
-0.7646 -0.0810 0.1812
-0.7598 0.5087 0.1498
-0.7596 -0.8705 0.3189
-0.7428 0.9194 0.1863
-0.7514 -1.2396 0.1410
-0.7485 0.5278 0.1504
-0.7359 -0.5008 0.1692
-0.7353 -0.1937 0.1955
-0.7341 -1.4906 0.3042
-0.7346 -0.5294 0.1583
-0.7259 0.4175 0.1955
-0.7184 -1.2983 0.1545
-0.7008 0.9467 0.1508
-0.7178 0.9756 0.1733
-0.7134 -0.1833 0.1894
-0.6924 0.4363 0.1807
-0.7010 0.9892 0.1738
-0.6958 -1.3152 0.1853
-0.6901 -0.6115 0.1413
-0.6950 -0.5573 0.1257
-0.6899 0.5171 0.1612
-0.6875 -0.2615 0.2323
-0.6813 -0.5159 0.1188
-0.6850 0.3896 0.2293
-0.6833 0.5789 0.1859
-0.6668 -0.6862 0.1484
-0.6637 -0.5551 0.1174
-0.6510 -0.7528 0.1661
-0.6602 0.9263 0.1440
-0.6521 -0.7043 0.1493
-0.6425 0.0998 0.2562
-0.6350 -0.5317 0.1234
-0.6487 -0.4554 0.1569
-0.6349 0.5920 0.2007
-0.6322 0.9838 0.1727
-0.6304 0.9507 0.1532
-0.6283 0.1798 0.3051
-0.6227 0.9106 0.1641
-0.6103 -0.7867 0.1713
-0.6164 -0.6244 0.1263
-0.6161 -0.7599 0.1598
-0.6186 -0.4890 0.1381
-0.6143 -0.8632 0.1921
-0.6179 0.0370 0.2308
-0.6115 0.4144 0.2425
-0.6067 -0.6453 0.1344
-0.5990 -0.0704 0.2247
-0.5896 -0.6222 0.1309
-0.5838 -0.8946 0.2150
-0.5861 -0.2137 0.1964
-0.5868 0.5930 0.2142
-0.5806 -0.4825 0.1364
-0.5646 -0.2181 0.1977
-0.5628 -0.3758 0.1682
-0.5589 -0.8508 0.1982
-0.5600 -0.1530 0.2060
-0.5476 -0.5962 0.1276
-0.5508 -0.3156 0.1993
-0.5487 -0.0075 0.1948
-0.5494 0.5845 0.2165
-0.5437 0.8676 0.2053
-0.5186 -0.5639 0.1144
-0.5188 0.5985 0.2230
-0.4953 0.8729 0.1806
-0.5163 -0.9318 0.2797
-0.5088 -0.4284 0.1382
-0.5165 -0.4820 0.1212
-0.5149 -0.5080 0.1169
-0.5111 -0.3555 0.1838
-0.5070 -0.6195 0.1313
-0.4929 -0.4073 0.1538
-0.4883 -0.4847 0.1231
-0.4813 -0.0097 0.1684
-0.4756 -0.8964 0.2686
-0.4724 -0.1723 0.2361
-0.4758 0.0149 0.1590
-0.4624 -0.5808 0.1124
-0.4642 -0.6050 0.1222
-0.4639 0.1115 0.1545
-0.4581 -0.5486 0.1116
-0.4586 0.3755 0.2951
-0.4517 0.0435 0.1387
-0.4522 0.8757 0.1447
-0.4423 -0.5341 0.1296
-0.4360 0.1714 0.1783
-0.4353 -0.1278 0.2416
-0.4333 -0.6940 0.2031
-0.4320 0.5244 0.1870
-0.4014 0.1319 0.1264
-0.4107 0.0860 0.1218
-0.4110 -0.6130 0.1594
-0.4078 0.8084 0.1048
-0.4100 0.8506 0.1064
-0.4008 0.0322 0.1416
-0.3981 0.7759 0.1081
-0.3736 0.1470 0.1311
-0.3915 0.7447 0.1273
-0.3968 0.5281 0.1671
-0.3966 0.7112 0.1705
-0.3878 0.8277 0.0943
-0.3858 0.8987 0.1306
-0.3774 0.5426 0.1620
-0.3559 0.4984 0.1476
-0.3621 0.0112 0.1716
-0.3615 0.8335 0.0934
-0.3535 0.1095 0.1196
-0.3513 0.7420 0.1285
-0.3444 -0.6802 0.2076
-0.3424 0.7997 0.1046
-0.3316 0.1524 0.1436
-0.3339 0.8384 0.1032
-0.3385 0.8953 0.1237
-0.3318 0.5247 0.1413
-0.3242 -0.4038 0.3299
-0.3170 0.5887 0.1933
-0.3138 -0.7225 0.2254
-0.3073 0.8925 0.1277
-0.3028 -1.0673 0.1738
-0.3027 0.2775 0.1783
-0.2984 0.4557 0.1484
-0.2824 -0.7184 0.2403
-0.2953 0.1135 0.1347
-0.2636 0.4972 0.1333
-0.2862 0.8110 0.1280
-0.2701 -1.0664 0.1443
-0.2844 0.0662 0.1506
-0.2797 -0.9713 0.1301
-0.2742 0.0980 0.1364
-0.2778 0.3301 0.1705
-0.2735 -0.8355 0.1976
-0.2675 -0.9503 0.1296
-0.2590 -0.7679 0.2251
-0.2641 0.2938 0.1490
-0.2636 0.8911 0.1561
-0.2576 -1.0223 0.1158
-0.2535 0.4452 0.1358
-0.2601 -1.4107 0.5533
-0.2568 0.7339 0.1674
-0.2455 -0.9327 0.1367
-0.2429 0.7838 0.1596
-0.2403 0.9254 0.2083
-0.2430 -0.1251 0.3109
-0.2383 -1.0463 0.1207
-0.2417 -0.9019 0.1552
-0.2250 0.2684 0.1208
-0.2357 0.7466 0.1705
-0.2081 -1.0867 0.1625
-0.2247 0.4764 0.1198
-0.2262 0.2368 0.1164
-0.2204 -0.9463 0.1380
-0.2132 0.2078 0.1176
-0.2120 0.4300 0.1252
-0.2097 -1.0278 0.1269
-0.2021 0.1032 0.1268
-0.2029 0.1344 0.1256
-0.1903 0.4657 0.1138
-0.2026 -0.0207 0.1977
-0.1870 0.2444 0.1126
-0.1856 0.1995 0.1070
-0.1733 0.0584 0.1340
-0.1775 0.3762 0.1523
-0.1756 0.6705 0.2385
-0.1717 0.5306 0.1489
-0.1696 0.0984 0.1208
-0.1368 0.2057 0.1012
-0.1498 0.5090 0.1288
-0.1505 0.2582 0.1252
-0.1456 -1.2232 0.2630
-0.1409 0.4204 0.1282
-0.1361 -1.0502 0.1757
-0.1242 0.0397 0.1417
-0.1308 0.1473 0.1086
-0.1270 0.3744 0.1514
-0.1226 0.4843 0.1213
-0.1240 0.7315 0.2867
-0.1173 -0.8810 0.2228
-0.0972 0.4187 0.1352
-0.1124 -0.8824 0.2243
-0.0989 -1.0473 0.1870
-0.1022 -0.0431 0.2083
-0.0935 0.1426 0.1024
-0.1021 0.1778 0.0918
-0.1021 0.2223 0.1056
-0.0952 0.0480 0.1459
-0.0878 0.0997 0.1250
-0.0800 0.5131 0.1217
-0.0782 0.2067 0.1005
-0.0724 -1.2228 0.2200
-0.0659 -0.1604 0.2834
-0.0514 -1.1100 0.1636
-0.0526 0.1469 0.1152
-0.0499 0.2059 0.1186
-0.0474 0.3522 0.1406
-0.0523 0.5248 0.1249
-0.0490 0.5187 0.1194
-0.0315 -1.1008 0.1599
-0.0398 0.1854 0.1165
-0.0272 -0.1605 0.2808
-0.0275 -1.1439 0.1585
-0.0225 0.4942 0.1066
-0.0147 0.4144 0.0953
-0.0170 0.4601 0.0994
-0.0135 0.3704 0.1058
-0.0122 -0.9546 0.2249
0.0040 0.0142 0.1970
-0.0018 -1.1575 0.1577
0.0120 0.4260 0.0849
0.0088 0.3845 0.0881
0.0166 0.4508 0.0932
0.0202 0.4840 0.1149
0.0339 -0.8727 0.3168
0.0441 -0.1839 0.2536
0.0358 -1.1904 0.1631
0.0394 0.3824 0.0893
0.0395 0.0638 0.1659
0.0450 0.1485 0.1660
0.0420 0.3628 0.1033
0.0634 0.4001 0.0995
0.0656 0.9588 0.3770
0.0741 0.0687 0.1652
0.0732 0.0923 0.1578
0.0809 0.4374 0.1217
0.0865 -1.0523 0.1970
0.0815 -1.0774 0.1801
0.0875 -1.0199 0.2228
0.0907 0.3663 0.1270
0.0928 -1.2038 0.1683
0.1010 -1.2511 0.2016
0.1158 0.1362 0.1753
0.1296 -1.2087 0.1809
0.1354 -0.3623 0.2560
0.1294 -0.2710 0.2017
0.1314 0.4775 0.1726
0.1353 0.3350 0.1766
0.1528 -0.1742 0.2012
0.1672 0.3187 0.2026
0.1539 0.9939 0.2784
0.1557 0.1169 0.1705
0.1667 0.8995 0.2465
0.1741 -1.1420 0.2136
0.1699 -0.4411 0.3468
0.1839 -0.2279 0.1719
0.1771 -1.1974 0.2137
0.1897 -0.0847 0.2182
0.1972 -1.3531 0.2325
0.1941 0.0665 0.1623
0.1918 0.4972 0.2225
0.2061 0.4329 0.1979
0.2113 -0.2818 0.1794
0.2214 -0.2335 0.1726
0.2184 -0.0716 0.2025
0.2260 0.0561 0.1537
0.2242 -1.3855 0.2284
0.2336 0.1118 0.1770
0.2384 0.4850 0.2542
0.2406 0.9451 0.1782
0.2563 -1.4310 0.2467
0.2650 -0.3119 0.2154
0.2651 -1.4114 0.2305
0.2676 0.0034 0.1386
0.2672 0.9487 0.1654
0.2671 -0.2665 0.1976
0.2663 0.2530 0.1606
0.3017 0.0482 0.1434
0.2914 0.9313 0.1520
0.2929 0.2321 0.1415
0.2986 0.0035 0.1387
0.3105 0.3215 0.1869
0.3221 -0.0003 0.1470
0.3167 0.2369 0.1285
0.3222 0.2169 0.1301
0.3240 0.8745 0.1544
0.3386 0.8565 0.1678
0.3353 0.2854 0.1523
0.3443 -1.4629 0.2893
0.3571 0.8935 0.1370
0.3524 0.9706 0.1581
0.3581 -1.3785 0.2490
0.3578 -0.1894 0.2561
0.3540 0.0277 0.1545
0.3690 0.1807 0.1558
0.3685 -1.4099 0.2545
0.3674 0.2137 0.1345
0.3798 0.9049 0.1339
0.3814 0.0195 0.1587
0.3856 -0.1444 0.2483
0.3927 0.6523 0.3936
0.4107 -1.2437 0.3157
0.4351 0.2473 0.1560
0.4409 0.0246 0.1741
0.4413 0.8902 0.1423
0.4389 0.9936 0.1505
0.4479 0.2069 0.1441
0.4545 -0.9215 0.2476
0.4587 -0.8139 0.2523
0.4529 0.9619 0.1226
0.4561 -0.0677 0.1839
0.5143 -0.0146 0.1538
0.4761 0.9448 0.1229
0.4738 0.1094 0.1736
0.4913 -0.0614 0.1667
0.4979 0.2194 0.1325
0.4941 0.9664 0.1393
0.4934 0.9938 0.1602
0.5058 0.3164 0.1665
0.5052 0.8524 0.2041
0.5110 0.9159 0.1529
0.5173 0.1390 0.1414
0.5265 0.2162 0.1247
0.5241 -0.8966 0.1596
0.5428 0.1795 0.1231
0.5572 0.1186 0.1462
0.5463 -0.9136 0.1518
0.5517 0.2339 0.1248
0.5534 -1.2069 0.3116
0.5589 -0.0679 0.1412
0.5514 0.3470 0.1470
0.5600 -1.3074 0.2654
0.5635 -0.8032 0.1832
0.5660 0.4747 0.2450
0.5676 -0.0062 0.1469
0.5700 -0.6678 0.3495
0.5720 -1.1903 0.3216
0.5792 0.3708 0.1382
0.5839 -1.2696 0.2798
0.5850 -0.9445 0.1673
0.5903 0.3046 0.1162
0.5982 -0.8181 0.1696
0.6015 -0.0043 0.1505
0.5996 0.0884 0.1565
0.6042 -0.1311 0.1844
0.6109 -0.0215 0.1485
0.6196 0.2810 0.1105
0.6104 0.6290 0.2801
0.6140 -1.4000 0.2858
0.6104 -0.8928 0.1405
0.6187 -0.1507 0.2143
0.6167 0.2409 0.1160
0.6134 0.3975 0.1500
0.6187 -0.1018 0.1678
0.6227 -0.9319 0.1609
0.6256 -0.3938 0.4577
0.6369 0.1675 0.1231
0.6228 0.2070 0.1208
0.6358 0.3371 0.1215
0.6385 0.9543 0.1630
0.6507 0.1375 0.1340
0.6436 -0.8229 0.1840
0.6482 -1.4293 0.3055
0.6515 0.3096 0.1160
0.6555 -0.9077 0.1713
0.6624 0.4381 0.2076
0.6754 0.2339 0.1166
0.6717 -0.4726 0.4636
0.6790 0.1503 0.1274
0.6771 0.3011 0.1218
0.6913 0.9368 0.1144
0.6896 0.8951 0.1235
0.6931 0.9680 0.1264
0.7240 0.1857 0.1150
0.6968 1.0051 0.1660
0.7029 0.6655 0.1781
0.7043 0.7758 0.1713
0.7065 0.7017 0.1674
0.7102 0.8229 0.1575
0.7129 -0.0082 0.2156
0.7151 0.8871 0.1230
0.7363 0.1515 0.1148
0.7234 0.2599 0.1277
0.7212 0.9407 0.1121
0.7254 -1.4415 0.3406
0.7351 0.9670 0.1304
0.7406 -0.8962 0.2806
0.7593 0.2337 0.1188
0.7432 0.2733 0.1344
0.7571 0.8620 0.1501
0.7672 0.6397 0.1533
0.7664 -0.0085 0.2129
0.7711 0.1425 0.1093
0.7715 -1.4674 0.3733
0.7761 0.5246 0.2229
0.7799 0.7188 0.1541
0.7761 0.7965 0.1709
0.7803 0.1145 0.1238
0.7865 0.1711 0.1013
0.8059 0.6345 0.1430
0.7948 0.6643 0.1442
0.8130 0.1563 0.0990
0.8095 0.2170 0.1058
0.8177 0.9866 0.1928
0.8286 0.5049 0.2256
0.8342 0.0846 0.1274
0.8337 -1.3855 0.3825
0.8350 -0.0963 0.2425
0.8495 0.2148 0.0884
0.8380 0.2852 0.1184
0.8547 0.6503 0.1469
0.8591 0.0454 0.1563
0.8726 0.1452 0.0925
0.8492 0.2526 0.0915
0.8640 0.5925 0.1531
0.8648 0.1217 0.1013
0.8607 0.2691 0.0949
0.8633 -0.4290 0.4752
0.8699 0.1815 0.0873
0.8850 0.2136 0.0801
0.8762 -0.5942 0.4640
0.8822 0.9012 0.1451
0.8853 0.8504 0.1516
0.9071 0.9839 0.1625
0.8906 0.1112 0.1015
0.8995 -0.0171 0.1759
0.8977 0.2353 0.0833
0.9077 0.2934 0.1110
0.8958 0.7816 0.1827
0.9007 0.1908 0.0832
0.9103 0.6790 0.1665
0.9139 0.3285 0.1425
0.9270 0.9250 0.1224
0.9173 -0.6598 0.4865
0.9216 0.2600 0.1043
0.9202 0.5943 0.1565
0.9194 -0.0993 0.2104
0.9218 0.1603 0.0834
0.9350 0.2120 0.0911
0.9252 0.8118 0.1660
0.9351 0.9602 0.1347
0.9413 0.1150 0.0956
0.9385 0.9004 0.1197
0.9462 -0.0614 0.1796
0.9521 0.1427 0.0781
0.9548 0.3503 0.1578
0.9559 0.6135 0.1537
0.9608 0.8542 0.1435
0.9594 0.1644 0.0758
1.0176 0.3085 0.1433
0.9628 0.4724 0.1688
0.9662 0.1133 0.0967
0.9769 0.1436 0.0782
0.9786 0.1925 0.0901
0.9807 0.6416 0.1638
0.9825 -0.0623 0.1707
0.9985 0.2230 0.1115
0.9987 0.1745 0.0845
0.9880 0.9753 0.1345
1.0084 0.5340 0.1499
1.0111 0.8787 0.1527
1.0132 -0.0082 0.1698
1.0094 0.4458 0.1206
1.0348 0.3692 0.1138
1.0279 0.4254 0.1114
1.0287 0.5871 0.1653
1.0292 -1.4238 0.5480
1.0280 0.1346 0.1060
1.0297 0.4685 0.1195
1.0277 0.9582 0.1323
1.0362 1.0013 0.1639
1.0362 0.6676 0.1976
1.0388 0.1554 0.1011
1.0653 -0.0230 0.1438
1.0572 0.1854 0.1039
1.0534 0.9696 0.1515
1.0587 0.4049 0.1012
1.0585 -0.3319 0.4623
1.0605 -0.0960 0.1730
1.0622 0.2235 0.1187
1.0650 0.2436 0.1264
1.0710 0.3274 0.1198
1.0679 0.4975 0.1442
1.0718 -1.4253 0.5972
1.0940 0.1602 0.1245
1.0794 0.7414 0.2476
1.0812 0.8786 0.1864
1.0879 0.3655 0.1096
1.1166 0.2967 0.1307
1.0937 0.3845 0.1106
1.0951 0.4584 0.1346
1.1005 0.9539 0.1897
1.1151 -0.0401 0.1281
1.1195 -0.0029 0.1310
1.1224 0.3817 0.1325
1.1289 -0.0650 0.1415
1.1291 0.6151 0.2213
1.1320 -0.8083 0.6853
1.1446 0.0187 0.1401
1.1467 0.1886 0.1148
1.1580 0.2649 0.1282
1.1629 0.1519 0.1272
1.1704 0.1803 0.1180
1.1789 0.0119 0.1328
1.1732 -0.0826 0.1680
1.1848 0.2988 0.1495
1.1907 0.5157 0.2074
1.1904 0.8565 0.2449
1.2227 -0.0143 0.1505
1.1966 0.2309 0.1271
1.2040 0.1839 0.1293
1.2040 0.0778 0.1544
1.2094 0.2947 0.1672
1.2154 0.1397 0.1546
1.2182 0.4896 0.2185
1.2214 0.8521 0.2703
1.2312 -1.3474 0.7962
1.2486 0.5923 0.2739
1.2558 0.4341 0.2470
1.2620 0.7071 0.2934
1.2680 0.7834 0.3086
1.2657 -0.7616 0.8283
1.2686 0.0170 0.1882
1.2798 -0.0034 0.2022
