points 
 2 
 1 
Tumour[19065]FoxP310NNCodensity
-1.3477 0.2096 0.3713
-1.3099 0.2556 0.3540
-1.3103 -0.2100 0.3517
-1.2877 0.1158 0.3189
-1.2809 -0.7864 0.4024
-1.2800 -0.2240 0.3269
-1.2776 -0.0639 0.2956
-1.2701 -1.3226 0.9369
-1.2664 0.0919 0.3182
-1.2620 -0.1004 0.2790
-1.2058 -0.5434 0.2740
-1.1939 0.3670 0.3534
-1.1841 -0.5573 0.2563
-1.1608 -0.0813 0.2550
-1.1504 -0.3854 0.2671
-1.1458 -0.4746 0.2087
-1.1387 -0.7843 0.2229
-1.1274 -0.4424 0.2122
-1.1246 0.2845 0.2672
-1.1162 -0.2080 0.2572
-1.1042 0.2937 0.2576
-1.0868 -0.6169 0.2258
-1.0754 0.2231 0.2472
-1.0669 -0.7417 0.1746
-1.0487 -0.9086 0.2358
-1.0467 -0.7311 0.1703
-1.0437 -0.1145 0.1966
-1.0441 -0.0842 0.2044
-1.0331 -0.7610 0.1572
-1.0325 0.2868 0.2127
-1.0164 -0.8458 0.1608
-1.0167 -0.5843 0.2170
-1.0129 -0.4650 0.2044
-1.0115 -0.7798 0.1524
-1.0111 -0.4175 0.2239
-1.0094 -0.8557 0.1671
-1.0056 -0.1304 0.1829
-1.0049 -0.8654 0.1757
-0.9922 -0.4792 0.2115
-0.9836 -0.1432 0.1848
-0.9725 -0.2022 0.2136
-0.9729 0.0858 0.2215
-0.9708 -0.5383 0.2315
-0.9466 -0.0069 0.2167
-0.9301 -0.6544 0.2580
-0.9311 0.0804 0.1927
-0.9177 0.2419 0.1173
-0.9144 0.2778 0.1193
-0.9120 -0.3184 0.2655
-0.9068 0.2340 0.1085
-0.9070 0.0493 0.2061
-0.8959 -0.8109 0.2330
-0.8956 -0.1233 0.2313
-0.8795 -0.1941 0.2454
-0.8795 0.2007 0.1119
-0.8794 0.2560 0.0891
-0.8730 0.3063 0.1218
-0.8679 0.2939 0.1075
-0.8494 0.1385 0.1317
-0.8416 -0.3736 0.2653
-0.8383 0.2270 0.0970
-0.8358 0.2744 0.1018
-0.8312 0.1538 0.1125
-0.8061 0.1426 0.1169
-0.8039 0.2282 0.0791
-0.7990 0.2078 0.0815
-0.7974 -0.8739 0.3199
-0.7935 -0.8972 0.3289
-0.7707 0.2583 0.0772
-0.7721 0.1503 0.1145
-0.7725 0.2398 0.0648
-0.7699 0.1878 0.0873
-0.7602 -0.2976 0.2936
-0.7630 -0.4635 0.2664
-0.7626 0.2431 0.0676
-0.7600 0.2337 0.0664
-0.7389 -0.5673 0.3223
-0.7369 0.2329 0.0787
-0.7346 -0.4837 0.2702
-0.7293 0.2460 0.0912
-0.7206 0.4111 0.2922
-0.7115 0.1766 0.1155
-0.6862 0.5700 0.5214
-0.6792 0.1834 0.1336
-0.6715 -0.9237 0.3525
-0.6736 0.0761 0.2184
-0.6687 -0.3858 0.2639
-0.6533 0.1572 0.1564
-0.6353 -0.3476 0.2876
-0.6236 0.1247 0.1976
-0.5896 -0.6213 0.3633
-0.5623 0.2235 0.2233
-0.5467 -0.9354 0.2599
-0.5449 -0.4731 0.2874
-0.5254 0.2322 0.2525
-0.4955 -0.3526 0.3272
-0.4909 -0.8484 0.2684
-0.4735 -0.9687 0.1972
-0.4697 -0.4824 0.3203
-0.4594 0.2145 0.2817
-0.4360 0.3241 0.3628
-0.4299 -1.0334 0.2108
-0.4321 -1.0040 0.1869
-0.4199 -0.2398 0.3960
-0.4184 -0.9602 0.1725
-0.4139 -0.1770 0.4306
-0.4007 0.0502 0.3516
-0.3974 -0.5578 0.3638
-0.3890 -1.0410 0.2150
-0.3818 0.0452 0.3597
-0.3777 0.6247 0.4599
-0.3688 -0.8580 0.2269
-0.3520 -0.8833 0.2058
-0.3175 -0.6061 0.3546
-0.2981 -0.9371 0.1981
-0.2820 0.1873 0.2883
-0.2804 0.5606 0.3422
-0.2536 -1.0344 0.2650
-0.2522 -0.9164 0.2251
-0.2317 -0.7316 0.2836
-0.2089 -0.3514 0.4346
-0.2092 0.3228 0.2330
-0.2022 -0.9187 0.2399
-0.1940 0.3133 0.2291
-0.1782 0.6567 0.3412
-0.1769 0.7669 0.4582
-0.1633 0.3665 0.2321
-0.1548 0.1495 0.2842
-0.1583 0.3212 0.2230
-0.1500 0.4472 0.2386
-0.1410 -0.5930 0.3117
-0.1323 0.1632 0.2665
-0.1305 0.4390 0.2381
-0.1206 -0.7429 0.2712
-0.1061 -0.4522 0.3914
-0.1020 -0.8824 0.2672
-0.0955 -0.6556 0.2973
-0.0865 0.5734 0.2783
-0.0796 -1.0279 0.3063
-0.0735 -0.6960 0.2960
-0.0303 -0.8654 0.2893
-0.0213 -1.0382 0.3205
0.0153 0.1617 0.1980
0.0154 0.5855 0.2795
0.0227 -0.4331 0.4147
0.0288 0.1567 0.1938
0.0307 0.4229 0.2168
0.0463 0.1847 0.1772
0.0695 0.3418 0.1771
0.0729 0.5305 0.2372
0.0781 -1.3822 0.5398
0.0794 0.6324 0.3033
0.0855 -1.1991 0.4580
0.0879 -1.1162 0.4091
0.0940 0.1425 0.1850
0.0989 0.3834 0.1593
0.1127 -0.1794 0.4295
0.1085 0.1340 0.1953
0.1132 0.2894 0.1629
0.1143 -0.8641 0.3836
0.1163 0.4250 0.1710
0.1180 0.2436 0.1598
0.1372 0.3860 0.1515
0.1523 0.2408 0.1613
0.1813 0.3918 0.1596
0.1852 -0.3446 0.3409
0.1885 -0.8896 0.4597
0.1916 -1.5543 0.6882
0.2115 0.6749 0.2951
0.2093 -1.5452 0.6809
0.2139 0.2225 0.1631
0.2228 0.3152 0.1443
0.2231 0.4315 0.1893
0.2290 -1.4621 0.6045
0.2303 0.2451 0.1456
0.2513 -0.3774 0.3167
0.2533 0.5613 0.2234
0.2648 0.3364 0.1375
0.2843 0.3327 0.1360
0.2951 0.5684 0.2019
0.3031 0.2943 0.1244
0.3051 0.7087 0.2765
0.3166 0.3312 0.1387
0.3190 0.1862 0.1425
0.3174 0.2156 0.1302
0.3271 0.2623 0.1259
0.3336 0.5475 0.1864
0.3327 -0.3147 0.2659
0.3325 -0.1755 0.2588
0.3397 -0.3402 0.2715
0.3474 -0.1029 0.2165
0.3564 0.4225 0.1758
0.3620 0.0883 0.1519
0.3704 -0.3702 0.2987
0.3767 0.1829 0.1184
0.3771 -0.1290 0.2190
0.3763 0.5287 0.1671
0.3852 0.2504 0.1287
0.3792 -0.0415 0.1692
0.3867 0.0071 0.1557
0.3910 0.5440 0.1698
0.3973 0.1883 0.1220
0.4004 0.1069 0.1315
0.4018 0.2106 0.1267
0.4110 0.0940 0.1359
0.4071 0.3815 0.1593
0.4092 -0.0356 0.1605
0.4326 0.3062 0.1664
0.4276 0.4449 0.1483
0.4303 0.1056 0.1408
0.4273 0.7842 0.3633
0.4397 0.3790 0.1595
0.4387 0.0309 0.1573
0.4510 0.6243 0.2289
0.4576 -0.5463 0.5377
0.4748 0.4348 0.1463
0.4721 0.7365 0.3265
0.4809 0.2316 0.1606
0.4894 0.5177 0.1597
0.5056 -0.0713 0.2190
0.5088 -1.1899 0.7141
0.5116 0.4938 0.1583
0.5163 -0.3329 0.3877
0.5170 0.1754 0.1696
0.5222 0.3435 0.1816
0.5226 -0.0419 0.2212
0.5202 0.4781 0.1572
0.5443 0.1849 0.1653
0.5501 0.5099 0.1792
0.5627 0.2072 0.1591
0.5915 0.3718 0.1632
0.6086 0.3659 0.1600
0.6183 -0.0493 0.3159
0.6239 0.2048 0.1525
0.6432 0.3577 0.1470
0.6445 0.2303 0.1520
0.6461 0.2119 0.1502
0.6486 0.5276 0.1858
0.6596 0.3150 0.1521
0.6612 0.3961 0.1517
0.6688 0.5693 0.1892
0.6699 0.2048 0.1604
0.6773 0.6219 0.2238
0.6791 -0.0949 0.3890
0.6876 0.5940 0.1966
0.7099 0.3880 0.1520
0.7481 0.4128 0.1554
0.7473 0.8840 0.4335
0.7556 0.5161 0.1732
0.7579 0.1410 0.1939
0.7582 0.3829 0.1551
0.7691 0.1718 0.1716
0.7686 0.4791 0.1718
0.7910 0.1299 0.1991
0.7893 0.5616 0.2025
0.7909 0.8021 0.3298
0.8074 -1.0130 0.7382
0.8091 0.2743 0.1518
0.8153 0.6494 0.2585
0.8322 0.2095 0.1520
0.8380 0.2774 0.1334
0.8436 0.4259 0.1605
0.8464 0.3522 0.1289
0.8602 0.3444 0.1235
0.8621 -1.0825 0.7467
0.8789 0.2493 0.1347
0.8884 0.3513 0.1258
0.8890 0.2314 0.1493
0.9054 0.4197 0.1796
0.9200 0.3499 0.1308
0.9318 0.1132 0.2103
0.9305 0.7941 0.2179
0.9355 0.1662 0.1736
0.9502 0.2974 0.1342
0.9639 0.7215 0.1791
0.9638 -1.0788 0.7771
0.9783 0.1285 0.1975
0.9895 0.5863 0.2324
0.9941 0.3203 0.1368
0.9921 0.7184 0.1563
1.0018 -0.2878 0.5647
1.0038 0.6498 0.1679
1.0066 0.3017 0.1367
1.0113 0.3348 0.1459
1.0187 0.1876 0.1651
1.0260 0.8007 0.1244
1.0318 0.3434 0.1653
1.0539 0.2509 0.1579
1.0587 0.7963 0.0924
1.0631 0.1721 0.1948
1.0692 0.8143 0.0854
1.0783 0.7926 0.0833
1.0880 0.6344 0.1461
1.0840 0.7540 0.0975
1.0842 0.8311 0.0891
1.0907 0.2296 0.1946
1.0888 0.7074 0.1136
1.0980 0.8663 0.1273
1.1038 -1.1452 0.9027
1.1095 -1.2603 0.9982
1.1099 0.0419 0.3192
1.1114 0.6222 0.1671
1.1066 0.6895 0.1204
1.1102 0.8418 0.1031
1.1107 0.6523 0.1411
1.1159 -0.3150 0.6034
1.1163 0.7377 0.1145
1.1207 0.7709 0.1042
1.1190 -0.6758 0.8250
1.1274 -0.1381 0.4310
1.1354 0.8430 0.1268
1.1443 -0.1304 0.4343
