points 
 2 
 1 
Tumour[19065]CD810NNCodensity
-1.5132 0.2752 0.5513
-1.4884 0.2695 0.5188
-1.4838 0.8605 0.5604
-1.4743 0.1445 0.5096
-1.4296 1.0682 0.4448
-1.4259 -1.1232 0.6842
-1.4105 -0.8110 0.4284
-1.3754 1.0108 0.3742
-1.3179 0.2849 0.3983
-1.2998 -0.7334 0.3313
-1.2941 0.1617 0.3857
-1.2867 -0.9599 0.4042
-1.2670 -0.0071 0.4368
-1.2566 -0.7378 0.2978
-1.2512 -0.8431 0.2993
-1.2380 0.8771 0.3400
-1.2272 -0.7156 0.2998
-1.2251 -0.1155 0.4250
-1.1904 -0.8385 0.3031
-1.1811 1.1610 0.3128
-1.1774 0.9568 0.2702
-1.1660 0.9985 0.2645
-1.1714 1.1070 0.2892
-1.1558 1.1604 0.3057
-1.1454 1.3651 0.5214
-1.1146 0.4347 0.2729
-1.1184 0.9582 0.2733
-1.0949 0.7613 0.3645
-1.0841 -0.6080 0.3511
-1.0696 0.5373 0.2883
-1.0693 0.2034 0.2646
-1.0636 -0.8327 0.3633
-1.0399 0.2653 0.2147
-1.0396 -0.2319 0.2387
-1.0169 0.3162 0.1981
-1.0215 0.3770 0.2024
-1.0226 -0.2856 0.2318
-1.0165 -0.0280 0.1836
-1.0222 0.2750 0.2060
-1.0136 0.8165 0.3330
-1.0117 0.1950 0.2393
-1.0044 0.4209 0.2010
-1.0023 0.5014 0.2262
-0.9851 -0.0778 0.1456
-0.9795 -0.7457 0.3623
-0.9671 0.0925 0.2161
-0.9635 0.5693 0.2494
-0.9606 1.2735 0.3738
-0.9532 -0.0229 0.1261
-0.9546 0.9979 0.2958
-0.9426 -0.0534 0.1083
-0.9314 1.1314 0.2951
-0.9384 -0.4530 0.1684
-0.9410 -0.3016 0.1681
-0.9296 -0.2174 0.1343
-0.9203 -0.0835 0.1033
-0.9178 -0.5707 0.1889
-0.9156 -0.0151 0.1224
-0.9181 -0.4236 0.1544
-0.9102 -0.2571 0.1357
-0.9121 -0.4881 0.1383
-0.8901 -0.1737 0.1081
-0.9122 -0.1085 0.1062
-0.8937 -0.1278 0.1050
-0.9030 0.0382 0.1544
-0.8862 -0.0702 0.1069
-0.9027 0.4210 0.2253
-0.8807 -1.1172 0.4051
-0.8808 -0.4545 0.1260
-0.8833 -0.2189 0.1170
-0.8748 -0.5137 0.1204
-0.8652 -0.2984 0.1350
-0.8674 -0.1990 0.1130
-0.8616 -0.1036 0.1086
-0.8575 0.6916 0.2560
-0.8503 0.9583 0.2471
-0.8552 -0.1753 0.1103
-0.8531 -0.3553 0.1289
-0.8481 1.1305 0.2452
-0.8471 -0.5540 0.1351
-0.8489 0.1380 0.2391
-0.8419 0.5243 0.2076
-0.8370 0.0388 0.1582
-0.8407 0.3936 0.2571
-0.8360 -0.0158 0.1346
-0.8326 0.3219 0.2618
-0.8351 0.8170 0.3044
-0.8112 -0.4004 0.1134
-0.8305 0.5943 0.1939
-0.8285 -0.3776 0.1147
-0.8184 1.0798 0.2212
-0.8158 -0.4929 0.1129
-0.8051 -0.1145 0.1164
-0.8140 -0.5298 0.1195
-0.8125 -0.3453 0.1097
-0.7963 -0.4553 0.1153
-0.8024 -0.5629 0.1375
-0.7990 -0.0873 0.1173
-0.7990 0.0765 0.2014
-0.8005 0.5730 0.1841
-0.7903 -0.2789 0.1332
-0.7864 -0.0446 0.1313
-0.7899 -1.0471 0.2706
-0.7813 -0.4833 0.1134
-0.7848 -0.1968 0.1375
-0.7822 1.2907 0.3602
-0.7777 -0.7875 0.3187
-0.7778 0.9440 0.2251
-0.7706 -0.3569 0.1206
-0.7674 -0.4111 0.1176
-0.7699 -0.3039 0.1312
-0.7661 -0.1647 0.1380
-0.7607 -0.2708 0.1525
-0.7551 -0.0181 0.1528
-0.7623 -0.1309 0.1301
-0.7515 -1.0463 0.2285
-0.7511 0.6382 0.1836
-0.7398 0.6004 0.1738
-0.7396 1.0775 0.2185
-0.7192 -0.4781 0.1008
-0.7268 -0.6251 0.1535
-0.7221 -0.5265 0.1098
-0.7288 -0.0752 0.1476
-0.7250 1.1361 0.2468
-0.7167 0.5574 0.1899
-0.7136 -0.4392 0.1139
-0.7199 0.2999 0.2001
-0.7123 0.2227 0.2088
-0.7115 0.9119 0.2502
-0.6976 -1.0868 0.1747
-0.7041 -0.6203 0.1469
-0.7064 -0.5665 0.1151
-0.6958 -0.5261 0.1027
-0.6960 0.6030 0.1883
-0.6861 -0.4542 0.1078
-0.6900 0.2186 0.2082
-0.6890 1.0290 0.2206
-0.6676 -1.1140 0.1595
-0.6787 -0.5961 0.1358
-0.6702 -0.4830 0.1082
-0.6705 -0.1721 0.2060
-0.6757 0.2360 0.2008
-0.6694 0.9582 0.2448
-0.6603 -0.5267 0.1170
-0.6673 -0.0146 0.2208
-0.6629 -0.3738 0.1657
-0.6491 -0.7501 0.2104
-0.6574 -0.6847 0.2003
-0.6499 -0.4591 0.1270
-0.6473 0.2956 0.1742
-0.6223 -1.0861 0.1211
-0.6332 -1.1206 0.1412
-0.6274 -0.3621 0.1990
-0.6284 0.4144 0.2251
-0.6235 -0.2516 0.2494
-0.6203 0.6097 0.2365
-0.6195 0.8916 0.3040
-0.6127 0.6595 0.2636
-0.6132 -0.0604 0.2568
-0.6119 0.2953 0.1733
-0.5920 -1.0502 0.1164
-0.5917 -0.8793 0.1757
-0.5915 1.1686 0.2815
-0.5789 -1.1072 0.1080
-0.5795 -0.8224 0.1827
-0.5632 -0.9962 0.1148
-0.5675 -0.7697 0.2072
-0.5459 -1.1143 0.1054
-0.5609 -0.9614 0.1255
-0.5549 -1.0687 0.0961
-0.5528 0.3373 0.1774
-0.5445 1.1456 0.2761
-0.5511 1.3672 0.3396
-0.5461 -1.0265 0.1034
-0.5412 0.3714 0.1846
-0.5403 0.4391 0.2265
-0.5358 1.2988 0.2795
-0.5366 -0.7692 0.2130
-0.5267 -0.9172 0.1292
-0.5124 -0.9910 0.1004
-0.5073 -1.1057 0.0956
-0.5112 -1.0777 0.0926
-0.5125 -0.8642 0.1633
-0.5020 -0.9561 0.1112
-0.5001 0.3350 0.1889
-0.4958 -1.1237 0.1073
-0.4879 -1.0423 0.1048
-0.4936 -0.4783 0.2423
-0.4752 -0.9844 0.1141
-0.4477 -1.0866 0.0981
-0.4701 -1.1179 0.1069
-0.4596 -0.9542 0.1384
-0.4780 -0.4724 0.2361
-0.4702 0.4552 0.2454
-0.4624 1.3505 0.2910
-0.4543 0.8370 0.2318
-0.4516 0.6829 0.2377
-0.4500 0.2283 0.2433
-0.4353 -1.0414 0.1145
-0.4447 0.1539 0.2774
-0.4432 0.5972 0.2738
-0.4387 1.3136 0.2614
-0.4354 0.2690 0.2263
-0.4272 -0.6470 0.2486
-0.4379 -0.0384 0.3459
-0.4183 1.0034 0.1966
-0.4226 1.0990 0.1993
-0.4098 -1.1150 0.1062
-0.4049 -0.5904 0.1988
-0.4030 0.7464 0.1989
-0.4041 0.0438 0.2959
-0.4006 -1.0614 0.0946
-0.3978 1.1891 0.2180
-0.3819 -1.0908 0.0834
-0.3859 0.6847 0.2250
-0.3808 -0.5151 0.1831
-0.3870 -0.3601 0.1830
-0.3872 -0.2783 0.2219
-0.3773 0.9871 0.1782
-0.3796 0.8945 0.1996
-0.3798 0.9227 0.2007
-0.3610 -1.0533 0.0860
-0.3714 0.7694 0.1929
-0.3589 -1.0765 0.0781
-0.3517 -1.1146 0.0975
-0.3514 -0.3769 0.1595
-0.3524 -0.2984 0.1836
-0.3521 -0.1599 0.2760
-0.3513 1.0755 0.1492
-0.3399 -1.0913 0.0813
-0.3489 -0.4178 0.1616
-0.3419 0.3387 0.1451
-0.3272 -1.0443 0.0878
-0.3299 -0.9772 0.1501
-0.3125 -0.5239 0.1522
-0.3273 1.2224 0.1986
-0.3163 -1.0738 0.0827
-0.3153 1.1038 0.1403
-0.3268 0.7851 0.2102
-0.3151 -0.8537 0.2465
-0.3152 1.0747 0.1424
-0.3067 -0.6202 0.1564
-0.2896 -0.5776 0.1452
-0.3084 1.0125 0.1738
-0.2992 -1.0191 0.1101
-0.2873 -1.0494 0.0986
-0.2970 -0.4393 0.1516
-0.3064 0.3879 0.0908
-0.2995 0.3804 0.0848
-0.2884 0.4260 0.1179
-0.2972 0.3856 0.0843
-0.2899 0.4584 0.1618
-0.2831 -1.1236 0.1252
-0.2824 -0.8327 0.2548
-0.2771 -0.6085 0.1517
-0.2868 0.1617 0.1883
-0.2859 0.7783 0.2459
-0.2833 0.3603 0.0901
-0.2807 0.3972 0.0910
-0.2649 -0.6608 0.1923
-0.2738 -0.3365 0.1657
-0.2609 1.1648 0.1361
-0.2627 1.3084 0.1968
-0.2602 -0.9514 0.1638
-0.2595 1.1150 0.1349
-0.2506 -1.0612 0.1111
-0.2443 -0.4353 0.1663
-0.2546 0.1268 0.1637
-0.2456 -1.1062 0.1192
-0.2556 -0.5563 0.1505
-0.2502 0.3614 0.1039
-0.2446 -0.3662 0.1773
-0.2437 -0.2659 0.2154
-0.2440 0.2801 0.1410
-0.2443 0.1644 0.1522
-0.2326 0.3214 0.1192
-0.2336 1.1057 0.1419
-0.2116 1.1399 0.1305
-0.2280 0.6175 0.3033
-0.2216 -0.4650 0.1786
-0.2199 1.2569 0.1385
-0.2114 -1.0750 0.1156
-0.2164 -0.9381 0.1858
-0.2021 0.2967 0.1241
-0.2020 1.2143 0.1247
-0.2105 -0.6701 0.2351
-0.2105 0.0394 0.1620
-0.1810 -1.0901 0.1107
-0.2047 0.1119 0.1469
-0.2029 1.3020 0.1553
-0.1929 -0.1739 0.1813
-0.1925 -0.1500 0.1646
-0.1833 -0.0178 0.1460
-0.1928 0.1462 0.1480
-0.1796 -0.1026 0.1392
-0.1839 0.2612 0.1273
-0.1798 -0.9060 0.2122
-0.1793 1.1748 0.1158
-0.1776 0.1166 0.1551
-0.1774 -1.1253 0.1295
-0.1696 -0.5353 0.2201
-0.1492 1.1716 0.1230
-0.1590 -1.0590 0.1138
-0.1628 0.5866 0.3171
-0.1572 1.3229 0.1688
-0.1568 -0.1432 0.1454
-0.1419 -0.0337 0.1172
-0.1560 0.2968 0.1219
-0.1527 0.0364 0.1445
-0.1558 0.2611 0.1200
-0.1512 1.2476 0.1262
-0.1306 -1.0575 0.1125
-0.1243 -0.0922 0.1208
-0.1326 1.2102 0.1286
-0.1192 -0.0570 0.1124
-0.1071 1.1649 0.1356
-0.1259 1.3091 0.1691
-0.1010 -1.1244 0.1382
-0.1185 0.2698 0.1237
-0.1131 -1.1048 0.1209
-0.1131 0.9794 0.2588
-0.1059 -1.0388 0.1200
-0.0949 0.4728 0.3119
-0.0917 -0.0003 0.1239
-0.0855 0.2916 0.1367
-0.0803 -0.9863 0.1254
-0.0862 -0.0285 0.1100
-0.0754 1.1427 0.1347
-0.0731 0.2241 0.1395
-0.0723 0.2568 0.1267
-0.0666 -0.1483 0.1590
-0.0664 -1.0684 0.1174
-0.0541 0.8019 0.2489
-0.0277 -0.9905 0.0991
-0.0472 -0.9560 0.1021
-0.0513 -0.9221 0.1166
-0.0511 -0.0781 0.1209
-0.0454 -0.0170 0.1235
-0.0462 1.0579 0.1560
-0.0424 -0.2529 0.1854
-0.0399 1.2931 0.2297
-0.0349 1.1115 0.1301
-0.0071 -0.1520 0.1486
-0.0145 -0.0855 0.1342
-0.0319 0.7762 0.2326
-0.0014 0.1188 0.1519
0.0075 0.0573 0.1514
-0.0260 0.2301 0.1216
-0.0256 -0.9279 0.1006
-0.0181 -1.0791 0.1132
-0.0214 -0.8916 0.1256
-0.0213 -0.2697 0.1780
-0.0209 0.9713 0.2173
-0.0120 1.0629 0.1483
-0.0155 -0.0138 0.1346
-0.0125 1.1419 0.1275
-0.0137 -1.0310 0.1036
0.0196 -0.2271 0.1564
-0.0054 -0.8519 0.1721
-0.0033 -0.6226 0.3476
0.0144 -1.0179 0.1009
0.0162 0.1988 0.1179
0.0039 1.1494 0.1301
0.0078 0.8601 0.2099
0.0125 -1.1068 0.1223
0.0152 -0.9648 0.0962
0.0055 -0.9401 0.0975
0.0126 0.2925 0.1356
0.0201 -0.2741 0.1653
0.0174 0.6181 0.2752
0.0487 -0.0939 0.1360
0.0498 0.1482 0.1139
0.0317 -1.0657 0.1003
0.0292 0.2388 0.1060
0.0280 0.6701 0.2319
0.0546 -0.0058 0.1546
0.0316 1.1310 0.1270
0.0384 0.2798 0.1242
0.0327 -1.1267 0.1435
0.0513 -0.1650 0.1550
0.0473 0.1134 0.1241
0.0796 0.0637 0.1509
0.0530 -1.0777 0.1047
0.0466 -1.0095 0.1017
0.0709 -0.9603 0.1009
0.0556 -0.6721 0.3274
0.0500 -0.3219 0.1773
0.0687 0.1959 0.1045
0.0507 0.2494 0.1051
0.0712 -0.9267 0.1183
0.0674 -0.4288 0.2190
0.0705 1.1336 0.1324
0.0807 -0.3861 0.1918
0.0964 -0.1192 0.1335
0.0809 0.8801 0.1794
0.0909 -0.4462 0.2278
0.1015 0.1636 0.1176
0.1041 -1.0207 0.1014
0.1053 0.1238 0.1347
0.0980 1.1111 0.1313
0.1025 -1.0792 0.1113
0.0997 0.2309 0.1123
0.0953 0.8585 0.1688
0.1085 -0.0785 0.1319
0.1061 -0.9959 0.1015
0.1152 -0.9456 0.1090
0.1150 -0.9057 0.1477
0.1080 -0.3233 0.2016
0.1091 0.7635 0.1619
0.1095 1.0106 0.2017
0.1100 1.3448 0.2705
0.1096 0.2800 0.1366
0.1243 0.7885 0.1549
0.1222 1.1251 0.1281
0.1261 -0.0394 0.1496
0.1271 0.1803 0.1308
0.1491 -1.1121 0.1370
0.1400 0.7158 0.1564
0.1354 -1.0743 0.1052
0.1462 -0.1046 0.1319
0.1469 -0.9659 0.1066
0.1383 1.2863 0.1970
0.1485 -1.0182 0.0927
0.1456 1.0941 0.1324
0.1548 0.3620 0.1588
0.1555 1.1234 0.1244
0.1623 -1.0574 0.0971
0.1645 -0.1630 0.1568
0.1633 0.2417 0.1567
0.1682 1.2770 0.1789
0.1740 -0.4735 0.2457
0.1822 0.6623 0.1562
0.1718 0.6986 0.1509
0.1749 -0.0787 0.1466
0.1842 -0.9846 0.1110
0.1809 0.8327 0.1495
0.2000 1.2100 0.1446
0.1909 1.1838 0.1382
0.1808 1.2620 0.1663
0.1893 0.3512 0.1397
0.1924 -1.0517 0.1072
0.1873 0.0485 0.2006
0.1961 0.3038 0.1480
0.2044 0.3907 0.1503
0.2218 0.6464 0.1564
0.1911 0.7243 0.1535
0.1904 0.8920 0.1479
0.1990 -1.0295 0.1102
0.2030 -0.7814 0.1718
0.2038 -0.1398 0.1627
0.2044 1.0831 0.1381
0.2224 -0.9567 0.1368
0.2343 -0.8970 0.1552
0.2126 -0.7007 0.1862
0.2100 0.5839 0.1711
0.2058 0.8968 0.1480
0.2154 0.3473 0.1455
0.2195 0.9403 0.1543
0.2122 -0.4440 0.2454
0.2164 0.5189 0.1838
0.2168 0.8712 0.1513
0.2217 -0.1888 0.1996
0.2258 0.4333 0.1651
0.2652 1.0776 0.1143
0.2314 -1.1062 0.1606
0.2335 -0.7826 0.1411
0.2339 1.1348 0.1295
0.2361 0.4792 0.1780
0.2395 -0.0066 0.2083
0.2493 -0.8199 0.1353
0.2454 -0.2605 0.2551
0.2665 0.5920 0.1756
0.2602 -0.5832 0.2101
0.2642 1.1327 0.1304
0.2747 -0.9777 0.1508
0.2988 -0.9251 0.1381
0.2626 -1.0806 0.1672
0.2752 1.0166 0.1222
0.2738 -0.7441 0.1308
0.2733 0.3188 0.1936
0.2784 0.0478 0.2664
0.2869 0.9678 0.1434
0.2838 1.2425 0.1984
0.3056 -0.8590 0.1233
0.2865 0.7742 0.2175
0.3175 -0.8266 0.1198
0.2920 0.6098 0.1901
0.2963 -0.5612 0.2052
0.3233 -0.7208 0.1199
0.3260 -0.6494 0.1401
0.3083 0.9194 0.1782
0.3052 1.0131 0.1199
0.3054 1.0497 0.1075
0.3047 -0.6701 0.1407
0.3257 -0.3135 0.2737
0.3244 -0.7697 0.1205
0.3235 -0.0947 0.2300
0.3155 1.1474 0.1555
0.3245 1.0838 0.1124
0.3427 -0.9349 0.1411
0.3500 -0.8576 0.1197
0.3396 0.4838 0.2062
0.3503 -0.8099 0.1174
0.3452 1.0801 0.1200
0.3491 0.7222 0.2521
0.3473 1.0353 0.1261
0.3511 -1.1274 0.2698
0.3802 -0.6871 0.1099
0.3643 1.3300 0.3395
0.3754 -0.9712 0.1849
0.3972 -0.7818 0.1134
0.3786 -0.7171 0.1052
0.4180 -0.9228 0.1649
0.4021 -0.8736 0.1318
0.4035 -0.6144 0.1481
0.3965 0.3605 0.1655
0.4012 -0.7227 0.1038
0.4056 -0.5232 0.1653
0.4268 -0.6706 0.1183
0.4215 -0.7489 0.1080
0.4137 -0.0643 0.1649
0.4162 0.4200 0.1452
0.4370 -0.8379 0.1235
0.4219 1.0667 0.1793
0.4240 -0.4962 0.1563
0.4219 0.3368 0.1548
0.4299 0.8158 0.3064
0.5148 -0.8554 0.1466
0.4392 -0.3950 0.1495
0.4406 -0.7970 0.1163
0.4892 -0.7353 0.1258
0.4323 -0.1783 0.1955
0.4353 0.4419 0.1414
0.4949 -0.6520 0.1392
0.4505 0.2914 0.1376
0.4489 1.0816 0.2032
0.4585 -0.3582 0.1435
0.4619 -0.6952 0.1234
0.4593 -0.0845 0.1321
0.4623 -0.0340 0.1344
0.4651 0.0296 0.1619
0.4754 0.2474 0.1244
0.4788 -0.8178 0.1279
0.4635 -0.5529 0.1302
0.4704 -0.4527 0.1291
0.4764 0.0800 0.1793
0.4764 0.1609 0.1568
0.4807 0.1968 0.1368
0.4690 0.4453 0.1413
0.4739 0.3260 0.1404
0.4754 0.4477 0.1436
0.5219 -0.7899 0.1291
0.4784 -0.5975 0.1347
0.4771 0.1215 0.1739
0.4834 1.1524 0.2754
0.4835 0.4831 0.1575
0.4943 -0.2976 0.1521
0.4965 -0.0547 0.1187
0.5038 -0.0043 0.1425
0.4968 0.6398 0.1704
0.4968 -1.1061 0.3008
0.4975 -0.5467 0.1320
0.5064 -0.4766 0.1236
0.5053 -0.3897 0.1059
0.5017 -0.1589 0.1435
0.5042 0.5245 0.1617
0.5137 -0.1200 0.1263
0.5223 -1.1055 0.3019
0.5173 -0.3414 0.1188
0.5147 0.2527 0.1162
0.5473 -0.5988 0.1453
0.5332 -0.4305 0.1061
0.5339 -0.1864 0.1580
0.5430 -0.7424 0.1354
0.5337 -0.4052 0.1036
0.5372 0.6136 0.1392
0.5428 -0.3497 0.1177
0.5424 -0.0778 0.1289
0.5374 0.2707 0.1286
0.5357 0.2795 0.1323
0.5476 -0.9310 0.1920
0.5477 -0.2315 0.1660
0.5509 0.6886 0.1253
0.5462 0.5824 0.1506
0.5720 -0.6875 0.1497
0.5539 -0.5366 0.1402
0.5510 0.2488 0.1360
0.5549 1.0037 0.2863
0.5894 -0.7579 0.1269
0.5646 -0.4353 0.1055
0.5646 -0.0639 0.1503
0.5630 0.6399 0.1192
0.5697 0.1586 0.1827
0.5750 -0.2976 0.1577
0.5839 0.7086 0.1149
0.5893 -0.8625 0.1384
0.5869 -0.1147 0.1703
0.5976 0.6706 0.1068
0.5985 -0.6294 0.1575
0.5939 -0.4507 0.1016
0.5949 -0.8393 0.1290
0.5977 0.4917 0.2016
0.6224 -0.7910 0.1249
0.6030 0.3941 0.2183
0.6102 -0.9362 0.1947
0.6073 -0.4336 0.1092
0.6111 -0.3175 0.1765
0.6157 0.7222 0.1037
0.6186 -0.5198 0.1265
0.6241 -0.4808 0.1051
0.6382 -0.7606 0.1346
0.6314 -0.8190 0.1345
0.6270 0.6449 0.1309
0.6359 1.3018 0.2791
0.6346 -0.4680 0.1022
0.6407 0.6898 0.1087
0.6412 0.7463 0.0982
0.6566 -0.6187 0.1534
0.6467 0.8672 0.1370
0.6530 0.0582 0.2664
0.6482 0.7942 0.0978
0.6476 0.8010 0.0991
0.6568 -0.4792 0.1073
0.6672 0.7284 0.1032
0.6623 -0.9993 0.2077
0.6757 -0.5601 0.1369
0.6728 0.2004 0.2287
0.6713 0.4540 0.2569
0.6717 0.8401 0.1053
0.6704 1.2433 0.2203
0.6927 -0.7833 0.1479
0.6779 0.3033 0.2370
0.6892 -1.0464 0.2277
0.6799 -0.6729 0.1660
0.6968 0.7719 0.0944
0.6940 -0.4206 0.1516
0.6982 1.2456 0.1976
0.7013 0.8011 0.0938
0.7090 -0.5787 0.1454
0.7089 -0.4326 0.1576
0.7046 0.7361 0.1130
0.7054 0.8419 0.1036
0.7065 0.9447 0.1141
0.7273 0.9267 0.1045
0.7116 1.1754 0.1931
0.7258 0.7951 0.1124
0.7353 -0.5915 0.1498
0.7259 -0.4867 0.1541
0.7291 0.8804 0.1148
0.7309 0.9532 0.0982
0.7306 0.6658 0.1638
0.7405 1.0093 0.1063
0.7409 0.9750 0.0957
0.7405 -1.0153 0.1974
0.7490 -0.7574 0.1558
0.7480 1.3370 0.2326
0.7498 0.1702 0.2257
0.7532 0.9099 0.1129
0.7579 -0.2752 0.2739
0.7564 1.0476 0.1219
0.7595 1.2138 0.1775
0.7640 -1.0502 0.2222
0.7730 -0.9947 0.1843
0.7720 0.9821 0.0998
0.7862 -0.6523 0.1332
0.7781 1.0657 0.1256
0.7711 -0.8186 0.1540
0.7822 1.0265 0.1054
0.7807 -0.8431 0.1548
0.7972 -0.6861 0.1251
0.7885 0.5944 0.1749
0.7950 -0.7872 0.1486
0.7948 -0.6266 0.1395
0.7886 1.0940 0.1472
0.7987 0.1514 0.2010
0.8030 0.6774 0.1638
0.8053 0.0664 0.2407
0.8142 -0.9277 0.1613
0.8140 -0.1115 0.2413
0.8106 0.3628 0.1625
0.8190 0.4630 0.1538
0.8197 0.5681 0.1616
0.8347 -0.6525 0.1114
0.8210 1.2341 0.1894
0.8267 0.8672 0.1683
0.8266 0.9664 0.1346
0.8353 0.6791 0.1697
0.8323 0.3583 0.1453
0.8314 1.3647 0.2652
0.8402 0.4864 0.1424
0.8382 -0.8796 0.1399
0.8400 0.3252 0.1549
0.8403 0.6233 0.1654
0.8461 1.2022 0.1944
0.8578 -0.2346 0.2573
0.8527 -0.7127 0.1028
0.8592 0.9141 0.1688
0.8675 -0.6760 0.0952
0.8700 -0.2013 0.2399
0.8654 0.1751 0.1628
0.8629 1.0061 0.1440
0.8632 1.1190 0.1639
0.8650 -0.1624 0.2165
0.8667 0.7157 0.1770
0.8676 1.0465 0.1391
0.8769 -0.8734 0.1380
0.8806 -0.8390 0.1482
0.8751 0.4113 0.1280
0.8819 0.8192 0.1739
0.8983 -0.9821 0.1526
0.8841 -0.7051 0.0829
0.8828 -0.6999 0.0830
0.8999 0.2693 0.1584
0.8920 -0.1292 0.2095
0.9001 -0.7243 0.0861
0.8894 0.5202 0.1482
0.8982 0.2401 0.1588
0.8986 -0.5892 0.1356
0.8998 0.3627 0.1447
0.8996 1.3101 0.2608
0.9011 -0.9107 0.1343
0.8988 0.3277 0.1535
0.9072 0.4992 0.1491
0.9078 1.1112 0.1940
0.9266 -0.6922 0.0786
0.9179 -0.6126 0.1084
0.9125 0.1786 0.1630
0.9137 0.4542 0.1424
0.9117 0.4762 0.1451
0.9171 1.0177 0.1875
0.9218 0.8206 0.1754
0.9270 -0.7382 0.0925
0.9247 -0.5907 0.1283
0.9314 0.0850 0.2005
0.9334 0.1646 0.1766
0.9399 -0.6644 0.0899
0.9419 -0.9532 0.1438
0.9532 -1.0281 0.1798
0.9476 -0.8961 0.1543
0.9487 0.7472 0.1837
0.9561 -0.7247 0.0894
0.9491 -0.0270 0.2360
0.9517 0.8312 0.1962
0.9523 -0.0210 0.2384
0.9704 -0.7001 0.0949
0.9641 -0.9698 0.1575
0.9710 -0.7960 0.1570
0.9572 -0.6382 0.0994
0.9634 -0.1579 0.2651
0.9703 0.7807 0.1992
0.9748 -0.7546 0.1212
0.9739 -1.0500 0.2110
0.9742 0.1445 0.2119
0.9756 -1.0777 0.2436
0.9761 -0.6753 0.1014
0.9759 1.3533 0.3735
0.9792 -0.6123 0.1322
0.9796 0.6685 0.2447
