points 
 2 
 1 
Tumour[19065]FoxP310NNCodensity
-1.5579 0.4438 0.7688
-1.5307 -0.1250 0.9185
-1.5289 0.3151 0.7680
-1.4709 0.9635 0.7411
-1.4288 -0.9724 0.5875
-1.3900 -0.8997 0.5391
-1.3527 0.8257 0.5794
-1.3336 0.9150 0.5984
-1.3016 0.9650 0.6397
-1.2955 0.9141 0.5941
-1.2760 0.1118 0.6048
-1.2540 -0.9637 0.3879
-1.2360 -0.9807 0.3814
-1.2054 -0.8969 0.3869
-1.1952 -0.9693 0.3693
-1.1393 -0.3826 0.7068
-1.1266 0.4723 0.5831
-1.0947 -0.6797 0.5412
-1.0983 0.4566 0.5745
-1.0825 0.1425 0.5197
-1.0388 0.1040 0.5159
-1.0368 -0.3065 0.6300
-0.9844 -1.2522 0.6486
-0.9519 -0.9025 0.4342
-0.9302 1.0310 0.8469
-0.8867 -1.0225 0.4615
-0.8849 0.1210 0.5018
-0.8487 0.0217 0.5432
-0.8316 0.4563 0.4820
-0.8201 -0.9950 0.4591
-0.7704 0.4280 0.4617
-0.7677 -0.6904 0.4238
-0.7419 -0.2493 0.6287
-0.7241 -0.4117 0.5425
-0.6514 -0.9345 0.4022
-0.6444 -0.6913 0.3116
-0.6253 -0.6935 0.2954
-0.6225 0.3558 0.4257
-0.5950 0.5527 0.3853
-0.5674 -0.7176 0.2600
-0.5613 -1.0611 0.5172
-0.5600 0.6007 0.3819
-0.5569 0.6150 0.3910
-0.5386 0.1183 0.5608
-0.4750 -0.7318 0.2513
-0.4626 -0.7426 0.2554
-0.4574 -0.5682 0.3641
-0.4061 0.4282 0.3638
-0.3995 -0.6710 0.3112
-0.3726 -0.8230 0.3369
-0.3707 -0.7456 0.3102
-0.3678 0.2027 0.4844
-0.3364 0.4731 0.3532
-0.2917 -0.0244 0.5145
-0.2842 0.5805 0.3663
-0.2825 0.6511 0.4025
-0.2472 -1.0741 0.5337
-0.2364 -0.9359 0.4517
-0.2227 0.5832 0.3907
-0.1541 0.3881 0.4547
-0.1327 -1.0570 0.5529
-0.1267 0.0809 0.4304
-0.1102 -0.1758 0.3489
-0.0661 -0.0395 0.3272
-0.0493 0.0550 0.3904
0.0051 1.1388 0.7403
0.0076 0.7345 0.5945
0.0416 0.5776 0.5297
0.0631 -0.2032 0.2324
0.0775 -0.1998 0.2249
0.0859 -1.0254 0.5611
0.0906 -0.2694 0.2833
0.0967 -0.1812 0.2254
0.0962 -0.2002 0.2256
0.1067 -0.1708 0.2337
0.1357 0.2365 0.4747
0.1621 -0.7721 0.4774
0.1942 -1.1074 0.5996
0.2159 -0.6486 0.4289
0.2327 0.2738 0.4241
0.2692 -0.5830 0.3807
0.2845 -0.2452 0.3302
0.3346 -0.6369 0.3603
0.3368 1.1399 0.3135
0.3411 -0.2829 0.3822
0.3713 0.4653 0.3105
0.3848 0.3666 0.3049
0.3856 0.0815 0.3955
0.3932 0.1733 0.3783
0.3928 0.4626 0.2949
0.3962 0.7546 0.2702
0.3988 -0.7954 0.3766
0.4191 1.0572 0.1533
0.4243 -0.6107 0.3543
0.4360 1.0860 0.1703
0.4360 1.0134 0.1291
0.4419 0.9361 0.1653
0.4462 0.7255 0.2446
0.4641 -0.1386 0.3117
0.4616 -0.6050 0.3693
0.4628 0.6687 0.2490
0.4610 0.9859 0.1164
0.4628 0.9945 0.1140
0.4620 1.0840 0.1696
0.4666 -1.0212 0.4478
0.4800 0.6682 0.2492
0.4841 0.4867 0.2562
0.4822 0.9950 0.1177
0.4985 0.0582 0.3495
0.4998 0.8939 0.1898
0.5023 -0.1463 0.2982
0.5014 -0.1251 0.2976
0.5024 0.7675 0.2231
0.5201 0.9945 0.1473
0.5277 0.7592 0.2393
0.5290 -0.9782 0.4135
0.5413 0.3366 0.2702
0.5578 -0.5539 0.4236
0.5769 0.9217 0.2316
0.5805 0.4479 0.2549
0.5821 -0.9365 0.3865
0.5923 0.3636 0.2559
0.6152 -0.1853 0.2920
0.6282 -1.2288 0.5502
0.6306 0.3500 0.2823
0.6574 0.5304 0.3352
0.6637 -1.1512 0.4650
0.6758 -0.0411 0.2343
0.6859 -0.7258 0.3760
0.6883 -0.2951 0.3541
0.7001 0.2033 0.3640
0.7245 0.4161 0.3719
0.7401 0.0020 0.2176
0.7521 0.9749 0.2442
0.7494 0.9859 0.2430
0.7543 -0.0232 0.2088
0.7574 -0.1114 0.2285
0.7765 -0.9371 0.3911
0.7788 -1.2336 0.5879
0.7783 0.0015 0.2223
0.7892 -0.0395 0.2172
0.7957 1.0475 0.2416
0.8022 0.8527 0.3464
0.8208 -0.5942 0.3889
0.8273 -0.0927 0.2407
0.8421 -0.8000 0.3868
0.8547 -0.3629 0.3207
0.8544 0.9993 0.2363
0.8572 -0.7966 0.3948
0.8682 -0.7935 0.4049
0.8820 -0.3397 0.3136
0.8851 0.9993 0.2555
0.8869 1.1301 0.3347
0.9010 -0.3014 0.3146
0.9024 -0.2898 0.3153
0.9067 1.1083 0.3258
0.9131 0.0262 0.3568
0.9215 -0.4873 0.4022
0.9209 1.0038 0.2936
