points 
 2 
 1 
Tumour[19065]FoxP310NNCodensity
-0.8631 -0.7821 0.3419
-0.8595 -0.5102 0.3944
-0.8580 -0.8424 0.3454
-0.8568 -0.2228 0.3066
-0.8567 0.4530 0.1832
-0.8526 -0.1621 0.3041
-0.8464 -0.1985 0.2960
-0.8419 -0.8759 0.3440
-0.8412 0.4967 0.1793
-0.8351 0.4803 0.1649
-0.8262 -0.8003 0.3229
-0.8229 0.3436 0.1695
-0.8206 -0.0248 0.3289
-0.8162 0.0821 0.2931
-0.8169 -0.4557 0.3496
-0.8111 0.5044 0.1614
-0.8114 0.3074 0.1492
-0.8081 -0.8677 0.3211
-0.8024 -0.4632 0.3455
-0.7965 0.3237 0.1459
-0.7814 0.2408 0.1339
-0.7766 0.2263 0.1434
-0.7674 0.4809 0.1306
-0.7685 0.2623 0.1205
-0.7570 0.3183 0.1379
-0.7280 0.4767 0.1188
-0.7249 0.2322 0.1409
-0.7085 -0.0376 0.2962
-0.7094 0.4666 0.1103
-0.7066 -0.1953 0.2736
-0.6971 0.2039 0.1598
-0.6915 -0.6867 0.3600
-0.6911 0.4747 0.0988
-0.6829 -0.3023 0.3051
-0.6817 0.3446 0.1727
-0.6845 0.4292 0.1138
-0.6606 0.2337 0.1655
-0.6573 0.4749 0.0912
-0.6564 0.4591 0.0916
-0.6498 0.5593 0.1734
-0.6493 -0.2244 0.2891
-0.6329 0.4984 0.1079
-0.6134 0.1537 0.1585
-0.6177 0.3798 0.1425
-0.6098 -0.5160 0.3519
-0.6034 0.1048 0.1621
-0.6038 0.4898 0.1244
-0.6014 -0.9600 0.3378
-0.5985 0.4151 0.1309
-0.5949 0.1266 0.1509
-0.5970 0.4573 0.1247
-0.5876 0.2339 0.1801
-0.5827 -0.1670 0.3040
-0.5788 0.3430 0.1779
-0.5702 -0.8910 0.3240
-0.5686 -0.5517 0.3696
-0.5675 1.0309 0.8465
-0.5620 0.1193 0.1513
-0.5463 0.3058 0.2197
-0.5350 0.0406 0.2031
-0.5172 0.1303 0.1770
-0.5130 -0.9395 0.3491
-0.5019 -0.9552 0.3613
-0.4973 0.9956 0.8197
-0.4856 0.0338 0.2355
-0.4843 0.0614 0.2217
-0.4579 -0.2421 0.3371
-0.4542 -0.4928 0.3641
-0.4227 -0.2032 0.3333
-0.4119 -0.9778 0.4066
-0.3969 -0.4811 0.3500
-0.3639 -0.9079 0.3872
-0.3045 -0.2028 0.3231
-0.3038 0.2730 0.3886
-0.3019 -0.5428 0.4046
-0.2841 0.2183 0.3420
-0.2749 -0.6646 0.4231
-0.2702 0.0494 0.2909
-0.2596 -0.0568 0.3055
-0.2396 -0.2844 0.3434
-0.2239 0.1824 0.2860
-0.1907 -0.2229 0.3342
-0.1815 -0.3863 0.3986
-0.1572 -0.8485 0.4466
-0.1345 0.0023 0.2183
-0.1138 0.0489 0.1880
-0.1054 -0.0246 0.2347
-0.0917 -0.7845 0.4180
-0.0828 0.0876 0.1680
-0.0493 0.1375 0.1679
-0.0370 -1.0234 0.6242
-0.0354 0.0524 0.1591
-0.0367 0.1392 0.1594
0.0208 0.1245 0.1280
0.0277 -0.5815 0.3302
0.0394 0.1039 0.1214
0.0389 -0.1664 0.4093
0.0456 -0.5992 0.3183
0.0655 0.1247 0.1278
0.0669 -0.5186 0.3306
0.0864 0.0668 0.1481
0.0912 0.0353 0.1792
0.0944 0.1150 0.1367
0.1087 0.1251 0.1526
0.1365 -0.7450 0.3600
0.1753 -0.5972 0.2749
0.1822 0.1361 0.2362
0.2026 -0.5594 0.2855
0.2404 -0.5972 0.3003
0.2420 0.0292 0.3091
0.2636 -0.3389 0.3986
0.3160 -0.7345 0.3992
0.3244 0.4749 0.4302
0.3326 -0.5162 0.3842
0.3407 -0.1311 0.3548
0.3658 -0.2366 0.3361
0.3815 0.7096 0.4400
0.4493 -0.2024 0.2714
0.4532 -0.1142 0.2973
0.4619 0.1270 0.2501
0.4745 -0.9782 0.5220
0.4793 0.1451 0.2151
0.5191 -0.9738 0.5318
0.5348 -0.9055 0.4968
0.5382 0.3831 0.1155
0.5403 0.1896 0.1407
0.5464 0.3187 0.1204
0.5502 0.2052 0.1358
0.5557 0.3627 0.0998
0.5606 0.2832 0.1308
0.5612 0.1803 0.1389
0.5641 -0.7659 0.5096
0.5674 0.4005 0.0950
0.5685 0.5337 0.1529
0.5751 -0.2436 0.2261
0.5731 0.4908 0.1261
0.5820 0.3902 0.0878
0.5868 0.4256 0.0931
0.5848 0.3195 0.1009
0.5938 -0.1794 0.1929
0.5977 0.1554 0.1600
0.6039 0.2809 0.1205
0.6037 -0.1569 0.1917
0.6052 0.6336 0.1660
0.6062 0.6691 0.2039
0.6082 0.4426 0.1014
0.6110 -1.0327 0.6750
0.6111 0.4761 0.1183
0.6112 0.5998 0.1492
0.6149 0.5120 0.1380
0.6140 -0.2866 0.2443
0.6161 0.4245 0.0998
0.6174 0.6266 0.1599
0.6244 0.6590 0.1884
0.6297 0.3513 0.0957
0.6413 0.3499 0.0946
0.6429 0.2209 0.1473
0.6552 0.1706 0.1641
0.6555 0.3593 0.1016
0.6614 0.3043 0.1014
0.6670 -0.1564 0.1611
0.6908 -0.1824 0.1590
0.6903 0.3178 0.1101
0.6985 0.2940 0.1240
0.6967 0.3363 0.1194
0.7161 -0.3902 0.3653
0.7215 -0.0506 0.2155
0.7243 -0.1858 0.1683
0.7218 0.1439 0.2052
0.7353 -0.0858 0.1877
0.7412 0.1326 0.2144
0.7486 0.5692 0.2116
0.7574 0.0191 0.2370
0.7753 -0.1826 0.1688
0.7840 0.3050 0.1818
0.7977 -0.1533 0.1646
0.8030 0.5362 0.2476
0.7997 0.5935 0.2501
0.8199 0.4565 0.2451
0.8397 0.0809 0.2589
0.8389 0.2383 0.2258
0.8490 0.2745 0.2308
0.8538 0.5368 0.2950
0.8602 -0.2217 0.2257
0.8725 0.3298 0.2602
0.8788 -0.1603 0.2084
0.8989 -0.2028 0.2464
0.9030 -0.0907 0.2382
0.9065 0.0165 0.2953
