points 
 2 
 1 
Tumour[19065]CD6810NNCodensity
-1.1575 -0.9696 0.1690
-1.1543 -1.0005 0.1824
-1.1408 -0.9265 0.1544
-1.1249 -0.7888 0.1710
-1.1235 0.6591 0.7770
-1.1066 -0.9878 0.1464
-1.0983 -0.9473 0.1316
-1.1137 -1.0848 0.2677
-1.1058 -0.6736 0.1569
-1.0680 -0.7757 0.1211
-1.0846 -0.6504 0.1607
-1.0582 -0.9702 0.1500
-1.0613 -0.7348 0.1100
-1.0742 -0.8690 0.1283
-1.0568 -0.8531 0.1218
-1.0661 -0.6812 0.1194
-1.0718 1.1434 0.6063
-1.0372 -0.8794 0.1260
-1.0389 -0.6854 0.1094
-1.0297 -0.8198 0.1087
-1.0293 -0.7272 0.0983
-1.0100 -0.7721 0.0997
-0.9994 -0.9350 0.1690
-0.9955 -0.8504 0.1178
-0.9804 -0.7860 0.1031
-0.9849 -0.7004 0.1097
-0.9787 -0.7473 0.0979
-0.9755 -0.5520 0.2741
-0.9665 -0.3945 0.3391
-0.9637 -0.7055 0.1141
-0.9601 0.2067 0.7208
-0.9458 -0.7908 0.1164
-0.9362 -0.7223 0.1238
-0.9416 -0.8372 0.1479
-0.9049 -0.3369 0.2767
-0.8867 -0.7465 0.1680
-0.8678 1.1207 0.3298
-0.8324 1.0480 0.2800
-0.8122 -0.2679 0.2265
-0.8179 1.1879 0.3456
-0.8067 -0.3894 0.2092
-0.7899 1.0681 0.2549
-0.7962 -0.6768 0.2568
-0.7792 -0.4825 0.2349
-0.7718 -0.4681 0.2252
-0.7550 -0.2195 0.1965
-0.7560 -1.1727 0.2236
-0.7460 -0.1961 0.1956
-0.7438 -1.0145 0.2560
-0.7428 -0.3832 0.1960
-0.7340 -0.8306 0.2720
-0.7381 1.0063 0.2229
-0.7155 -0.2497 0.1831
-0.7291 -0.4094 0.1942
-0.7314 0.7762 0.2351
-0.7212 0.7026 0.2453
-0.7204 -1.0731 0.1902
-0.7217 0.9091 0.1944
-0.7138 -1.0535 0.2037
-0.7127 0.6386 0.2543
-0.6926 -0.7070 0.2526
-0.6942 -1.0925 0.1676
-0.6879 -0.1628 0.1817
-0.6747 -0.6807 0.2572
-0.6768 -0.0881 0.2426
-0.6814 0.9665 0.1893
-0.6633 -0.8520 0.2880
-0.6734 -0.1381 0.1937
-0.6625 -0.7202 0.2614
-0.6554 0.9480 0.1802
-0.6602 -1.1769 0.1461
-0.6560 -1.2122 0.1684
-0.6520 0.6399 0.2143
-0.6466 -0.4922 0.2126
-0.6482 0.9090 0.1598
-0.6331 0.8698 0.1563
-0.6417 -1.1710 0.1419
-0.6135 -0.3350 0.1805
-0.6122 -0.4935 0.2123
-0.6078 -1.1888 0.1407
-0.6040 -0.2026 0.1789
-0.6091 0.8159 0.1739
-0.6111 1.2420 0.2847
-0.5996 0.5438 0.1903
-0.5844 -0.2756 0.1328
-0.6030 0.4708 0.1662
-0.5988 -0.0256 0.3394
-0.6045 0.6812 0.2081
-0.5842 0.3564 0.1661
-0.5963 0.5746 0.1932
-0.5935 0.8390 0.1694
-0.5738 -0.3111 0.1336
-0.5783 0.8609 0.1806
-0.5771 0.2259 0.2695
-0.5871 0.4368 0.1459
-0.5840 1.1468 0.2463
-0.5796 -1.1882 0.1349
-0.5724 -0.4789 0.1998
-0.5512 -0.2604 0.1142
-0.5453 -1.2389 0.1591
-0.5562 0.4110 0.1225
-0.5539 -1.1335 0.1512
-0.5517 1.2247 0.2152
-0.5440 -0.4766 0.1910
-0.5476 -0.8106 0.2928
-0.5398 -0.2824 0.1054
-0.5378 0.4141 0.1145
-0.5209 0.7915 0.2247
-0.5138 1.1089 0.2219
-0.5067 0.3562 0.1312
-0.5018 0.5187 0.1568
-0.5035 -1.0622 0.1967
-0.4871 -1.1789 0.1329
-0.5002 -0.3136 0.1139
-0.4990 -0.2814 0.1065
-0.5020 0.4247 0.1169
-0.4904 0.3167 0.1481
-0.4918 -1.1257 0.1524
-0.4835 -1.2294 0.1525
-0.4886 0.6682 0.1904
-0.4740 -0.2736 0.1153
-0.4801 0.3883 0.1260
-0.4770 -0.2374 0.1429
-0.4615 -0.4571 0.1668
-0.4600 -1.2468 0.1760
-0.4708 0.2757 0.1699
-0.4701 0.4621 0.1188
-0.4651 1.2390 0.1742
-0.4463 0.4427 0.1183
-0.4538 -1.1625 0.1498
-0.4587 -0.4230 0.1507
-0.4487 0.5535 0.1335
-0.4514 -0.2982 0.1192
-0.4510 -1.0214 0.2115
-0.4503 0.2196 0.2162
-0.4396 0.6028 0.1335
-0.4405 1.2178 0.1504
-0.4229 -0.3901 0.1374
-0.4289 1.1001 0.2046
-0.4373 1.1693 0.1509
-0.4374 -0.3520 0.1321
-0.4298 1.2405 0.1634
-0.4251 -0.4510 0.1665
-0.4125 -0.7933 0.2298
-0.4046 0.4555 0.1110
-0.4192 0.4940 0.1092
-0.4170 0.6050 0.1255
-0.4111 -1.0550 0.1926
-0.4110 -1.2205 0.1836
-0.4063 0.3086 0.1529
-0.3893 -0.8134 0.2053
-0.4002 0.7312 0.2038
-0.3755 -0.2895 0.1279
-0.3845 0.4932 0.1055
-0.3866 -0.9538 0.1923
-0.3859 0.3263 0.1502
-0.3884 0.5658 0.1200
-0.3865 0.6490 0.1348
-0.3870 0.6820 0.1568
-0.3492 0.3906 0.1306
-0.3784 -0.4692 0.1912
-0.3491 1.1696 0.1513
-0.3705 0.4665 0.1075
-0.3622 1.2243 0.1486
-0.3649 0.3561 0.1388
-0.3544 -0.8560 0.1709
-0.3643 -0.6603 0.3157
-0.3636 -0.3148 0.1165
-0.3551 0.5847 0.1347
-0.3495 0.5040 0.1112
-0.3332 0.4215 0.1236
-0.3464 0.6715 0.1726
-0.3355 1.1370 0.1756
-0.3393 -0.3475 0.1242
-0.3360 -0.3116 0.1159
-0.3360 0.1687 0.2478
-0.3195 1.2185 0.1638
-0.3238 -0.2884 0.1236
-0.3154 0.4963 0.1262
-0.3097 -0.9613 0.1591
-0.3046 -1.1139 0.2013
-0.3037 -0.3594 0.1283
-0.3071 0.3713 0.1452
-0.2990 -0.9192 0.1516
-0.3028 -1.2001 0.2067
-0.2898 0.5269 0.1606
-0.2887 -1.0012 0.1570
-0.2855 -0.7973 0.1807
-0.2834 0.1620 0.2255
-0.2752 1.2156 0.2057
-0.2844 -1.2035 0.2047
-0.2781 -0.2752 0.1265
-0.2794 1.0264 0.2701
-0.2625 0.3262 0.1537
-0.2711 -1.0175 0.1632
-0.2545 -0.2708 0.1224
-0.2566 0.4515 0.1784
-0.2515 -0.3963 0.1511
-0.2501 -0.8572 0.1589
-0.2473 -0.8232 0.1699
-0.2438 -0.4899 0.2453
-0.2450 -0.9473 0.1622
-0.2338 0.2772 0.1442
-0.2353 1.2363 0.2610
-0.2296 -0.8072 0.1873
-0.2232 -0.3566 0.1183
-0.2198 0.3066 0.1530
-0.2206 -1.2348 0.2112
-0.2191 -1.0574 0.1855
-0.2187 1.0206 0.2773
-0.2172 -0.3282 0.1059
-0.2091 -1.2154 0.1959
-0.2003 0.2787 0.1425
-0.2019 0.9993 0.2976
-0.1954 0.2504 0.1404
-0.1970 -0.2814 0.1094
-0.2006 -0.2498 0.1321
-0.1817 0.1652 0.1867
-0.1939 -0.3720 0.1332
-0.1823 -0.3325 0.1150
-0.1795 -0.2656 0.1209
-0.1631 -0.9938 0.1739
-0.1655 0.7970 0.3998
-0.1553 0.2133 0.1657
-0.1572 0.2713 0.1606
-0.1429 -0.8525 0.1929
-0.1310 -0.2558 0.1465
-0.1393 -1.1388 0.1852
-0.1286 -0.3916 0.1606
-0.1158 -1.0196 0.1778
-0.1176 -1.1810 0.1601
-0.1069 0.1518 0.2348
-0.0694 -0.9884 0.1923
-0.0832 -0.3041 0.1477
-0.0805 -1.0215 0.1879
-0.0825 -0.4112 0.1829
-0.0780 -0.3334 0.1511
-0.0758 -0.7959 0.2375
-0.0739 0.4303 0.2330
-0.0610 -1.0085 0.1990
-0.0446 0.0970 0.3114
-0.0577 0.3818 0.2154
-0.0657 1.1174 0.2988
-0.0597 -0.8597 0.2150
-0.0602 0.4032 0.2180
-0.0588 1.0650 0.2758
-0.0602 -1.2213 0.1343
-0.0614 -0.8364 0.2229
-0.0394 -1.2379 0.1407
-0.0482 -0.4898 0.2567
-0.0467 -0.2082 0.1630
-0.0471 -1.2056 0.1269
-0.0400 -1.1819 0.1351
-0.0284 -0.6894 0.3394
-0.0334 -0.2318 0.1380
-0.0185 -1.1901 0.1365
-0.0097 0.4283 0.2304
-0.0138 0.8263 0.3521
-0.0062 -1.2269 0.1469
0.0037 -0.3022 0.1275
0.0047 -0.2590 0.1256
0.0184 -0.3401 0.1401
0.0225 -0.2735 0.1291
0.0408 -0.2079 0.1382
0.0319 -0.3832 0.1528
0.0269 1.1299 0.2681
0.0567 0.0277 0.2610
0.0537 0.4901 0.2377
0.0573 -1.2470 0.2089
0.0727 -0.3735 0.1377
0.0623 0.3768 0.2470
0.0630 -0.1149 0.1922
0.0699 -0.2025 0.1432
0.0814 0.9771 0.1655
0.0932 -0.4030 0.1375
0.0938 -1.2140 0.2296
0.0953 0.6619 0.2850
0.1018 -0.4320 0.1447
0.1001 0.9849 0.1435
0.1041 -0.8764 0.3184
0.1107 -0.0371 0.1977
0.1101 0.5787 0.2868
0.1137 -0.1756 0.1517
0.1254 1.0587 0.1691
0.1364 -0.3186 0.1644
0.1228 0.3481 0.2847
0.1411 -0.5099 0.1861
0.1336 1.0011 0.1212
0.1408 -0.4678 0.1517
0.1439 -0.2750 0.1690
0.1423 -0.1850 0.1495
0.1490 0.5715 0.2928
0.1521 -0.4076 0.1426
0.1541 0.9889 0.1125
0.1546 1.0294 0.1349
0.1798 -0.8290 0.3830
0.1797 0.9942 0.1198
0.1782 -0.1595 0.1598
0.1798 0.9078 0.1437
0.1798 0.7096 0.2258
0.1928 -0.2542 0.1853
0.1885 -0.0745 0.1571
0.1928 0.0361 0.1642
0.2000 -0.7493 0.3603
0.1994 0.0793 0.1852
0.1999 0.9483 0.1263
0.2036 -0.3972 0.1637
0.2081 -0.0477 0.1537
0.2156 0.3415 0.3032
0.2242 -0.5023 0.1552
0.2272 -0.1155 0.1580
0.2268 0.9228 0.1334
0.2277 0.8736 0.1403
0.2401 0.1051 0.1932
0.2362 0.7733 0.1569
0.2420 0.0798 0.1834
0.2412 0.8129 0.1381
0.2373 1.2389 0.3685
0.2488 0.7885 0.1430
0.2499 -1.1681 0.3913
0.2511 -0.4446 0.1492
0.2629 -0.4701 0.1430
0.2574 0.0322 0.1680
0.2586 -1.2463 0.3998
0.2693 0.2241 0.2198
0.2616 0.8725 0.1406
0.2766 -0.0630 0.1581
0.2781 0.7673 0.1533
0.2878 -0.5122 0.1470
0.3139 -0.4345 0.1506
0.2960 0.9848 0.1672
0.2975 1.0319 0.1966
0.2972 -0.0837 0.1584
0.3087 -0.3014 0.1890
0.3020 -0.1739 0.1755
0.3105 -0.5512 0.1631
0.3150 0.2163 0.2083
0.3129 0.9615 0.1634
0.3533 -0.2765 0.1725
0.3424 0.8093 0.1502
0.3544 -0.2376 0.1739
0.3603 0.2140 0.2110
0.3579 -0.1399 0.1717
0.3723 0.8409 0.1482
0.3677 -0.4959 0.1209
0.3692 -0.0949 0.1691
0.3739 0.2252 0.2132
0.3686 -0.3158 0.1545
0.3766 -0.6270 0.2045
0.3781 -0.5157 0.1229
0.3819 0.8830 0.1367
0.3801 0.7679 0.1773
0.3839 0.9508 0.1415
0.3867 -0.4431 0.1101
0.4120 -0.3447 0.1346
0.3946 0.2670 0.2323
0.3978 1.1530 0.1525
0.4036 -0.0098 0.2172
0.4034 -0.4150 0.1053
0.4135 -1.1572 0.5140
0.4246 0.5820 0.3277
0.4200 1.0495 0.1108
0.4159 -0.4927 0.0997
0.4284 -0.7638 0.3576
0.4212 0.7370 0.2134
0.4243 1.1440 0.1273
0.4283 -0.4088 0.0898
0.4331 -0.5305 0.1177
0.4461 0.9333 0.1143
0.4392 1.0101 0.1030
0.4391 1.0819 0.0990
0.4334 1.2231 0.1620
0.4413 0.9094 0.1102
0.4457 -0.5514 0.1365
0.4552 -0.0383 0.1930
0.4484 -0.4408 0.0827
0.4608 0.5951 0.2942
0.4589 1.0603 0.0851
0.4563 -0.6781 0.2496
0.4598 -0.3822 0.0975
0.4611 -0.0790 0.1756
0.4560 0.8876 0.1154
0.4573 1.0011 0.1039
0.4643 -0.3556 0.1236
0.4635 -0.2125 0.1913
0.4624 -0.1687 0.1805
0.4606 0.8423 0.1378
0.4620 1.0269 0.0889
0.4663 -0.4552 0.0903
0.4620 -0.4292 0.0828
0.4696 -0.5177 0.1161
0.4697 0.3142 0.2743
0.4766 0.8658 0.1358
0.4694 1.2377 0.1640
0.4776 1.0906 0.0947
0.4840 1.2046 0.1364
0.4865 -0.4392 0.0949
0.4910 1.0322 0.0928
0.4865 1.1110 0.1059
0.4921 1.2413 0.1748
0.4982 0.9005 0.1289
0.4964 1.1483 0.1263
0.5263 -0.5274 0.1525
0.5129 -0.4309 0.1144
0.5259 1.0517 0.1091
0.5295 0.1297 0.2500
0.5364 0.1961 0.2341
0.5350 -0.3896 0.1464
0.5356 -0.1091 0.1580
0.5422 0.9931 0.1180
0.5431 -0.2994 0.1976
0.5523 -0.2334 0.1791
0.5490 0.9639 0.1266
0.5492 1.1175 0.1493
0.5724 -0.5689 0.1635
0.5633 1.0430 0.1297
0.5659 -1.1939 0.6151
0.5775 0.7679 0.1982
0.5735 0.0052 0.1749
0.5796 -0.1599 0.1495
0.5824 0.6962 0.2043
0.5829 -0.0698 0.1526
0.5823 0.9549 0.1350
0.5941 0.2773 0.2365
0.6024 0.7440 0.1959
0.6021 -0.1863 0.1599
0.6193 -0.5578 0.1368
0.6058 0.9019 0.1749
0.6245 -0.6150 0.1516
0.6064 0.9901 0.1406
0.6078 -0.0610 0.1482
0.6075 0.6595 0.2146
0.6197 0.7017 0.2047
0.6347 -0.0052 0.1589
0.6319 -0.1461 0.1703
0.6438 -0.5934 0.1299
0.6405 0.3104 0.2538
0.6435 0.0299 0.1574
0.6552 0.9203 0.1931
0.6671 -0.5245 0.1472
0.6529 -0.1944 0.1999
0.6491 0.1415 0.1824
0.6604 -0.5597 0.1253
0.6640 1.1095 0.2191
0.6554 -1.2443 0.6927
0.6610 1.0416 0.1800
0.6651 0.5127 0.3457
0.6899 -0.6915 0.2187
0.6970 0.2230 0.2019
0.6863 0.1385 0.1800
0.6907 0.0181 0.1739
0.6974 1.0965 0.2347
0.7075 -0.5134 0.1685
0.6997 0.0008 0.1834
0.7033 0.1425 0.1863
0.7177 -0.5662 0.1457
0.7216 0.6944 0.2209
0.7331 0.8816 0.2494
0.7409 -0.5906 0.1608
0.7712 -0.9361 0.5448
0.7473 -0.7067 0.2553
0.7451 0.7500 0.2225
0.7694 0.1827 0.2405
0.7633 0.2881 0.2862
0.7983 -0.1560 0.2804
0.8039 -0.1053 0.2786
0.8091 0.7641 0.2439
0.8104 1.0053 0.2946
0.8315 -0.5233 0.2556
0.8405 0.4975 0.3686
0.8452 0.6919 0.2621
0.8434 -0.6021 0.2595
0.8672 1.2059 0.3920
0.8950 0.8489 0.2620
0.9103 -0.2234 0.3252
0.9329 0.5208 0.3853
0.9388 1.2008 0.3957
0.9448 1.0631 0.3353
0.9466 -0.2247 0.3091
0.9545 0.6578 0.2874
0.9634 0.8271 0.2677
0.9770 -0.4795 0.3087
0.9960 0.8018 0.2798
1.0255 -0.4683 0.2918
1.0450 0.9381 0.3366
1.0636 -0.4152 0.2485
1.0606 0.0073 0.4823
1.0644 -0.3874 0.2381
1.0775 0.7527 0.3013
1.0751 -0.2285 0.2888
1.0848 -0.8028 0.5553
1.0956 -0.3218 0.2399
1.1040 1.1158 0.3940
1.1149 -1.1729 0.9193
1.1356 -0.1018 0.3980
1.1406 0.6148 0.3277
1.1530 -0.7230 0.5269
1.1800 1.1838 0.4975
1.2141 0.5360 0.3900
1.2088 -0.3744 0.2585
1.2504 -0.3615 0.2860
1.2610 -0.3095 0.3102
1.2564 1.0619 0.4573
1.2659 0.8059 0.3258
1.2745 0.5249 0.4330
1.2715 -0.3775 0.3149
1.2785 0.7641 0.3143
1.3154 0.7495 0.3379
1.3251 0.7645 0.3478
