points 
 2 
 1 
Tumour[19065]CD6810NNCodensity
-1.3425 -1.1193 0.2877
-1.3347 -0.0606 0.8992
-1.3384 0.8976 0.2578
-1.3338 -1.0404 0.2095
-1.3298 -0.8548 0.2344
-1.3246 0.5670 0.5542
-1.2996 0.9634 0.2270
-1.2987 -0.8869 0.1941
-1.2973 0.8922 0.2095
-1.2859 -1.0831 0.2071
-1.2778 -0.9479 0.1675
-1.2828 -0.6141 0.3986
-1.2809 -0.7112 0.2976
-1.2809 0.8190 0.2454
-1.2708 -0.3670 0.5763
-1.2630 -0.9947 0.1595
-1.2559 -0.8160 0.2047
-1.2324 0.8768 0.1792
-1.2353 -1.0564 0.1747
-1.2246 -0.9218 0.1557
-1.2310 -0.1745 0.7216
-1.2249 -0.2029 0.6893
-1.2134 -1.0550 0.1781
-1.1861 0.9825 0.1778
-1.1745 0.9396 0.1623
-1.1601 -0.9506 0.1464
-1.1637 -0.8980 0.1435
-1.1523 0.9054 0.1686
-1.1464 0.9428 0.1633
-1.1410 -0.8718 0.1376
-1.1257 -0.9670 0.1324
-1.1395 -0.8174 0.1740
-1.1284 1.0951 0.2164
-1.1213 1.0223 0.1727
-1.1152 0.6975 0.3185
-1.0975 0.8481 0.1966
-1.0840 -0.8593 0.1247
-1.0849 -0.6935 0.2578
-1.0879 1.1149 0.2265
-1.0838 -1.0125 0.1214
-1.0778 0.7423 0.2618
-1.0812 -1.0437 0.1413
-1.0779 -0.9290 0.1180
-1.0653 1.1461 0.2620
-1.0620 -1.0352 0.1264
-1.0561 -0.7432 0.1977
-1.0553 1.0512 0.1971
-1.0534 -1.2701 0.4116
-1.0548 -0.9557 0.1150
-1.0485 -0.8695 0.1204
-1.0379 0.9276 0.1852
-1.0384 -0.8502 0.1305
-1.0250 -1.0305 0.1236
-1.0360 -0.9333 0.1192
-1.0181 0.8457 0.2012
-1.0104 -0.8575 0.1353
-0.9970 -1.0059 0.1232
-0.9804 -0.9456 0.1417
-0.9742 -1.1374 0.2373
-0.9791 -0.7208 0.2418
-0.9746 0.9834 0.2096
-0.9722 -1.0481 0.1514
-0.9651 0.8847 0.1921
-0.9595 -0.8109 0.1822
-0.9297 -0.9894 0.1568
-0.9299 0.7281 0.2487
-0.9185 0.8013 0.1981
-0.9143 -0.8761 0.1910
-0.8936 0.9298 0.1867
-0.8959 1.1524 0.2586
-0.8795 -1.0113 0.1676
-0.8755 0.9844 0.1651
-0.8615 0.8083 0.1878
-0.8546 -1.0129 0.1754
-0.8426 -0.8576 0.2365
-0.8431 1.1329 0.2199
-0.8236 0.8047 0.1880
-0.8303 1.0601 0.1518
-0.8359 0.9937 0.1449
-0.8086 -1.0388 0.2046
-0.8146 -0.5933 0.3091
-0.7989 1.0479 0.1467
-0.7981 0.9855 0.1507
-0.7797 -1.0163 0.2105
-0.7851 0.7903 0.1902
-0.7769 -0.9382 0.2101
-0.7736 1.0023 0.1514
-0.7692 0.7976 0.1914
-0.7687 -1.1910 0.2862
-0.7631 -0.6670 0.2506
-0.7533 -0.6201 0.2466
-0.7487 1.0841 0.1807
-0.7479 0.5098 0.4164
-0.7415 0.9483 0.1912
-0.7343 -1.2202 0.2921
-0.7139 -0.6050 0.2236
-0.6806 -1.0260 0.2444
-0.7024 0.8424 0.1871
-0.7013 -0.8530 0.2549
-0.6846 -0.6805 0.2154
-0.6574 0.8602 0.1904
-0.6592 0.7628 0.2148
-0.6522 1.0954 0.2253
-0.6392 1.0509 0.2231
-0.6264 -0.4753 0.1808
-0.6213 0.4109 0.3846
-0.6137 -1.1734 0.2259
-0.6170 -0.8491 0.2309
-0.6086 -1.2360 0.2802
-0.6089 -0.3712 0.1941
-0.5784 -1.0522 0.2158
-0.5899 -0.4721 0.1516
-0.5932 -0.7527 0.1884
-0.5886 1.1227 0.2629
-0.5878 0.9102 0.2094
-0.5868 -0.6366 0.2312
-0.5849 0.8423 0.1842
-0.5775 0.7207 0.2147
-0.5691 -0.7532 0.1756
-0.5623 -0.3682 0.1648
-0.5670 -0.5113 0.1748
-0.5654 0.5357 0.2499
-0.5649 -1.1440 0.2161
-0.5616 -0.4700 0.1432
-0.5541 0.8765 0.1907
-0.5491 -1.1757 0.2363
-0.5354 0.6499 0.2189
-0.5445 1.1690 0.3020
-0.5411 -1.0216 0.2134
-0.5453 -0.7751 0.1657
-0.5377 -0.3552 0.1738
-0.5357 -0.9044 0.2206
-0.5380 -0.4813 0.1568
-0.5256 0.4822 0.2618
-0.5176 -0.4183 0.1513
-0.4915 1.1344 0.2655
-0.4933 0.7185 0.1882
-0.4796 -1.0243 0.2304
-0.4791 -0.3652 0.1778
-0.4684 0.4873 0.2351
-0.4714 0.6852 0.1921
-0.4721 0.8334 0.1553
-0.4668 -0.8037 0.1717
-0.4552 0.8853 0.1592
-0.4563 -0.7600 0.1646
-0.4555 0.6342 0.1971
-0.4562 -0.7314 0.1699
-0.4368 -0.6753 0.2171
-0.4427 -0.9574 0.2495
-0.4363 -0.7979 0.1835
-0.4227 0.8137 0.1492
-0.4202 0.9642 0.1638
-0.4098 0.8313 0.1413
-0.4059 0.8507 0.1378
-0.3991 -0.3160 0.1812
-0.3878 0.5125 0.2182
-0.3958 -1.0901 0.2596
-0.3929 1.0583 0.1647
-0.3872 -0.3366 0.1840
-0.3838 0.8118 0.1422
-0.3787 -0.6978 0.2477
-0.3753 -0.2951 0.1864
-0.3671 -0.2622 0.2007
-0.3689 0.6053 0.1955
-0.3649 1.0035 0.1134
-0.3549 0.9709 0.1154
-0.3416 -0.3066 0.1892
-0.3454 0.6107 0.1941
-0.3394 0.9950 0.0998
-0.3175 0.9722 0.1101
-0.3187 1.0101 0.0983
-0.3167 -0.1098 0.3362
-0.3132 0.4236 0.2867
-0.3146 1.0747 0.1294
-0.3124 -1.1101 0.2722
-0.3125 0.9213 0.1432
-0.3093 0.8640 0.1523
-0.3050 0.5324 0.2123
-0.3041 -1.2202 0.3240
-0.2948 0.7654 0.1388
-0.2830 0.6634 0.1716
-0.2789 1.0133 0.1094
-0.2808 1.1024 0.1418
-0.2735 0.8359 0.1358
-0.2781 0.7873 0.1262
-0.2620 1.0598 0.1173
-0.2662 -1.2003 0.3121
-0.2674 -0.9434 0.2891
-0.2500 1.0153 0.1249
-0.2527 -0.2528 0.2155
-0.2420 1.1503 0.1947
-0.2354 -0.8268 0.2854
-0.2359 0.7475 0.1176
-0.2286 -0.3898 0.2526
-0.2316 0.5995 0.1854
-0.2338 0.7847 0.1135
-0.2135 1.0675 0.1309
-0.2168 -1.2879 0.4227
-0.2250 -0.9707 0.2722
-0.2058 0.7656 0.1172
-0.2035 -0.4359 0.2943
-0.1979 -0.2499 0.2350
-0.2062 0.8043 0.1232
-0.1861 0.6873 0.1452
-0.1825 1.0897 0.1439
-0.1906 -0.6456 0.2975
-0.1921 0.6218 0.1766
-0.1869 0.7190 0.1355
-0.1861 0.9524 0.1745
-0.1742 0.8765 0.1657
-0.1343 0.6681 0.1768
-0.1498 -1.0988 0.2924
-0.1545 0.3388 0.1644
-0.1466 0.3081 0.1729
-0.1429 0.4911 0.2191
-0.1411 -0.2193 0.2469
-0.1347 0.8164 0.1588
-0.1267 -0.6972 0.2542
-0.1237 -0.4707 0.3238
-0.1317 1.0752 0.1477
-0.1233 -0.7471 0.2381
-0.1281 0.9941 0.1394
-0.1275 0.3985 0.1489
-0.1290 1.0282 0.1285
-0.1193 -0.1653 0.2434
-0.1069 1.0436 0.1328
-0.1038 0.4085 0.1513
-0.1058 0.3843 0.1357
-0.0984 -0.9579 0.2186
-0.0865 0.9963 0.1479
-0.0878 -0.7345 0.2271
-0.0900 0.8567 0.1764
-0.0881 0.8748 0.1712
-0.0776 0.6052 0.2374
-0.0760 0.3905 0.1475
-0.0732 -1.0368 0.2659
-0.0671 0.3256 0.1481
-0.0737 0.2514 0.1997
-0.0646 -0.1226 0.2327
-0.0664 -0.0570 0.2264
-0.0632 0.0385 0.2258
-0.0552 -0.9002 0.2015
-0.0482 0.3389 0.1584
-0.0472 1.0080 0.1542
-0.0434 -0.2219 0.2675
-0.0388 0.6179 0.2588
-0.0365 -0.5368 0.2875
-0.0317 0.2129 0.2244
-0.0224 -0.8792 0.1879
-0.0268 1.1431 0.2141
-0.0250 0.8267 0.2417
-0.0032 0.0662 0.1917
-0.0032 -0.8480 0.1920
-0.0068 0.0931 0.1950
-0.0042 1.0782 0.1612
0.0035 -0.9300 0.1870
0.0077 0.0367 0.1990
0.0215 0.9219 0.1980
0.0332 0.0539 0.2034
0.0391 -0.6414 0.2011
0.0446 1.0027 0.1486
0.0613 -0.7517 0.2223
0.0570 1.0659 0.1436
0.0594 -0.9323 0.1932
0.0639 1.1085 0.1682
0.0719 -0.1435 0.2790
0.0927 -0.6393 0.1936
0.0783 0.1552 0.2286
0.0805 -0.6591 0.1935
0.0879 -0.3917 0.3214
0.0897 0.9844 0.1503
0.1002 1.0713 0.1502
0.1066 0.5284 0.3447
0.1132 -0.1438 0.2952
0.1246 -0.9232 0.1955
0.1189 0.2006 0.2544
0.1206 0.9672 0.1491
0.1293 0.5876 0.3598
0.1339 -0.8989 0.1970
0.1482 -0.6866 0.2003
0.1373 -0.6118 0.1949
0.1406 1.0365 0.1510
0.1571 -0.6236 0.1892
0.1631 -1.0152 0.2631
0.1639 1.1234 0.1790
0.1668 0.8560 0.1804
0.1664 0.7789 0.2609
0.1791 0.9548 0.1538
0.1836 0.8866 0.1588
0.1897 0.9118 0.1509
0.1969 -0.4112 0.2025
0.2030 -0.2326 0.2419
0.2186 -0.8651 0.2310
0.2248 0.2771 0.2383
0.2281 0.0542 0.2847
0.2313 1.1336 0.1769
0.2455 -0.3082 0.1809
0.2454 0.1670 0.2585
0.2418 0.8986 0.1817
0.2393 1.0387 0.1784
0.2509 -0.4422 0.1676
0.2499 -0.9161 0.2274
0.2466 0.2890 0.2253
0.2561 -0.9747 0.2514
0.2758 0.0045 0.2771
0.2601 1.1328 0.1801
0.2613 1.1557 0.1999
0.2585 0.4331 0.2477
0.2730 -0.5011 0.1777
0.2976 1.0786 0.1764
0.2791 0.8591 0.2235
0.2854 -0.6818 0.2004
0.2841 0.3810 0.2265
0.2945 -0.5809 0.1772
0.3018 -0.3801 0.1249
0.2942 -0.3428 0.1392
0.3019 -0.3121 0.1558
0.3204 -0.5999 0.1697
0.3186 -0.7453 0.2296
0.3203 -0.1537 0.2139
0.3188 -0.1833 0.2063
0.3243 -0.4652 0.1453
0.3431 -0.6397 0.1728
0.3379 0.1459 0.2700
0.3328 -0.3669 0.1259
0.3351 1.0639 0.1903
0.3393 0.3803 0.2086
0.3455 -0.8223 0.2551
0.3489 -1.0267 0.3259
0.3526 -0.3995 0.1230
0.3657 -0.0155 0.2449
0.3698 -0.1216 0.1983
0.3671 0.7990 0.3124
0.3874 1.0581 0.2082
0.3763 -0.4429 0.1379
0.3736 0.3694 0.2167
0.3832 -0.6377 0.1774
0.3809 -0.4730 0.1490
0.3784 0.5700 0.2158
0.3883 -0.3612 0.1424
0.3924 0.5459 0.1986
0.3975 0.3574 0.2304
0.4072 0.6144 0.2332
0.4126 -0.5740 0.1714
0.4141 -0.2721 0.1706
0.4168 0.5830 0.2158
0.4219 -0.1856 0.1733
0.4317 1.0250 0.2202
0.4336 0.2561 0.2582
0.4598 -0.5391 0.1729
0.4418 -0.4461 0.1570
0.4499 -0.3162 0.1553
0.4498 0.5393 0.2044
0.4650 0.1933 0.2807
0.4617 1.0343 0.2092
0.4579 -0.6692 0.2232
0.4607 -0.8813 0.3053
0.4804 -0.0325 0.2268
0.4714 0.5507 0.2173
0.4751 -0.1582 0.1757
0.4944 -0.2386 0.1424
0.4901 -0.4476 0.1616
0.4919 -0.1408 0.1836
0.4979 -0.3484 0.1450
0.5111 0.8042 0.2955
0.5059 -0.8404 0.3186
0.5127 -0.3154 0.1429
0.5196 -0.2832 0.1433
0.5118 -0.5232 0.1671
0.5257 -0.0063 0.2363
0.5278 -1.0798 0.3671
0.5314 1.1367 0.2447
0.5572 0.1509 0.2709
0.5567 1.0057 0.1823
0.5706 -0.2343 0.1684
0.5715 -0.4907 0.1641
0.5658 -0.4074 0.1658
0.5689 -0.3563 0.1698
0.5680 0.0784 0.2621
0.5776 -0.2019 0.1805
0.5771 0.4569 0.2975
0.5781 0.9886 0.1762
0.5825 -1.2764 0.5155
0.5805 -0.6204 0.1920
0.5852 -0.5252 0.1723
0.5856 0.9032 0.2009
0.5897 -1.0034 0.3580
0.5864 -0.6963 0.2391
0.5873 0.6906 0.3309
0.5915 0.0025 0.2586
0.5992 0.9966 0.1751
0.6031 0.8756 0.2138
0.6215 -0.5868 0.1785
0.6079 0.3207 0.3035
0.6078 1.1299 0.2239
0.6251 -0.4424 0.1784
0.6289 1.1606 0.2538
0.6605 0.9502 0.1857
0.6721 -0.2039 0.1657
0.6761 0.1076 0.3170
0.6969 -1.2773 0.5014
0.6945 0.9105 0.2174
0.6934 -0.2389 0.1578
0.7000 -0.3326 0.1838
0.7041 -0.6726 0.1970
0.7027 0.4154 0.3102
0.7069 -0.6225 0.1818
0.7049 -0.4477 0.1856
0.7120 -0.1599 0.1568
0.7153 1.0595 0.2077
0.7196 -1.0993 0.3619
0.7188 -0.6467 0.1864
0.7280 -0.4495 0.1844
0.7241 0.4060 0.3057
0.7269 -1.0359 0.3511
0.7382 -0.5390 0.1822
0.7422 1.0818 0.2288
0.7443 -0.1618 0.1344
0.7547 -0.7723 0.2193
0.7599 -0.2582 0.1428
0.7609 0.6092 0.3711
0.7731 -0.1692 0.1244
0.7716 0.8764 0.2810
0.7792 0.3395 0.3018
0.7791 -0.3697 0.1765
0.7806 -0.3473 0.1645
0.7856 1.0840 0.2629
0.7917 -0.2063 0.1248
0.7996 -0.2841 0.1531
0.8031 -0.5606 0.1983
0.8108 -0.5340 0.2029
0.8122 0.5904 0.3686
0.8122 -0.1543 0.1378
0.8458 -0.2247 0.1601
0.8246 -0.1393 0.1493
0.8200 -0.8223 0.1732
0.8334 -0.7575 0.1696
0.8442 -0.3614 0.2114
0.8424 0.0285 0.2625
0.8715 -0.7785 0.1420
0.8637 1.0522 0.2836
0.8709 -0.8134 0.1373
0.8837 0.1817 0.2435
0.8890 -0.0570 0.2012
0.9064 -0.7782 0.1464
0.8970 -0.8834 0.1603
0.9005 -0.1281 0.1733
0.9115 0.1689 0.2168
0.9035 -0.5921 0.2135
0.9151 0.9017 0.2167
0.9420 -0.0079 0.2121
0.9214 -1.1735 0.3822
0.9281 0.3983 0.3162
0.9298 -0.8458 0.1472
0.9324 -0.4921 0.2238
0.9428 -0.9206 0.1795
0.9343 -0.7964 0.1518
0.9633 -0.2424 0.1870
0.9339 0.8506 0.2133
0.9506 0.2397 0.2279
0.9616 -0.1671 0.1674
0.9667 0.2834 0.2566
0.9638 -0.6831 0.2009
0.9705 -0.9822 0.2088
0.9706 -0.6078 0.1909
0.9813 0.1355 0.1830
0.9670 0.5062 0.3925
0.9752 0.8608 0.1769
0.9754 -0.9564 0.1914
0.9844 -0.0958 0.1924
1.0091 0.9740 0.2056
1.0045 -0.5592 0.1797
1.0111 -0.2519 0.1703
1.0160 0.0571 0.2024
1.0136 0.9394 0.1763
1.0206 -0.3983 0.1991
1.0228 0.8136 0.1734
1.0423 -0.2512 0.1647
1.0458 0.0720 0.2070
1.0427 -0.8771 0.1989
1.0482 -0.1968 0.1584
1.0472 -1.0572 0.2488
1.0464 -0.1224 0.1948
1.0518 -0.5349 0.1760
1.0499 0.8075 0.1718
1.0572 1.0046 0.2523
1.0570 -0.4118 0.1778
1.0644 -0.6594 0.2145
1.0611 0.2042 0.2324
1.0692 -0.6349 0.2064
1.0762 0.1059 0.2177
1.0741 -0.2026 0.1722
1.0803 0.8942 0.1699
1.0944 -1.0192 0.2439
1.0985 0.7047 0.2890
1.1059 -0.3603 0.1900
1.1059 0.1201 0.2484
1.1128 -0.4011 0.1861
1.1165 0.8239 0.1906
1.1082 -0.5451 0.1957
1.1083 -0.4462 0.1783
1.1158 -0.9342 0.2324
1.1182 -0.8458 0.2601
1.1237 -0.2344 0.2160
1.1264 -1.0854 0.3224
1.1223 -0.7759 0.2763
1.1337 0.8806 0.2048
1.1459 -0.4700 0.2070
1.1474 0.7819 0.2433
