points 
 2 
 1 
Tumour[19065]FoxP310NNCodensity
-1.2431 1.2452 0.7587
-1.2289 -0.6193 0.4392
-1.2261 -0.6721 0.3935
-1.2212 -0.8281 0.3209
-1.2086 -0.9138 0.3454
-1.1985 -0.1516 0.6089
-1.1708 0.7127 0.9233
-1.1697 -0.8438 0.2935
-1.1624 -0.7745 0.3051
-1.1538 -0.6589 0.3823
-1.1240 1.2291 0.5988
-1.0924 -0.0815 0.5088
-1.0516 1.2267 0.5338
-1.0485 1.2128 0.5267
-1.0295 -1.0065 0.3451
-1.0307 -1.0223 0.3553
-1.0240 1.2204 0.5231
-1.0160 1.2070 0.5201
-0.9870 -0.3585 0.4299
-0.9828 -0.9264 0.3493
-0.9635 -0.0410 0.4338
-0.8935 -0.9926 0.3797
-0.8872 -1.1304 0.4363
-0.8858 0.3779 0.7256
-0.8842 -0.3720 0.3303
-0.8773 -0.3910 0.3287
-0.8647 -0.0156 0.4088
-0.8030 -0.5754 0.3978
-0.7707 -0.1917 0.3190
-0.7487 -0.1787 0.3226
-0.7272 -1.1164 0.4229
-0.7254 -0.4520 0.2849
-0.7225 -0.1835 0.3277
-0.6808 0.0780 0.3558
-0.6677 -0.4292 0.2706
-0.6341 -0.2754 0.3157
-0.6268 -0.4592 0.2584
-0.6180 -0.8297 0.4085
-0.6048 -0.9441 0.3798
-0.6030 -1.0703 0.4148
-0.5998 0.1695 0.4184
-0.5860 -1.0710 0.4170
-0.5632 0.0104 0.3063
-0.5631 -0.5693 0.3037
-0.5540 0.0353 0.3137
-0.5554 0.6479 0.7456
-0.5525 -0.4335 0.2479
-0.5409 0.7128 0.7479
-0.5392 1.0305 0.6764
-0.5373 1.2098 0.7119
-0.5292 1.0921 0.6743
-0.5193 -0.5394 0.2774
-0.4907 0.0356 0.3455
-0.4881 -0.0284 0.3388
-0.4724 -0.7918 0.2953
-0.4367 -0.3554 0.2843
-0.4216 -0.4737 0.2828
-0.3983 -0.7727 0.2387
-0.3973 -0.3768 0.2948
-0.3548 -0.2760 0.3216
-0.3503 -0.6591 0.2182
-0.3482 0.1401 0.4312
-0.3353 -0.9124 0.3547
-0.3218 -0.7837 0.2227
-0.3206 -0.6503 0.2196
-0.3088 -0.2397 0.3367
-0.2906 -0.7771 0.2275
-0.2808 -0.6695 0.2263
-0.2680 -0.7350 0.2217
-0.2468 -0.2059 0.3596
-0.2323 -0.6138 0.2900
-0.2248 0.3524 0.6077
-0.2007 1.2025 0.9781
-0.1713 -0.1237 0.3886
-0.1421 -0.1292 0.3908
-0.1337 0.1570 0.4737
-0.0610 0.4443 0.5543
-0.0344 -0.6051 0.4875
-0.0055 -0.0538 0.3768
0.0280 0.6383 0.5544
0.0699 0.6552 0.5345
0.0957 -0.5288 0.6324
0.1195 0.0386 0.3002
0.1385 -0.0174 0.3119
0.1616 0.0063 0.2949
0.2079 0.0291 0.2790
0.2695 0.1221 0.2479
0.2896 0.4760 0.3573
0.2908 0.1566 0.2497
0.3062 0.4098 0.3307
0.3133 0.3248 0.2939
0.3245 0.1183 0.2639
0.3221 0.3182 0.2909
0.3248 0.6742 0.4518
0.3477 0.1510 0.2768
0.3571 -0.5457 0.7282
0.4266 -0.3029 0.5275
0.4454 0.6024 0.3732
0.4449 0.3212 0.3512
0.4663 -0.2030 0.4826
0.4692 0.6185 0.3758
0.5121 -0.2878 0.5645
0.5927 -0.1578 0.5103
0.6621 0.6008 0.3151
0.6642 0.7303 0.3689
0.6913 0.1534 0.2974
0.7083 0.5476 0.3054
0.7099 0.3099 0.3105
0.7283 0.1838 0.2536
0.7454 0.6533 0.3003
0.7609 0.1533 0.2411
0.7912 0.1798 0.2208
0.7977 0.1084 0.2709
0.7982 0.2908 0.2599
0.8090 0.5403 0.2972
0.8406 0.4941 0.3062
0.8428 0.6824 0.2868
0.9111 0.8047 0.3376
0.9314 0.2319 0.2303
0.9446 -1.0606 1.0333
0.9552 0.1749 0.2596
0.9751 0.8394 0.3388
0.9764 0.3775 0.2491
0.9811 0.2329 0.2213
1.0065 0.6932 0.2502
1.0254 0.5008 0.2980
1.0342 -0.5305 0.6496
1.0402 0.2860 0.1988
1.0424 0.7110 0.2371
1.0757 0.3215 0.1942
1.0801 0.2946 0.1975
1.1099 0.3316 0.2125
1.1190 0.6594 0.2183
1.1345 0.7034 0.2343
1.1356 0.6698 0.2213
1.1546 0.3175 0.2481
1.1584 -0.4121 0.6826
1.1605 0.4842 0.2700
1.1724 0.7946 0.3103
1.1733 -0.7797 0.7055
1.1831 -0.8106 0.7352
1.1888 0.5432 0.2756
1.2155 -0.6167 0.6810
1.2247 -0.7812 0.7410
1.2234 -0.3411 0.7230
1.2340 0.9679 0.5441
1.2464 0.1801 0.4260
1.2481 0.5683 0.3222
