points 
 2 
 1 
Tumour[19065]FoxP310NNCodensity
-1.3508 0.4044 0.4379
-1.3278 -0.8313 0.5181
-1.3202 -1.1117 0.2725
-1.3140 -0.4370 0.3408
-1.3072 0.1197 0.3760
-1.3031 0.0976 0.3623
-1.2865 -0.4946 0.3214
-1.2795 0.5635 0.2930
-1.2755 -1.3545 0.2741
-1.2737 -1.1268 0.2124
-1.2732 0.2043 0.4221
-1.2616 -0.3255 0.3191
-1.2577 -1.1559 0.1852
-1.2573 0.6113 0.2651
-1.2482 -1.3609 0.2622
-1.2487 -0.5306 0.3142
-1.2484 -0.0123 0.2898
-1.2344 -0.2829 0.3182
-1.2302 -0.4914 0.2869
-1.2211 -1.1635 0.1683
-1.2023 0.0054 0.2625
-1.1910 -1.3916 0.2837
-1.1817 -1.1925 0.1696
-1.1802 0.5670 0.2242
-1.1752 -1.4279 0.3248
-1.1733 -1.1638 0.1792
-1.1682 0.5165 0.2637
-1.1688 -1.2041 0.1799
-1.1593 0.5636 0.2226
-1.1453 0.6792 0.2172
-1.1455 -1.2209 0.2050
-1.1387 -1.0495 0.2513
-1.1389 0.7084 0.2340
-1.1274 -0.6645 0.3849
-1.1321 0.7419 0.2684
-1.1007 -0.0696 0.2114
-1.0922 -0.1892 0.2029
-1.0767 -0.0997 0.1948
-1.0671 -0.0303 0.2471
-1.0613 -0.2513 0.2092
-1.0577 -0.5301 0.3125
-1.0576 -0.2965 0.2245
-1.0545 -0.1097 0.1948
-1.0474 0.7127 0.2331
-1.0472 -0.9397 0.3320
-1.0411 -0.0787 0.2165
-1.0279 -1.0047 0.2789
-1.0247 -1.5608 0.4502
-1.0189 -0.4716 0.2913
-0.9888 -0.2857 0.2005
-0.9737 -0.2677 0.2058
-0.9754 0.5710 0.2286
-0.9510 -0.9799 0.2676
-0.9476 0.6895 0.2137
-0.9374 0.5926 0.1856
-0.9346 -0.3138 0.2142
-0.9324 -1.0447 0.2523
-0.9194 0.5675 0.1926
-0.9186 -0.3863 0.2240
-0.9141 -0.6292 0.3393
-0.9039 0.7265 0.2332
-0.9006 -0.9790 0.2637
-0.8955 -1.4811 0.3831
-0.8934 0.6518 0.1761
-0.8726 -1.3607 0.3566
-0.8681 -0.6166 0.3354
-0.8683 -0.3638 0.2513
-0.8668 -1.2654 0.3432
-0.8534 -1.4416 0.3697
-0.8317 -0.3832 0.2867
-0.8205 -0.5378 0.3216
-0.8193 0.5710 0.1907
-0.8070 -1.0503 0.2746
-0.8034 0.5408 0.2124
-0.8008 0.6449 0.1950
-0.7855 -1.0336 0.2848
-0.7809 0.5928 0.1924
-0.7539 -1.1451 0.3282
-0.7567 -1.3667 0.3884
-0.7429 -0.7108 0.4103
-0.7427 0.7471 0.2543
-0.7334 -1.0263 0.3198
-0.6855 0.0746 0.5567
-0.6585 0.5654 0.2173
-0.6565 -1.5562 0.5873
-0.6533 0.2450 0.4181
-0.6533 0.5445 0.2274
-0.6530 0.6755 0.1966
-0.6492 0.7490 0.2093
-0.6288 0.7936 0.2335
-0.6016 0.2308 0.4213
-0.5967 0.4969 0.2420
-0.5737 0.6723 0.1555
-0.5673 -0.7559 0.3079
-0.5599 0.3656 0.3334
-0.5552 -0.8416 0.3037
-0.5395 0.6804 0.1329
-0.5295 -0.0162 0.6800
-0.5232 0.7298 0.1495
-0.5157 -0.9105 0.2842
-0.5080 0.6711 0.1233
-0.5075 0.7850 0.1932
-0.4917 0.6367 0.1262
-0.4849 0.4626 0.2674
-0.4822 -0.5307 0.3826
-0.4746 0.6136 0.1408
-0.4766 -0.6672 0.2701
-0.4764 0.5526 0.1866
-0.4649 0.6574 0.1288
-0.4512 0.6899 0.1469
-0.4440 -0.5333 0.3709
-0.4063 0.8045 0.1977
-0.3997 0.5913 0.2172
-0.3891 -0.7911 0.1963
-0.3924 -0.6708 0.2501
-0.3866 -0.9700 0.2016
-0.3829 -0.8376 0.1744
-0.3791 0.8139 0.2018
-0.3577 -0.8635 0.1480
-0.3556 -0.6525 0.2638
-0.3492 -1.2707 0.5201
-0.3344 -1.0062 0.2130
-0.3339 0.7797 0.2013
-0.3097 -0.8815 0.1343
-0.3146 -0.9688 0.1729
-0.3124 -0.8660 0.1328
-0.3020 0.7718 0.2131
-0.2877 -0.9977 0.1991
-0.2853 0.8843 0.2317
-0.2763 -0.8506 0.1433
-0.2765 -0.8199 0.1592
-0.2737 0.8336 0.2015
-0.2655 -1.3474 0.5986
-0.2284 -0.8330 0.1864
-0.1998 -0.6385 0.3253
-0.1996 0.5116 0.3044
-0.1907 0.7388 0.2164
-0.1863 0.4944 0.3039
-0.1785 -0.8151 0.2201
-0.1616 -0.9835 0.2287
-0.1551 0.8695 0.1863
-0.1486 0.9181 0.2258
-0.1373 -1.0155 0.2621
-0.1371 0.5998 0.2429
-0.1345 0.6404 0.2388
-0.1043 -0.5294 0.4011
-0.0971 0.8127 0.1400
-0.0879 0.8535 0.1411
-0.0874 -0.9592 0.2627
-0.0803 0.7889 0.1398
-0.0755 -0.7671 0.2804
-0.0762 0.7527 0.1638
-0.0553 -1.0103 0.3245
-0.0522 0.4535 0.2528
-0.0350 -0.8071 0.2884
-0.0268 0.5958 0.2632
-0.0236 -0.4004 0.4610
-0.0227 0.8559 0.1323
-0.0203 0.8177 0.1151
0.0089 0.8351 0.1199
0.0133 0.3418 0.2411
0.0149 0.4942 0.2461
0.0192 0.8082 0.1181
0.0326 0.7465 0.1569
0.0319 0.8847 0.1564
0.0395 0.2088 0.3303
0.0453 -0.6585 0.2967
0.0440 -0.2061 0.5024
0.0538 0.3707 0.2001
0.0600 -0.6959 0.3026
0.0641 0.0562 0.4270
0.0766 0.7986 0.1239
0.0870 0.7479 0.1450
0.0912 0.3274 0.2127
0.0935 0.8093 0.1248
0.1128 0.3977 0.1851
0.1143 0.8938 0.1665
0.1400 0.4105 0.1810
0.1439 0.8407 0.1290
0.1456 -0.5860 0.3187
0.1540 -0.7266 0.3467
0.1634 0.5009 0.2110
0.1649 0.7774 0.1096
0.1760 0.7015 0.1326
0.1762 0.7632 0.1102
0.1752 0.9046 0.1773
0.1871 0.6474 0.1692
0.1981 0.7585 0.1129
0.2025 -0.4209 0.3422
0.2061 0.8226 0.1209
0.2055 0.7478 0.1144
0.2104 0.6288 0.1793
0.2156 -0.6293 0.3283
0.2179 0.3846 0.1994
0.2217 0.8606 0.1437
0.2263 0.3606 0.2180
0.2314 0.1018 0.3409
0.2515 -0.0901 0.3761
0.2591 0.7791 0.1372
0.2621 0.6832 0.1482
0.2683 0.4800 0.2027
0.2682 0.8842 0.1937
0.2689 0.5151 0.2062
0.2767 0.6792 0.1577
0.2829 0.4522 0.2094
0.2930 0.0642 0.3540
0.3127 0.7994 0.1801
0.3257 -0.5352 0.3191
0.3274 -0.3304 0.2842
0.3455 0.0756 0.3428
0.3615 -0.2795 0.2719
0.3599 0.5887 0.2256
0.3639 -0.2450 0.2807
0.3649 0.6936 0.2157
0.3693 0.2161 0.3187
0.3944 -0.3496 0.2628
0.3956 -0.3807 0.2668
0.4000 0.7539 0.2361
0.4169 -0.5933 0.2979
0.4301 0.3036 0.3003
0.4511 -0.7353 0.2833
0.4522 0.4511 0.2368
0.4505 0.5085 0.2208
0.4888 0.8473 0.2707
0.4920 0.6000 0.2091
0.5121 -0.7510 0.2413
0.5167 -0.1766 0.2584
0.5211 -0.6945 0.2192
0.5242 0.5033 0.1983
0.5263 -0.9481 0.3697
0.5373 0.7922 0.2275
0.5433 0.3201 0.2179
0.5458 0.5696 0.1779
0.5597 -0.6160 0.2085
0.5532 -0.1488 0.2276
0.5618 -0.4517 0.2918
0.5636 0.1143 0.2658
0.5672 0.5462 0.1776
0.5698 -0.7769 0.2395
0.5794 0.2486 0.2191
0.5776 -1.1085 0.4270
0.5813 -0.1761 0.2245
0.5816 0.9129 0.2650
0.5857 0.0605 0.2362
0.5926 -0.0437 0.1884
0.6227 0.6266 0.1448
0.6273 0.4306 0.1889
0.6260 -0.3127 0.3286
0.6292 -0.5558 0.2459
0.6290 0.6938 0.1414
0.6314 0.3365 0.1482
0.6366 -0.6301 0.2198
0.6407 -0.6120 0.2244
0.6390 -0.1107 0.1692
0.6427 0.6320 0.1404
0.6494 0.8674 0.2030
0.6483 0.7371 0.1422
0.6541 -0.5151 0.2780
0.6517 0.3070 0.1475
0.6577 0.4319 0.1932
0.6556 0.6361 0.1395
0.6570 0.7454 0.1455
0.6559 -0.0148 0.1612
0.6629 0.3709 0.1476
0.6648 0.9169 0.2509
0.6674 -0.7844 0.2700
0.6707 0.8063 0.1738
0.6812 -0.0724 0.1488
0.6792 0.3599 0.1398
0.6837 0.6310 0.1542
0.6914 -1.3717 0.5485
0.6984 -0.0305 0.1417
0.6983 0.1505 0.1776
0.7093 0.1834 0.1453
0.7161 -0.8280 0.2996
0.7180 0.7012 0.1451
0.7212 -0.0219 0.1444
0.7252 0.2755 0.1114
0.7263 -0.1028 0.1655
0.7315 -0.9278 0.2659
0.7310 0.1780 0.1400
0.7380 0.2071 0.1223
0.7337 0.7542 0.1692
0.7434 0.2626 0.1066
0.7404 0.2810 0.1094
0.7605 -0.0217 0.1616
0.7733 0.2869 0.1210
0.7814 0.0815 0.2133
0.7822 0.7137 0.1885
0.7825 -1.0756 0.2539
0.7832 0.3010 0.1318
0.7888 0.3808 0.1808
0.7947 -0.9748 0.2458
0.8027 -0.0314 0.1896
0.8017 0.5513 0.2499
0.7998 -1.0834 0.2572
0.8018 -0.9962 0.2396
0.8009 0.2483 0.1431
0.8032 0.8583 0.2388
0.8191 -0.3865 0.4248
0.8244 -0.1136 0.2292
0.8325 0.4067 0.2238
0.8454 -1.3726 0.4933
0.8503 0.8130 0.2185
0.8524 -0.1679 0.2870
0.8616 -1.2190 0.3370
0.8770 0.7901 0.2051
0.8780 -1.0128 0.2684
0.8886 0.4599 0.2359
0.8923 0.6411 0.1663
0.8929 0.6885 0.1671
0.9027 0.7015 0.1669
0.9072 0.6477 0.1615
0.9183 -1.0889 0.2831
0.9204 0.2028 0.2023
0.9451 0.2652 0.1820
0.9477 0.2123 0.1787
0.9517 0.5421 0.1704
0.9607 0.5947 0.1484
0.9892 0.0363 0.2715
0.9955 -0.2409 0.3782
1.0068 0.1480 0.1917
1.0063 0.6404 0.1675
1.0163 0.5426 0.1589
1.0177 0.2961 0.1356
1.0202 0.2559 0.1331
1.0249 0.5329 0.1640
1.0299 0.2885 0.1263
1.0292 0.7766 0.2505
1.0290 0.5161 0.1768
1.0422 0.6652 0.1965
1.0542 0.0470 0.2611
1.0749 -0.1045 0.3216
1.0754 0.7910 0.3010
1.0834 -0.1720 0.3762
1.0801 0.2303 0.1412
1.0843 -1.1837 0.4278
1.0880 0.4511 0.2190
1.0931 0.2651 0.1264
1.0911 0.3403 0.1423
1.1003 0.1719 0.2027
1.0964 -0.0246 0.3142
1.1090 0.2853 0.1335
1.1113 0.3511 0.1588
1.1194 -0.9697 0.4982
1.1250 0.3287 0.1529
1.1229 0.6116 0.2485
1.1263 -1.1791 0.4745
