points 
 2 
 1 
Tumour[19065]FoxP310NNCodensity
-1.2921 -0.3055 0.8667
-1.2920 0.5901 0.5425
-1.2742 0.9391 0.3331
-1.2705 -0.8522 0.4930
-1.2661 0.9687 0.3475
-1.2469 0.8727 0.2967
-1.2216 0.9000 0.2843
-1.2107 1.2946 0.7005
-1.1951 -0.8685 0.4105
-1.1899 -0.9218 0.4217
-1.1731 0.7657 0.3013
-1.1298 0.8318 0.2705
-1.1137 -0.8081 0.3677
-1.1063 0.7867 0.2951
-1.0585 -1.1179 0.4670
-1.0578 0.9739 0.3372
-1.0452 -0.5815 0.4353
-0.9972 -0.5946 0.4069
-0.9974 0.8412 0.3133
-0.9836 -0.5986 0.4015
-0.9591 0.4838 0.5539
-0.9377 -1.0579 0.3278
-0.8987 -0.8419 0.2633
-0.8940 0.0286 0.6633
-0.8820 0.6320 0.4618
-0.8739 -0.8220 0.2509
-0.8509 0.9442 0.2392
-0.8431 -0.9952 0.2138
-0.8419 1.2625 0.5313
-0.8411 -0.9740 0.1989
-0.8384 0.7682 0.3389
-0.8110 -0.9161 0.1812
-0.8051 0.9341 0.2068
-0.8032 1.0147 0.2490
-0.7979 0.0565 0.6232
-0.7903 -0.7290 0.3129
-0.7740 0.9527 0.1959
-0.7630 0.9581 0.1943
-0.7520 -0.9596 0.1779
-0.7535 -0.8969 0.1855
-0.7431 -0.7067 0.3527
-0.7340 -0.9595 0.1824
-0.7371 -0.1277 0.6496
-0.7299 0.9933 0.2139
-0.7075 -0.9468 0.1954
-0.6790 0.2940 0.5504
-0.6696 0.2888 0.5530
-0.6616 0.9056 0.2337
-0.6479 0.2778 0.5680
-0.6303 1.1608 0.4126
-0.6171 -0.9348 0.2848
-0.6132 -0.3316 0.6080
-0.6133 0.8704 0.2804
-0.6042 0.9176 0.2621
-0.5963 -0.4724 0.5439
-0.5871 -0.9196 0.3234
-0.4678 0.9170 0.3497
-0.4460 0.9991 0.3616
-0.4004 -0.5530 0.4936
-0.3680 0.5620 0.6769
-0.3136 0.9757 0.4152
-0.2810 -0.8654 0.3832
-0.2736 -0.7200 0.3764
-0.2522 -0.5006 0.4936
-0.2383 -0.4262 0.5617
-0.2235 -0.8788 0.3377
-0.2248 0.9150 0.4519
-0.2116 0.9447 0.4632
-0.1272 -0.9190 0.2924
-0.0931 0.9304 0.5444
-0.0769 -0.7535 0.2575
-0.0357 -0.7376 0.2579
-0.0304 -0.8456 0.2161
-0.0316 -0.8231 0.2167
-0.0084 -0.8481 0.2165
0.0579 -0.9643 0.3253
0.1182 -0.7323 0.2637
0.1247 -0.7807 0.2702
0.1302 -0.6280 0.3107
0.1430 0.9639 0.5578
0.1442 -0.9802 0.3779
0.2693 -0.6379 0.2137
0.2784 -0.3840 0.4623
0.2789 -0.6858 0.2092
0.2798 -0.6156 0.2222
0.2862 0.6817 0.6102
0.2913 1.0911 0.6048
0.3215 -0.7698 0.2584
0.3405 -0.7254 0.2285
0.3589 -0.9503 0.4086
0.3756 0.7990 0.5021
0.3764 -0.6174 0.1956
0.4015 -0.5407 0.2546
0.4037 -0.0713 0.7611
0.4059 0.8110 0.4896
0.4284 -0.6585 0.2039
0.4441 0.7514 0.5089
0.4885 -0.5968 0.2587
0.5097 -0.5851 0.2854
0.5172 -0.7211 0.3153
0.5358 -0.9757 0.4494
0.5589 0.2761 0.5513
0.5588 -0.9730 0.4522
0.5647 1.1365 0.5391
0.6076 -0.3675 0.4996
0.6813 1.1950 0.5350
0.6844 0.4114 0.4109
0.7244 1.1976 0.5218
0.7523 -0.8557 0.3915
0.7577 0.9064 0.4946
0.7694 0.7819 0.5051
0.7768 0.1658 0.4031
0.8031 -1.0295 0.5018
0.8111 1.3677 0.5817
0.8351 0.4267 0.2853
0.8410 -0.1425 0.4815
0.8529 -0.3548 0.3623
0.8812 -0.6756 0.2891
0.8934 0.4499 0.2690
0.8925 -0.6439 0.2927
0.8989 0.2497 0.2776
0.8991 -0.3259 0.3463
0.9028 -0.7593 0.2921
0.9034 0.3382 0.2383
0.9029 -0.7428 0.2856
0.9131 0.2555 0.2735
0.9179 0.3339 0.2400
0.9404 -0.4930 0.2883
0.9396 0.3913 0.2515
0.9648 -0.4981 0.2840
0.9719 1.3559 0.5221
0.9764 0.9120 0.4800
0.9801 -0.3374 0.3303
0.9865 0.7560 0.4386
0.9986 0.6567 0.4000
1.0409 -0.8789 0.3675
1.0394 -0.8068 0.3256
1.0534 0.4833 0.3416
1.0619 -0.5249 0.3286
1.0654 -0.0750 0.4861
1.0928 0.1041 0.4835
1.1103 0.5580 0.4325
1.1157 -0.6891 0.3568
1.1176 -0.1663 0.4723
1.1285 -0.9003 0.4609
1.1480 -0.4286 0.4218
1.1529 1.0943 0.4657
1.1598 1.0227 0.4879
1.1728 1.2624 0.4966
1.1983 1.2201 0.4944
1.1973 1.2420 0.5015
