points 
 2 
 1 
Tumour[19065]FoxP310NNCodensity
-1.1899 0.3210 0.4793
-1.1843 -1.0089 0.6153
-1.1853 -0.0265 0.5440
-1.1754 0.2646 0.4294
-1.1639 1.1113 0.8923
-1.1553 0.1922 0.4178
-1.1529 1.1293 0.8792
-1.1407 -1.2360 0.7435
-1.1336 -0.1076 0.5898
-1.1322 0.2708 0.4119
-1.1325 0.3215 0.4477
-1.0898 -1.1638 0.6317
-1.0882 0.3098 0.4423
-1.0573 -0.2043 0.6589
-1.0151 -0.8588 0.4657
-0.9958 -0.7775 0.4435
-0.9688 -1.1626 0.5960
-0.9547 1.2156 0.6866
-0.8771 -0.6398 0.2842
-0.8582 -0.5893 0.2678
-0.8487 1.1649 0.5800
-0.8339 -0.6925 0.2840
-0.7879 0.1485 0.5505
-0.7449 -0.5499 0.1997
-0.7459 -0.7056 0.2951
-0.7195 -0.5197 0.2031
-0.7130 -0.6090 0.2205
-0.7116 -1.0218 0.5991
-0.7128 -0.5028 0.2134
-0.7034 1.1424 0.4917
-0.6958 1.1283 0.4796
-0.6762 -0.4795 0.2347
-0.6199 -0.5183 0.2575
-0.6026 -0.4041 0.2628
-0.5077 -0.3069 0.2575
-0.5060 0.1646 0.2030
-0.5047 -0.3614 0.2685
-0.5008 0.3278 0.1510
-0.5018 0.4727 0.2566
-0.4996 0.2533 0.1319
-0.4893 -0.1457 0.2404
-0.4900 0.2886 0.1270
-0.4870 0.3841 0.1756
-0.4820 -1.2062 0.6037
-0.4815 0.2801 0.1222
-0.4795 0.2676 0.1211
-0.4704 0.3882 0.1766
-0.4658 0.2531 0.1295
-0.4586 -0.0634 0.2409
-0.4501 -0.2967 0.2571
-0.4481 -0.3157 0.2670
-0.4415 0.1308 0.2198
-0.4399 -0.2208 0.2374
-0.4368 -0.0006 0.2327
-0.4355 -0.0829 0.2351
-0.4344 0.9436 0.2231
-0.4342 0.1832 0.1937
-0.4317 -0.0135 0.2296
-0.4243 0.8618 0.2465
-0.4223 1.0212 0.2325
-0.4110 0.5240 0.2084
-0.4021 0.8698 0.2278
-0.3892 0.9962 0.1926
-0.3811 0.5695 0.2127
-0.3742 0.9815 0.1841
-0.3557 1.0171 0.2019
-0.3515 0.6329 0.2299
-0.3471 0.4363 0.1854
-0.3404 -0.6816 0.1491
-0.3386 -0.9247 0.2549
-0.3327 -0.7887 0.1693
-0.3269 -0.7970 0.1687
-0.3229 -0.6978 0.1310
-0.3245 -0.0910 0.2996
-0.3068 0.8929 0.2183
-0.3002 0.4064 0.2060
-0.2983 -0.6515 0.1186
-0.2966 -0.6060 0.1505
-0.2900 0.4323 0.1861
-0.2879 0.5477 0.1660
-0.2885 0.5345 0.1645
-0.2803 0.9655 0.2160
-0.2762 -1.2372 0.5545
-0.2676 -0.9572 0.2243
-0.2656 -0.5633 0.1604
-0.2605 0.5400 0.1722
-0.2593 0.3969 0.2192
-0.2592 -0.7053 0.1079
-0.2579 1.2124 0.4254
-0.2579 -0.6720 0.1021
-0.2565 -0.8004 0.1497
-0.2415 -0.7283 0.1176
-0.2367 -0.6784 0.1078
-0.2287 -0.4548 0.1719
-0.2294 -0.8162 0.1641
-0.2278 -0.4947 0.1479
-0.2233 0.0548 0.3730
-0.2230 0.7090 0.2017
-0.2148 -0.6598 0.1178
-0.2132 -1.0384 0.3057
-0.2110 0.7617 0.2265
-0.2056 -0.7797 0.1600
-0.2052 -0.4186 0.1830
-0.1923 -0.5228 0.1258
-0.1927 0.6158 0.1769
-0.1936 0.6996 0.1914
-0.1901 -0.5368 0.1275
-0.1906 0.6277 0.1774
-0.1886 -0.6593 0.1351
-0.1785 -0.8938 0.1892
-0.1702 -0.9452 0.2162
-0.1695 0.9819 0.2983
-0.1596 -0.3248 0.2618
-0.1536 -0.9209 0.2122
-0.1465 -0.5920 0.1420
-0.1468 -0.4706 0.1571
-0.1435 0.5067 0.1979
-0.1385 -0.6266 0.1593
-0.1243 1.0242 0.3224
-0.1250 -0.3493 0.2374
-0.1207 -0.5399 0.1524
-0.1208 0.5224 0.2131
-0.1155 0.4341 0.2343
-0.1082 -0.5446 0.1651
-0.1031 0.7210 0.2292
-0.1046 0.1781 0.3636
-0.0928 0.1911 0.3545
-0.0893 -0.8190 0.2641
-0.0912 0.7451 0.2503
-0.0720 -0.3334 0.2884
-0.0689 0.4580 0.2598
-0.0688 1.1481 0.4052
-0.0650 0.8094 0.2896
-0.0351 0.3746 0.3052
-0.0131 -0.1431 0.4520
0.0430 0.0406 0.3676
0.0470 0.9563 0.2760
0.0975 1.0345 0.2611
0.1351 0.1380 0.3180
0.1348 0.4750 0.3843
0.1386 0.2259 0.3016
0.1539 0.0566 0.3717
0.1534 0.9760 0.2173
0.1797 0.9507 0.2024
0.1867 1.0272 0.2300
0.2063 0.3192 0.3399
0.2170 0.9567 0.1936
0.2158 0.3036 0.3403
0.2237 -0.9114 0.5785
0.2305 0.9436 0.1996
0.2721 0.1404 0.4213
0.2861 0.7418 0.3619
0.2840 1.0358 0.2659
0.2974 0.7833 0.3278
0.3503 0.4979 0.3968
0.3518 -0.8092 0.4156
0.3634 -0.5010 0.5659
0.3683 0.8650 0.3132
0.3943 0.9676 0.3356
0.4125 0.5319 0.3833
0.4795 -0.9331 0.3419
0.5519 -0.6709 0.2221
0.5754 0.5239 0.3167
0.5803 -0.9105 0.2441
0.5915 -0.7793 0.1584
0.5951 -0.6839 0.1721
0.6045 -0.8075 0.1541
0.6048 -0.7382 0.1468
0.6148 0.5419 0.2914
0.6242 0.5297 0.2929
0.6314 -0.6157 0.2420
0.6375 0.7355 0.3950
0.6569 -0.7080 0.1465
0.6611 0.5460 0.2902
0.6675 -0.8558 0.1589
0.6766 -0.7158 0.1530
0.6902 -0.8489 0.1586
0.6971 -0.8369 0.1541
0.6974 -0.8191 0.1463
0.7153 -0.7288 0.1781
0.7205 -1.1953 0.6236
0.7555 0.7228 0.3575
0.7976 0.5226 0.3350
0.8188 1.1455 0.5251
0.8262 0.5792 0.3186
0.8320 -0.7929 0.2161
0.8542 -0.8201 0.2359
0.8948 -0.8139 0.2582
0.8925 -0.7312 0.2447
0.9125 1.1328 0.4504
0.9207 1.1477 0.4592
0.9343 1.1242 0.4412
0.9387 1.1433 0.4541
0.9579 -0.6424 0.2475
0.9546 0.6255 0.3011
0.9614 0.7620 0.3203
0.9802 -0.6656 0.2215
1.0461 0.6517 0.2384
1.0599 0.6858 0.2124
1.0733 -0.7189 0.1803
1.0731 -0.6615 0.1740
1.0905 0.7304 0.1999
1.1033 -0.6078 0.2117
1.1115 -0.6595 0.1669
1.1138 -0.7658 0.2017
1.1309 0.7656 0.2135
1.1635 -0.6991 0.1681
1.1677 -0.7418 0.1788
1.1837 0.6530 0.2182
1.2179 0.7216 0.2144
1.2224 -0.6594 0.2276
1.2279 -0.9196 0.3142
1.2284 0.6863 0.2268
1.2311 0.7074 0.2240
1.2504 0.7468 0.2634
1.2585 -0.7480 0.2367
1.2693 -0.9313 0.3403
1.2736 -0.8058 0.2631
1.2895 -1.0427 0.5006
1.2957 1.1947 0.7271
