points 
 2 
 1 
Tumour[19065]CD6810NNCodensity
-1.2435 -0.0685 0.1653
-1.2445 0.0830 0.1522
-1.2292 0.1951 0.1520
-1.2369 0.2539 0.1681
-1.2462 0.3276 0.2337
-1.2415 0.7699 0.1735
-1.2467 1.1415 0.2838
-1.2317 0.3004 0.1962
-1.2373 0.6248 0.3128
-1.2363 1.0795 0.2240
-1.2304 -0.1039 0.1913
-1.2315 0.8287 0.1350
-1.2284 -0.0420 0.1406
-1.2181 0.1252 0.1376
-1.2242 0.0520 0.1355
-1.2120 0.8526 0.1220
-1.2170 -0.7302 0.3992
-1.2157 0.0059 0.1314
-1.2106 0.5302 0.3530
-1.1986 0.7964 0.1183
-1.2021 0.2560 0.1527
-1.1996 1.0574 0.2028
-1.2019 1.0849 0.2087
-1.2052 1.1325 0.2505
-1.2003 -0.7991 0.4235
-1.1950 -0.0935 0.1712
-1.1809 0.0854 0.1185
-1.1891 0.7328 0.1816
-1.1890 1.1152 0.2317
-1.1763 -0.0748 0.1573
-1.1777 0.0383 0.1257
-1.1745 0.8758 0.1099
-1.1726 -0.2689 0.3381
-1.1629 0.1515 0.1242
-1.1656 0.1942 0.1303
-1.1527 0.8484 0.0933
-1.1479 0.8794 0.1078
-1.1318 0.0415 0.1360
-1.1284 -1.0693 0.6463
-1.1384 0.8191 0.1049
-1.1317 0.9371 0.1783
-1.1317 0.8477 0.0991
-1.1267 0.1474 0.1235
-1.1177 0.2419 0.1749
-1.1164 -0.7612 0.3576
-1.1185 -0.4905 0.1968
-1.1110 0.8270 0.1207
-1.1011 0.0227 0.1428
-1.0956 0.0953 0.1319
-1.0983 -1.0305 0.5919
-1.0948 -0.5311 0.1861
-1.0901 0.3799 0.2814
-1.0861 -0.4603 0.1617
-1.0871 0.1687 0.1552
-1.0799 0.1373 0.1457
-1.0787 0.4860 0.3310
-1.0671 0.8152 0.1704
-1.0545 -0.0042 0.1619
-1.0454 -0.4017 0.1663
-1.0390 -0.5075 0.1447
-1.0398 -0.4325 0.1398
-1.0295 -0.0116 0.1827
-1.0189 -0.4116 0.1526
-1.0176 0.0445 0.1772
-1.0093 0.9848 0.2245
-1.0058 -0.6492 0.2688
-0.9956 -0.5304 0.1637
-1.0038 -0.0418 0.2257
-0.9864 0.9020 0.1923
-0.9637 -0.5814 0.2135
-0.9679 0.9626 0.1998
-0.9463 0.5109 0.3269
-0.9572 -0.4552 0.1442
-0.9533 0.2576 0.1736
-0.9453 -0.2799 0.1777
-0.9418 0.8060 0.2542
-0.9361 0.2821 0.1761
-0.9442 0.9468 0.1850
-0.9309 -0.4091 0.1507
-0.9236 0.2510 0.1466
-0.9150 -0.2874 0.1492
-0.9159 0.1724 0.1511
-0.9119 0.4789 0.3056
-0.9136 -0.4767 0.1706
-0.9129 0.2056 0.1368
-0.9070 0.9713 0.1794
-0.8783 -0.3815 0.1425
-0.8885 -0.2519 0.1401
-0.8844 -0.1602 0.2174
-0.8856 0.3083 0.1923
-0.8566 -0.3449 0.1338
-0.8828 0.1313 0.1689
-0.8777 -0.4293 0.1637
-0.8716 1.3143 0.4943
-0.8683 -0.2075 0.1586
-0.8593 -0.7765 0.3917
-0.8520 -0.2925 0.1262
-0.8594 0.1294 0.1669
-0.8476 0.1777 0.1524
-0.8308 1.0040 0.1641
-0.8299 -0.6177 0.2888
-0.8276 -0.2380 0.1402
-0.8301 0.5929 0.3973
-0.8253 0.3238 0.2335
-0.8210 0.1724 0.1646
-0.8140 0.8550 0.2207
-0.8079 -0.3607 0.1397
-0.8071 0.8176 0.2607
-0.8031 1.0047 0.1541
-0.7912 -0.3194 0.1297
-0.7864 0.9182 0.1783
-0.7847 0.9564 0.1588
-0.7647 -0.2164 0.1741
-0.7643 1.0558 0.1520
-0.7569 0.0408 0.1764
-0.7475 -0.2771 0.1542
-0.7490 0.0946 0.1489
-0.7497 -0.4238 0.1986
-0.7421 -0.3163 0.1499
-0.7338 1.0815 0.1561
-0.7405 1.1550 0.2281
-0.7263 1.0213 0.1437
-0.7190 -0.3218 0.1722
-0.7076 0.0826 0.1277
-0.7084 0.2250 0.1909
-0.7054 1.0224 0.1509
-0.6997 -0.6662 0.2341
-0.6982 0.0463 0.1352
-0.6974 0.1264 0.1197
-0.6961 -0.1232 0.1684
-0.6914 -0.0456 0.1380
-0.6768 -0.6270 0.2028
-0.6639 0.1235 0.1105
-0.6715 -0.0636 0.1240
-0.6607 -0.1428 0.1731
-0.6667 0.1517 0.1141
-0.6688 1.1056 0.1832
-0.6557 -0.1048 0.1386
-0.6532 -0.4599 0.1741
-0.6455 0.1988 0.1561
-0.6432 -0.0711 0.1178
-0.6405 0.9634 0.2042
-0.6438 1.1516 0.2285
-0.6382 -1.0980 0.4489
-0.6272 0.0270 0.1268
-0.6381 0.7057 0.2962
-0.6195 -0.6071 0.1689
-0.6211 -0.4580 0.1510
-0.6286 0.1279 0.1199
-0.6185 -1.1260 0.4650
-0.6232 -0.6882 0.2120
-0.6133 0.1766 0.1518
-0.6024 -0.4325 0.1510
-0.6015 -0.8040 0.3176
-0.6014 -0.0017 0.1088
-0.6009 0.0271 0.1166
-0.5929 -1.0473 0.3840
-0.5954 -0.0744 0.1368
-0.5938 1.0263 0.2040
-0.5902 -0.4816 0.1369
-0.5813 -0.5976 0.1634
-0.5868 0.1203 0.1454
-0.5833 -0.5705 0.1609
-0.5768 0.0085 0.0986
-0.5629 0.9638 0.2170
-0.5602 -0.4228 0.1428
-0.5520 -0.4487 0.1347
-0.5439 0.0437 0.1089
-0.5466 0.8201 0.2278
-0.5321 -0.0337 0.1153
-0.5404 0.0077 0.0937
-0.5266 -0.6192 0.1941
-0.5228 0.9054 0.1999
-0.5173 0.6583 0.1534
-0.5136 1.1701 0.2942
-0.5061 -0.3482 0.1908
-0.5069 -0.4842 0.1642
-0.5004 -0.0276 0.1259
-0.4983 0.0082 0.1129
-0.4926 0.0302 0.1223
-0.4959 0.6312 0.1311
-0.4897 0.6636 0.1288
-0.5018 0.7316 0.1778
-0.4857 -0.8063 0.3120
-0.4849 -1.0319 0.3307
-0.4751 0.1729 0.2309
-0.4722 0.6319 0.1137
-0.4651 0.0472 0.1559
-0.4645 -0.3830 0.1616
-0.4636 1.0607 0.1962
-0.4611 -0.6131 0.2421
-0.4595 -0.4943 0.1954
-0.4469 0.8549 0.1741
-0.4330 0.4375 0.1752
-0.4320 1.0191 0.1592
-0.4393 0.6386 0.1059
-0.4395 0.8382 0.1771
-0.4014 0.5201 0.1366
-0.4268 0.5777 0.1222
-0.4233 -0.2824 0.1833
-0.4088 0.4212 0.1632
-0.4098 1.0760 0.1782
-0.3933 -0.4239 0.1739
-0.4063 0.6126 0.1090
-0.4001 0.9089 0.1374
-0.3928 0.3581 0.1836
-0.3984 -0.3279 0.1574
-0.3721 -0.9261 0.2778
-0.3876 -0.3595 0.1531
-0.3961 0.5863 0.1130
-0.3929 0.7181 0.1833
-0.3768 1.0047 0.1196
-0.3781 0.9426 0.1229
-0.3808 0.4784 0.1440
-0.3878 -0.1889 0.1865
-0.3781 -0.1046 0.1686
-0.3800 0.3382 0.1899
-0.3751 0.6016 0.1125
-0.3714 -0.7591 0.3206
-0.3764 0.6693 0.1419
-0.3720 0.8826 0.1456
-0.3724 0.1529 0.1731
-0.3555 -0.9932 0.3138
-0.3614 -0.0628 0.1456
-0.3567 0.3930 0.1648
-0.3532 -0.0905 0.1485
-0.3463 0.9688 0.1100
-0.3520 0.0838 0.1633
-0.3350 0.5171 0.1284
-0.3431 0.1753 0.1657
-0.3453 1.0360 0.1348
-0.3418 -0.3982 0.1717
-0.3371 -0.0367 0.1268
-0.3302 0.2383 0.1789
-0.3279 -0.2939 0.1453
-0.3226 0.9026 0.1429
-0.3146 0.0263 0.1353
-0.3088 0.5340 0.1204
-0.3114 0.9520 0.1233
-0.3151 1.0115 0.1288
-0.3111 -0.2115 0.1416
-0.3109 0.6131 0.1174
-0.3081 -0.0647 0.1360
-0.3031 -0.4409 0.2172
-0.3023 0.1408 0.1475
-0.3038 0.3196 0.2064
-0.2946 0.5698 0.1098
-0.3012 -0.9209 0.2800
-0.2983 1.0231 0.1478
-0.2924 0.1798 0.1561
-0.2950 -0.2459 0.1256
-0.2815 0.0098 0.1327
-0.2875 -0.2177 0.1273
-0.2708 -0.0275 0.1383
-0.2839 0.0450 0.1472
-0.2894 0.6098 0.1159
-0.2719 -0.3166 0.1627
-0.2779 0.5118 0.1439
-0.2646 0.6302 0.1258
-0.2590 -0.8962 0.2764
-0.2592 0.8569 0.1969
-0.2447 -0.2409 0.1219
-0.2258 0.9563 0.1995
-0.2344 0.5170 0.1596
-0.2275 0.7318 0.1826
-0.2320 -0.4764 0.3076
-0.2258 0.6376 0.1297
-0.2205 -0.8753 0.2809
-0.2282 0.6073 0.1248
-0.2222 -0.2455 0.1296
-0.2117 -0.2109 0.1429
-0.2114 0.2820 0.2451
-0.2178 0.1617 0.1966
-0.2165 -0.0082 0.1962
-0.1963 -0.2367 0.1469
-0.1969 0.1744 0.2210
-0.1731 -0.1545 0.2039
-0.1867 0.6280 0.1348
-0.1889 0.8466 0.2219
-0.1586 0.7665 0.1715
-0.1414 -0.8261 0.3003
-0.1367 0.5349 0.1719
-0.1376 0.7236 0.1375
-0.1327 0.6462 0.1246
-0.1221 0.6241 0.1243
-0.1165 0.7448 0.1511
-0.1057 0.5649 0.1467
-0.1000 0.6826 0.1202
-0.0933 -0.3141 0.2896
-0.0749 0.6588 0.1178
-0.0671 -0.1788 0.2999
-0.0556 0.5445 0.1774
-0.0509 0.3786 0.3305
-0.0475 0.5975 0.1363
-0.0354 0.7166 0.1434
-0.0297 -0.8956 0.2980
-0.0272 -0.7762 0.2488
-0.0273 0.6555 0.1234
0.0227 0.6312 0.1393
0.0076 -0.7909 0.2307
0.0048 0.6887 0.1356
0.0259 0.0183 0.4232
0.0343 0.6882 0.1430
0.0321 0.4210 0.2790
0.0463 -0.7078 0.2399
0.0580 1.2748 0.6703
0.0942 0.6132 0.1402
0.1101 -0.7476 0.2136
0.1064 0.8305 0.1931
0.1119 0.6515 0.1284
0.1076 0.6786 0.1397
0.1344 0.5342 0.1684
0.1333 -0.8653 0.2528
0.1361 -0.6626 0.2615
0.1398 -0.7787 0.2209
0.1367 0.7806 0.1715
0.1390 0.9053 0.1702
0.1461 0.9744 0.2240
0.1510 0.5925 0.1228
0.1555 0.8615 0.1512
0.1671 -1.0085 0.3842
0.1682 0.6768 0.1203
0.1683 -0.7201 0.2455
0.1663 0.1280 0.4190
0.1673 0.4199 0.2588
0.1771 0.7706 0.1591
0.1784 0.5238 0.1706
0.1766 0.5998 0.1208
0.1885 -0.9888 0.3650
0.1925 0.4560 0.2282
0.2014 -0.4777 0.4065
0.2078 0.6589 0.1265
0.2102 0.6148 0.1360
0.2141 0.6841 0.1307
0.2253 0.9044 0.1475
0.2145 0.9272 0.1546
0.2207 0.8740 0.1506
0.2306 -0.0894 0.4618
0.2385 0.9284 0.1631
0.2406 0.7096 0.1504
0.2509 0.1072 0.3885
0.2683 -0.6586 0.3175
0.2821 0.7492 0.1758
0.3303 0.3776 0.3870
0.3390 0.9462 0.2494
0.3458 0.6948 0.1583
0.3434 0.8660 0.2062
0.3518 0.6599 0.1748
0.3678 0.0649 0.3695
0.3757 0.8225 0.1973
0.3735 0.7169 0.1549
0.3850 -0.4893 0.2526
0.3871 0.5588 0.2901
0.3913 -0.5218 0.2528
0.3994 0.0847 0.3642
0.4109 0.7102 0.1706
0.4242 -1.0233 0.2429
0.4342 0.7292 0.1886
0.4448 0.7657 0.2035
0.4437 -0.3996 0.2177
0.4530 -0.9213 0.2128
0.4553 -1.0331 0.2132
0.4666 -0.1289 0.4412
0.4960 -0.5788 0.2005
0.4999 0.1349 0.3720
0.5034 -0.4855 0.1663
0.5149 -0.4728 0.1605
0.5235 -0.7673 0.1888
0.5239 1.0178 0.2605
0.5382 -0.6737 0.1363
0.5426 -0.9407 0.1243
0.5387 -0.7334 0.1534
0.5371 -0.4067 0.1426
0.5375 -0.9708 0.1251
0.5415 0.9046 0.2155
0.5476 -1.0363 0.1601
0.5509 -0.6496 0.1384
0.5534 0.9389 0.2030
0.5635 -0.3876 0.1397
0.5750 -0.9967 0.1187
0.5686 -0.6778 0.1189
0.5729 -0.9024 0.1281
0.5719 0.3326 0.3487
0.5919 -0.7101 0.1172
0.5932 -0.4348 0.1201
0.5866 -0.3950 0.1260
0.5955 -0.9424 0.1086
0.5952 -0.9103 0.1180
0.6055 0.2017 0.3252
0.6086 -0.9943 0.1177
0.6030 -0.6445 0.1288
0.6035 -0.3758 0.1292
0.6103 0.9697 0.1653
0.6259 -0.9105 0.1253
0.6191 -0.5163 0.1402
0.6333 -0.7282 0.1254
0.6360 -0.8469 0.1466
0.6473 -1.0177 0.1440
0.6430 -0.4298 0.1190
0.6457 0.9068 0.1626
0.6630 -0.7039 0.1075
0.6574 -0.5514 0.1301
0.6695 -0.7690 0.1209
0.6616 0.9840 0.1699
0.6595 0.8822 0.1759
0.6615 -0.6421 0.1227
0.6618 -0.4736 0.1161
0.6805 -0.3274 0.1541
0.6656 -1.0461 0.1743
0.6742 -0.8358 0.1351
0.6715 1.0818 0.2344
0.6710 -0.5181 0.1138
0.6784 -0.5390 0.1168
0.6863 -0.6636 0.1037
0.6958 0.2548 0.2597
0.6828 0.9515 0.1675
0.7004 -0.9851 0.1380
0.6902 -0.4362 0.1338
0.6931 -0.3857 0.1285
0.6891 0.3912 0.2898
0.7174 -0.5161 0.1116
0.7164 -0.9121 0.1228
0.7044 -0.7595 0.1091
0.7298 -0.7406 0.0986
0.7263 -0.7022 0.0907
0.7342 -0.7886 0.1213
0.7098 -0.3600 0.1318
0.7157 -0.6605 0.0949
0.7105 0.8557 0.2152
0.7164 1.1608 0.2905
0.7348 -0.8424 0.1259
0.7394 -0.6416 0.1050
0.7522 -0.9985 0.1435
0.7373 -0.6023 0.1223
0.7454 -0.8897 0.1159
0.7439 -0.3078 0.1528
0.7432 0.2958 0.2258
0.7460 -0.9379 0.1135
0.7480 -0.6743 0.0927
0.7595 -0.7153 0.0932
0.7716 -0.9074 0.1118
0.7611 0.9417 0.2129
0.7634 -0.5168 0.1043
0.7741 -0.5376 0.1028
0.7667 -0.3550 0.1294
0.7716 -0.2579 0.2160
0.7709 1.1256 0.2453
0.7931 -0.9800 0.1372
0.7837 -0.5715 0.1156
0.7862 -0.4932 0.1035
0.7825 0.2869 0.2225
0.7967 -0.8576 0.1424
0.7916 -0.4619 0.1124
0.7871 0.8146 0.2911
0.7946 -0.7089 0.1038
0.7918 -0.4027 0.1291
0.7988 -0.7369 0.1137
0.7981 0.0958 0.4020
0.8055 -0.9287 0.1253
0.8043 -0.3195 0.1625
0.8141 -0.6774 0.1202
0.8155 0.4030 0.2300
0.8201 -0.4036 0.1380
0.8307 -0.4855 0.1084
0.8278 -0.6276 0.1370
0.8327 -0.5554 0.1169
0.8364 -0.5167 0.1061
0.8309 1.1034 0.2260
0.8378 -0.7432 0.1296
0.8445 0.6197 0.3795
0.8569 -0.9574 0.1514
0.8531 -0.4319 0.1436
0.8589 0.3324 0.1889
0.8720 -1.1352 0.2228
0.8648 0.6516 0.3860
0.8646 1.0151 0.2565
0.8742 1.0917 0.2189
0.8909 -0.9920 0.1447
0.8965 -0.7481 0.1173
0.8957 0.3588 0.1852
0.8804 -0.8450 0.1459
0.9007 -0.8056 0.1206
0.9009 -0.6311 0.1319
0.8990 -0.5462 0.1246
0.9179 0.3249 0.1941
0.9248 -1.1090 0.1539
0.9069 -0.7016 0.1310
0.9042 -0.5001 0.1441
0.9106 -0.6090 0.1283
0.9267 -1.0025 0.1237
0.9240 -0.8124 0.1179
0.9192 -0.7626 0.1110
0.9255 -0.5484 0.1364
0.9494 0.3767 0.1968
0.9540 -0.9832 0.1151
0.9461 -0.7862 0.1163
0.9601 -0.9174 0.1265
0.9713 -1.0224 0.1071
0.9673 -0.8575 0.1174
0.9626 -0.5799 0.1537
0.9652 -1.0526 0.1084
0.9654 -0.6870 0.1292
0.9761 0.3406 0.2106
0.9779 1.1072 0.1820
0.9878 -1.1490 0.1715
0.9753 -1.0720 0.1091
0.9946 -0.9447 0.1131
0.9868 -0.7309 0.1230
0.9859 -0.6450 0.1449
0.9838 -0.8781 0.1169
0.9855 1.1321 0.1815
0.9862 1.1868 0.2160
0.9988 0.5637 0.3193
0.9989 -1.1042 0.1248
1.0012 0.0181 0.5210
1.0123 0.3652 0.2235
1.0118 -0.3876 0.2606
1.0162 -0.9178 0.1132
1.0310 -1.0100 0.1035
1.0337 -1.0420 0.0982
1.0216 -0.8625 0.1177
1.0356 -0.8072 0.1126
1.0336 1.1516 0.2067
1.0431 1.2044 0.2574
1.0384 -0.7289 0.1231
1.0371 -0.6746 0.1603
1.0485 -0.9750 0.1045
1.0460 -0.7587 0.1142
1.0457 0.8956 0.3305
1.0434 1.0241 0.2478
1.0527 -1.0725 0.1122
1.0581 -0.8366 0.1122
1.0597 0.4018 0.2511
1.0735 -1.0174 0.0984
1.0639 1.1058 0.2207
1.0748 -0.9661 0.1119
1.0816 -0.7945 0.1040
1.0860 -1.0722 0.1230
1.0957 -0.9331 0.1373
1.0886 -0.2709 0.1497
1.0953 -0.7591 0.1230
1.1062 -1.0554 0.1227
1.1059 -0.7870 0.1196
1.1072 -0.2493 0.1424
1.1110 -0.8438 0.1289
1.1133 -0.9888 0.1225
1.1187 0.7058 0.2397
1.1182 -0.3233 0.1168
1.1248 -0.3004 0.1044
1.1342 0.7376 0.2400
1.1374 -0.8418 0.1539
1.1469 0.7884 0.2653
1.1475 -0.3398 0.1084
1.1590 -0.5257 0.2895
1.1587 0.7500 0.2492
1.1687 -1.0438 0.1757
1.1677 -0.3071 0.0926
1.1701 -0.3352 0.1004
1.1734 0.6879 0.2563
1.1795 0.5743 0.2907
1.1854 0.3833 0.3533
1.1867 -0.2394 0.1284
1.2103 -0.2638 0.1200
1.2072 -0.3333 0.1103
1.2116 -0.3036 0.1050
1.2300 -0.3683 0.1500
1.2113 -0.2321 0.1497
1.2299 -0.4794 0.2413
1.2270 -0.4531 0.2105
1.2350 0.3826 0.4082
1.2360 0.7036 0.3057
1.2428 1.0668 0.4258
1.2449 -1.0632 0.2865
