points 
 2 
 1 
Tumour[19065]CD6810NNCodensity
-1.4246 -0.5439 0.2241
-1.4283 -0.3803 0.2724
-1.4174 -0.3335 0.3055
-1.4163 -0.8425 0.5281
-1.4084 -0.5758 0.2336
-1.4087 0.8614 0.6097
-1.3819 -0.5419 0.1909
-1.3817 -0.4685 0.1923
-1.3536 0.1778 0.2946
-1.3556 0.3295 0.2084
-1.3500 0.3043 0.2092
-1.3294 -0.5648 0.2032
-1.3028 0.1845 0.2525
-1.3085 -0.4599 0.1988
-1.3030 -0.2305 0.3882
-1.3049 -0.1644 0.4578
-1.2997 0.4887 0.1758
-1.3021 0.4075 0.1436
-1.2866 -0.5533 0.2081
-1.2947 0.3841 0.1412
-1.2767 -0.4889 0.2048
-1.2614 0.1974 0.2299
-1.2606 0.3693 0.1434
-1.2342 0.4047 0.1300
-1.2316 0.4389 0.1184
-1.2171 0.4870 0.1227
-1.2170 0.4610 0.1234
-1.2006 0.5416 0.1353
-1.1812 0.5047 0.1238
-1.1799 0.3667 0.1828
-1.1726 0.5693 0.1587
-1.1712 -0.7842 0.4447
-1.1579 0.5416 0.1414
-1.1588 -0.5055 0.2955
-1.1457 0.2399 0.1905
-1.1482 0.5673 0.1672
-1.1351 -0.7816 0.4556
-1.1223 0.1887 0.2135
-1.1234 0.2121 0.1915
-1.1370 0.9670 0.3901
-1.1155 0.9460 0.3653
-1.0882 0.2445 0.1672
-1.0951 -0.5056 0.3502
-1.0841 -0.2442 0.4774
-1.0785 0.8538 0.3260
-1.0725 0.5188 0.1909
-1.0417 0.3215 0.1370
-1.0549 0.4054 0.1538
-1.0536 0.3662 0.1397
-1.0496 1.1457 0.5464
-1.0394 0.7058 0.2672
-1.0281 -0.4629 0.4067
-1.0311 0.3487 0.1255
-1.0242 0.8314 0.2966
-1.0141 0.4119 0.1412
-1.0068 0.2492 0.1851
-1.0024 0.2935 0.1527
-0.9921 0.4145 0.1463
-0.9658 0.6053 0.2219
-0.9607 1.1086 0.4887
-0.9633 0.5318 0.2140
-0.9589 0.7909 0.2684
-0.9358 0.3559 0.1613
-0.9348 0.6099 0.2095
-0.9229 0.3806 0.1769
-0.8541 -0.6808 0.2715
-0.8563 0.3166 0.2367
-0.8542 0.6068 0.1847
-0.8504 0.7469 0.2129
-0.8440 0.6400 0.1812
-0.8430 -0.9328 0.3969
-0.7967 -0.8704 0.2962
-0.8025 0.4490 0.2472
-0.8061 -0.6825 0.2172
-0.8040 0.5480 0.2036
-0.7841 -0.1260 0.3118
-0.7818 0.7224 0.1605
-0.7824 -0.6260 0.2215
-0.7743 -0.6797 0.1972
-0.7818 0.3054 0.2846
-0.7647 0.5942 0.1726
-0.7514 -0.0038 0.2985
-0.7544 0.7990 0.1718
-0.7483 0.7618 0.1482
-0.7211 0.8276 0.1900
-0.7220 -0.4887 0.2511
-0.7255 -0.2020 0.2873
-0.7039 0.7188 0.1215
-0.7239 -0.8109 0.2149
-0.7110 0.6583 0.1279
-0.7052 0.6366 0.1372
-0.7009 -0.2650 0.3055
-0.6996 -0.1639 0.2486
-0.6941 -0.6817 0.1754
-0.6821 0.3542 0.2936
-0.6823 -0.4630 0.2415
-0.6699 -0.6811 0.1743
-0.6734 0.5377 0.2226
-0.6639 -0.7877 0.1597
-0.6689 0.7399 0.1314
-0.6636 0.6636 0.1205
-0.6579 0.8300 0.2079
-0.6489 0.3782 0.2961
-0.6209 -0.6786 0.1717
-0.6441 -0.4980 0.2049
-0.6471 -0.0184 0.1993
-0.6423 0.6900 0.1253
-0.6396 0.6534 0.1314
-0.6214 0.7188 0.1472
-0.6261 0.1607 0.2508
-0.5984 -0.7576 0.1286
-0.6123 -0.4149 0.2618
-0.6077 -0.1524 0.2417
-0.5902 -0.8348 0.1505
-0.5888 -0.7938 0.1252
-0.5920 -0.5103 0.2035
-0.5866 -0.5923 0.1947
-0.5907 0.9857 0.3291
-0.5727 -0.8521 0.1655
-0.5780 1.1025 0.4777
-0.5798 -0.0084 0.1466
-0.5639 -0.7641 0.1204
-0.5647 0.6371 0.1984
-0.5602 0.0365 0.1363
-0.5655 0.1081 0.1777
-0.5537 -0.7887 0.1208
-0.5520 0.0012 0.1344
-0.5549 0.0728 0.1531
-0.5416 -0.5841 0.2057
-0.5202 -1.0460 0.1758
-0.5338 -0.0418 0.1579
-0.5321 0.9708 0.3126
-0.5267 0.0458 0.1413
-0.5186 0.2183 0.2475
-0.5141 -1.0714 0.1829
-0.5112 -0.7664 0.1389
-0.5085 -0.5764 0.2193
-0.5076 -0.0732 0.1955
-0.4735 -0.7177 0.1679
-0.4827 -1.0389 0.1318
-0.4828 0.2407 0.2506
-0.4800 0.6112 0.2720
-0.4703 0.7504 0.2112
-0.4674 0.8562 0.2515
-0.4662 -0.7726 0.1566
-0.4616 0.3285 0.2315
-0.4545 0.8217 0.2381
-0.4469 -1.0076 0.1131
-0.4536 0.4326 0.2471
-0.4415 -1.0385 0.1084
-0.4377 -1.0549 0.1188
-0.4333 -0.9050 0.1878
-0.4345 0.7780 0.2245
-0.4144 -1.0220 0.1089
-0.4316 -0.3357 0.3246
-0.4244 0.7590 0.2242
-0.4255 -0.0069 0.2056
-0.4150 0.0698 0.2101
-0.4081 -0.7455 0.1515
-0.4107 -0.6158 0.2217
-0.3826 -0.6922 0.1718
-0.4015 0.4296 0.1970
-0.3949 -0.9193 0.1658
-0.3860 -0.3166 0.3125
-0.3832 -1.0007 0.1121
-0.3821 -0.8322 0.1829
-0.3642 -1.0280 0.1243
-0.3680 0.4000 0.1674
-0.3711 -0.1777 0.2725
-0.3598 -0.9905 0.1224
-0.3478 -0.7895 0.1773
-0.3579 -0.6655 0.1986
-0.3527 0.0458 0.2004
-0.3420 -0.7620 0.1783
-0.3399 0.2971 0.1808
-0.3333 0.1704 0.1934
-0.3199 0.4121 0.1463
-0.3195 -0.2683 0.2653
-0.3193 0.2908 0.1676
-0.3104 0.1102 0.1994
-0.3115 0.6704 0.2414
-0.3007 -0.9925 0.1734
-0.2925 0.5412 0.1772
-0.2894 -1.0063 0.1866
-0.2871 0.6325 0.2222
-0.2848 -0.0795 0.1798
-0.2852 0.1721 0.1757
-0.2798 0.4467 0.1291
-0.2675 -0.0650 0.1618
-0.2752 0.4162 0.1264
-0.2626 0.2282 0.1389
-0.2580 0.5480 0.1597
-0.2639 -0.3529 0.3132
-0.2501 0.9419 0.4278
-0.2482 0.0046 0.1442
-0.2432 0.3305 0.1364
-0.2317 0.4480 0.1093
-0.2327 0.3756 0.1307
-0.2313 -0.0542 0.1336
-0.2225 -0.8948 0.2357
-0.2195 -0.0171 0.1263
-0.2254 0.2381 0.1351
-0.2137 0.6772 0.2268
-0.2186 -0.7592 0.1963
-0.2202 0.2879 0.1288
-0.2105 -0.3308 0.3084
-0.2126 0.4086 0.1197
-0.2082 -0.6526 0.1605
-0.2048 0.5201 0.1253
-0.1876 -0.0579 0.1285
-0.1902 0.0172 0.1391
-0.1832 0.2658 0.1490
-0.1937 -0.5823 0.2178
-0.1971 0.4773 0.1047
-0.1889 -0.6642 0.1385
-0.1868 0.4549 0.1039
-0.1863 -0.6857 0.1368
-0.1829 0.2882 0.1493
-0.1762 -0.1848 0.2217
-0.1753 0.2075 0.1886
-0.1587 -0.9251 0.2630
-0.1567 0.5283 0.1436
-0.1532 0.0044 0.1234
-0.1528 0.4909 0.1172
-0.1441 -0.6788 0.1210
-0.1468 0.4542 0.1145
-0.1244 -0.7683 0.1687
-0.1203 -0.6578 0.1244
-0.1178 0.6679 0.2388
-0.1200 0.0039 0.1215
-0.1158 -0.0995 0.1306
-0.1099 0.4368 0.1517
-0.1081 -0.8734 0.2312
-0.1107 0.6372 0.2274
-0.0853 0.0052 0.1254
-0.1003 -0.0508 0.1066
-0.0787 -0.6449 0.1353
-0.0849 1.0921 0.5445
-0.0807 -0.1415 0.1131
-0.0800 -0.1108 0.1055
-0.0801 0.4336 0.1916
-0.0736 0.7613 0.2691
-0.0709 -0.0494 0.1007
-0.0658 -0.0242 0.1077
-0.0660 -0.7405 0.1405
-0.0691 -0.6802 0.1188
-0.0633 -0.7113 0.1214
-0.0528 -0.4575 0.3113
-0.0414 -0.1615 0.0883
-0.0345 -0.1873 0.1079
-0.0243 -0.0284 0.1153
-0.0163 -0.6661 0.1202
-0.0214 -0.1104 0.0887
-0.0222 -0.1451 0.0763
-0.0116 -0.0834 0.1002
-0.0046 -0.8853 0.2376
0.0018 -0.1438 0.0817
0.0096 -0.7000 0.1217
0.0150 -0.6081 0.1483
0.0376 -0.0729 0.1085
0.0087 -0.1659 0.0947
0.0147 0.0128 0.1318
0.0130 -0.1231 0.0906
0.0315 -0.6597 0.1251
0.0190 -0.1920 0.1269
0.0272 0.1293 0.1830
0.0272 0.5920 0.2255
0.0310 -0.8147 0.1873
0.0420 -0.7593 0.1404
0.0400 -0.7158 0.1233
0.0466 -0.9689 0.3504
0.0432 0.7660 0.1851
0.0545 -0.0537 0.1151
0.0493 0.0330 0.1283
0.0508 0.2645 0.2561
0.0545 0.8466 0.2000
0.0668 0.0425 0.1265
0.0598 0.0751 0.1380
0.0635 0.2092 0.2008
0.0764 0.6202 0.1997
0.0736 0.9429 0.2794
0.0785 -0.5761 0.1412
0.0659 0.6624 0.1902
0.0871 -0.6192 0.1342
0.0854 -0.2920 0.2335
0.0812 -0.0647 0.1160
0.0993 0.0800 0.1389
0.0952 0.2750 0.2526
0.0945 0.7503 0.1515
0.1117 -0.6742 0.1298
0.0981 -0.1112 0.1130
0.1014 0.4976 0.2678
0.0973 0.6482 0.1856
0.1057 -0.7600 0.1451
0.1028 -0.5716 0.1384
0.1116 -0.7131 0.1239
0.1195 -0.3695 0.2110
0.1262 -0.4999 0.1477
0.1220 -0.4010 0.1871
0.1194 -0.1381 0.1212
0.1266 -0.0670 0.1088
0.1276 -0.5514 0.1473
0.1335 -0.7244 0.1414
0.1343 -0.4155 0.1776
0.1358 0.8025 0.1198
0.1448 -0.0496 0.1218
0.1431 0.1393 0.1781
0.1528 0.7764 0.1158
0.1603 -0.5108 0.1597
0.1535 -0.4722 0.1610
0.1545 0.0599 0.1647
0.1510 0.4923 0.2751
0.1560 0.0263 0.1550
0.1579 0.2019 0.2126
0.1582 0.8238 0.1193
0.1631 -0.7092 0.1728
0.1678 -0.1479 0.1125
0.1741 0.7991 0.1051
0.1719 -0.1182 0.1008
0.1735 -0.0791 0.1147
0.1834 -0.1813 0.1436
0.1966 -0.1202 0.1102
0.1967 0.8634 0.1426
0.2030 0.3946 0.3212
0.2055 0.7595 0.1141
0.2133 0.7844 0.1062
0.2105 0.6803 0.1882
0.2324 0.7465 0.1344
0.2393 -0.1326 0.1467
0.2487 0.8502 0.1444
0.2723 -0.1664 0.1704
0.2595 0.8660 0.1686
0.2715 -0.3397 0.1758
0.2814 -0.2442 0.1674
0.2933 -0.3047 0.1518
0.2811 0.7714 0.1609
0.3057 0.2370 0.3366
0.3038 0.5924 0.2682
0.3024 1.0971 0.2813
0.3095 -0.4945 0.1983
0.3146 0.2137 0.3416
0.3129 -0.7166 0.1920
0.3172 -0.5953 0.1834
0.3239 -0.3745 0.1511
0.3405 -0.2936 0.1327
0.3314 1.0169 0.2070
0.3386 0.6145 0.2594
0.3431 -0.3310 0.1304
0.3540 -0.4090 0.1704
0.3518 -0.5497 0.1751
0.3570 -0.1668 0.2185
0.3593 -1.0894 0.3531
0.3615 0.7053 0.2200
0.3616 1.0568 0.1936
0.3711 -0.7457 0.1511
0.3794 -0.5632 0.1708
0.3804 -0.4459 0.1917
0.3831 -0.2663 0.1484
0.3824 0.9408 0.1912
0.3881 -0.7111 0.1362
0.3869 -0.6306 0.1442
0.3996 -0.8322 0.1913
0.4016 -0.6175 0.1542
0.4033 1.0036 0.1621
0.4088 0.7132 0.2558
0.4146 0.9253 0.1918
0.4162 -0.7765 0.1488
0.4179 -0.3013 0.1559
0.4194 -0.7269 0.1356
0.4245 -0.6644 0.1476
0.4343 -0.2757 0.1723
0.4509 0.9628 0.1622
0.4726 1.1032 0.1428
0.4828 -0.2802 0.2006
0.4865 -0.7483 0.1541
0.4878 0.9555 0.1546
0.4997 -0.8120 0.1583
0.5009 -0.8607 0.1517
0.5035 0.7048 0.2849
0.5041 1.1015 0.1115
0.5040 -0.9313 0.1499
0.5062 -0.4187 0.1876
0.5126 1.0710 0.1062
0.5101 -0.3672 0.1841
0.5239 -1.1368 0.2087
0.5164 -0.9518 0.1427
0.5347 -0.9039 0.1368
0.5270 -1.0826 0.1606
0.5257 -0.4014 0.1776
0.5288 1.1301 0.1111
0.5328 -0.6964 0.2001
0.5402 1.0315 0.1183
0.5359 1.0853 0.0929
0.5477 1.1513 0.1309
0.5477 -0.9906 0.1283
0.5635 -0.9437 0.1248
0.5526 -1.0986 0.1514
0.5528 0.8947 0.1585
0.5615 -0.7875 0.1695
0.5754 -1.0732 0.1286
0.5658 1.0910 0.0971
0.6025 -0.8921 0.1547
0.5799 0.9004 0.1478
0.5811 0.6965 0.2785
0.5754 -1.0191 0.1223
0.5820 1.0374 0.1154
0.5792 0.9632 0.1332
0.5945 -0.5100 0.1288
0.5881 0.9972 0.1345
0.5948 1.1078 0.1135
0.6000 0.9114 0.1418
0.6128 -0.3808 0.1560
0.6022 -0.4327 0.1341
0.6100 0.8764 0.1636
0.6071 -0.5406 0.1278
0.6115 -0.7635 0.1909
0.6216 -1.0484 0.1202
0.6530 0.6967 0.2810
0.6305 -0.5163 0.1015
0.6350 1.0567 0.1374
0.6289 1.1471 0.1403
0.6379 -1.0095 0.1265
0.6408 -0.5857 0.1417
0.6407 -0.4637 0.1059
0.6464 -0.9657 0.1364
0.6710 -0.7267 0.1848
0.6485 0.0059 0.3402
0.6574 -0.5092 0.0998
0.6660 -0.4282 0.1179
0.6828 1.0885 0.1485
0.6694 1.1418 0.1507
0.6721 -1.0586 0.1504
0.6759 0.5673 0.3178
0.6723 -1.1171 0.1925
0.6725 -0.9196 0.1684
0.6738 -0.4877 0.1093
0.6736 -0.8230 0.2012
0.6820 -0.3118 0.1713
0.6906 -0.5934 0.1303
0.6850 -0.5170 0.1175
0.6946 -0.3648 0.1260
0.6930 0.9076 0.1404
0.6896 -1.0383 0.1611
0.7223 -0.6133 0.1065
0.7028 0.0581 0.2655
0.7074 -0.8974 0.2002
0.7094 1.1492 0.1610
0.7234 -0.6646 0.1208
0.7312 -0.3944 0.1313
0.7235 0.9197 0.1254
0.7236 -0.4209 0.1364
0.7323 -0.3394 0.1437
0.7440 -0.6789 0.1222
0.7354 0.6350 0.2856
0.7396 0.9027 0.1249
0.7471 0.1232 0.2435
0.7451 0.9552 0.1145
0.7554 -0.3414 0.1509
0.7550 1.1506 0.1739
0.7615 -0.5813 0.0974
0.7585 0.1060 0.2246
0.7529 0.8627 0.1472
0.7621 -0.6307 0.0901
0.7622 1.0033 0.1240
0.7708 -0.6685 0.1106
0.7721 1.0409 0.1341
0.7732 0.9496 0.1117
0.7930 0.9612 0.1185
0.8038 1.1358 0.1783
0.7880 -0.6133 0.0860
0.7874 -0.3273 0.1833
0.7908 -0.5697 0.0964
0.7959 0.3677 0.1903
0.8004 -0.5168 0.1347
0.8187 0.8409 0.1667
0.8257 -0.9431 0.1766
0.7987 -0.5866 0.0904
0.8069 1.0841 0.1447
0.8068 0.9981 0.1140
0.8196 -0.4772 0.1733
0.8179 0.0585 0.1845
0.8209 -0.5872 0.1010
0.8291 -0.6801 0.1280
0.8305 0.7911 0.2156
0.8358 -0.6085 0.1151
0.8418 -0.2355 0.2984
0.8513 1.0437 0.1242
0.8434 -1.0285 0.1572
0.8498 -0.7218 0.1572
0.8479 0.3410 0.1596
0.8527 0.3967 0.1149
0.8455 0.4564 0.1372
0.8485 0.0736 0.1924
0.8465 0.8340 0.1804
0.8512 0.5724 0.2169
0.8554 -0.0303 0.2208
0.8583 -0.7604 0.1990
0.8610 -0.5114 0.1759
0.8700 -1.0329 0.1402
0.8651 0.0074 0.1926
0.8713 -0.9798 0.1261
0.8796 0.4185 0.1014
0.8803 1.0090 0.1176
0.8814 0.3797 0.1109
0.8732 0.5717 0.2149
0.8973 0.9752 0.1287
0.8892 1.0418 0.1288
0.8927 0.0170 0.2002
0.8925 -0.9864 0.1160
0.9010 -0.9252 0.1523
0.8972 0.4497 0.1015
0.9145 -0.6698 0.1754
0.9060 -0.6965 0.1724
0.9184 0.3893 0.1043
0.9117 0.4662 0.1095
0.9154 0.4858 0.1277
0.9198 1.0149 0.1269
0.9286 -1.0673 0.1735
0.9167 0.7953 0.2495
0.9272 -0.9770 0.1216
0.9372 0.9241 0.1766
0.9305 -0.9951 0.1256
0.9267 0.9670 0.1418
0.9434 0.0111 0.2406
0.9389 -1.1631 0.3067
0.9685 0.4590 0.1196
0.9550 0.3696 0.1122
0.9759 -0.9559 0.1720
0.9633 1.0736 0.1828
0.9716 0.4085 0.0993
0.9897 0.4205 0.1056
0.9830 0.3623 0.1169
0.9924 -0.7920 0.2420
0.9949 -0.2869 0.4312
1.0127 -0.8754 0.2507
1.0253 0.3768 0.1372
1.0198 1.0119 0.1939
1.0253 0.3435 0.1624
1.0273 0.4366 0.1441
1.0342 -0.6779 0.2720
1.0356 -0.6466 0.2855
1.0381 0.0243 0.3481
1.0426 1.1328 0.3056
1.0487 0.1752 0.3458
1.0512 0.8699 0.2803
1.0603 0.9359 0.2506
