points 
 2 
 1 
Tumour[19065]CD6810NNCodensity
-0.6686 -0.0250 0.1797
-0.6678 0.0141 0.1526
-0.6720 0.1407 0.1447
-0.6688 0.6282 0.1398
-0.6609 0.6526 0.1151
-0.6678 0.6967 0.1108
-0.6653 0.7216 0.1186
-0.6703 0.7682 0.1690
-0.6510 0.0269 0.1375
-0.6520 -0.5101 0.2473
-0.6464 -0.4435 0.2069
-0.6419 -0.0621 0.1961
-0.6425 0.1328 0.1177
-0.6334 0.6992 0.0979
-0.6342 0.0419 0.1320
-0.6329 0.1059 0.1154
-0.6248 0.6582 0.0964
-0.6272 0.2376 0.1726
-0.6104 -0.4327 0.1687
-0.6108 0.1620 0.1210
-0.6090 0.6803 0.0991
-0.6121 0.7729 0.1609
-0.6012 0.1181 0.1148
-0.5974 0.6371 0.1110
-0.5974 0.1344 0.1140
-0.5707 -0.3773 0.1636
-0.5875 -0.5273 0.2145
-0.5490 0.6570 0.1202
-0.5808 0.2832 0.1868
-0.5833 0.3540 0.2348
-0.5757 -0.4324 0.1497
-0.5790 0.4150 0.2291
-0.5698 0.5936 0.1306
-0.5491 -0.0599 0.1892
-0.5497 -0.0164 0.1850
-0.5595 0.1683 0.1378
-0.5546 0.7170 0.1371
-0.5478 0.5356 0.1349
-0.5324 0.2607 0.1825
-0.5189 0.5710 0.1090
-0.5081 0.6196 0.1242
-0.5186 0.7118 0.1549
-0.5045 -0.0916 0.1973
-0.5155 -0.3491 0.1495
-0.5057 0.1482 0.1922
-0.5010 -0.3754 0.1257
-0.4901 0.4847 0.1237
-0.4977 0.5169 0.1011
-0.4949 0.2519 0.2109
-0.4815 0.5605 0.0952
-0.4835 -0.4701 0.1461
-0.4893 -0.1310 0.2065
-0.4683 0.5971 0.1188
-0.4645 -0.4234 0.1206
-0.4617 0.5153 0.0907
-0.4473 -0.1553 0.2089
-0.4541 -0.4578 0.1361
-0.4561 -0.3921 0.1239
-0.4586 0.6957 0.1918
-0.4433 0.4918 0.1084
-0.4480 -0.3316 0.1802
-0.4428 0.5284 0.0852
-0.4350 -0.3943 0.1354
-0.4236 0.5761 0.1116
-0.4149 0.5252 0.0958
-0.4185 -0.5207 0.2132
-0.4095 -0.1749 0.2198
-0.3849 0.5573 0.1127
-0.3863 -0.1547 0.2110
-0.3854 -0.4861 0.2043
-0.3795 0.5243 0.1173
-0.3698 0.0003 0.1955
-0.3367 0.5432 0.1359
-0.3470 -0.0217 0.1675
-0.3329 0.0782 0.1911
-0.3129 0.5823 0.1594
-0.2736 0.5260 0.1409
-0.2875 -0.0590 0.1440
-0.2735 0.0091 0.1294
-0.2682 -0.0762 0.1573
-0.2356 -0.0397 0.1330
-0.2480 0.0725 0.1223
-0.2418 -0.0587 0.1458
-0.2341 0.0867 0.1198
-0.2250 0.1248 0.1476
-0.2376 0.5584 0.1629
-0.2311 0.5184 0.1485
-0.2269 -0.5393 0.3643
-0.2182 0.4839 0.1678
-0.2202 -0.0224 0.1339
-0.2068 0.5069 0.1627
-0.2077 -0.5466 0.3884
-0.2065 0.1091 0.1297
-0.1923 0.0727 0.1126
-0.1632 0.4852 0.2148
-0.1707 0.0570 0.1206
-0.1467 0.0794 0.1324
-0.0959 0.4566 0.3071
-0.0878 -0.0380 0.1603
-0.1047 0.0622 0.1565
-0.0804 0.0729 0.1679
-0.0506 -0.1080 0.1407
-0.0564 -0.0896 0.1371
-0.0467 -0.0214 0.1461
-0.0251 -0.1324 0.1469
-0.0303 -0.4815 0.3528
-0.0077 -0.0428 0.1394
-0.0035 -0.1222 0.1412
0.0136 -0.1668 0.1782
0.0169 -0.1090 0.1465
0.0219 0.0916 0.1817
0.0389 0.0286 0.1702
0.0660 0.3222 0.3592
0.0648 0.0445 0.1714
0.0704 -0.3170 0.1932
0.0759 0.0835 0.1730
0.0834 -0.2740 0.1888
0.0920 -0.2929 0.1813
0.1161 0.1531 0.2002
0.1327 -0.3316 0.1666
0.1323 0.2677 0.2832
0.1339 -0.2920 0.1804
0.1439 -0.5329 0.3140
0.1465 0.0784 0.1646
0.1570 -0.3470 0.1645
0.1480 -0.4363 0.2056
0.1827 0.1310 0.1944
0.2080 0.0067 0.1469
0.2106 -0.4102 0.1983
0.2175 0.0405 0.1507
0.2490 0.2241 0.2564
0.2379 -0.0057 0.1296
0.2473 -0.3970 0.2214
0.2500 -0.0390 0.1336
0.2559 -0.0102 0.1230
0.2865 0.0036 0.1288
0.2873 0.2217 0.2582
0.2973 -0.4160 0.2624
0.2966 -0.0616 0.1356
0.3522 -0.1919 0.2108
0.3493 0.0053 0.1523
0.3566 -0.0507 0.1422
0.3687 -0.2377 0.2450
0.3693 -0.1116 0.1569
0.3679 -0.0813 0.1489
0.3964 0.0948 0.1747
0.3943 0.1700 0.2211
0.4063 0.1222 0.1873
0.4205 0.0717 0.1683
0.4371 -0.1789 0.1888
0.4312 -0.4323 0.3066
0.4453 -0.0761 0.1501
0.4563 0.0108 0.1711
0.4553 0.1322 0.2231
0.4748 -0.2919 0.2721
0.4829 -0.0950 0.1673
0.5117 -0.0430 0.1905
0.5096 -0.0866 0.1778
0.5376 -0.3264 0.2624
0.5667 -0.4624 0.2502
0.6288 -0.4342 0.2102
0.6255 -0.0966 0.2490
0.6420 -0.4853 0.2322
0.6503 -0.1173 0.2465
0.6718 -0.4406 0.2066
0.6883 -0.3046 0.2344
0.7131 -0.5345 0.2907
0.7210 -0.3047 0.2251
0.7549 -0.3011 0.2244
0.7494 -0.1776 0.1889
0.7557 -0.4985 0.2755
0.7715 -0.1511 0.1917
0.8030 -0.1514 0.1911
0.8308 -0.1636 0.1891
0.8676 -0.1343 0.2095
0.8635 -0.3543 0.2673
0.9191 -0.2054 0.1945
0.9583 -0.1705 0.2173
0.9798 -0.3543 0.1968
0.9790 -0.2440 0.1950
1.0100 -0.3862 0.1853
1.0114 -0.2006 0.2225
1.0477 -0.3013 0.1820
1.0727 -0.4339 0.1665
1.0687 -0.4015 0.1562
1.0980 -0.3142 0.1818
1.1080 -0.4477 0.1679
1.1394 -0.4722 0.1799
1.1544 -0.3294 0.2075
1.1697 -0.5015 0.2083
1.1980 -0.3662 0.2216
1.2210 -0.5142 0.2489
1.2628 -0.5489 0.3104
1.4443 -0.5381 0.5331
