points 
 2 
 1 
Tumour[19065]CD810NNCodensity
-1.0697 -1.1905 0.1093
-1.0769 -1.1625 0.1079
-1.0743 -1.0958 0.1262
-1.0721 -1.0618 0.1401
-1.0650 -1.0010 0.1242
-1.0708 -0.9524 0.1362
-1.0499 1.0906 0.3039
-1.0741 1.1362 0.3670
-1.0635 -0.9271 0.1557
-1.0443 -1.2382 0.1141
-1.0535 -0.9642 0.1188
-1.0537 0.5438 0.5131
-1.0527 0.9590 0.2910
-1.0330 -1.2862 0.1409
-1.0457 -0.9433 0.1294
-1.0379 -1.1904 0.0856
-1.0386 -1.1397 0.0848
-1.0376 -0.4855 0.6055
-1.0253 -1.1057 0.0949
-1.0238 0.0342 0.3952
-1.0170 -1.1790 0.0813
-1.0170 0.1391 0.3984
-1.0105 -1.1472 0.0815
-1.0032 -1.2563 0.1040
-1.0035 -1.1216 0.0878
-1.0049 -0.9901 0.1137
-1.0011 -1.2035 0.0897
-0.9834 1.1267 0.2918
-0.9814 0.0913 0.3613
-0.9815 -0.4777 0.5419
-0.9769 0.1123 0.3597
-0.9724 -1.2952 0.1203
-0.9691 -1.1785 0.0943
-0.9729 -1.1069 0.0928
-0.9720 -1.0800 0.1017
-0.9705 -1.0194 0.1139
-0.9710 -0.9760 0.1251
-0.9482 -1.2640 0.1038
-0.9514 -1.2021 0.1014
-0.9177 -1.1759 0.1122
-0.9412 -1.0898 0.1001
-0.9330 -1.2228 0.1069
-0.9375 0.0948 0.3494
-0.9407 -1.2940 0.1223
-0.9093 -1.0741 0.0986
-0.9362 -0.9985 0.1098
-0.9222 -1.1130 0.0964
-0.9154 -1.2902 0.1277
-0.9222 1.0010 0.1929
-0.9205 0.8930 0.1291
-0.8933 -1.1410 0.1069
-0.9107 -1.0031 0.1040
-0.9044 0.8203 0.1522
-0.8993 1.0912 0.2573
-0.8895 0.8598 0.1090
-0.8880 0.8798 0.0991
-0.8808 -1.0141 0.0958
-0.8438 -1.1639 0.1458
-0.8579 -1.1176 0.1091
-0.8742 -0.9488 0.1121
-0.8647 -1.0800 0.1016
-0.8649 0.9322 0.1087
-0.8564 -0.9723 0.0926
-0.8600 0.7177 0.1886
-0.8591 0.8702 0.0942
-0.8532 -1.0481 0.0995
-0.8577 0.8866 0.0905
-0.8515 -1.2905 0.1594
-0.8567 -0.4894 0.4626
-0.8434 0.9763 0.1444
-0.8415 -0.9327 0.1238
-0.8334 -1.0120 0.0954
-0.8372 -0.0204 0.3208
-0.8227 0.9261 0.1063
-0.8240 -1.2644 0.1737
-0.8245 -0.9818 0.0946
-0.8291 0.8563 0.1107
-0.8173 0.6070 0.2256
-0.8057 -1.0872 0.1201
-0.8091 0.7191 0.1514
-0.8060 -1.2930 0.2067
-0.8045 -0.9171 0.1564
-0.8064 0.6690 0.1735
-0.8022 -0.9931 0.1045
-0.7999 0.9732 0.1494
-0.7887 -1.0559 0.1121
-0.7905 -0.1779 0.3130
-0.7810 0.9004 0.1122
-0.7738 0.3891 0.1764
-0.7694 0.7640 0.1268
-0.7619 0.8166 0.1294
-0.7596 -0.1919 0.2982
-0.7577 0.7319 0.1226
-0.7514 -1.0124 0.1249
-0.7536 0.8952 0.1263
-0.7454 0.4131 0.1462
-0.7503 0.3731 0.1551
-0.7381 -1.1278 0.1627
-0.7346 -1.1451 0.1802
-0.7330 -1.0707 0.1351
-0.7233 0.3595 0.1436
-0.7348 0.8636 0.1348
-0.7259 0.9237 0.1566
-0.7259 0.5406 0.2171
-0.7179 -1.0189 0.1460
-0.7229 -0.1854 0.2845
-0.6983 0.3856 0.1208
-0.7141 0.7045 0.1334
-0.7109 0.7697 0.1229
-0.7163 -0.1841 0.2833
-0.7040 0.7969 0.1368
-0.6804 0.3530 0.1401
-0.6790 0.4468 0.1360
-0.6810 -0.9988 0.1975
-0.6800 -0.1531 0.2949
-0.6781 0.7580 0.1372
-0.6758 0.6727 0.1546
-0.6662 -0.2633 0.3100
-0.6657 0.5972 0.1955
-0.6496 -0.4900 0.4312
-0.6212 0.7051 0.1587
-0.6302 0.4090 0.1284
-0.6332 0.9699 0.1684
-0.6274 0.4924 0.1539
-0.6175 0.6584 0.1729
-0.6081 0.4407 0.1289
-0.6016 0.9085 0.1483
-0.6055 0.4167 0.1308
-0.5976 0.8890 0.1568
-0.5882 1.0543 0.2153
-0.5739 0.3027 0.2049
-0.5778 0.4590 0.1393
-0.5717 -0.4574 0.3982
-0.5655 0.9126 0.1266
-0.5636 0.9722 0.1266
-0.5561 -0.7577 0.4064
-0.5526 0.9920 0.1371
-0.5412 0.6327 0.2071
-0.5195 0.7224 0.1785
-0.5238 0.7743 0.1664
-0.5198 0.2851 0.2047
-0.5212 0.4847 0.1500
-0.5184 0.7526 0.1671
-0.5024 0.9017 0.1288
-0.5116 -0.8067 0.3932
-0.5070 0.5069 0.1651
-0.5097 0.9702 0.1232
-0.5030 0.4041 0.1677
-0.4998 0.8491 0.1474
-0.4922 1.1889 0.2836
-0.4867 0.2388 0.1937
-0.4824 1.1644 0.2499
-0.4655 -0.0568 0.2498
-0.4602 0.7931 0.1541
-0.4651 0.9688 0.1213
-0.4621 0.9245 0.1206
-0.4584 0.2296 0.1883
-0.4540 0.1381 0.1839
-0.4551 0.1920 0.1814
-0.4534 0.4079 0.1823
-0.4487 0.5172 0.1965
-0.4354 0.9286 0.1193
-0.4416 1.1506 0.2313
-0.4364 -0.6269 0.2992
-0.4280 0.0835 0.1793
-0.4230 0.4566 0.1968
-0.4250 0.9888 0.1329
-0.4028 -0.2745 0.3806
-0.4156 0.8381 0.1446
-0.4173 0.9909 0.1333
-0.3987 0.7886 0.1835
-0.3960 -0.5445 0.2881
-0.4006 -0.0668 0.1987
-0.3871 0.1166 0.1475
-0.3867 0.4478 0.2379
-0.3861 -0.8949 0.4257
-0.3741 0.0481 0.1524
-0.3771 0.8733 0.1397
-0.3736 -0.0631 0.1833
-0.3665 1.0191 0.1494
-0.3617 0.8973 0.1338
-0.3600 1.0905 0.1977
-0.3473 0.0624 0.1369
-0.3448 -0.6186 0.2221
-0.3430 -0.0571 0.1754
-0.3445 0.2537 0.2399
-0.3357 -0.3702 0.3974
-0.3223 0.8981 0.1558
-0.3215 1.0202 0.1633
-0.3140 0.9321 0.1472
-0.3077 -1.2950 0.6645
-0.2964 -0.0917 0.2118
-0.3037 0.1075 0.1244
-0.3068 0.9504 0.1520
-0.2984 0.1627 0.1691
-0.2900 -0.6061 0.1797
-0.2927 0.0583 0.1221
-0.2933 0.1344 0.1434
-0.2813 1.0993 0.2548
-0.2566 0.0313 0.1284
-0.2571 -0.6881 0.1681
-0.2367 -0.8058 0.2779
-0.2419 0.0842 0.1312
-0.2317 0.0391 0.1281
-0.2300 0.7770 0.2345
-0.2318 -0.6217 0.1313
-0.2079 -0.6355 0.1123
-0.2068 0.0398 0.1323
-0.2058 0.6771 0.2683
-0.1920 -1.2036 0.5226
-0.1858 0.9306 0.1778
-0.1860 -0.6019 0.1124
-0.1917 -0.0181 0.1589
-0.1771 -0.6319 0.1004
-0.1652 -0.7200 0.1501
-0.1680 -0.0127 0.1543
-0.1410 -0.6876 0.1137
-0.1438 -0.6049 0.0926
-0.1441 -0.6398 0.0926
-0.1477 0.8573 0.1303
-0.1433 -0.5251 0.1364
-0.1384 0.8925 0.1177
-0.1283 0.1089 0.1535
-0.1258 0.7510 0.1862
-0.1217 0.8478 0.1208
-0.1028 0.9298 0.1192
-0.1175 -0.5895 0.0899
-0.1137 -0.1969 0.1957
-0.1149 0.1416 0.1588
-0.1146 0.8698 0.1056
-0.0949 -0.6511 0.0926
-0.0924 0.0241 0.1469
-0.0924 -0.6894 0.0984
-0.1072 0.0885 0.1428
-0.0951 -0.5289 0.1117
-0.0972 -0.2400 0.1712
-0.0935 0.6177 0.1997
-0.0837 -0.6156 0.0993
-0.0898 -0.5884 0.0998
-0.0868 -0.5655 0.1017
-0.0812 -0.0863 0.1787
-0.0827 -0.4942 0.1281
-0.0807 -0.0326 0.1573
-0.0759 0.1362 0.1295
-0.0807 0.5940 0.2100
-0.0751 0.8757 0.0971
-0.0708 -0.7051 0.1083
-0.0623 -0.2581 0.1346
-0.0576 0.7387 0.1734
-0.0608 -1.1222 0.3996
-0.0570 0.6817 0.1640
-0.0558 0.9043 0.0937
-0.0542 -0.7271 0.1334
-0.0540 -0.5035 0.1259
-0.0542 -0.6721 0.1044
-0.0528 0.9530 0.1206
-0.0348 -0.6869 0.1171
-0.0391 -0.4379 0.1510
-0.0384 -0.4593 0.1362
-0.0362 -0.0906 0.1952
-0.0353 0.8661 0.1010
-0.0320 0.0321 0.1435
-0.0290 0.1622 0.1386
-0.0313 0.2971 0.2277
-0.0217 0.8953 0.0826
-0.0257 -0.1855 0.1573
-0.0215 -0.2766 0.1079
-0.0175 -0.0007 0.1571
-0.0143 0.1985 0.1613
-0.0097 0.4000 0.2733
-0.0096 0.8399 0.1169
-0.0049 0.1200 0.1345
-0.0055 0.9387 0.0898
-0.0026 0.1647 0.1479
0.0050 0.0735 0.1424
0.0051 0.9218 0.0793
0.0185 -0.3850 0.1639
0.0040 -0.2765 0.0971
0.0040 -0.2699 0.0967
0.0108 0.5846 0.1829
0.0085 0.7221 0.1535
0.0155 0.8808 0.0862
0.0069 -0.2750 0.0968
0.0295 -0.6833 0.1462
0.0186 0.9383 0.0906
0.0246 -0.4478 0.1413
0.0317 -0.3240 0.1239
0.0361 -0.2678 0.1035
0.0302 0.6707 0.1470
0.0393 0.9212 0.0923
0.0469 -0.5331 0.1398
0.0469 0.0564 0.1585
0.0429 0.8327 0.1335
0.0600 -0.7006 0.1515
0.0473 0.2953 0.2131
0.0490 0.7291 0.1514
0.0494 1.1156 0.3224
0.0575 -0.6158 0.1618
0.0519 0.3576 0.2300
0.0589 0.9390 0.1126
0.0540 -0.5007 0.1347
0.0573 0.5839 0.1762
0.0591 0.6735 0.1454
0.0558 0.8795 0.1103
0.0588 -1.1729 0.3453
0.0721 -0.4883 0.1435
0.0790 -0.2575 0.1336
0.0806 -1.0976 0.3027
0.0820 -0.5391 0.1473
0.0903 0.7778 0.1762
0.0986 -0.7168 0.1721
0.1111 -1.0535 0.2908
0.1072 -0.5930 0.1700
0.1148 -0.3053 0.1640
0.1085 0.1741 0.1763
0.1140 -0.2651 0.1502
0.1115 0.9527 0.1480
0.1091 -1.1645 0.3304
0.1201 0.0513 0.1622
0.1188 0.1043 0.1448
0.1178 -0.7406 0.1847
0.1260 0.6357 0.1548
0.1304 0.4306 0.2051
0.1378 0.1341 0.1431
0.1421 -0.7536 0.1948
0.1434 0.5569 0.1704
0.1585 0.7057 0.1729
0.1523 0.5994 0.1591
0.1554 -0.4916 0.1806
0.1565 0.1469 0.1381
0.1580 0.5065 0.1751
0.1611 0.9163 0.1706
0.1628 0.9508 0.1594
0.1652 0.0120 0.1955
0.1794 0.2862 0.1906
0.1840 -0.1881 0.2110
0.1909 -0.8275 0.2252
0.1934 0.6859 0.1750
0.1987 0.4101 0.1722
0.2008 -0.2312 0.1861
0.1975 0.5271 0.1705
0.2022 -1.0227 0.2924
0.2051 -0.4691 0.2383
0.2105 -0.5122 0.2394
0.2109 0.0530 0.1532
0.2318 -0.9907 0.2976
0.2164 0.9285 0.1614
0.2319 -0.8216 0.2350
0.2351 0.3495 0.1491
0.2341 0.1051 0.1172
0.2337 -0.2529 0.1839
0.2348 0.7080 0.2123
0.2281 1.0116 0.1631
0.2389 0.1596 0.1017
0.2453 0.1377 0.1000
0.2511 -1.2675 0.5148
0.2606 0.3009 0.1260
0.2547 0.2372 0.1244
0.2568 1.0261 0.1791
0.2539 1.0036 0.1596
0.2631 0.1009 0.1189
0.2676 -0.8269 0.2624
0.2690 -0.2550 0.1914
0.2785 0.4530 0.1615
0.2714 0.4784 0.1745
0.2642 0.1557 0.0950
0.2709 0.1500 0.0961
0.2768 0.3594 0.1341
0.2858 0.2180 0.1119
0.2805 0.6390 0.1980
0.3012 0.2372 0.1225
0.2925 0.6146 0.1998
0.3026 -0.2244 0.1842
0.2938 0.3099 0.1243
0.3003 0.9570 0.1692
0.3032 0.9899 0.1715
0.3083 0.1819 0.1180
0.3137 -0.8103 0.3105
0.3193 0.3495 0.1328
0.3352 0.9115 0.2158
0.3429 -0.0734 0.2003
0.3393 0.4346 0.1648
0.3503 -0.1176 0.1938
0.3519 0.0942 0.1477
0.3529 0.2756 0.1579
0.3558 0.3985 0.1602
0.3689 0.1130 0.1489
0.3713 -0.2264 0.1985
0.3774 0.6074 0.2618
0.3793 -0.2821 0.2387
0.3869 0.5334 0.2362
0.3869 0.0414 0.1561
0.4087 0.3629 0.2121
0.4084 -0.0907 0.1639
0.4159 0.0169 0.1518
0.4194 -0.0190 0.1609
0.4325 -0.1484 0.1771
0.4357 0.1212 0.1429
0.4438 0.9391 0.2296
0.4515 0.1146 0.1352
0.4633 1.0093 0.2312
0.4868 1.1937 0.4231
0.4923 -0.1501 0.1677
0.4903 0.1122 0.1386
0.5026 -0.6177 0.4494
0.4999 -0.0446 0.1622
0.5011 0.0904 0.1333
0.5089 -0.0012 0.1571
0.5138 0.9630 0.2144
0.5334 -0.3369 0.2255
0.5351 0.1296 0.1469
0.5405 -0.1185 0.1538
0.5447 0.0795 0.1378
0.5563 -0.0350 0.1769
0.5584 0.2433 0.2437
0.5554 0.9895 0.2193
0.5588 -0.3209 0.1959
0.5596 -0.1898 0.1361
0.5638 -0.1863 0.1351
0.5821 0.9389 0.2390
0.5897 -0.2290 0.1374
0.5915 0.2425 0.2574
0.6043 -0.2035 0.1290
0.5992 0.0588 0.1692
0.6061 -0.5710 0.4087
0.6106 0.1387 0.1895
0.6225 0.9515 0.2458
0.6246 0.9754 0.2406
0.6250 -0.3406 0.2019
0.6302 -0.1226 0.1746
0.6419 0.0515 0.2149
0.6433 -0.2014 0.1293
0.6533 -0.2588 0.1416
0.6629 -0.8453 0.5568
0.6735 -0.5360 0.3787
0.6966 -0.2753 0.1393
0.6978 1.0097 0.2902
0.7128 -0.2106 0.1308
0.7387 -0.1926 0.1364
0.7526 -0.2396 0.1193
0.7555 -0.1188 0.1936
0.7665 -0.2871 0.1369
0.7780 -0.2686 0.1265
0.7872 1.1835 0.4537
0.7971 -0.1576 0.1581
0.8008 -0.2973 0.1552
0.8146 -1.1354 0.5298
0.8186 0.0211 0.2412
0.8258 -0.2647 0.1431
0.8535 0.9700 0.3538
0.8659 -0.1606 0.1678
0.8652 0.8356 0.3979
0.8736 -0.1334 0.1819
0.8829 -0.0008 0.2198
0.8930 0.0773 0.2542
0.8979 -0.6435 0.3514
0.8951 -0.2357 0.1588
0.8988 0.1617 0.3178
0.9162 -0.0534 0.2182
0.9204 -0.2158 0.1708
0.9270 -0.6325 0.3169
0.9370 -0.2742 0.1899
0.9286 0.1029 0.2602
0.9383 0.8093 0.4013
0.9468 -1.1197 0.3945
0.9595 -0.5552 0.2727
0.9774 -0.3139 0.2308
0.9818 -1.0306 0.3478
0.9941 1.0220 0.3565
0.9943 0.3196 0.3861
1.0044 -1.0160 0.3394
1.0060 1.1878 0.5014
1.0195 -1.0423 0.3314
1.0254 -0.2349 0.2074
1.0332 -0.1127 0.2427
1.0490 -1.0555 0.3283
1.0493 -0.4716 0.2250
1.0616 -0.5505 0.1965
1.0752 0.0246 0.2181
1.0783 0.5003 0.2784
1.0855 0.5110 0.2726
1.0881 -0.5786 0.1838
1.0935 0.4904 0.2755
1.1001 0.0115 0.2166
1.1030 0.5114 0.2682
1.1161 0.7794 0.3679
1.1131 -0.2773 0.1987
1.1107 -0.0165 0.2142
1.1252 0.9485 0.3291
1.1228 0.5032 0.2739
1.1318 -0.5140 0.1601
1.1309 -0.3890 0.2161
1.1354 1.0027 0.3477
1.1466 -0.2338 0.2077
1.1636 -0.2674 0.2140
1.1669 -0.3170 0.2163
1.1655 -0.0651 0.2205
1.1684 -0.5636 0.1392
1.1698 -0.6467 0.1596
1.1830 -0.0062 0.2255
1.1759 -0.6871 0.1772
1.1824 -0.4810 0.1666
1.1950 -0.2087 0.2417
1.1906 0.0132 0.2367
1.2017 0.7374 0.3880
1.2076 -0.6241 0.1408
1.2129 -1.1423 0.3518
1.2204 -0.5005 0.1628
1.2254 -1.1089 0.3535
1.2348 0.4705 0.3547
1.2322 0.9358 0.3249
1.2364 -0.6036 0.1362
1.2392 -0.7309 0.1864
1.2443 -0.5032 0.1740
1.2544 -0.5484 0.1531
1.2720 -0.6775 0.1478
1.2896 -0.6569 0.1486
1.2915 0.1220 0.3381
1.3040 -0.7288 0.1961
1.3153 -1.2922 0.4972
1.3198 -0.8575 0.3630
1.3350 -0.6220 0.1877
1.3538 0.3351 0.4605
1.3580 -1.2905 0.5280
1.3653 0.9377 0.3830
1.3792 0.9538 0.3961
1.3869 0.0642 0.3963
1.4088 -0.6075 0.2799
1.4027 0.9085 0.4293
1.4104 0.1525 0.4462
1.4116 1.1781 0.5955
1.4138 -1.2074 0.5388
