points 
 2 
 1 
Tumour[19065]CD6810NNCodensity
-1.1396 -0.9775 0.2187
-1.1300 -0.8423 0.1565
-1.1320 -0.7466 0.1606
-1.1205 -0.6506 0.1664
-1.1288 -0.5030 0.1271
-1.1407 0.6252 0.3641
-1.1292 -0.5584 0.1463
-1.1161 0.7392 0.2901
-1.1120 -0.9707 0.1892
-1.1117 -0.6205 0.1571
-1.1055 -0.9951 0.2101
-1.0964 -0.7806 0.1261
-1.1059 -0.4477 0.1127
-1.0968 -0.8209 0.1239
-1.0911 -0.4160 0.1332
-1.0873 -0.7381 0.1361
-1.0775 -0.4973 0.0913
-1.0819 -0.4579 0.0888
-1.0891 0.7926 0.2396
-1.0693 -0.5353 0.1084
-1.0855 0.8407 0.2278
-1.0726 -0.8409 0.1212
-1.0717 0.4769 0.3910
-1.0384 -0.6750 0.1411
-1.0685 -0.5878 0.1309
-1.0500 0.8438 0.2000
-1.0602 -0.9112 0.1418
-1.0597 -0.4655 0.0828
-1.0500 0.9305 0.2164
-1.0505 -0.4462 0.0949
-1.0410 -0.4875 0.0889
-1.0367 -0.8013 0.1162
-1.0336 -0.9197 0.1459
-1.0276 0.8917 0.1923
-1.0212 -1.1622 0.2613
-1.0198 -0.8370 0.1179
-1.0143 -0.5157 0.1044
-0.9979 -0.4633 0.1130
-1.0100 -0.7094 0.1279
-0.9991 -0.7700 0.1184
-1.0090 -0.5769 0.1226
-1.0089 -1.2036 0.3052
-0.9887 -1.1607 0.2510
-0.9796 -0.6352 0.1226
-0.9775 -0.7403 0.1209
-0.9752 -0.5683 0.1102
-0.9699 -0.8778 0.1177
-0.9743 -0.4842 0.1221
-0.9697 -0.4070 0.1511
-0.9749 0.4640 0.3243
-0.9706 -0.8360 0.1150
-0.9577 -1.0692 0.1939
-0.9626 -0.9105 0.1249
-0.9506 -0.7071 0.1234
-0.9444 -0.6508 0.1226
-0.9469 -0.5797 0.0995
-0.9199 0.6287 0.2124
-0.9458 -0.7840 0.1133
-0.9241 0.8584 0.1769
-0.9219 -0.9138 0.1241
-0.9209 -1.0878 0.1983
-0.9221 -0.8260 0.1146
-0.9301 -0.5247 0.1152
-0.9137 -0.4094 0.1438
-0.9213 -0.9372 0.1365
-0.9222 1.0068 0.1296
-0.9195 -0.5621 0.0998
-0.9123 -0.3858 0.1617
-0.9173 0.9656 0.1226
-0.8965 -1.0315 0.1723
-0.9010 -0.7609 0.1268
-0.9052 -0.2157 0.3009
-0.9054 1.0225 0.1232
-0.8739 -0.7974 0.1286
-0.9039 0.8999 0.1535
-0.8996 -0.6200 0.1037
-0.8950 -0.5773 0.0982
-0.8957 -0.1313 0.3609
-0.8880 -0.8401 0.1210
-0.8852 -0.5153 0.1243
-0.8794 1.0161 0.1040
-0.8787 0.9672 0.1010
-0.8840 -0.6327 0.1111
-0.8741 0.5854 0.1769
-0.8827 0.6090 0.1816
-0.8489 -0.4470 0.1432
-0.8697 -0.7108 0.1505
-0.8675 -0.4329 0.1362
-0.8699 0.8055 0.2017
-0.8634 -0.9926 0.1621
-0.8722 -0.8903 0.1304
-0.8705 0.7842 0.2055
-0.8659 -0.5946 0.1080
-0.8380 -0.5214 0.1379
-0.8565 0.9231 0.1312
-0.8503 0.5630 0.1780
-0.8470 -1.0217 0.1895
-0.8421 -0.1199 0.3243
-0.8405 1.0078 0.1000
-0.8332 -0.6442 0.1361
-0.8342 0.9880 0.0987
-0.8284 1.0552 0.1444
-0.8276 -0.9082 0.1547
-0.8164 0.6728 0.1678
-0.8122 -0.3708 0.1999
-0.8066 -0.8039 0.1599
-0.8053 0.5328 0.2037
-0.8066 0.9815 0.1024
-0.8014 0.7016 0.1729
-0.8005 -0.8341 0.1601
-0.7924 -0.6026 0.1324
-0.7820 -0.5577 0.1349
-0.7803 0.9731 0.1118
-0.7884 -0.4148 0.1808
-0.7687 0.6448 0.1672
-0.7611 0.9480 0.1276
-0.7534 0.7820 0.1853
-0.7552 -0.6400 0.1769
-0.7536 -0.8671 0.2194
-0.7432 0.5028 0.2330
-0.7472 0.9987 0.1179
-0.7278 -0.5441 0.1547
-0.7312 -0.4961 0.1654
-0.7249 -0.5765 0.1601
-0.7286 -0.2365 0.2261
-0.7122 0.6617 0.1473
-0.7187 0.9963 0.1319
-0.6883 0.7305 0.1399
-0.6971 1.0164 0.1469
-0.6853 0.8739 0.1706
-0.6968 0.9005 0.1575
-0.6841 -0.5070 0.1890
-0.6853 -0.2820 0.1808
-0.6717 1.0205 0.1565
-0.6718 0.7908 0.1647
-0.6602 0.0037 0.3745
-0.6657 0.6477 0.1461
-0.6559 -0.2202 0.1978
-0.6559 -0.3819 0.1860
-0.6491 1.1068 0.2272
-0.6437 0.6766 0.1247
-0.6448 -0.1789 0.2226
-0.6417 0.4946 0.2398
-0.6320 -0.3985 0.1987
-0.6434 0.7384 0.1363
-0.6324 0.4604 0.2724
-0.6195 0.9066 0.1958
-0.6181 0.6944 0.1211
-0.6240 -0.0727 0.3096
-0.6164 -0.3373 0.1737
-0.6118 -0.7494 0.2620
-0.6144 0.8689 0.2013
-0.6110 0.6579 0.1362
-0.6037 -0.2645 0.1733
-0.5973 -1.2368 0.4350
-0.5916 1.0688 0.2136
-0.5900 -0.3472 0.1848
-0.5774 0.6901 0.1414
-0.5590 1.0550 0.2200
-0.5628 -0.7431 0.2410
-0.5496 0.5345 0.2320
-0.5406 -0.8288 0.2544
-0.5275 0.5949 0.2031
-0.5286 -1.1826 0.3202
-0.5303 0.7668 0.2027
-0.5239 0.7181 0.1838
-0.5001 1.0682 0.2267
-0.4870 -0.8380 0.2380
-0.4834 -0.6467 0.2450
-0.4840 -0.3007 0.2427
-0.4853 -0.2521 0.2435
-0.4723 -0.2336 0.2668
-0.4673 -0.6945 0.2168
-0.4689 -0.6276 0.2568
-0.4664 -1.1034 0.2430
-0.4567 0.0964 0.3091
-0.4577 0.1524 0.3458
-0.4507 0.4065 0.3686
-0.4448 -0.8383 0.2381
-0.4201 0.6139 0.1726
-0.4224 -1.0380 0.2284
-0.4020 0.7561 0.1709
-0.4041 1.1362 0.1779
-0.3993 -1.2484 0.2844
-0.4019 0.6405 0.1417
-0.4044 1.0161 0.2361
-0.3847 1.1744 0.1866
-0.3967 0.0306 0.2731
-0.3897 -0.9723 0.2268
-0.3899 0.0971 0.3004
-0.3751 1.1194 0.1552
-0.3777 0.6370 0.1274
-0.3781 0.0489 0.2768
-0.3673 0.6928 0.1130
-0.3551 -0.7590 0.2424
-0.3360 0.6161 0.1330
-0.3426 -1.1964 0.2167
-0.3296 0.6823 0.1065
-0.3382 0.7165 0.1103
-0.3375 1.1127 0.1414
-0.3371 -1.0975 0.1740
-0.3377 1.2216 0.2085
-0.3258 -0.9927 0.1993
-0.3175 0.7468 0.1057
-0.3156 -1.1093 0.1722
-0.3127 -0.6799 0.2347
-0.3162 -0.0455 0.2830
-0.2989 0.6992 0.1112
-0.3132 -0.5772 0.2480
-0.3145 0.8208 0.1344
-0.3109 1.0662 0.1660
-0.3113 -1.0451 0.1747
-0.3061 0.7811 0.1080
-0.2965 -0.8240 0.2619
-0.2915 0.6444 0.1229
-0.2687 1.0892 0.1592
-0.2858 -0.5859 0.2466
-0.2828 0.8006 0.1054
-0.2612 1.1392 0.1481
-0.2631 -0.5581 0.2515
-0.2655 0.8254 0.1245
-0.2581 0.7537 0.1135
-0.2489 -1.1658 0.1722
-0.2424 0.6505 0.1447
-0.2394 -0.0261 0.2580
-0.2329 0.7716 0.1243
-0.2329 1.1289 0.1611
-0.2328 0.6271 0.1565
-0.2237 0.8574 0.1706
-0.2270 1.1651 0.1744
-0.2235 -1.1538 0.1622
-0.2102 0.5126 0.1921
-0.2090 0.7953 0.1462
-0.2078 -0.9989 0.1569
-0.2048 0.6016 0.1765
-0.2014 -1.1585 0.1713
-0.1986 -0.7631 0.2245
-0.1957 -1.0272 0.1530
-0.1896 -0.4856 0.2175
-0.1745 0.4665 0.1849
-0.1734 -1.1522 0.1790
-0.1782 -0.9833 0.1531
-0.1743 -0.0908 0.1997
-0.1723 1.0799 0.1923
-0.1630 1.2284 0.2499
-0.1571 -0.9539 0.1644
-0.1574 -0.8995 0.1972
-0.1564 -0.4485 0.1933
-0.1556 0.3817 0.1932
-0.1278 0.8845 0.2623
-0.1491 -1.0809 0.1563
-0.1479 -1.0320 0.1515
-0.1439 0.5497 0.1780
-0.1422 -0.4065 0.1908
-0.1344 -0.0990 0.1649
-0.1312 0.4766 0.1630
-0.1141 -0.7764 0.1555
-0.0864 0.4697 0.1617
-0.0904 -0.7046 0.1328
-0.0890 -0.1756 0.1434
-0.0903 -0.0648 0.1481
-0.0908 -0.0267 0.1803
-0.0777 -0.7768 0.1385
-0.0931 0.2900 0.1734
-0.0783 -0.6819 0.1370
-0.0840 0.3539 0.1497
-0.0711 1.0733 0.1894
-0.0736 -0.9501 0.1645
-0.0790 -0.5434 0.2052
-0.0825 -0.3780 0.1642
-0.0671 -1.0984 0.2199
-0.0689 1.0481 0.2027
-0.0655 0.5709 0.2098
-0.0552 -0.6945 0.1164
-0.0588 0.1235 0.2354
-0.0540 -0.4259 0.1410
-0.0544 -0.2291 0.1554
-0.0224 -0.5100 0.1714
-0.0462 -0.1789 0.1280
-0.0468 -0.1370 0.1189
-0.0492 0.2526 0.1651
-0.0419 -0.7535 0.1190
-0.0303 0.4646 0.1596
-0.0483 1.1161 0.1697
-0.0449 1.1471 0.1744
-0.0406 -0.3396 0.1691
-0.0321 -0.0835 0.1292
-0.0340 0.3189 0.1380
-0.0397 -0.7188 0.1108
-0.0171 -0.6735 0.1268
-0.0402 -0.2345 0.1551
-0.0391 0.3407 0.1366
-0.0268 -0.9682 0.1614
-0.0333 -0.8199 0.1472
-0.0334 0.3825 0.1479
-0.0145 -0.1470 0.1199
-0.0226 -0.4397 0.1489
-0.0184 -0.4113 0.1516
0.0087 -0.1209 0.1308
-0.0079 0.2698 0.1531
-0.0090 0.9034 0.2902
0.0058 1.1902 0.2154
0.0018 0.1060 0.2017
-0.0021 -0.9038 0.1289
-0.0043 -0.3017 0.1836
0.0021 -0.9248 0.1344
0.0124 -0.0596 0.1399
0.0331 -0.6402 0.1321
0.0231 0.0000 0.1629
0.0153 1.1362 0.1813
0.0188 0.2483 0.1711
0.0220 0.5155 0.1611
0.0312 0.1161 0.1949
0.0226 -0.8934 0.1277
0.0253 -0.8489 0.1353
0.0255 -0.4703 0.1767
0.0421 -0.6924 0.1254
0.0410 -0.5783 0.1442
0.0590 -0.1361 0.1494
0.0347 -1.0141 0.2079
0.0484 -0.8119 0.1401
0.0480 0.4425 0.1435
0.0518 0.5144 0.1600
0.0547 -0.9165 0.1521
0.0531 -0.7345 0.1306
0.0557 0.3994 0.1557
0.0590 0.7702 0.2812
0.0552 1.0630 0.2057
0.0669 -1.1412 0.3214
0.0606 1.1614 0.2014
0.0796 -0.5671 0.1332
0.0682 -0.0305 0.1602
0.0898 -0.6325 0.1057
0.0854 0.0281 0.1691
0.0905 0.2403 0.1980
0.0916 -0.7982 0.1494
0.0902 -0.7336 0.1324
0.0900 0.4235 0.1603
0.0990 -0.5897 0.1164
0.0973 0.5121 0.1709
0.0962 0.5973 0.2298
0.1036 -0.2788 0.2432
0.1119 -0.7146 0.1344
0.1091 0.0513 0.1664
0.1158 -0.6351 0.1072
0.1174 -0.1268 0.1627
0.1160 0.9044 0.2331
0.1178 0.3982 0.1792
0.1307 0.3044 0.1879
0.1305 -0.1521 0.1659
0.1514 -0.5872 0.1363
0.1481 0.2115 0.1966
0.1570 -0.6516 0.1298
0.1472 -0.6144 0.1186
0.1431 0.7895 0.2025
0.1486 -0.8068 0.1761
0.1760 -0.1399 0.1670
0.1655 1.0605 0.2144
0.1746 0.0220 0.1639
0.1800 0.7740 0.1774
0.1842 0.1388 0.1511
0.2080 -0.1139 0.1661
0.2096 0.3312 0.1895
0.1945 -0.2154 0.1866
0.1951 0.9558 0.2245
0.1944 1.1193 0.2357
0.2057 1.1045 0.2335
0.2073 0.0528 0.1274
0.2138 -0.6502 0.1870
0.2240 -1.0742 0.1479
0.2202 0.1156 0.1152
0.2201 0.5284 0.2012
0.2358 -0.8434 0.1612
0.2256 0.5883 0.1806
0.2278 0.7554 0.1447
0.2330 0.8773 0.1749
0.2406 -0.8854 0.1629
0.2619 -0.1296 0.1478
0.2391 0.0980 0.1013
0.2525 -1.0115 0.1396
0.2480 0.3785 0.1939
0.2399 0.6308 0.1584
0.2453 0.9214 0.2114
0.2784 -0.2161 0.1770
0.2564 0.0667 0.1071
0.2470 0.1241 0.1106
0.2481 0.6738 0.1387
0.2622 1.1117 0.2759
0.2512 -0.7845 0.1775
0.2552 0.2881 0.1894
0.2626 -1.1970 0.1992
0.2658 -1.1316 0.1306
0.2578 -0.8861 0.1552
0.2597 0.7435 0.1297
0.2645 -1.0667 0.1071
0.2659 0.5133 0.2037
0.2787 -1.0066 0.1257
0.2899 0.0607 0.1189
0.2800 0.0961 0.1116
0.2729 0.3810 0.1963
0.2791 0.6691 0.1237
0.2897 -1.0843 0.1023
0.2847 0.7900 0.1337
0.2877 -0.0259 0.1595
0.2892 -0.8235 0.1536
0.2892 0.2161 0.1656
0.3076 -1.1195 0.1155
0.2965 -0.7597 0.1890
0.3190 0.0313 0.1434
0.3038 0.1572 0.1362
0.3012 0.8314 0.1509
0.3065 -1.1817 0.1692
0.3080 -1.0401 0.1023
0.3255 -0.1433 0.1388
0.3216 0.2164 0.1692
0.3151 -0.1648 0.1445
0.3231 0.7455 0.1162
0.3231 0.4684 0.2082
0.3288 -0.9263 0.1518
0.3258 -1.0601 0.1022
0.3604 0.1815 0.1774
0.3282 0.8178 0.1472
0.3442 -0.1139 0.1353
0.3401 -0.0770 0.1393
0.3488 -1.0030 0.1234
0.3391 -0.2469 0.2165
0.3397 0.6508 0.1239
0.3407 0.7117 0.1062
0.3434 0.6725 0.1101
0.3635 -1.0888 0.1172
0.3670 -0.8522 0.1581
0.3725 -0.0055 0.1545
0.3730 -0.9129 0.1617
0.3666 0.6943 0.1007
0.3920 -0.0315 0.1438
0.3698 0.7317 0.1152
0.3814 -0.9970 0.1315
0.3970 -1.1166 0.1572
0.3889 0.4186 0.1884
0.4054 -0.7300 0.1890
0.3924 -1.0641 0.1246
0.4048 0.8277 0.1719
0.4081 -0.1475 0.1447
0.4200 0.5548 0.1708
0.4018 0.6312 0.1268
0.4284 0.2218 0.1813
0.4061 1.0523 0.2700
0.4109 -0.5122 0.2748
0.4192 0.7388 0.1388
0.4210 0.3704 0.1658
0.4196 0.8914 0.2034
0.4284 -0.8658 0.1662
0.4243 -0.7875 0.1586
0.4333 0.6104 0.1313
0.4290 -1.0414 0.1567
0.4288 -0.4014 0.2772
0.4471 0.2536 0.1659
0.4319 0.7056 0.1332
0.4383 -0.0086 0.1536
0.4479 0.6633 0.1366
0.4404 0.3656 0.1562
0.4419 -0.7344 0.1975
0.4527 -0.1062 0.1374
0.4454 -0.7838 0.1724
0.4474 -0.1301 0.1454
0.4542 -0.5265 0.2605
0.4540 -0.5910 0.2606
0.4563 0.3467 0.1499
0.4591 -0.4671 0.2622
0.4639 -0.9800 0.1922
0.4704 -0.1405 0.1696
0.4904 0.5427 0.1658
0.4758 -0.8407 0.1838
0.4912 -0.0177 0.1435
0.4857 0.2611 0.1656
0.4763 0.8873 0.1944
0.4794 0.5808 0.1469
0.4901 -0.0656 0.1357
0.5059 1.2177 0.2447
0.5008 0.3926 0.1696
0.5142 0.6029 0.1633
0.5178 0.9051 0.1783
0.5218 0.2382 0.1849
0.5266 0.3984 0.1824
0.5191 1.0540 0.1933
0.5229 1.1152 0.1938
0.5370 0.4651 0.1951
0.5435 0.9149 0.1756
0.5383 0.0084 0.1840
0.5439 -0.0110 0.1727
0.5482 0.9570 0.1677
0.5425 0.9998 0.1759
0.5543 1.1940 0.1971
0.5523 -0.4395 0.2592
0.5578 -0.9326 0.2728
0.5587 0.5981 0.1992
0.5553 1.1574 0.1901
0.5719 0.2601 0.1939
0.5675 1.2336 0.2165
0.5802 -0.0376 0.1761
0.6008 -0.3947 0.2606
0.6040 -0.2819 0.2417
0.6280 0.9710 0.1982
0.6334 0.1788 0.2022
0.6356 -0.3025 0.2275
0.6369 -0.1262 0.1967
0.6395 0.2057 0.2029
0.6376 -1.1796 0.4560
0.6500 0.5011 0.2088
0.6499 1.2225 0.2051
0.6583 0.4271 0.1938
0.6580 0.8882 0.2542
0.6638 -1.0081 0.4039
0.6629 1.0438 0.2344
0.6730 -0.1656 0.1961
0.6746 0.1972 0.2007
0.6811 -0.0927 0.1738
0.6893 0.6781 0.3257
0.6897 0.0385 0.1628
0.6969 0.4208 0.1934
0.7009 -0.0469 0.1637
0.7031 0.5263 0.2277
0.7217 0.0359 0.1370
0.7350 1.1677 0.2281
0.7233 -0.3004 0.2214
0.7246 -0.0731 0.1690
0.7192 0.2881 0.2278
0.7178 1.2273 0.2340
0.7212 0.4279 0.1978
0.7343 0.0654 0.1324
0.7422 0.1022 0.1462
0.7409 1.1927 0.2282
0.7426 0.3495 0.2276
0.7551 -0.3007 0.2343
0.7580 -0.1698 0.2231
0.7584 0.9573 0.3182
0.7685 0.0730 0.1168
0.7826 -0.3126 0.2626
0.8247 1.1863 0.2226
0.8073 0.0949 0.1181
0.8141 0.0228 0.1225
0.8198 0.0063 0.1390
0.8494 0.0776 0.1066
0.8324 -0.4534 0.4262
0.8376 0.6292 0.3145
0.8442 0.4709 0.2442
0.8630 0.1358 0.1394
0.8613 0.0308 0.1194
0.8683 0.0552 0.1066
0.8770 0.1960 0.1848
0.8817 0.4247 0.2221
0.8936 0.0993 0.1162
0.8903 0.7934 0.4136
0.8938 0.6685 0.3711
0.9250 0.2208 0.1700
0.9217 0.3115 0.1708
0.9248 1.1534 0.1926
0.9309 0.0946 0.1192
0.9451 0.0471 0.1296
0.9626 1.1016 0.2036
0.9531 1.0592 0.2357
0.9501 1.1566 0.1887
0.9622 0.0797 0.1293
0.9659 0.3722 0.1564
0.9603 0.4206 0.1860
0.9668 0.0214 0.1488
0.9627 1.2317 0.2325
0.9683 1.2059 0.2113
0.9765 0.3220 0.1434
0.9938 -1.2344 0.3042
0.9896 -0.1024 0.2803
0.9826 0.3046 0.1460
1.0007 -1.0009 0.3288
1.0010 0.1335 0.1560
1.0111 0.1554 0.1649
1.0012 0.2430 0.1602
1.0275 -0.0185 0.1987
1.0283 1.2255 0.2532
1.0361 -0.9825 0.3254
1.0413 0.3159 0.1556
1.0447 -1.0409 0.2714
1.0517 0.9955 0.2941
1.0522 -1.2594 0.2694
1.0567 0.4230 0.1980
1.0568 0.0639 0.1707
1.0793 0.3015 0.1754
1.0795 0.0224 0.2053
1.0923 -1.2180 0.2135
1.0912 -0.7733 0.5587
1.0903 0.4040 0.2069
1.1073 1.0533 0.2587
1.1174 -1.1685 0.1983
1.1166 0.1589 0.1894
1.1157 0.1989 0.1854
1.1276 0.2184 0.1868
1.1378 -1.2497 0.2207
1.1512 -1.0974 0.2272
1.1485 0.4583 0.2816
1.1755 -1.1483 0.2055
1.1858 1.0472 0.2930
1.2039 1.1117 0.3132
1.2250 0.0814 0.2432
1.2487 0.1338 0.1968
1.2452 0.2938 0.1605
1.2516 0.2272 0.1377
1.2589 0.2598 0.1369
1.2637 -1.1450 0.2479
1.2711 -1.2567 0.2700
1.2831 -0.1299 0.4933
1.2887 1.0475 0.3746
1.2879 0.1967 0.1498
1.2884 0.3166 0.1725
1.2964 0.2679 0.1409
1.3035 -1.1664 0.2802
1.3116 0.2071 0.1584
1.3124 0.8493 0.5080
1.3237 0.4050 0.2631
1.3297 0.5309 0.4129
1.3313 -0.8099 0.6015
1.3483 -1.2548 0.3562
1.3438 0.2684 0.1823
1.3501 1.0017 0.4594
