points 
 2 
 1 
Tumour[19065]CD6810NNCodensity
-1.3606 0.0237 0.2351
-1.3554 1.1957 0.3660
-1.3490 1.1724 0.3508
-1.3222 0.0135 0.1847
-1.3251 0.0284 0.1978
-1.3191 0.9790 0.3840
-1.2994 1.1799 0.3100
-1.2821 -0.0858 0.1664
-1.2758 -0.1349 0.2152
-1.2738 1.0006 0.3507
-1.2455 -0.0084 0.1429
-1.2247 -0.0650 0.1385
-1.2289 0.7453 0.5044
-1.2031 -0.0569 0.1365
-1.2054 1.2112 0.2878
-1.1977 -0.0107 0.1513
-1.1970 -0.9523 0.2267
-1.1925 -1.0051 0.2225
-1.1859 -0.1076 0.1611
-1.1841 0.0177 0.1784
-1.1632 -1.1127 0.1944
-1.1697 0.7742 0.4337
-1.1550 -1.0407 0.1895
-1.1359 -1.1744 0.2145
-1.1297 -0.8990 0.1734
-1.1332 -0.3940 0.3017
-1.1222 -0.4160 0.2887
-1.1167 1.2357 0.2944
-1.1185 -0.8254 0.1689
-1.1216 1.1326 0.2944
-1.1045 -0.1072 0.1602
-1.1008 -1.1757 0.1972
-1.0941 1.2449 0.2985
-1.0817 -0.0241 0.1435
-1.0790 -0.0844 0.1398
-1.0867 -0.8190 0.1415
-1.0678 -0.5401 0.2387
-1.0842 -1.1180 0.1638
-1.0818 -1.0113 0.1925
-1.0672 -0.4134 0.2454
-1.0741 -0.7341 0.1572
-1.0585 -0.0552 0.1192
-1.0470 -0.6683 0.1799
-1.0520 -0.9213 0.1556
-1.0502 -0.2041 0.2354
-1.0553 -0.8704 0.1357
-1.0472 -0.7143 0.1493
-1.0441 -1.1404 0.1721
-1.0394 -0.8083 0.1318
-1.0153 -0.0745 0.1092
-1.0180 -0.0298 0.1047
-1.0257 0.9237 0.2944
-1.0249 -0.3974 0.2340
-1.0185 -1.1244 0.1770
-1.0023 0.0071 0.1165
-1.0118 -0.8877 0.1423
-1.0103 1.2749 0.3177
-0.9963 -0.9302 0.1661
-0.9949 0.9548 0.2744
-0.9833 -0.0526 0.1018
-0.9954 0.0587 0.1677
-0.9934 0.8429 0.3038
-0.9920 -0.7963 0.1309
-0.9879 -0.7079 0.1301
-0.9807 -0.7816 0.1299
-0.9758 -0.1214 0.1503
-0.9684 -0.0230 0.1020
-0.9780 -1.1176 0.1970
-0.9695 -0.6281 0.1298
-0.9508 -0.2638 0.2439
-0.9509 1.0126 0.2612
-0.9442 -0.0692 0.1120
-0.9367 0.0420 0.1362
-0.9350 -0.0303 0.1043
-0.9231 -1.0093 0.2011
-0.9416 -0.7557 0.1376
-0.9360 -0.5442 0.1159
-0.9320 -0.6024 0.0909
-0.9331 -0.9427 0.1869
-0.9290 1.0500 0.2620
-0.9216 -0.7346 0.1409
-0.9160 -0.6965 0.1292
-0.9190 -0.8377 0.1821
-0.8837 0.0198 0.1207
-0.9124 -0.5763 0.0818
-0.9092 -0.5438 0.1007
-0.9057 -0.6186 0.0852
-0.9025 -0.3436 0.2667
-0.9073 -1.1552 0.2490
-0.8898 -0.0570 0.1115
-0.8847 -0.0234 0.1080
-0.9009 -0.6497 0.1061
-0.8851 -1.0256 0.2086
-0.8945 -0.1536 0.1733
-0.8913 -0.5926 0.0783
-0.8685 0.0781 0.1788
-0.8821 -0.6289 0.0983
-0.8792 -0.3248 0.2800
-0.8796 1.2425 0.3049
-0.8694 -0.5816 0.0897
-0.8703 -0.5168 0.1401
-0.8643 1.1265 0.2663
-0.8497 -0.0672 0.1215
-0.8508 -0.5554 0.1175
-0.8441 -0.0244 0.1248
-0.8596 1.2133 0.2903
-0.8521 0.9690 0.2769
-0.8322 0.0495 0.1725
-0.8367 0.8025 0.2939
-0.8307 -0.1666 0.1983
-0.8201 -1.2126 0.3377
-0.8116 -0.9924 0.2152
-0.8192 -0.0866 0.1448
-0.7941 -0.9272 0.2243
-0.7925 -0.1122 0.1851
-0.7825 0.7758 0.3144
-0.7793 0.8213 0.3018
-0.7511 -0.9928 0.2344
-0.7439 -0.8896 0.2543
-0.7147 0.7371 0.3229
-0.7183 1.1809 0.2368
-0.7040 0.6173 0.3570
-0.6955 -0.4633 0.2561
-0.6790 1.1271 0.2128
-0.6692 -1.0101 0.2457
-0.6678 -1.1802 0.3661
-0.6502 -0.7411 0.3374
-0.6427 -0.4918 0.2363
-0.6373 -0.6066 0.2759
-0.6423 1.0757 0.2057
-0.6339 1.2696 0.2622
-0.6177 -0.3994 0.2713
-0.6124 1.0344 0.2051
-0.6051 1.2080 0.1974
-0.5961 -0.5046 0.2354
-0.5806 0.9921 0.2076
-0.5911 -0.9019 0.2376
-0.5881 -0.4474 0.2574
-0.5775 -0.1081 0.1635
-0.5819 0.4642 0.3336
-0.5758 -0.1455 0.1625
-0.5712 1.0600 0.2039
-0.5699 0.4445 0.3355
-0.5501 0.9296 0.2081
-0.5577 0.9059 0.2123
-0.5631 1.2034 0.2004
-0.5640 -0.9524 0.2104
-0.5608 -0.1698 0.1631
-0.5582 0.4946 0.3134
-0.5547 -1.0535 0.2384
-0.5523 -0.0674 0.1637
-0.5454 1.2073 0.2138
-0.5280 -0.1775 0.1548
-0.5344 -0.7216 0.3065
-0.5232 0.8877 0.2127
-0.5043 -0.0735 0.1408
-0.5134 -0.1437 0.1303
-0.5057 0.5000 0.2939
-0.5007 -0.4063 0.2883
-0.4971 1.2181 0.2659
-0.4908 -0.9112 0.1980
-0.4843 0.8531 0.2083
-0.4896 0.8203 0.2225
-0.4843 -0.5606 0.2859
-0.4758 -0.0487 0.1717
-0.4716 -1.0846 0.2479
-0.4665 -0.9801 0.1702
-0.4610 -0.9451 0.1705
-0.4493 -0.0823 0.1600
-0.4489 0.5326 0.2868
-0.4302 -0.1240 0.1550
-0.4105 -0.9451 0.1747
-0.4172 -0.6809 0.3071
-0.4089 0.2009 0.3754
-0.4099 -0.2087 0.1731
-0.4003 0.1496 0.3423
-0.3875 -0.1535 0.1720
-0.3907 0.7844 0.1812
-0.3756 -0.9707 0.1789
-0.3758 0.5700 0.2948
-0.3648 -0.2057 0.1899
-0.3512 -0.7947 0.2278
-0.3584 -0.2862 0.2384
-0.3607 -0.2352 0.2039
-0.3415 -0.9563 0.1837
-0.3526 -1.1594 0.2420
-0.3272 0.8267 0.1366
-0.3411 0.7691 0.1487
-0.3066 -0.9836 0.1966
-0.3131 0.7920 0.1198
-0.3040 -0.8105 0.1939
-0.2710 -1.1765 0.1935
-0.3019 0.7680 0.1261
-0.3064 0.8835 0.1764
-0.2975 -0.6346 0.3027
-0.2982 1.1858 0.3958
-0.2803 -1.2045 0.2233
-0.2836 0.8902 0.1829
-0.2783 0.1313 0.3453
-0.2523 -1.1327 0.1726
-0.2701 -1.0048 0.2029
-0.2749 0.4511 0.3141
-0.2619 0.7670 0.1223
-0.2466 -0.8416 0.1491
-0.2511 -0.7918 0.1665
-0.2378 0.1902 0.3231
-0.2421 -0.2985 0.2175
-0.2270 0.5122 0.2815
-0.2324 0.7754 0.1185
-0.2296 0.4827 0.2878
-0.2228 -1.2094 0.2082
-0.2215 0.8014 0.1233
-0.2192 -0.8503 0.1381
-0.2011 0.7644 0.1268
-0.1946 -1.0285 0.2097
-0.1889 -0.8217 0.1330
-0.1948 -0.3531 0.2099
-0.1784 0.8195 0.1413
-0.1899 1.1166 0.3272
-0.1829 -1.0961 0.1807
-0.1811 -0.7809 0.1651
-0.1820 0.2033 0.3164
-0.1810 -1.1504 0.1768
-0.1606 0.7614 0.1355
-0.1708 0.2511 0.3066
-0.1653 -0.6305 0.2986
-0.1582 -0.8863 0.1395
-0.1515 -0.3433 0.1906
-0.1442 -0.3010 0.1894
-0.1343 -0.9054 0.1504
-0.1387 -0.8495 0.1297
-0.1266 1.1415 0.2912
-0.1263 0.5916 0.2510
-0.1250 0.7741 0.1392
-0.1163 -0.3238 0.1842
-0.1114 -0.1876 0.2372
-0.1068 0.8042 0.1526
-0.1048 -0.2820 0.1908
-0.0999 -0.4914 0.2777
-0.1003 -0.8802 0.1325
-0.1010 0.6297 0.2314
-0.0871 -1.1131 0.1743
-0.0738 0.7866 0.1612
-0.0678 1.2503 0.3141
-0.0625 -0.8656 0.1328
-0.0669 -0.4057 0.2278
-0.0587 -1.1203 0.1627
-0.0629 0.6692 0.2138
-0.0478 -0.7867 0.1965
-0.0373 -0.1361 0.2432
-0.0552 0.4033 0.2630
-0.0475 -1.1551 0.1453
-0.0519 1.1218 0.2493
-0.0458 0.8277 0.1774
-0.0360 1.2139 0.2763
-0.0320 -0.8952 0.1391
-0.0116 -0.8793 0.1469
-0.0072 -0.6826 0.2877
-0.0092 0.3506 0.2404
-0.0123 0.5202 0.2592
-0.0058 -1.1781 0.1349
-0.0105 1.0765 0.2431
-0.0018 -1.2149 0.1591
0.0061 -0.9100 0.1605
-0.0041 -0.1316 0.2228
0.0095 -1.1983 0.1445
0.0040 -0.6085 0.2762
0.0086 -1.1608 0.1378
0.0077 -0.1565 0.2218
0.0255 0.2146 0.3351
0.0332 0.7523 0.1933
0.0321 -0.9171 0.1762
0.0364 0.8418 0.1730
0.0476 -1.1815 0.1512
0.0495 -0.0066 0.2036
0.0472 -0.3679 0.2282
0.0562 0.3668 0.1980
0.0675 0.8607 0.1757
0.0633 0.9999 0.2217
0.0698 0.8028 0.1787
0.0837 -0.4562 0.1746
0.0862 -0.5536 0.2140
0.0822 0.4237 0.1685
0.0863 0.9894 0.2190
0.1019 -0.0027 0.1526
0.0924 -1.1989 0.1946
0.0960 -0.9298 0.2105
0.1099 0.4289 0.1615
0.1178 0.4040 0.1641
0.1131 0.8582 0.1838
0.1211 -0.4451 0.1540
0.1201 -0.2518 0.2525
0.1229 1.2744 0.3207
0.1307 -0.0347 0.1336
0.1251 0.0139 0.1396
0.1405 -0.2325 0.2490
0.1320 0.7846 0.1933
0.1432 -1.1116 0.2481
0.1417 1.0322 0.2264
0.1499 -0.4171 0.1531
0.1455 -0.0903 0.1670
0.1439 1.1445 0.2307
0.1496 -0.8994 0.2048
0.1574 -0.5664 0.2089
0.1602 0.4233 0.1634
0.1718 -0.8474 0.2198
0.1781 0.0448 0.1320
0.1736 -0.0588 0.1371
0.1770 -0.4440 0.1468
0.2080 0.7979 0.1845
0.1746 1.1346 0.2447
0.1820 -0.3906 0.1670
0.1937 -0.4901 0.1648
0.1929 -0.0711 0.1514
0.1952 0.4417 0.1666
0.1880 1.0936 0.2506
0.2033 -0.4494 0.1559
0.2136 -1.1488 0.2679
0.2074 0.0619 0.1304
0.2190 0.4599 0.1740
0.2257 -0.8640 0.2050
0.2230 0.0159 0.1292
0.2295 0.6155 0.2250
0.2262 1.2713 0.3536
0.2350 -0.6314 0.2852
0.2368 0.0989 0.1339
0.2367 0.4304 0.1952
0.2412 0.0598 0.1319
0.2500 -0.0671 0.1885
0.2581 0.1317 0.1415
0.2540 0.8643 0.1728
0.2567 0.4929 0.1995
0.2585 -0.7128 0.2953
0.2586 0.6332 0.2066
0.2723 -0.9227 0.1873
0.2751 -0.2203 0.2408
0.2728 0.7685 0.1672
0.2720 0.0650 0.1390
0.2805 0.9128 0.1905
0.2850 -0.9599 0.1826
0.2998 -0.3598 0.1614
0.2915 0.8118 0.1539
0.3038 -0.9874 0.1816
0.2983 -0.8747 0.2081
0.2935 0.1843 0.1789
0.3158 -0.3935 0.1627
0.3012 0.8384 0.1491
0.3012 0.1564 0.1603
0.3114 0.5857 0.2197
0.3031 -1.0820 0.1877
0.3353 -0.3353 0.1566
0.3344 -0.2798 0.1818
0.3315 0.6606 0.2023
0.3398 0.7007 0.1891
0.3479 -0.3818 0.1625
0.3632 -0.3539 0.1618
0.3415 0.8688 0.1491
0.3466 -1.0677 0.1686
0.3605 0.7335 0.1928
0.3611 -1.0411 0.1688
0.3715 0.1163 0.1901
0.3725 0.1413 0.1810
0.3820 -0.5817 0.3356
0.3846 0.2877 0.2126
0.3827 0.9364 0.1646
0.3949 1.2733 0.3478
0.3858 -1.0803 0.1792
0.3966 0.3265 0.2406
0.4046 -0.8334 0.2816
0.4066 -0.1296 0.1791
0.4171 -1.1156 0.2022
0.4133 0.8970 0.1568
0.4270 -0.1467 0.1778
0.4233 -0.4332 0.2443
0.4248 -0.1933 0.2035
0.4214 0.9550 0.1751
0.4300 0.2228 0.1885
0.4397 -0.3192 0.2146
0.4312 0.2736 0.1985
0.4345 0.8460 0.1792
0.4440 -1.1416 0.2213
0.4512 -0.0967 0.1382
0.4512 0.9016 0.1701
0.4577 -0.0558 0.1276
0.4699 -0.9777 0.2511
0.4774 -0.0721 0.1211
0.4749 1.1709 0.2272
0.4809 0.2009 0.2192
0.4809 -0.8657 0.3286
0.4796 -0.0107 0.1333
0.5023 -0.0505 0.1155
0.4911 1.0165 0.1934
0.5027 0.7828 0.2324
0.4958 0.9761 0.1960
0.4959 1.1769 0.2187
0.5100 1.1223 0.2025
0.5244 1.2577 0.2894
0.5239 -0.0277 0.1135
0.5229 0.0276 0.1417
0.5487 0.0003 0.1265
0.5471 1.0778 0.2057
0.5523 0.3828 0.2349
0.5577 -1.1100 0.2672
0.5564 0.2689 0.2430
0.5750 0.0561 0.1510
0.5680 0.6756 0.3017
0.5748 -1.1723 0.2947
0.5751 0.3942 0.2320
0.5828 0.7437 0.2903
0.5928 1.0836 0.2200
0.5907 -0.0575 0.1644
0.6021 -1.2137 0.3369
0.6022 -0.0927 0.2001
0.6093 -0.3192 0.3593
0.6215 0.0634 0.1522
0.6285 0.1044 0.1659
0.6084 0.7929 0.2969
0.6243 0.4072 0.2292
0.6184 -0.6472 0.3550
0.6633 0.0576 0.1611
0.6568 0.4516 0.2187
0.6644 -0.5898 0.2842
0.6689 0.1295 0.1571
0.6907 0.5341 0.2188
0.6870 1.1510 0.2550
0.6931 -0.1821 0.3109
0.7002 0.1377 0.1477
0.7038 1.1833 0.2772
0.7020 0.3981 0.2297
0.7160 -0.4952 0.2308
0.7242 0.5068 0.2179
0.7338 -1.0800 0.2279
0.7297 0.1874 0.1388
0.7476 0.5870 0.2089
0.7483 -0.8669 0.2502
0.7515 0.0338 0.1821
0.7578 -0.9248 0.1994
0.7625 -0.4443 0.2378
0.7568 0.2036 0.1287
0.7680 0.6046 0.2025
0.7802 -0.9093 0.1978
0.7754 -0.5111 0.2000
0.7738 0.2329 0.1339
0.7728 0.9752 0.2215
0.7728 1.0540 0.2134
0.7791 0.0340 0.1882
0.7857 -1.0685 0.1999
0.7975 0.2165 0.1254
0.7881 0.1406 0.1365
0.7947 -0.9669 0.1670
0.7869 -0.6195 0.2305
0.7895 -0.1218 0.2591
0.8183 0.2692 0.1374
0.7898 0.9565 0.2136
0.7969 1.0818 0.2218
0.7998 -1.0228 0.1742
0.8045 0.8100 0.2632
0.8093 0.1692 0.1421
0.8078 0.6367 0.1925
0.8126 0.1083 0.1616
0.8212 0.9857 0.2026
0.8279 -0.0309 0.2150
0.8262 -0.9574 0.1775
0.8326 -0.5150 0.1969
0.8347 -0.4865 0.2033
0.8311 0.3086 0.1532
0.8343 0.6649 0.1973
0.8400 -1.1245 0.2281
0.8562 -0.6544 0.2593
0.8668 0.2939 0.1421
0.8668 -1.0816 0.2052
0.8697 -0.7290 0.2793
0.8744 -0.2022 0.3020
0.8789 -0.4563 0.2445
0.8972 0.3628 0.1588
0.8842 0.7023 0.2048
0.8835 1.1754 0.2782
0.8911 0.2815 0.1510
0.8897 0.6207 0.2009
0.8949 0.9430 0.1984
0.9023 -0.8522 0.2673
0.9122 0.3206 0.1487
0.9167 0.0741 0.2021
0.9197 0.6644 0.2019
0.9342 -0.1089 0.2246
0.9283 0.4590 0.2294
0.9392 0.8712 0.2028
0.9394 0.8352 0.2163
0.9411 0.9571 0.1860
0.9582 0.3971 0.1661
0.9559 0.0082 0.1818
0.9703 0.3419 0.1563
0.9735 -1.1854 0.2439
0.9598 -0.0856 0.2107
0.9703 -0.4215 0.3250
0.9719 -0.0655 0.2059
0.9925 -1.0732 0.2265
0.9954 1.1739 0.1809
1.0099 0.6064 0.2311
1.0137 0.0404 0.1780
1.0047 -0.6111 0.2849
1.0122 -1.0896 0.2231
1.0106 -0.7193 0.2374
1.0273 0.0726 0.1799
1.0098 0.1057 0.1890
1.0274 1.0794 0.1363
1.0191 0.3648 0.1456
1.0354 -1.1684 0.2394
1.0245 0.7914 0.2354
1.0245 1.0516 0.1330
1.0297 1.1269 0.1387
1.0408 1.0044 0.1143
1.0468 0.9144 0.1516
1.0444 0.9575 0.1201
1.0581 0.1092 0.2083
1.0556 1.1581 0.1296
1.0622 -0.7553 0.2471
1.0714 0.3662 0.1214
1.0860 0.9397 0.1311
1.0596 -0.2687 0.3848
1.0801 0.4087 0.1215
1.0642 0.6760 0.2478
1.0777 0.9694 0.1066
1.0753 0.1609 0.2252
1.0752 0.4578 0.1615
1.0668 0.6206 0.2440
1.0757 -0.8010 0.2671
1.0890 0.3433 0.1385
1.0751 1.0156 0.1029
1.0887 -1.1530 0.2739
1.0958 -1.2025 0.3136
1.1017 1.0551 0.1286
1.1003 1.1821 0.1394
1.1026 1.2007 0.1560
1.1043 0.1743 0.2420
1.1173 0.4250 0.1464
1.1145 1.0838 0.1420
1.1174 0.7179 0.2951
1.1179 -0.7734 0.2839
1.1204 -0.1584 0.3650
1.1177 0.3737 0.1373
1.1192 0.4603 0.1773
1.1190 1.0071 0.1243
1.1209 1.1687 0.1476
1.1245 1.2193 0.1921
1.1266 -0.6080 0.3493
1.1260 0.9546 0.1447
1.1260 -0.8029 0.3006
1.1264 0.3341 0.1685
1.1282 -1.0845 0.3143
